172.906 255.164
231.894 264.28
259.447 210.219
217.992 168.36
163.724 195.58
115.027 240.738
199.765 310.411
295.144 255.017
273.514 147.847
162.436 137.345
73.282 112.891
56.834 209.639
21.586 265.592
63.521 315.606
154.345 355.712
201.393 404.589
258.186 378.477
324.279 310.852
384.502 279.217
376.565 218.886
338.865 135.658
329.202 70.698
271.609 58.861
176.054 77.29
105.995 65.309
33.99 57.002
-9.629 219.336
0.214 336.04
147.932 424.206
260.181 441.528
387.344 336.218
440.644 233.405
386.028 84.864
308.862 2.348
141.092 10.98
63.449 -66.155
-18.559 -5.647
-53.573 81.437
-88.713 139.697
-93.889 193.145
-102.648 269.411
-73.524 362.616
6.839 425.647
52.13 479.413
101.982 493.316
167.544 517.868
259.074 516.932
346.121 460.202
410.653 439.422
438.998 397.529
481.307 344.911
510.814 260.571
489.053 159.852
492.642 95.028
459.192 54.288
429.725 -4.031
355.427 -60.865
255.386 -71.38
194.367 -93.575
140.173 -71.519
160.563 -138.334
13.145 -156.691
-71.879 -119.372
-104.863 -65.467
-104.624 67.537
-136.195 151.644
-200.463 301.93
-195.901 391.631
-143.276 441.326
-17.76 481.773
59.749 526.418
173.203 616.742
256.994 641.183
318.05 603.478
390.484 499.847
460.688 446.026
576.098 369.963
624.773 297.353
611.404 231.719
540.176 132.753
517.303 47.434
484.739 -87.189
433.337 -151.891
373.628 -164.357
252.3 -128.315
232.886 -201.143
191.975 -209.563
-177.654 64.397
-194.024 102.961
-34.775 538.404
3.576 565.422
443.435 534.558
480.201 509.369
593.839 91.258
584.569 50.433
303.86 -196.336
218.222 -233.5
106.401 -196.32
-157.387 -4.079
-212.332 72.434
-209.308 196.89
-97.315 505.956
-33.275 576.667
79.983 599.962
390.546 581.236
478.543 546.466
533.622 449.887
616.246 157.953
617.234 64.477
546.774 -20.953
