180.457 238.035
231.21 238.559
246.422 191.176
206.162 162.467
166.378 190.619
135.281 227.203
207.438 280.926
278.763 226.069
248.962 143.398
163.789 146.004
112.305 137.948
95.261 201.921
78.771 246.043
111.466 273.601
171.72 309.566
207.34 337.505
243.107 314.567
295.119 268.726
331.762 243.909
320.722 202.485
295.471 140.527
282.874 97.057
239.56 95.057
174.616 99.253
128.64 97.439
91.506 105.466
53.669 213.156
76.073 282.54
170.334 349.97
241.181 350.807
331.711 281.756
355.278 215.477
320.524 108.552
263.285 64.954
151.968 65.06
115.253 30.448
72.594 59.136
48.774 104.408
14.545 144.113
23.754 194.229
12.541 238.212
25.201 285.963
64.11 328.204
91.055 369.847
138.995 377.769
182.825 400.004
230.086 400.915
281.583 375.791
327.465 363.207
349.852 321.969
384.443 285.791
399.705 241.576
392.15 184.079
394.706 137.87
362.222 103.943
340.254 60.549
302.531 31.471
246.98 20.388
203.626 3.963
160.261 28.506
161.865 -26.263
65.019 -36.882
22.875 -29.805
3.634 13.814
-2.772 96.883
-28.579 174.456
-65.667 266.43
-74.053 309.876
-34.588 341.004
41.916 371.815
106.863 417.867
181.656 478.94
218.788 502.047
262.329 471.756
313.908 409.866
376.792 362.937
457.272 312.279
491.819 283.744
476.699 233.309
434.108 165.194
410.038 90.355
387.914 -2.384
371.514 -42.391
320.83 -45.252
241.909 -26.28
222.05 -80.877
180.356 -83.254
-61.984 100.12
-76.952 139.107
27.45 427.524
60.468 453.095
361.498 440.949
395.949 417.343
479.059 129.778
467.904 89.534
277.242 -73.243
202.839 -110.758
116.003 -67.368
-39.254 52.129
-96.298 109.313
-81.186 203.371
-14.029 389.487
26.362 463.032
118.759 474.112
312.725 468.169
394.968 452.855
433.509 368.755
489.212 184.754
501.177 101.98
433.415 37.221
