163.41 263.246
230.063 278.236
265.43 214.594
221.511 164.081
156.538 192.054
95.807 247.516
192.058 329.46
308.75 266.407
285.063 140.627
155.011 122.548
41.611 103.309
41.84 206.968
2.593 288.564
40.138 342.883
140.707 369.257
206.41 427.969
268.273 406.096
333.015 326.071
405.716 284.418
403.134 220.604
354.797 131.447
343.022 51.899
278.912 31.851
177.398 58.156
85.101 47.489
0.604 37.526
-42.722 237.34
-25.804 353.369
145.847 453.626
265.444 472.431
410.778 349.067
470.13 240.004
407.413 67.321
324.989 -26.423
120.19 -19.569
38.638 -96.781
-43.161 -32.772
-88.798 50.705
-114.793 140.614
-134.533 201.757
-137.435 284.63
-103.177 382.461
-23.328 445.445
32.427 502.057
89.242 521.437
161.98 551.554
263.8 552.492
352.632 496.06
427.099 464.589
461.611 419.067
511.164 360.63
546.413 266.559
521.439 162.553
521.622 84.426
490.337 36.094
452.119 -31.966
370.432 -95.714
264.814 -101.889
180.378 -121.238
118.952 -113.615
155.276 -175.424
0.77 -194.439
-91.103 -154.674
-123.237 -100.41
-161.296 49.66
-167.366 137.616
-240.106 294.685
-240.312 392.073
-182.431 450.423
-49.885 505.146
34.323 551.426
154.356 654.031
244.984 682.105
314.588 643.815
404.177 538.779
477.162 477.368
606.375 397.824
658.259 317.236
648.683 245.872
577.588 131.374
553.961 40.123
518.912 -110.388
457.348 -180.96
395.813 -197.205
257.043 -169.636
248.351 -240.711
196.26 -260.388
-206.692 36.778
-236.347 72.782
-69.624 551.446
-29.847 585.058
446.059 572.862
489.541 547.404
634.15 95.9
630.394 50.716
322.263 -231.088
236.41 -287.472
101.918 -238.751
-178.177 -38.095
-245.057 35.275
-247.56 180.422
-135.3 518.125
-70.907 592.003
51.986 629.419
391.949 620.089
483.157 587.501
553.966 486.157
653.747 166.644
662.259 70.81
588.194 -32.914
