179.946 238.46
232.044 239.62
248.055 191.745
207.716 162.301
166.647 190.573
134.596 226.94
207.657 283.357
281.029 227.316
251.292 143.232
164.136 144.734
108.453 133.804
90.128 201.313
71.38 248.116
105.021 278.315
170.571 315.725
207.985 346.163
245.849 323.251
300.686 272.396
339.556 247.177
328.979 203.406
301.366 137.839
289.1 92.363
243.493 89.325
173.943 94.848
126.783 91.902
85.911 98.287
43.459 212.648
66.336 287.944
168.123 360.291
243.62 361.98
339.729 287.184
366.74 217.371
328.722 104.197
269.466 55.78
151.245 58.893
112.232 16.017
62.927 49.348
35.58 98.421
-0.685 140.896
9.442 192.318
-2.797 237.043
11.615 293.482
55.501 343.134
83.499 386.091
134.308 392.922
180.499 414.729
233.518 416.131
293.57 388.52
340.492 375.818
362.89 331.591
397.511 292.488
414.824 244.02
407.905 178.194
410.887 131.124
375.543 96.347
351.925 51.993
310.761 19.107
248.75 4.594
203.966 -12.536
159.045 15.035
160.673 -44.567
48.387 -53.373
6.79 -44.016
-14.458 1.071
-18.509 91.211
-45.631 171.372
-86.074 279.998
-92.708 323.895
-51.273 356.563
33.56 388.265
100.102 436.123
188.128 501.783
225.711 524.417
271.964 492.25
326.817 422.872
392.08 375.454
480.309 313.904
514.449 285.023
498.712 231.766
450.51 158.748
427.061 81.189
397.788 -22.697
380.646 -62.188
328.082 -65.689
243.243 -43.557
222.092 -100.785
180.432 -103.702
-81.654 95.325
-96.757 134.261
19.387 447.068
52.269 472.817
377.326 454.771
411.94 431.408
497.339 120.872
486.62 80.51
280.104 -94.326
203.269 -130.912
110.71 -87.86
-60.073 44.974
-116.0 104.4
-102.804 206.027
-26.195 408.525
18.108 482.571
114.76 495.905
326.695 485.622
410.711 466.911
452.203 380.079
510.109 178.745
519.756 93.315
450.65 24.51
