181.206 235.749
228.001 235.93
242.238 191.353
204.332 164.279
167.165 191.14
139.766 224.978
205.139 272.591
270.291 224.267
243.962 148.181
165.439 150.003
119.09 146.048
103.087 200.32
89.244 241.264
122.833 266.93
170.566 299.148
205.072 324.835
239.594 300.935
284.941 265.268
319.588 240.507
307.317 200.17
287.843 146.656
274.964 105.849
232.534 105.099
177.163 106.61
133.381 106.01
98.342 115.765
67.199 211.529
88.234 277.218
170.187 336.4
238.749 336.586
319.65 276.805
341.238 211.948
309.77 116.945
254.534 75.883
155.193 75.377
120.052 48.068
84.048 73.263
66.209 114.439
36.496 149.944
41.349 194.19
30.282 236.834
43.11 278.183
77.767 308.47
103.243 347.12
143.917 356.948
182.923 380.351
226.377 380.348
266.045 356.237
309.729 343.962
331.563 309.354
365.988 278.694
379.442 237.279
369.052 191.467
370.989 146.758
344.837 115.331
326.049 73.117
290.756 47.346
243.905 42.572
203.165 27.573
163.299 46.01
164.993 0.024
90.203 -10.876
47.653 -7.696
31.004 33.941
20.358 105.375
-2.057 177.878
-34.293 247.193
-45.494 290.188
-8.202 318.958
55.228 348.544
117.499 390.402
171.352 442.765
209.728 468.517
249.482 440.326
296.064 389.706
354.727 343.753
420.773 309.176
457.665 280.584
443.152 234.137
409.856 173.847
384.831 103.812
371.962 29.408
356.746 -12.44
308.85 -13.931
240.253 -1.032
223.286 -50.099
181.54 -51.232
-31.688 106.955
-45.723 146.288
40.626 398.251
74.032 423.313
338.377 418.937
372.498 394.808
450.779 143.006
438.695 103.01
271.56 -40.488
203.194 -79.394
128.191 -37.439
-8.249 65.218
-65.773 116.962
-48.323 200.974
6.615 362.273
40.081 433.77
126.741 442.487
293.889 439.978
372.043 430.351
406.723 351.086
456.417 191.417
472.26 114.696
408.057 56.638
