161.729 262.947
229.902 278.712
266.275 214.813
221.895 163.364
155.948 191.347
94.437 245.968
191.124 331.013
309.746 267.309
286.301 139.248
154.4 120.693
40.132 101.556
39.553 204.976
0.425 287.98
39.025 342.865
139.21 370.809
206.63 429.825
269.076 408.059
333.774 327.538
407.49 284.647
405.424 220.426
356.258 130.964
343.534 49.619
278.882 28.788
177.619 55.729
83.991 45.493
-0.819 34.874
-45.56 236.956
-28.006 354.072
145.749 455.993
265.848 474.83
412.876 349.933
472.561 240.555
408.931 64.846
325.914 -29.46
118.701 -22.046
36.546 -99.215
-45.305 -35.099
-91.543 49.339
-117.905 139.853
-138.237 202.207
-140.268 284.944
-105.593 382.683
-26.418 446.005
30.41 503.007
88.015 523.115
161.134 553.769
263.425 554.972
352.532 499.555
428.041 466.644
463.305 420.712
513.454 361.858
549.082 267.235
524.404 163.181
523.463 83.047
492.55 33.887
453.58 -34.663
371.692 -98.593
266.041 -105.413
178.969 -123.144
116.796 -116.725
153.584 -178.364
-1.373 -196.989
-93.576 -157.712
-125.389 -102.646
-165.556 48.638
-170.292 136.039
-242.989 293.519
-243.71 391.222
-185.422 449.954
-52.881 506.04
31.659 552.95
152.094 656.299
243.165 684.722
313.405 646.645
404.99 542.538
478.358 480.14
608.528 400.181
660.714 319.159
651.416 247.311
581.239 131.11
556.632 38.817
521.062 -112.764
459.159 -183.696
397.088 -199.96
256.861 -174.611
249.6 -243.91
194.106 -263.198
-209.658 34.815
-241.118 70.733
-72.824 551.892
-33.437 586.267
445.558 576.381
489.949 551.133
637.776 96.769
634.791 50.137
323.32 -233.985
235.836 -294.858
100.127 -241.32
-180.218 -40.4
-249.405 31.823
-250.627 178.975
-138.342 517.823
-74.735 592.502
49.027 631.26
391.089 623.056
482.766 591.517
555.462 489.359
656.585 167.729
667.294 71.385
590.972 -34.723
