178.705 241.318
229.427 245.703
248.981 198.595
210.778 166.362
167.735 192.388
133.235 227.745
202.686 284.834
279.252 235.978
255.704 150.05
167.338 145.908
100.416 128.284
77.934 202.221
54.655 248.664
94.969 287.251
162.885 329.107
203.29 365.144
249.901 338.558
308.812 286.681
355.15 258.7
344.171 207.119
314.961 136.065
303.507 85.262
250.473 80.204
173.195 86.912
124.13 80.906
69.488 83.616
27.525 210.864
43.425 304.822
157.813 382.496
251.067 390.248
357.634 307.019
393.98 221.635
349.055 97.711
281.191 33.786
151.467 46.675
101.542 -19.601
36.423 28.916
3.161 89.515
-35.206 138.181
-29.865 188.326
-43.29 240.95
-18.943 316.548
37.788 375.935
68.954 422.396
118.615 431.162
170.694 453.322
243.172 451.734
317.054 415.75
368.452 402.115
391.992 358.339
428.146 315.505
449.553 249.057
439.836 167.267
443.719 115.303
407.715 79.397
382.324 31.65
325.859 -11.378
250.787 -28.403
203.161 -46.329
155.198 -16.22
160.224 -82.154
31.648 -93.56
-23.355 -73.393
-50.214 -25.022
-52.721 80.822
-81.881 163.657
-130.19 287.213
-129.669 353.244
-85.36 389.494
15.381 423.68
83.538 472.222
181.875 544.458
241.337 569.497
291.634 534.617
353.153 451.45
420.663 403.085
517.85 333.224
560.642 286.482
543.789 228.332
485.097 145.204
461.84 64.044
423.404 -57.519
403.346 -98.716
346.52 -104.817
246.35 -78.231
224.9 -140.509
183.362 -144.828
-121.268 84.771
-135.633 123.984
0.904 485.496
34.167 510.76
406.988 484.521
441.549 461.071
534.649 104.015
524.294 63.556
287.995 -135.526
207.103 -171.253
105.178 -129.826
-101.652 29.744
-155.436 94.492
-145.236 203.966
-51.325 447.461
0.153 521.017
101.873 537.103
354.356 521.456
440.404 496.577
486.38 405.725
552.242 166.014
557.313 76.659
485.029 -0.795
