181.65 234.368
226.589 234.476
240.376 191.601
204.009 165.47
167.998 191.641
143.077 223.436
204.314 268.23
265.878 223.205
241.569 151.314
166.756 152.235
122.343 149.951
107.108 198.905
93.863 239.256
127.881 264.488
170.034 294.194
204.271 319.308
238.519 295.002
280.011 263.771
314.167 239.068
301.513 198.903
284.797 150.16
271.787 109.809
229.56 109.441
178.825 110.141
135.989 109.919
101.363 120.227
72.283 210.094
93.255 275.406
169.864 330.703
238.101 330.758
314.245 274.961
335.549 210.328
306.25 120.795
251.09 80.322
157.262 80.168
122.391 53.927
87.643 78.877
71.949 119.306
45.289 152.139
48.242 193.497
36.65 235.181
49.681 275.879
83.822 303.386
107.265 338.455
145.752 348.863
182.675 372.78
225.423 372.736
262.396 348.532
302.555 337.042
324.283 304.228
358.556 276.09
371.755 235.364
360.284 192.482
361.842 150.753
337.573 120.112
321.064 78.772
286.283 53.536
241.829 50.832
203.288 36.783
165.476 52.081
166.883 10.234
100.272 1.356
57.708 3.036
42.097 44.327
30.273 109.234
8.397 178.873
-19.891 239.776
-32.293 282.88
4.012 310.188
61.491 339.164
121.034 380.664
168.961 427.029
206.635 453.2
244.279 426.268
288.963 380.601
346.663 336.973
405.453 305.995
442.281 278.271
428.224 234.043
399.032 177.179
375.424 108.927
363.923 42.927
349.221 0.554
303.157 -0.22
239.486 9.642
224.034 -36.252
182.275 -36.762
-18.154 110.222
-31.549 149.78
47.229 385.605
80.891 410.331
328.576 408.588
362.499 384.177
437.789 148.467
425.263 108.604
267.744 -25.878
203.507 -65.244
136.29 -24.577
4.882 72.46
-52.073 120.782
-33.644 197.218
17.303 351.463
47.042 421.138
126.278 427.318
286.905 426.497
362.38 419.75
392.624 346.346
441.455 193.128
458.999 119.881
398.629 67.962
