176.172 246.742
229.989 253.309
252.869 204.842
213.523 168.61
166.442 194.632
127.093 232.117
200.84 294.725
283.672 244.851
263.004 150.643
166.076 144.003
92.109 122.582
68.738 204.989
40.697 252.891
82.997 296.814
158.823 340.956
201.084 382.116
252.516 355.079
315.543 298.192
367.176 269.508
356.527 212.8
325.206 136.673
313.855 78.989
258.992 71.522
173.041 82.809
119.917 73.469
54.623 72.043
13.533 212.236
25.25 317.524
152.18 400.378
254.641 412.6
369.736 321.396
414.818 226.603
366.385 91.479
292.443 20.567
150.586 36.073
84.487 -40.448
10.526 12.993
-24.828 87.754
-60.334 139.414
-58.301 189.755
-70.677 252.072
-43.071 335.732
25.69 399.114
61.527 449.07
110.371 460.019
167.911 482.884
249.472 480.683
332.074 434.669
389.592 418.764
414.861 377.289
452.975 330.144
476.975 254.261
462.329 162.143
466.346 104.514
431.456 67.163
405.527 15.848
338.607 -32.647
252.472 -48.672
199.663 -68.183
149.03 -39.036
159.55 -107.632
24.347 -123.046
-45.727 -93.449
-76.033 -42.65
-77.77 76.01
-106.246 158.939
-161.94 294.215
-157.682 373.067
-110.001 414.799
2.54 449.965
73.278 497.755
178.384 577.38
252.409 601.408
306.819 565.337
372.166 472.065
440.584 421.97
544.857 349.954
591.152 287.9
575.403 226.881
510.292 137.389
486.836 54.486
452.702 -68.848
416.158 -123.985
358.3 -132.495
248.262 -101.67
227.301 -168.14
185.903 -173.637
-148.121 76.719
-162.439 115.952
-12.66 512.453
21.764 537.61
427.284 505.883
461.941 481.853
561.343 95.329
550.912 54.879
293.817 -164.025
210.384 -199.378
105.192 -159.746
-128.497 15.956
-182.277 86.484
-174.486 201.322
-70.025 476.157
-12.584 548.479
93.401 566.478
374.172 547.65
461.064 517.594
509.62 424.284
581.825 159.175
583.95 67.926
512.469 -11.288
