179.074 240.471
229.882 244.316
248.753 197.233
210.404 165.642
167.808 191.954
133.963 227.182
203.54 284.021
279.294 234.191
254.795 149.192
167.169 145.822
101.732 129.165
79.808 201.755
57.267 248.505
96.733 285.909
164.099 327.012
204.127 362.112
249.487 336.059
307.723 284.223
352.772 256.76
341.873 206.314
313.006 136.18
301.434 86.334
249.299 81.598
173.442 87.938
124.586 82.508
72.13 85.865
29.667 210.966
46.837 302.32
159.465 379.057
250.03 385.954
354.798 303.702
389.871 220.903
345.914 98.709
279.479 36.881
151.47 48.305
103.931 -14.822
40.779 32.252
8.491 90.366
-30.159 138.23
-24.184 188.375
-37.587 239.399
-14.354 313.01
40.222 371.19
70.725 416.949
120.902 425.17
172.05 447.175
241.757 446.309
313.777 411.84
364.163 398.45
387.395 354.065
423.17 311.705
444.226 248.266
435.285 168.793
439.06 117.761
402.968 82.069
377.77 34.926
323.765 -6.864
250.517 -23.864
203.441 -41.652
156.028 -11.775
160.203 -76.83
32.975 -87.422
-18.946 -69.289
-44.884 -21.555
-47.668 82.059
-76.693 164.594
-123.744 286.18
-124.298 349.072
-80.495 384.49
17.95 418.424
85.883 467.059
184.067 538.237
238.659 563.367
288.55 528.507
349.248 447.235
416.636 399.031
513.196 328.604
554.253 286.966
537.246 229.085
480.077 147.205
456.814 66.502
418.822 -53.723
399.891 -93.726
343.64 -99.388
245.841 -73.41
224.276 -134.878
182.711 -138.927
-115.579 86.173
-130.075 125.338
3.59 479.946
36.748 505.336
402.799 480.163
437.418 456.804
529.304 106.404
518.974 65.94
286.597 -129.75
206.28 -165.507
105.291 -123.729
-95.752 32.038
-149.78 95.781
-139.218 204.486
-47.677 441.722
2.697 515.46
104.0 531.37
350.312 516.257
436.183 492.307
481.914 401.668
546.154 167.926
551.985 79.063
479.886 2.371
