175.944 247.273
230.136 254.006
253.306 205.307
213.78 168.709
166.29 194.79
126.418 232.596
200.778 295.776
284.305 245.588
263.713 150.487
165.889 143.739
91.203 122.083
67.941 205.281
39.454 253.486
81.817 297.831
158.547 342.003
200.985 383.625
252.782 356.629
316.124 299.112
368.257 270.339
357.729 213.312
326.094 136.694
314.799 78.467
259.842 70.753
173.163 82.564
119.296 72.966
53.259 71.175
12.166 212.521
23.638 318.669
151.817 401.917
254.918 414.55
370.799 322.516
416.548 227.102
367.771 91.0
293.535 19.485
150.344 34.798
82.933 -42.083
8.341 11.913
-27.021 87.692
-62.377 139.651
-60.691 189.988
-72.872 253.217
-45.126 337.475
24.599 400.981
60.943 451.224
109.783 462.359
167.843 485.293
250.024 483.195
333.167 436.289
391.218 420.113
416.655 378.736
454.971 331.196
479.292 254.749
464.139 161.852
468.142 103.722
433.359 66.213
407.33 14.537
339.789 -34.438
252.626 -50.257
199.297 -69.923
148.456 -41.035
159.502 -109.689
23.643 -125.38
-47.561 -95.117
-78.082 -44.145
-79.822 75.674
-108.134 158.556
-164.541 294.826
-160.106 374.565
-112.118 416.811
1.372 452.134
72.434 499.797
178.201 580.107
253.074 604.092
307.9 567.901
373.608 473.83
442.12 423.527
547.103 351.202
593.575 288.262
577.939 226.937
512.329 136.883
488.865 53.831
454.983 -70.002
417.137 -126.032
359.157 -134.784
248.422 -103.56
227.509 -170.387
186.123 -175.981
-150.236 75.976
-164.59 115.196
-13.919 514.508
20.679 539.707
428.74 507.706
463.458 483.61
563.527 94.788
553.12 54.33
294.271 -166.328
210.665 -201.664
105.227 -162.189
-130.573 14.713
-184.401 85.711
-176.848 201.077
-71.678 478.424
-13.755 550.627
92.665 568.857
375.623 549.859
462.579 519.402
511.441 425.863
584.215 158.799
586.149 67.397
514.721 -12.073
