173.218 254.436
231.776 263.319
258.911 209.879
217.597 168.537
164.035 195.644
116.228 239.908
199.9 309.065
294.081 254.23
272.644 148.121
162.862 138.185
75.381 113.953
57.758 209.325
23.185 264.109
65.326 313.64
154.801 354.577
201.155 402.712
257.534 376.45
323.535 309.857
382.966 278.596
374.751 218.521
337.702 135.836
327.925 71.571
270.65 60.179
175.82 78.094
107.52 66.221
35.759 58.595
-7.369 218.453
2.39 334.378
148.171 422.076
259.633 439.127
385.747 335.124
438.46 232.915
384.404 85.572
307.515 4.051
142.421 13.42
65.175 -63.883
-16.347 -3.749
-51.373 82.546
-86.408 139.697
-90.759 192.821
-99.951 267.955
-70.986 360.354
8.725 423.529
53.036 477.023
102.681 490.669
167.593 514.992
258.218 514.014
345.124 457.91
409.121 437.609
437.153 395.9
479.005 343.714
508.035 260.145
486.787 159.905
490.425 95.687
456.874 55.336
427.844 -2.267
354.171 -58.36
255.104 -69.546
194.929 -91.454
141.114 -68.471
160.388 -135.692
13.971 -153.846
-69.976 -116.987
-102.727 -63.337
-102.149 68.491
-133.701 152.424
-197.211 301.532
-192.471 390.465
-140.298 439.461
-15.739 479.109
61.019 524.148
173.921 613.525
257.068 637.832
317.527 600.257
389.184 497.348
459.208 443.892
573.627 368.114
622.103 296.239
608.48 230.996
537.651 132.938
514.665 47.866
482.077 -85.616
431.677 -149.72
372.085 -161.833
251.867 -126.15
232.233 -198.328
191.241 -206.328
-175.313 65.673
-191.388 104.364
-32.581 536.65
5.339 563.392
442.534 531.986
479.016 506.898
591.057 91.293
581.606 50.538
302.718 -193.742
217.24 -230.533
106.22 -193.136
-155.22 -2.142
-209.931 73.976
-206.41 197.469
-94.75 503.859
-31.189 574.665
81.385 597.307
389.621 578.331
477.499 543.833
531.836 447.524
613.404 157.706
614.324 64.42
543.765 -20.266
