177.921 242.989
229.191 248.212
249.904 200.866
211.614 167.368
167.435 193.173
131.534 228.972
201.674 287.385
280.027 239.066
257.824 150.889
167.215 145.571
97.941 126.404
74.735 203.063
49.955 249.498
91.32 290.039
161.195 333.025
202.219 370.761
250.721 343.676
311.027 290.805
359.278 262.393
348.23 208.825
318.433 136.117
307.091 83.218
253.005 77.452
172.889 85.231
123.2 78.071
64.638 79.408
23.194 210.939
37.307 309.147
155.465 388.59
252.552 397.839
362.067 312.311
401.288 223.093
354.898 95.744
284.639 28.85
151.446 43.687
96.321 -27.387
27.854 22.75
-6.804 88.546
-44.119 138.269
-39.812 188.521
-53.125 244.236
-27.214 322.949
33.682 384.233
66.19 431.909
115.326 441.482
169.176 463.87
245.476 461.531
322.717 422.363
376.106 408.146
400.205 365.378
437.004 321.277
459.065 250.64
447.836 165.02
451.833 111.271
416.033 74.925
390.367 26.047
329.926 -18.943
251.4 -35.885
202.331 -54.254
153.388 -24.069
160.176 -91.306
29.312 -104.208
-31.224 -80.483
-59.515 -31.108
-61.611 78.907
-90.795 161.997
-141.445 289.47
-139.284 360.517
-93.888 398.499
11.041 432.942
79.824 481.351
179.944 555.922
245.77 580.555
297.244 545.371
360.085 458.635
427.864 409.84
527.07 339.879
571.614 286.273
555.115 227.357
493.978 142.074
470.689 60.212
432.87 -62.23
408.83 -107.531
351.303 -114.369
247.194 -86.572
225.966 -150.319
184.481 -155.115
-131.029 82.167
-145.255 121.432
-3.638 495.311
29.869 520.423
414.513 491.982
449.004 468.368
544.053 100.395
533.636 59.95
290.388 -145.594
208.524 -181.266
105.164 -140.472
-111.581 25.288
-165.163 92.01
-155.688 203.076
-57.718 457.717
-4.14 530.894
98.805 547.482
361.629 530.595
447.999 503.895
494.666 412.296
562.806 163.095
566.673 73.003
494.497 -5.216
