180.764 237.116
229.631 237.473
244.397 191.306
204.95 163.218
166.515 190.69
136.769 226.445
206.225 277.196
274.855 225.376
246.618 145.138
164.413 147.864
115.474 141.772
98.891 201.481
83.883 243.704
116.842 270.111
171.146 304.609
206.147 331.298
241.145 307.897
290.191 267.067
325.867 242.165
314.253 201.569
291.515 143.16
278.841 101.347
236.117 99.997
175.678 102.743
130.718 101.588
94.861 110.563
60.667 212.661
82.219 279.534
170.302 343.286
239.755 343.633
325.964 279.42
347.993 213.898
314.624 112.641
258.856 70.6
153.293 69.911
117.607 39.629
78.609 66.199
57.757 109.114
25.463 146.851
32.729 194.524
21.816 237.971
34.341 281.587
70.555 317.403
97.286 358.252
141.453 367.217
182.871 390.034
227.939 390.404
272.819 366.135
318.519 353.355
340.625 315.797
375.167 282.364
389.408 239.587
380.576 188.304
382.761 142.302
353.461 109.568
332.625 66.646
296.59 39.676
245.748 31.737
203.233 15.926
161.539 37.569
163.227 -12.774
77.705 -24.602
35.189 -19.449
17.219 23.192
8.633 100.984
-15.563 176.234
-50.605 256.89
-60.31 299.803
-22.027 329.879
48.21 360.154
112.277 403.669
175.963 461.618
213.849 485.982
255.799 456.486
304.942 400.189
365.302 353.083
439.42 311.642
475.356 282.777
460.386 233.973
422.265 169.574
397.238 97.216
380.291 12.633
364.816 -27.558
315.327 -29.94
241.044 -13.847
222.488 -66.026
180.768 -67.878
-47.309 103.414
-61.953 142.523
33.574 413.159
66.741 438.538
350.072 430.493
384.381 406.682
465.438 136.292
453.88 96.161
274.806 -57.404
202.902 -95.663
120.313 -52.308
-23.976 57.964
-81.546 112.891
-65.124 202.577
-4.487 375.856
32.692 448.673
123.896 458.739
303.128 454.734
383.614 442.201
420.995 358.912
473.397 188.409
487.276 108.273
420.291 45.828
