180.316 238.242
231.678 238.898
247.107 191.197
206.673 162.252
166.408 190.574
134.915 227.255
207.749 282.022
279.926 226.349
249.818 142.982
163.723 145.4
111.008 136.457
93.664 201.841
76.461 246.869
109.252 275.125
171.641 311.577
207.745 340.254
244.023 317.433
297.083 269.653
334.32 244.783
323.476 202.768
297.283 139.495
284.773 95.384
240.916 93.064
174.301 97.802
127.916 95.652
89.886 103.188
50.434 213.12
73.132 284.067
169.929 353.149
241.923 354.188
334.279 283.141
358.787 216.074
323.063 106.98
265.26 62.191
151.591 63.045
114.291 26.199
69.799 56.01
44.731 102.414
9.769 143.031
19.574 193.83
8.095 237.981
21.028 288.077
61.357 332.892
88.594 374.995
137.735 382.492
182.405 404.533
231.146 405.659
285.516 379.896
331.589 367.346
354.004 324.814
388.588 287.586
404.424 242.359
397.228 182.142
399.938 135.786
366.274 101.483
343.755 57.824
305.163 27.693
247.56 15.386
203.778 -1.291
159.81 24.426
161.361 -32.167
59.298 -42.079
17.593 -34.326
-2.26 9.763
-7.771 95.073
-34.053 173.59
-72.209 270.828
-80.029 314.402
-39.924 346.022
39.25 377.035
104.716 423.855
183.96 486.335
221.055 509.18
265.427 478.354
318.019 414.019
381.859 367.047
464.826 312.577
499.059 284.064
483.796 232.811
439.332 163.159
415.598 87.315
391.043 -8.984
374.344 -48.85
323.097 -51.894
242.326 -31.775
221.965 -87.306
180.283 -89.875
-68.339 98.63
-83.395 137.584
24.886 433.843
57.851 459.484
366.628 445.394
401.137 421.871
484.951 126.879
473.948 86.593
278.195 -80.089
202.892 -117.276
114.296 -74.007
-45.958 49.771
-102.674 107.746
-88.161 204.131
-18.005 395.59
23.723 469.348
117.25 481.09
317.181 473.857
400.07 457.381
439.378 372.694
496.005 182.899
507.174 99.165
439.133 33.317
