181.85 233.895
226.155 233.98
239.779 191.713
203.929 165.905
168.34 191.797
144.26 222.93
204.118 266.732
264.378 222.811
240.762 152.393
167.308 153.072
123.477 151.3
108.6 198.418
95.493 238.6
129.577 263.703
169.93 292.46
204.087 317.428
238.244 293.025
278.309 263.225
312.345 238.544
299.599 198.449
283.74 151.412
270.71 111.19
228.569 110.927
179.505 111.409
136.938 111.282
102.44 121.759
74.07 209.587
95.008 274.752
169.804 328.771
237.944 328.783
312.423 274.335
333.633 209.769
305.07 122.151
249.952 81.87
158.076 81.783
123.368 55.869
88.88 80.768
73.828 121.004
48.286 152.921
50.592 193.222
38.786 234.582
51.816 275.112
85.866 302.006
108.602 335.656
146.384 346.238
182.634 370.31
225.196 370.286
261.507 346.04
300.311 334.768
321.972 302.611
356.179 275.254
369.335 234.704
357.559 192.533
358.883 152.119
335.114 121.689
319.414 80.69
284.836 55.606
241.037 53.512
203.352 39.921
166.295 54.262
167.508 13.737
103.501 5.65
61.007 6.867
45.799 48.091
33.716 110.635
11.943 179.221
-14.927 237.715
-27.639 280.504
8.305 307.298
63.755 336.139
122.21 377.545
168.593 421.762
205.737 447.871
242.674 421.34
286.807 377.481
344.088 334.75
400.41 304.583
436.951 277.342
423.047 233.878
395.337 178.195
372.403 110.568
360.948 47.257
346.538 5.035
301.127 4.488
239.157 13.288
224.214 -31.453
182.453 -31.791
-13.483 111.428
-26.688 151.047
49.676 381.378
83.402 406.012
325.378 404.925
359.239 380.442
433.262 150.249
420.61 110.399
266.148 -20.867
203.567 -60.361
138.959 -20.019
9.34 75.136
-47.351 122.149
-28.497 195.922
21.329 348.042
49.584 416.91
126.057 421.918
284.934 421.594
359.197 416.008
387.618 344.719
436.218 193.414
454.42 121.559
395.403 72.092
