160.446 262.58
229.867 278.955
267.053 214.97
222.161 162.734
155.525 190.62
93.429 244.585
190.488 332.138
310.524 268.004
287.286 137.913
154.048 119.145
39.191 100.069
37.717 203.348
-1.317 287.284
38.32 342.654
138.137 372.067
206.713 431.272
269.659 409.473
334.385 328.682
408.853 284.716
407.183 220.183
357.35 130.52
343.72 47.71
278.817 26.265
177.869 53.709
83.224 43.971
-1.677 32.747
-47.812 236.402
-29.685 354.7
145.65 457.781
266.218 476.674
414.571 350.535
474.375 240.933
409.935 62.718
326.614 -31.849
117.553 -23.979
34.913 -101.097
-46.899 -36.82
-93.436 48.587
-120.614 139.261
-141.092 202.692
-142.545 285.275
-107.429 382.887
-28.808 446.471
28.885 503.729
87.088 524.398
160.463 555.442
263.064 556.821
352.387 502.35
428.647 468.295
464.492 421.916
515.141 362.885
550.973 267.846
526.754 163.817
524.659 81.947
494.036 32.064
454.592 -36.826
372.608 -100.874
266.81 -108.136
177.881 -124.598
115.104 -119.058
152.078 -180.635
-2.963 -198.956
-95.431 -160.111
-126.958 -104.388
-168.074 47.754
-172.624 134.937
-245.272 292.859
-246.522 390.683
-187.743 449.61
-55.204 506.764
29.634 554.133
150.338 657.973
241.723 686.65
312.419 648.763
405.54 545.536
479.249 482.348
610.048 402.093
662.411 320.725
653.39 248.619
584.201 130.982
558.537 37.566
522.509 -114.756
460.479 -185.994
397.794 -202.179
256.466 -178.38
250.139 -246.305
192.142 -264.88
-211.842 33.226
-244.769 69.677
-75.313 552.259
-36.241 587.258
445.127 579.213
490.26 554.186
640.599 97.751
638.011 49.315
323.824 -236.253
234.336 -300.345
98.711 -243.211
-181.712 -42.204
-253.601 29.077
-252.95 178.214
-140.646 517.566
-77.733 592.909
46.764 632.669
390.333 625.305
482.396 594.781
556.566 491.886
658.659 168.786
671.972 71.644
592.862 -36.327
