179.233 240.09
230.184 243.648
248.708 196.556
210.217 165.253
167.806 191.743
134.25 226.951
204.039 283.792
279.423 233.312
254.412 148.649
167.014 145.72
102.392 129.569
80.779 201.536
58.586 248.51
97.542 285.277
164.781 325.978
204.604 360.607
249.271 334.884
307.192 282.977
351.579 255.792
340.728 205.939
312.006 136.255
300.366 86.853
248.765 82.267
173.566 88.478
124.817 83.318
73.457 86.968
30.682 211.06
48.58 301.011
160.383 377.31
249.451 383.753
353.358 301.993
387.789 220.551
344.341 99.186
278.65 38.527
151.476 49.159
105.0 -12.278
42.883 33.866
11.09 90.881
-27.584 138.282
-21.253 188.464
-34.632 238.704
-12.032 311.222
41.53 368.774
71.713 414.171
122.186 422.1
172.87 444.022
241.004 443.56
312.087 409.797
362.021 396.506
385.108 351.87
420.703 309.735
441.542 247.878
432.95 169.598
436.659 119.02
400.523 83.43
375.428 36.587
322.729 -4.515
250.402 -21.473
203.55 -39.215
156.41 -9.491
160.199 -74.076
33.702 -84.281
-16.713 -67.167
-42.171 -19.747
-45.096 82.733
-74.017 165.085
-120.435 285.747
-121.576 346.949
-77.988 381.993
19.325 415.75
87.17 464.438
185.507 535.198
237.278 560.236
287.023 525.374
347.286 445.053
414.588 396.906
510.901 326.267
550.905 287.152
533.89 229.452
477.51 148.243
454.234 67.783
416.636 -51.543
398.102 -91.154
342.168 -96.589
245.589 -70.916
223.979 -131.981
182.402 -135.9
-112.649 86.892
-127.215 126.031
5.026 477.153
38.13 502.612
400.689 477.91
435.335 454.594
526.559 107.658
516.234 67.192
285.906 -126.772
205.887 -162.553
105.413 -120.605
-92.692 33.171
-146.867 96.438
-136.123 204.761
-45.794 438.841
4.057 512.664
105.249 528.51
348.281 513.59
434.058 490.095
479.668 399.525
543.027 168.913
549.243 80.319
477.293 4.104
