175.175 249.237
230.657 256.55
254.886 206.832
214.746 168.936
165.729 195.264
123.843 234.46
200.577 299.523
286.788 248.154
266.232 149.856
165.174 142.638
87.62 120.2
65.084 206.419
34.989 255.897
77.46 301.71
157.58 345.692
200.727 388.994
253.827 362.152
318.181 302.292
372.207 273.059
362.215 215.04
329.28 136.65
318.319 76.672
262.929 68.036
173.772 81.708
116.708 71.264
48.424 68.074
7.145 213.779
17.836 322.824
150.617 407.406
256.009 421.486
374.738 326.354
422.673 228.882
372.537 89.485
297.473 15.505
149.107 29.704
77.581 -47.908
0.865 8.096
-34.359 87.189
-69.325 139.946
-68.97 190.812
-80.527 257.27
-52.409 343.728
20.572 407.474
58.867 458.727
107.75 470.542
167.708 493.753
252.109 492.056
336.851 442.121
396.725 424.907
422.799 383.736
461.913 334.829
487.471 256.455
470.5 161.01
474.428 101.123
440.012 62.986
413.445 9.905
344.002 -40.892
253.223 -55.796
198.05 -76.022
146.468 -48.289
159.477 -116.939
21.004 -133.493
-54.062 -101.027
-85.268 -49.376
-86.181 74.194
-115.246 157.149
-173.695 297.018
-168.827 379.626
-119.704 423.712
-2.953 459.762
69.406 506.882
177.43 589.664
255.029 613.572
311.371 576.965
378.462 480.176
447.336 429.079
554.882 355.684
601.943 289.871
586.758 227.447
519.476 135.334
496.023 51.75
462.769 -74.293
420.797 -133.077
362.325 -142.719
249.117 -110.125
228.424 -178.265
187.096 -184.276
-157.553 73.468
-172.221 112.573
-18.603 521.447
16.719 546.884
433.473 514.257
468.497 489.906
571.225 93.186
560.953 52.689
296.079 -174.316
211.896 -209.71
105.403 -170.803
-137.825 10.223
-191.795 82.93
-185.263 200.278
-77.703 486.191
-18.105 557.97
89.92 577.129
380.377 557.721
467.559 525.925
517.638 431.588
592.562 157.806
593.936 65.87
522.7 -14.698
