174.665 250.628
230.996 258.348
255.984 207.771
215.468 168.975
165.326 195.495
121.934 235.848
200.43 302.094
288.656 249.867
267.968 149.396
164.642 141.702
84.788 118.763
63.077 207.247
31.839 257.784
74.32 304.609
156.89 348.176
200.66 392.697
254.665 365.97
319.607 304.409
375.028 274.741
365.474 216.124
331.518 136.52
320.879 75.431
265.082 66.116
174.311 81.03
114.581 70.088
45.036 65.826
3.513 214.822
13.744 325.795
149.858 411.246
256.88 426.267
377.592 328.87
426.911 230.064
375.751 88.528
300.214 12.599
147.84 25.707
74.048 -52.016
-4.077 5.303
-39.15 86.487
-73.944 139.82
-74.663 191.294
-85.752 260.069
-57.446 348.118
17.618 411.865
57.393 463.787
106.371 476.09
167.675 499.529
253.67 498.094
339.24 446.244
400.298 428.256
426.849 387.091
466.6 337.271
493.075 257.565
474.871 160.581
478.73 99.505
444.563 60.866
417.47 6.694
346.877 -45.465
253.679 -59.561
197.226 -80.195
145.11 -53.485
159.598 -121.939
19.07 -138.984
-58.553 -105.149
-90.19 -52.987
-90.133 72.859
-120.249 155.972
-180.007 298.417
-174.982 382.862
-125.072 428.241
-6.134 464.987
67.254 511.649
176.731 596.171
256.002 620.098
313.421 583.22
381.585 484.658
450.736 432.969
560.088 358.877
607.534 291.277
592.714 228.091
524.371 134.48
500.975 50.524
467.997 -77.333
423.508 -137.751
364.691 -148.034
249.723 -114.544
229.241 -183.656
187.97 -190.046
-162.465 71.594
-177.43 110.587
-22.073 525.913
13.85 551.597
436.345 518.885
471.663 494.342
576.529 92.373
566.405 51.835
297.557 -179.682
213.002 -215.251
105.565 -176.743
-142.704 7.075
-196.777 80.796
-190.982 199.682
-82.046 491.283
-21.332 562.777
87.854 582.701
383.288 563.195
470.636 530.561
521.688 435.686
598.234 157.437
599.338 65.139
528.257 -16.347
