180.629 237.525
230.236 237.942
245.174 191.28
205.372 162.934
166.417 190.667
136.094 226.815
206.677 278.726
276.397 225.69
247.52 144.419
164.128 147.144
114.275 140.324
97.528 201.729
82.002 244.606
114.805 271.375
171.393 306.492
206.577 333.59
241.805 310.378
292.023 267.68
328.067 242.782
316.685 201.98
292.959 142.158
280.296 99.716
237.428 98.139
175.233 101.425
129.897 100.045
93.639 108.698
58.14 212.917
80.017 280.557
170.371 345.713
240.203 346.212
328.132 280.301
350.553 214.541
316.824 111.08
260.476 68.605
152.742 68.086
116.72 36.3
76.419 63.605
54.46 107.345
21.416 145.77
29.474 194.491
18.49 238.155
31.006 283.125
68.112 321.336
94.9 362.467
140.556 371.054
182.892 393.654
228.642 394.218
275.872 369.733
321.737 356.983
343.969 318.079
378.542 283.651
393.137 240.372
384.832 186.812
387.143 140.702
356.653 107.501
335.41 64.418
298.771 36.698
246.206 27.562
203.374 11.529
161.041 34.252
162.706 -17.7
73.108 -29.236
30.649 -23.325
12.22 19.665
4.423 99.46
-20.476 175.583
-56.205 260.301
-65.415 303.454
-26.748 333.903
45.824 364.398
110.198 408.89
178.028 468.121
215.575 491.928
258.104 462.158
308.174 403.82
369.423 356.715
446.07 312.041
481.463 283.272
466.425 233.831
426.636 167.994
401.925 94.734
383.226 7.116
367.384 -33.036
317.436 -35.613
241.345 -18.432
222.287 -71.545
180.576 -73.604
-52.755 102.198
-67.541 141.255
31.237 418.426
64.346 443.88
354.219 434.425
388.588 410.69
470.501 133.91
459.102 93.734
275.742 -63.286
202.848 -101.279
118.511 -57.795
-29.6 55.713
-87.026 111.551
-71.073 202.699
-8.108 380.812
30.274 453.937
121.861 464.301
306.559 459.774
387.736 446.209
425.567 362.467
479.273 187.151
492.45 105.978
425.048 42.594
