171.316 258.111
232.168 268.254
261.471 211.489
219.383 167.372
162.078 195.044
109.691 244.211
198.942 316.011
299.437 258.14
276.914 146.494
160.276 133.458
63.604 108.549
53.544 210.404
15.608 272.878
55.948 324.629
152.094 359.946
202.864 412.009
261.146 386.843
327.181 314.845
390.747 281.365
384.059 220.069
343.438 134.781
333.947 66.525
274.975 52.667
176.638 73.182
99.254 61.027
26.472 50.239
-19.315 223.992
-8.435 342.707
147.25 433.021
262.295 451.063
393.934 340.371
449.393 235.32
392.452 81.297
314.152 -4.81
134.906 1.279
55.695 -74.888
-27.064 -13.236
-62.253 75.262
-97.521 139.836
-106.444 194.786
-113.47 274.905
-83.548 371.014
-1.751 433.689
48.11 488.503
99.085 503.476
167.11 529.184
262.232 528.349
349.649 469.743
416.408 446.826
446.145 404.003
490.456 349.67
521.811 262.172
498.208 159.893
501.541 92.432
468.452 49.88
436.99 -11.489
360.008 -71.112
256.646 -78.693
190.952 -102.07
135.014 -84.749
160.813 -149.116
10.642 -168.383
-78.063 -129.483
-111.843 -74.984
-115.666 62.953
-145.849 148.07
-213.341 302.429
-209.872 394.978
-155.419 447.515
-26.769 492.541
54.216 535.124
169.571 629.351
255.717 654.557
319.262 616.344
395.307 510.267
466.267 454.839
585.755 377.724
635.27 302.358
622.994 235.128
550.433 132.259
528.081 45.756
495.41 -93.601
440.294 -160.451
380.18 -174.307
253.867 -137.469
235.887 -212.624
195.053 -223.275
-186.418 58.045
-204.647 95.976
-44.321 544.327
-4.172 572.762
446.172 545.216
484.301 519.659
605.185 91.606
596.861 50.344
308.881 -206.654
222.761 -245.903
107.271 -209.539
-164.8 -13.013
-221.534 64.515
-220.843 193.66
-108.105 513.04
-42.544 583.653
73.614 610.166
393.312 593.001
481.889 557.499
540.4 459.815
627.607 159.525
629.273 65.272
559.107 -23.728
