162.228 263.058
229.936 278.592
266.006 214.751
221.784 163.588
156.117 191.58
94.833 246.461
191.388 330.563
309.449 267.044
285.928 139.694
154.565 121.259
40.539 102.1
40.242 205.585
1.079 288.2
39.331 342.909
139.641 370.339
206.575 429.275
268.842 407.493
333.545 327.103
406.965 284.594
404.745 220.492
355.829 131.115
343.411 50.313
278.897 29.715
177.541 56.466
84.308 46.076
-0.451 35.677
-44.713 237.117
-27.354 353.855
145.779 455.297
265.721 474.123
412.244 349.687
471.85 240.395
408.504 65.607
325.643 -28.555
119.145 -21.313
37.169 -98.494
-44.68 -34.423
-90.773 49.69
-116.931 140.086
-137.138 202.059
-139.419 284.845
-104.879 382.617
-25.5 445.838
31.001 502.73
88.373 522.622
161.387 553.12
263.546 554.249
352.571 498.509
427.779 466.03
462.82 420.235
512.787 361.485
548.313 267.023
523.521 162.976
522.949 83.462
491.925 34.557
453.165 -33.855
371.326 -97.734
265.702 -104.369
179.387 -122.588
117.439 -115.818
154.117 -177.496
-0.747 -196.235
-92.854 -156.805
-124.774 -101.975
-164.432 48.959
-169.416 136.494
-242.13 293.835
-242.683 391.459
-184.535 450.09
-51.993 505.771
32.442 552.499
152.766 655.641
243.71 683.962
313.767 645.817
404.761 541.413
478.009 479.312
607.91 399.473
660.013 318.579
650.625 246.861
580.143 131.18
555.863 39.236
520.457 -112.039
458.636 -182.861
396.754 -199.132
256.954 -173.145
249.293 -242.973
194.795 -262.446
-208.801 35.415
-239.702 71.272
-71.875 551.757
-32.371 585.902
445.715 575.325
489.83 550.008
636.703 96.475
633.506 50.355
323.055 -233.123
236.164 -292.683
100.666 -240.577
-179.634 -39.705
-247.999 32.883
-249.725 179.36
-137.449 517.917
-73.597 592.352
49.901 630.718
391.359 622.185
482.894 590.309
555.027 488.405
655.762 167.38
665.71 71.235
590.185 -34.16
