177.765 243.309
229.214 248.668
250.129 201.257
211.783 167.519
167.362 193.317
131.182 229.221
201.549 287.967
280.262 239.61
258.261 150.959
167.147 145.463
97.468 126.047
74.174 203.22
49.106 249.719
90.609 290.592
160.938 333.748
202.075 371.795
250.877 344.673
311.447 291.517
360.001 263.083
348.955 209.172
319.058 136.166
307.719 82.836
253.512 76.926
172.859 84.959
122.994 77.586
63.742 78.662
22.36 210.992
36.201 309.914
155.106 389.687
252.774 399.202
362.784 313.198
402.583 223.383
355.981 95.363
285.312 28.04
151.425 43.111
95.277 -28.686
26.239 21.695
-8.582 88.432
-45.687 138.318
-41.567 188.59
-54.833 244.888
-28.7 324.109
32.953 385.678
65.73 433.571
114.811 443.275
168.987 465.702
245.859 463.303
323.678 423.519
377.44 409.178
401.642 366.565
438.552 322.192
460.755 250.954
449.245 164.694
453.253 110.602
417.514 74.171
391.816 25.081
330.699 -20.242
251.509 -37.148
202.128 -55.616
153.016 -25.463
160.138 -92.892
28.879 -106.054
-32.617 -81.721
-61.13 -32.194
-63.168 78.601
-92.328 161.702
-143.415 289.905
-141.002 361.772
-95.399 400.086
10.269 434.572
79.195 482.948
179.739 557.969
246.5 582.528
298.221 547.271
361.289 459.896
429.123 411.005
528.76 340.904
573.518 286.339
557.084 227.251
495.554 141.581
472.251 59.615
434.757 -62.801
409.645 -109.108
352.067 -116.078
247.318 -88.029
226.121 -152.037
184.645 -156.909
-132.71 81.681
-146.927 120.949
-4.449 497.016
29.116 522.113
415.817 493.29
450.304 469.644
545.715 99.848
535.287 59.405
290.766 -147.367
208.736 -183.016
105.163 -142.332
-113.264 24.445
-166.841 91.532
-157.51 202.918
-58.855 459.518
-4.903 532.622
98.297 549.317
362.896 532.21
449.32 505.18
496.134 413.428
564.646 162.655
568.327 72.45
496.224 -5.832
