179.482 239.365
230.906 242.254
248.666 195.065
209.712 164.34
167.654 191.305
134.658 226.584
205.214 283.624
279.889 231.411
253.629 147.183
166.44 145.387
103.916 130.462
83.074 201.108
61.663 248.639
99.257 283.817
166.395 323.58
205.77 357.169
248.683 332.305
305.906 280.139
348.811 253.547
338.086 205.153
309.586 136.448
297.785 88.044
247.583 83.795
173.779 89.821
125.341 85.239
76.563 89.527
33.024 211.365
52.735 297.818
162.54 373.337
247.98 378.527
350.072 298.075
382.852 219.776
340.613 100.274
276.698 42.55
151.464 51.296
107.194 -5.943
47.694 37.515
17.016 92.296
-21.414 138.499
-14.127 188.899
-27.419 237.37
-6.542 306.969
44.75 362.978
74.264 407.591
125.32 414.902
174.859 436.691
239.155 437.079
307.988 404.87
357.026 391.752
379.821 346.773
415.051 305.21
435.251 246.981
427.328 171.504
430.858 121.954
394.644 86.585
369.792 40.425
320.238 1.123
250.136 -15.629
203.752 -33.28
157.216 -3.958
160.22 -67.421
35.737 -76.825
-11.42 -62.012
-35.768 -15.264
-38.973 84.453
-67.566 166.343
-112.465 285.06
-115.141 341.808
-71.962 376.114
22.688 409.405
90.351 458.137
188.698 528.123
234.184 552.468
283.486 517.862
342.66 439.845
409.644 391.803
505.105 321.525
542.703 287.139
525.882 230.164
471.351 150.68
448.031 70.819
411.748 -45.813
393.848 -84.9
338.705 -89.805
245.011 -64.863
223.348 -124.997
181.745 -128.63
-105.612 88.674
-120.343 127.752
8.506 470.505
41.489 496.12
395.62 472.522
430.311 449.272
519.952 110.624
509.597 70.166
284.343 -119.566
205.047 -155.444
105.953 -113.127
-85.318 35.856
-139.87 98.076
-128.676 205.451
-41.278 432.01
7.37 506.011
108.32 521.649
343.467 507.18
428.966 484.771
474.1 394.507
535.538 171.196
542.616 83.269
471.146 8.445
