179.54 239.128
231.175 241.743
248.639 194.47
209.462 163.962
167.529 191.146
134.727 226.505
205.674 283.639
280.126 230.676
253.312 146.521
166.117 145.224
104.55 130.839
84.051 200.983
62.972 248.694
99.945 283.163
167.053 322.545
206.242 355.718
248.38 331.225
305.312 278.964
347.616 252.6
336.945 204.856
308.506 136.545
296.64 88.562
247.076 84.458
173.827 90.434
125.548 86.082
77.893 90.635
34.093 211.521
54.545 296.41
163.412 371.671
247.324 376.264
348.683 296.447
380.698 219.457
338.985 100.746
275.823 44.326
151.439 52.27
108.019 -3.072
49.748 39.052
19.523 92.986
-18.69 138.649
-10.942 189.203
-24.17 236.96
-4.156 305.104
46.165 360.404
75.434 404.727
126.648 411.834
175.683 433.597
238.34 434.275
306.162 402.709
354.868 389.65
377.56 344.617
412.66 303.324
432.533 246.598
424.839 172.335
428.288 123.201
392.064 87.92
367.323 42.039
319.107 3.578
250.008 -13.026
203.82 -30.633
157.526 -1.494
160.243 -64.473
36.84 -73.605
-9.113 -59.706
-33.0 -13.214
-36.288 85.257
-64.715 166.95
-108.935 284.994
-112.36 339.47
-69.314 373.533
24.152 406.63
91.726 455.326
189.604 524.963
232.968 548.911
281.978 514.554
340.639 437.58
407.443 389.585
502.323 319.885
539.052 286.958
522.37 230.407
468.638 151.729
445.298 72.137
409.736 -43.094
392.013 -82.094
337.22 -86.777
244.768 -62.163
223.109 -121.903
181.495 -125.423
-102.518 89.504
-117.316 128.557
10.001 467.549
42.941 493.219
393.361 470.168
428.058 446.929
517.032 111.914
506.649 71.463
283.702 -116.363
204.724 -152.3
106.323 -109.844
-82.071 37.042
-136.792 98.847
-125.388 205.786
-39.303 428.991
8.805 503.053
109.525 518.531
341.353 504.361
426.703 482.427
471.513 392.416
532.25 172.169
539.678 84.543
468.467 10.425
