167.708 262.218
231.334 274.699
263.737 213.457
220.582 165.722
158.805 193.637
101.127 248.627
195.779 324.25
305.321 263.014
281.528 143.647
157.098 127.573
48.763 105.923
48.243 210.331
8.683 285.5
45.558 338.682
146.345 365.039
205.721 421.771
265.766 398.935
330.775 321.152
399.757 283.342
395.418 220.778
349.987 132.946
339.951 58.662
278.235 41.239
177.058 65.384
89.711 54.112
10.79 43.354
-33.407 234.037
-18.877 350.465
146.712 445.714
264.457 464.066
403.936 345.726
461.752 238.147
401.481 74.158
321.217 -16.766
125.335 -11.154
45.329 -88.144
-36.496 -24.827
-77.198 59.783
-107.821 141.418
-123.066 199.532
-128.112 282.237
-95.493 380.195
-13.904 442.561
39.654 498.15
93.948 515.261
164.832 543.615
264.508 543.401
352.511 484.708
423.353 457.527
455.598 413.092
503.081 356.373
536.831 264.594
511.635 160.977
513.974 88.268
481.703 42.463
446.373 -23.317
366.009 -85.993
260.362 -90.902
184.819 -113.825
125.698 -102.377
158.872 -164.926
6.612 -184.944
-84.498 -144.611
-117.602 -91.252
-140.295 54.322
-158.267 142.623
-230.19 299.142
-228.927 394.936
-172.146 451.329
-40.156 502.232
43.577 546.064
161.75 645.452
250.625 672.322
317.861 633.563
401.039 526.568
473.088 468.081
598.537 389.686
649.384 310.9
638.791 241.29
565.878 131.943
543.776 43.032
510.029 -103.321
450.547 -172.638
389.711 -188.181
256.031 -154.091
242.279 -229.498
198.768 -245.965
-197.465 45.024
-221.45 82.411
-58.941 549.651
-17.959 581.058
447.219 561.351
488.092 535.569
622.053 93.613
615.933 50.853
316.872 -221.408
231.436 -266.348
106.057 -228.157
-172.096 -28.761
-234.383 47.663
-236.932 186.425
-124.53 518.192
-58.352 590.254
61.946 622.841
393.961 609.574
483.821 574.694
548.84 475.234
643.478 163.366
647.896 68.104
576.958 -28.41
