179.598 238.878
231.48 241.142
248.581 193.731
209.109 163.486
167.333 190.961
134.745 226.473
206.231 283.675
280.444 229.778
252.895 145.652
165.652 145.015
105.378 131.355
85.34 200.887
64.712 248.728
100.861 282.246
167.891 321.149
206.803 353.775
247.926 329.745
304.467 277.442
345.997 251.363
335.39 204.493
307.032 136.703
295.084 89.272
246.382 85.37
173.86 91.287
125.808 87.234
79.657 92.144
35.649 211.745
56.982 294.527
164.518 369.421
246.458 373.235
346.828 294.331
377.792 219.032
336.799 101.392
274.602 46.724
151.389 53.61
109.026 0.867
52.501 41.11
22.863 93.983
-14.986 138.926
-6.599 189.726
-19.709 236.598
-0.938 302.591
48.069 356.888
77.043 400.868
128.379 407.768
176.755 429.516
237.255 430.506
303.658 399.791
351.953 386.806
374.533 341.777
409.48 300.866
428.873 246.081
421.442 173.472
424.783 124.859
388.591 89.687
364.013 44.162
317.523 6.87
249.816 -9.471
203.893 -27.011
157.906 1.867
160.293 -60.456
38.612 -69.321
-5.992 -56.539
-29.279 -10.362
-32.647 86.4
-60.839 167.833
-104.158 285.078
-108.59 336.225
-65.712 370.032
26.107 402.875
93.538 451.471
190.247 520.54
231.428 543.996
279.959 510.054
337.886 434.535
404.421 386.615
498.302 318.049
534.08 286.612
517.601 230.693
464.955 153.145
441.592 73.925
407.126 -39.226
389.572 -78.222
335.249 -82.618
244.447 -58.462
222.822 -117.678
181.197 -121.056
-98.32 90.683
-113.205 129.703
11.98 463.484
44.877 489.21
390.245 466.996
424.941 443.754
513.06 113.67
502.626 73.233
282.879 -111.98
204.334 -148.012
106.966 -105.394
-77.662 38.666
-132.615 99.95
-120.912 206.256
-36.633 424.867
10.724 498.986
110.943 514.163
338.465 500.544
423.588 479.252
467.858 389.704
527.788 173.482
535.671 86.271
464.853 13.181
