173.279 254.288
231.751 263.124
258.801 209.808
217.514 168.57
164.095 195.653
116.468 239.742
199.926 308.792
293.865 254.069
272.466 148.174
162.946 138.351
75.797 114.167
57.951 209.257
23.514 263.82
65.69 313.251
154.891 354.342
201.112 402.328
257.405 376.039
323.383 309.654
382.654 278.465
374.383 218.443
337.464 135.87
327.662 71.743
270.45 60.439
175.769 78.249
107.824 66.402
36.119 58.915
-6.916 218.283
2.833 334.039
148.224 421.645
259.521 438.635
385.423 334.898
438.014 232.814
384.072 85.709
307.239 4.396
142.681 13.917
65.516 -63.415
-15.896 -3.36
-50.921 82.765
-85.933 139.697
-90.121 192.756
-99.4 267.653
-70.467 359.887
9.1 423.092
53.217 476.53
102.823 490.123
167.601 514.403
258.042 513.415
344.916 457.446
408.803 437.241
436.773 395.566
478.534 343.469
507.466 260.056
486.325 159.919
489.972 95.822
456.401 55.548
427.457 -1.911
353.909 -57.851
255.046 -69.169
195.032 -91.021
141.292 -67.861
160.351 -135.155
14.148 -153.268
-69.574 -116.507
-102.279 -62.91
-101.642 68.68
-133.188 152.576
-196.547 301.44
-191.775 390.213
-139.694 439.067
-15.336 478.565
61.274 523.68
174.06 612.866
257.072 637.148
317.41 599.599
388.914 496.843
458.901 443.459
573.12 367.74
621.555 296.018
607.881 230.854
537.137 132.979
514.128 47.955
481.534 -85.296
431.342 -149.274
371.775 -161.316
251.777 -125.709
232.102 -197.756
191.093 -205.675
-174.83 65.924
-190.85 104.637
-32.142 536.28
5.692 562.969
442.339 531.465
478.766 506.398
590.491 91.306
581.006 50.564
302.49 -193.212
217.045 -229.932
106.187 -192.491
-154.767 -1.757
-209.436 74.277
-205.818 197.577
-94.234 503.417
-30.773 574.244
81.663 596.76
389.421 577.74
477.276 543.3
531.467 447.046
612.823 157.663
613.734 64.416
543.154 -20.125
