160.136 262.472
229.872 278.997
267.262 215.008
222.219 162.568
155.425 190.414
93.185 244.226
190.345 332.402
310.714 268.175
287.529 137.545
153.979 118.749
38.986 99.69
37.259 202.941
-1.747 287.095
38.169 342.589
137.887 372.382
206.72 431.629
269.795 409.806
334.538 328.964
409.184 284.717
407.609 220.104
357.611 130.397
343.729 47.217
278.793 25.62
177.937 53.189
83.05 43.587
-1.883 32.219
-48.376 236.245
-30.086 354.873
145.621 458.213
266.316 477.127
414.996 350.673
474.81 241.012
410.152 62.158
326.781 -32.442
117.28 -24.462
34.511 -101.558
-47.289 -37.238
-93.887 48.43
-121.307 139.127
-141.786 202.836
-143.119 285.377
-107.869 382.947
-29.39 446.594
28.515 503.907
86.862 524.712
160.297 555.847
262.966 557.266
352.342 503.049
428.779 468.71
464.764 422.201
515.543 363.149
551.409 268.007
527.342 163.995
524.915 81.672
494.361 31.598
454.824 -37.372
372.82 -101.445
266.968 -108.803
177.613 -124.961
114.687 -119.63
151.685 -181.195
-3.345 -199.437
-95.892 -160.709
-127.359 -104.794
-168.631 47.542
-173.205 134.692
-245.842 292.737
-247.246 390.569
-188.313 449.528
-55.775 506.946
29.142 554.425
149.909 658.374
241.367 687.113
312.171 649.273
405.665 546.285
479.465 482.9
610.401 402.574
662.797 321.119
653.852 248.969
584.953 130.962
558.976 37.217
522.833 -115.271
460.794 -186.588
397.93 -202.737
256.335 -179.29
250.212 -246.879
191.629 -265.237
-212.38 32.854
-245.639 69.503
-75.929 552.353
-36.935 587.511
445.02 579.928
490.343 554.964
641.296 98.04
638.755 49.041
323.905 -236.813
233.831 -301.624
98.364 -243.666
-182.09 -42.62
-254.726 28.469
-253.511 178.088
-141.205 517.499
-78.477 593.014
46.214 633.015
390.138 625.85
482.302 595.609
556.833 492.513
659.153 169.079
673.261 71.657
593.278 -36.758
