161.894 262.986
229.912 278.674
266.184 214.793
221.859 163.44
156.004 191.427
94.567 246.134
191.21 330.865
309.647 267.221
286.177 139.4
154.453 120.882
40.264 101.739
39.783 205.18
0.643 288.057
39.124 342.883
139.352 370.652
206.613 429.643
268.999 407.873
333.698 327.393
407.315 284.631
405.198 220.449
356.116 131.015
343.496 49.851
278.887 29.098
177.592 55.976
84.095 45.686
-0.701 35.141
-45.278 237.013
-27.79 353.998
145.759 455.762
265.805 474.595
412.665 349.852
472.326 240.503
408.792 65.102
325.824 -29.159
118.849 -21.803
36.753 -98.975
-45.098 -34.875
-91.291 49.451
-117.577 139.93
-137.872 202.156
-139.985 284.91
-105.356 382.661
-26.113 445.949
30.606 502.915
88.134 522.951
161.218 553.554
263.466 554.733
352.546 499.207
427.955 466.439
463.146 420.554
513.234 361.733
548.829 267.163
524.11 163.11
523.295 83.185
492.346 34.111
453.444 -34.394
371.571 -98.307
265.931 -105.067
179.108 -122.959
117.01 -116.425
153.764 -178.075
-1.166 -196.739
-93.337 -157.41
-125.187 -102.423
-165.194 48.746
-170.0 136.189
-242.703 293.621
-243.366 391.299
-185.127 449.999
-52.586 505.95
31.919 552.8
152.318 656.082
243.346 684.471
313.526 646.371
404.915 542.163
478.243 479.864
608.325 399.945
660.484 318.965
651.155 247.159
580.873 131.132
556.379 38.96
520.864 -112.521
458.986 -183.416
396.981 -199.684
256.896 -174.125
249.504 -243.6
194.339 -262.955
-209.375 35.016
-240.648 70.904
-72.509 551.847
-33.082 586.145
445.611 576.029
489.909 550.757
637.42 96.667
634.367 50.215
323.237 -233.699
235.96 -294.138
100.306 -241.075
-180.026 -40.168
-248.926 32.178
-250.328 179.098
-138.046 517.855
-74.357 592.452
49.317 631.08
391.18 622.767
482.81 591.114
555.318 489.041
656.313 167.61
666.757 71.338
590.714 -34.534
