167.39 262.459
231.195 275.176
263.869 213.601
220.648 165.596
158.566 193.497
100.541 248.809
195.414 324.784
305.704 263.384
281.857 143.395
156.917 127.134
47.873 105.874
47.711 210.243
8.171 286.199
44.912 339.449
145.782 365.41
205.819 422.413
266.031 399.711
330.995 321.645
400.378 283.441
396.229 220.778
350.465 132.791
340.337 58.022
278.381 40.327
177.097 64.714
89.16 53.519
9.457 42.973
-34.355 234.697
-19.529 350.847
146.616 446.539
264.557 464.946
404.652 346.08
462.612 238.346
402.114 73.55
321.671 -17.71
124.746 -12.013
44.652 -89.084
-37.115 -25.633
-78.437 58.597
-108.406 141.496
-124.167 199.883
-129.078 282.65
-96.222 380.61
-14.738 442.98
38.921 498.63
93.472 515.95
164.565 544.493
264.505 544.385
352.577 485.84
423.771 458.271
456.226 413.72
503.935 356.833
537.842 264.783
512.612 161.109
514.811 87.919
482.633 41.862
446.983 -24.196
366.446 -87.033
260.743 -91.917
184.377 -114.637
125.029 -103.544
158.61 -166.036
6.174 -186.019
-84.989 -145.663
-117.96 -92.393
-142.491 53.68
-159.134 142.186
-231.256 298.714
-230.142 394.695
-173.24 451.324
-41.093 502.545
42.659 546.681
161.041 646.425
250.104 673.419
317.593 634.679
401.385 527.79
473.516 469.036
599.374 390.546
650.321 311.548
639.846 241.766
567.03 131.914
544.867 42.794
510.994 -104.04
451.256 -173.507
390.349 -189.144
256.154 -155.511
242.826 -230.679
198.828 -247.643
-198.259 43.984
-222.833 81.33
-60.014 549.88
-19.108 581.51
447.153 562.521
488.264 536.752
623.275 93.826
617.361 50.891
317.421 -222.431
232.073 -268.085
105.784 -229.372
-172.572 -29.912
-235.355 46.253
-238.039 185.802
-125.672 518.282
-59.591 590.52
60.971 623.581
393.831 610.694
483.812 575.974
549.377 476.364
644.563 163.697
649.292 68.378
578.181 -28.808
