176.25 246.566
229.94 253.076
252.723 204.682
213.438 168.574
166.493 194.578
127.316 231.959
200.862 294.374
283.466 244.602
262.766 150.691
166.138 144.089
92.405 122.749
69.004 204.893
41.113 252.698
83.39 296.478
158.917 340.604
201.12 381.609
252.429 354.559
315.347 297.881
366.816 269.223
356.13 212.626
324.909 136.662
313.543 79.167
258.708 71.782
173.005 82.894
120.115 73.643
55.079 72.338
13.988 212.146
25.79 317.143
152.305 399.861
254.55 411.945
369.384 321.016
414.236 226.436
365.913 91.646
292.079 20.929
150.659 36.486
85.012 -39.898
11.267 13.362
-24.083 87.776
-59.645 139.338
-57.498 189.679
-69.936 251.693
-42.379 335.15
26.053 398.483
61.723 448.342
110.571 459.229
167.938 482.071
249.29 479.838
331.701 434.126
389.039 418.311
414.252 376.798
452.299 329.786
476.195 254.097
461.718 162.247
465.739 104.786
430.811 67.486
404.912 16.29
338.212 -32.047
252.422 -48.137
199.787 -67.596
149.224 -38.369
159.57 -106.938
24.581 -122.257
-45.108 -92.888
-75.34 -42.147
-77.078 76.124
-105.607 159.069
-161.062 294.008
-156.869 372.556
-109.291 414.117
2.929 449.234
73.562 497.065
178.444 576.459
252.175 600.504
306.445 564.474
371.674 471.473
440.061 421.447
544.096 349.535
590.33 287.787
574.545 226.87
509.605 137.566
486.152 54.712
451.922 -68.469
415.835 -123.292
358.014 -131.721
248.211 -101.031
227.236 -167.382
185.833 -172.847
-147.405 76.968
-161.713 116.204
-12.242 511.753
22.126 536.897
426.783 505.271
461.421 481.264
560.607 95.519
550.169 55.071
293.668 -163.246
210.295 -198.606
105.183 -158.923
-127.794 16.374
-181.559 86.742
-173.688 201.403
-69.473 475.388
-12.195 547.749
93.645 565.674
373.673 546.907
460.544 516.989
509.001 423.755
581.017 159.31
583.209 68.113
511.71 -11.021
