170.702 258.942
232.156 269.435
262.004 211.851
219.704 167.031
161.476 194.824
108.019 245.174
198.565 317.682
300.652 259.054
277.863 146.014
159.541 132.242
60.485 107.494
52.647 210.439
14.048 275.354
53.752 327.545
151.256 361.067
203.425 414.093
262.088 389.31
327.974 316.03
392.565 281.881
386.285 220.315
344.738 134.472
335.201 65.107
275.773 50.588
176.702 71.766
97.184 59.659
23.946 48.398
-22.232 225.726
-10.829 344.648
147.131 435.623
262.856 453.772
395.892 341.509
451.91 235.868
394.279 80.033
315.628 -7.018
132.94 -1.383
53.425 -77.435
-29.206 -15.522
-64.876 72.633
-99.882 139.985
-109.982 195.452
-116.559 276.383
-86.33 373.145
-4.601 435.851
46.788 490.936
98.212 506.238
166.896 532.351
263.013 531.541
350.506 472.606
417.957 448.988
448.14 405.857
493.068 351.028
524.928 262.619
500.878 159.992
504.102 91.671
471.114 48.52
439.0 -13.761
361.226 -74.095
257.166 -80.895
189.713 -104.489
133.183 -88.612
160.663 -152.294
10.054 -171.819
-79.437 -132.522
-113.292 -78.087
-119.646 61.346
-148.486 146.957
-216.951 302.177
-213.889 395.47
-158.921 448.825
-29.677 495.651
52.453 537.53
168.289 632.86
255.04 658.366
319.332 620.002
396.589 513.398
467.771 457.452
588.456 380.06
638.227 303.956
626.282 236.256
553.449 132.177
531.243 45.264
498.478 -95.474
442.383 -162.869
382.179 -177.11
254.33 -140.39
237.006 -215.977
195.971 -227.525
-188.734 55.759
-207.784 93.52
-47.28 545.667
-6.617 574.62
446.694 548.384
485.289 522.742
608.523 91.858
600.549 50.404
310.502 -209.612
224.359 -249.705
107.419 -213.436
-166.492 -15.981
-224.081 61.611
-224.129 192.44
-111.352 514.614
-45.494 585.315
71.515 612.964
393.811 596.407
482.593 560.82
542.239 462.808
630.863 160.151
632.876 65.676
562.733 -24.557
