162.733 263.152
229.982 278.453
265.75 214.687
221.668 163.804
156.293 191.794
95.241 246.932
191.666 330.098
309.15 266.774
285.556 140.111
154.747 121.817
40.978 102.631
40.929 206.188
1.731 288.386
39.66 342.923
140.087 369.872
206.509 428.719
268.601 406.907
333.317 326.664
406.433 284.527
404.059 220.546
355.392 131.26
343.261 50.998
278.907 30.634
177.474 57.195
84.638 46.672
-0.037 36.477
-43.863 237.243
-26.694 353.645
145.807 454.588
265.598 473.406
411.615 349.429
471.123 240.229
408.052 66.351
325.367 -27.645
119.592 -20.572
37.796 -97.765
-44.038 -33.727
-89.959 50.088
-115.99 140.317
-136.027 201.924
-138.57 284.752
-104.154 382.552
-24.574 445.671
31.604 502.446
88.739 522.121
161.64 552.457
263.66 553.508
352.602 497.461
427.498 465.414
462.313 419.743
512.103 361.118
547.516 266.819
522.634 162.786
522.402 83.877
491.266 35.221
452.73 -33.046
370.95 -96.871
265.337 -103.313
179.809 -122.02
118.086 -114.89
154.629 -176.617
-0.104 -195.472
-92.113 -155.895
-124.132 -101.304
-163.181 49.267
-168.539 136.965
-241.267 294.182
-241.665 391.712
-183.64 450.231
-51.095 505.502
33.239 552.043
153.444 654.964
244.256 683.181
314.123 644.972
404.518 540.286
477.651 478.482
607.267 398.767
659.28 318.003
649.808 246.428
579.05 131.259
555.067 39.631
519.819 -111.324
458.096 -182.038
396.379 -198.305
257.014 -171.655
248.928 -242.016
195.45 -261.618
-207.916 36.004
-238.271 71.879
-70.918 551.623
-31.296 585.54
445.866 574.271
489.709 548.89
635.617 96.213
632.189 50.533
322.745 -232.255
236.359 -290.467
101.205 -239.812
-179.026 -39.014
-246.686 33.924
-248.807 179.791
-136.539 518.008
-72.451 592.203
50.786 630.168
391.618 621.297
483.013 589.104
554.579 487.446
654.915 167.054
664.195 71.065
589.358 -33.614
