172.381 256.29
232.045 265.774
260.247 210.719
218.566 168.034
163.18 195.426
113.09 242.052
199.519 312.508
296.783 256.21
274.831 147.383
161.708 135.959
69.841 111.226
55.5 210.043
19.208 268.107
60.683 318.823
153.582 357.388
201.862 407.443
259.253 381.625
325.407 312.367
386.869 280.102
379.38 219.393
340.627 135.357
331.09 69.242
272.997 56.683
176.354 75.895
103.54 63.801
31.244 54.471
-13.213 220.879
-3.115 338.58
147.622 427.52
261.01 445.184
389.821 337.844
443.983 234.141
388.497 83.652
310.907 -0.308
138.882 7.242
60.625 -69.543
-21.922 -8.53
-56.885 79.516
-92.162 139.709
-98.693 193.684
-106.779 271.575
-77.388 365.969
3.777 428.804
50.676 482.979
100.9 497.281
167.429 522.23
260.343 521.342
347.561 463.771
412.919 442.223
441.768 400.007
484.811 346.734
515.036 261.198
492.529 159.818
496.036 94.037
462.731 52.655
432.548 -6.798
357.259 -64.741
255.817 -74.155
193.296 -96.819
138.482 -76.4
160.778 -142.405
12.043 -161.095
-74.529 -123.128
-107.872 -68.884
-108.5 65.958
-139.95 150.355
-205.416 302.345
-201.203 393.179
-147.881 443.954
-21.012 485.856
57.729 529.819
171.966 621.614
256.697 646.301
318.684 608.401
392.394 503.742
462.882 449.339
579.828 372.858
628.815 299.162
615.852 232.926
544.058 132.521
521.376 46.791
488.809 -89.615
435.933 -155.185
376.055 -168.187
252.926 -131.672
233.92 -205.49
193.131 -214.638
-181.134 62.246
-198.056 100.575
-38.273 540.883
0.757 568.379
444.647 538.558
481.888 513.221
598.127 91.298
589.174 50.341
305.682 -200.285
219.815 -238.115
106.728 -201.276
-160.49 -7.237
-215.925 69.787
-213.725 195.837
-101.339 508.93
-36.633 579.542
77.702 603.945
391.783 585.704
479.98 550.582
536.279 453.588
620.585 158.444
621.75 64.672
551.427 -22.002
