182.09 233.409
225.772 233.467
239.217 191.828
203.855 166.326
168.715 191.91
145.441 222.427
203.991 265.24
262.891 222.378
239.985 153.419
167.924 153.939
124.647 152.65
110.178 197.919
97.164 237.981
131.232 262.935
169.895 290.721
203.934 315.536
238.025 291.039
276.6 262.632
310.541 237.975
297.719 197.959
282.661 152.66
269.647 112.629
227.582 112.459
180.28 112.75
137.934 112.691
103.622 123.319
75.856 209.057
96.815 274.026
169.831 326.77
237.847 326.831
310.615 273.683
331.733 209.179
303.78 123.574
248.833 83.447
158.981 83.385
124.482 57.804
90.191 82.648
75.709 122.742
51.325 153.765
53.0 192.963
40.943 233.947
53.949 274.303
87.933 300.671
110.041 332.924
147.005 343.662
182.663 367.872
225.035 367.869
260.708 343.571
298.178 332.459
319.731 301.026
353.862 274.402
366.978 234.013
354.918 192.471
355.952 153.406
332.778 123.266
317.784 82.556
283.42 57.632
240.205 56.125
203.441 43.09
167.181 56.527
168.144 17.312
106.732 10.072
64.079 10.955
49.489 51.962
37.213 112.12
15.552 179.623
-9.875 235.858
-22.829 278.144
12.737 304.423
66.101 333.22
123.476 374.412
168.508 416.468
204.969 442.393
241.196 416.267
284.791 374.35
341.565 332.478
395.414 302.919
431.51 276.264
417.774 233.588
391.658 179.093
369.377 112.205
357.787 51.485
343.718 9.582
299.002 9.25
238.797 16.962
224.364 -26.564
182.603 -26.751
-8.724 112.708
-21.778 152.378
52.24 377.153
86.012 401.736
322.228 401.152
356.047 376.605
428.655 151.966
415.901 112.148
264.378 -15.807
203.614 -55.398
141.591 -15.295
13.819 78.026
-42.551 123.558
-23.237 194.727
25.666 344.769
52.204 412.706
126.073 416.455
283.212 416.474
356.05 412.163
382.552 342.927
430.858 193.439
449.743 123.218
392.035 76.281
