169.372 260.518
231.959 271.794
262.915 212.576
220.192 166.405
160.241 194.35
104.764 246.927
197.569 320.879
302.909 260.847
279.613 144.993
158.244 130.023
54.655 106.262
50.817 210.429
11.403 280.289
49.733 333.115
149.304 362.987
204.69 417.852
263.949 393.993
329.398 318.346
395.991 282.694
390.558 220.645
347.191 133.814
337.482 62.22
277.082 46.378
176.822 68.952
93.409 57.141
18.365 45.601
-27.645 229.501
-14.959 347.887
147.039 440.555
263.764 458.731
399.656 343.563
456.602 236.929
397.69 77.427
318.334 -11.407
129.215 -6.091
49.455 -82.437
-32.805 -19.954
-70.281 66.87
-103.992 140.581
-116.383 197.168
-122.185 279.214
-91.095 376.848
-9.506 439.492
43.812 494.886
96.471 510.912
166.205 538.019
264.119 537.321
351.786 478.151
420.683 453.039
451.772 409.306
497.892 353.57
530.664 263.505
505.923 160.333
508.853 90.175
476.114 45.821
442.632 -18.163
363.482 -79.696
258.471 -85.329
187.423 -108.943
129.663 -95.378
160.085 -158.297
8.729 -178.196
-81.82 -138.262
-115.538 -84.229
-128.452 58.148
-153.217 144.938
-223.472 301.21
-221.285 395.784
-165.337 450.649
-34.906 500.09
48.709 541.93
165.585 639.186
253.34 665.329
319.047 626.632
398.837 519.454
470.426 462.421
593.372 384.549
643.637 307.125
632.324 238.531
559.214 132.071
537.2 44.291
504.118 -99.065
446.313 -167.405
385.908 -182.322
255.249 -146.379
239.419 -222.342
197.62 -235.98
-192.922 51.024
-213.916 88.545
-52.775 547.863
-11.554 577.941
447.289 554.433
486.862 528.672
614.861 92.531
607.661 50.595
313.64 -215.176
227.702 -257.195
107.211 -220.612
-169.305 -21.863
-228.868 55.532
-230.248 189.849
-117.62 516.974
-51.304 588.057
67.349 617.997
394.303 602.739
483.527 567.226
545.514 468.562
636.903 161.531
639.818 66.659
569.538 -26.223
