170.234 259.51
232.117 270.266
262.357 212.11
219.901 166.798
161.038 194.663
106.847 245.811
198.253 318.85
301.479 259.697
278.511 145.658
159.044 131.418
58.321 106.92
51.98 210.437
12.997 277.102
52.269 329.587
150.609 361.809
203.858 415.506
262.761 391.024
328.508 316.864
393.82 282.206
387.834 220.456
345.634 134.243
336.045 64.08
276.281 49.088
176.74 70.759
95.77 58.729
22.036 47.265
-24.242 227.006
-12.44 345.985
147.077 437.435
263.222 455.619
397.258 342.277
453.636 236.249
395.532 79.11
316.63 -8.586
131.57 -3.149
51.926 -79.238
-30.577 -17.135
-66.774 70.615
-101.447 140.125
-112.365 195.973
-118.659 277.37
-88.207 374.509
-6.687 437.274
45.812 492.527
97.606 508.072
166.713 534.499
263.503 533.705
351.047 474.604
418.994 450.477
449.496 407.128
494.855 351.96
527.052 262.931
502.721 160.088
505.856 91.136
472.946 47.556
440.357 -15.354
362.055 -76.146
257.595 -82.468
188.866 -106.134
131.898 -91.171
160.499 -154.495
9.618 -174.178
-80.323 -134.626
-114.171 -80.304
-122.657 60.184
-150.252 146.181
-219.39 301.888
-216.623 395.676
-161.31 449.59
-31.767 497.736
51.192 539.185
167.357 635.241
254.498 660.969
319.307 622.492
397.444 515.583
468.778 459.264
590.289 381.689
640.238 305.092
628.522 237.066
555.544 132.132
533.427 44.916
500.572 -96.773
443.83 -164.524
383.566 -179.023
254.669 -142.498
237.855 -218.298
196.601 -230.551
-190.293 54.082
-209.986 91.732
-49.353 546.485
-8.342 575.842
446.985 550.584
485.92 524.89
610.835 92.071
603.126 50.462
311.655 -211.646
225.547 -252.396
107.431 -216.1
-167.564 -18.102
-225.827 59.466
-226.371 191.527
-113.6 515.556
-47.594 586.362
70.039 614.856
394.075 598.744
483.008 563.138
543.474 464.894
633.09 160.624
635.392 66.0
565.234 -25.146
