179.979 238.447
232.042 239.549
247.994 191.664
207.622 162.266
166.614 190.566
134.601 226.985
207.703 283.284
280.999 227.203
251.174 143.146
164.067 144.76
108.669 134.012
90.449 201.369
71.838 248.031
105.365 278.032
170.709 315.356
208.003 345.636
245.693 322.757
300.393 272.109
339.101 246.933
328.51 203.345
300.989 137.956
288.7 92.606
243.278 89.631
173.959 95.106
126.863 92.235
86.297 98.726
44.074 212.706
66.965 287.556
168.324 359.65
243.457 361.251
339.245 286.767
366.007 217.255
328.198 104.418
269.095 56.378
151.251 59.261
112.428 17.014
63.61 49.94
36.435 98.758
0.272 141.074
10.432 192.486
-1.732 237.136
12.477 292.934
56.018 342.199
83.95 385.091
134.657 391.961
180.713 413.781
233.294 415.172
292.862 387.751
339.698 375.068
362.095 330.947
396.707 291.993
413.878 243.873
406.96 178.536
409.92 131.547
374.684 96.801
351.154 52.516
310.268 19.905
248.653 5.564
203.96 -11.525
159.11 15.931
160.71 -43.463
49.177 -52.311
7.742 -43.163
-13.387 1.844
-17.543 91.553
-44.593 171.593
-84.842 279.254
-91.58 323.061
-50.261 355.635
34.067 387.26
100.525 435.049
187.806 500.426
225.308 523.062
271.395 491.016
326.038 422.079
391.196 374.706
478.969 313.74
513.084 284.923
497.394 231.852
449.513 159.14
426.053 81.714
397.175 -21.503
380.066 -61.029
327.62 -64.483
243.16 -42.505
222.061 -99.597
180.399 -102.485
-80.481 95.628
-95.589 134.562
19.881 445.906
52.769 471.649
376.393 453.935
410.999 430.56
496.244 121.394
485.502 81.037
279.932 -93.078
203.217 -129.711
111.003 -86.635
-58.828 45.394
-114.828 104.698
-101.516 205.872
-25.476 407.381
18.61 481.409
114.968 494.597
325.856 484.586
409.783 466.064
451.068 379.442
508.87 179.117
518.645 93.823
449.651 25.305
