169.275 260.63
231.933 271.968
262.97 212.629
220.219 166.364
160.152 194.314
104.536 247.048
197.48 321.097
303.062 260.976
279.73 144.917
158.164 129.875
54.269 106.217
50.686 210.43
11.245 280.641
49.461 333.49
149.144 363.108
204.777 418.098
264.074 394.312
329.489 318.511
396.225 282.741
390.855 220.661
347.359 133.765
337.637 62.013
277.163 46.077
176.833 68.75
93.163 56.969
17.938 45.444
-28.007 229.79
-15.209 348.056
147.033 440.886
263.812 459.063
399.917 343.699
456.92 237.004
397.923 77.239
318.516 -11.721
128.964 -6.403
49.196 -82.787
-33.037 -20.258
-70.679 66.449
-104.25 140.643
-116.807 197.315
-122.559 279.419
-91.377 377.092
-9.752 439.707
43.571 495.108
96.335 511.193
166.132 538.381
264.164 537.704
351.847 478.544
420.856 453.316
452.011 409.54
498.215 353.745
531.049 263.57
506.27 160.366
509.174 90.067
476.456 45.627
442.87 -18.472
363.636 -80.081
258.574 -85.651
187.266 -109.245
129.421 -95.817
160.029 -158.706
8.621 -178.624
-81.98 -138.654
-115.675 -84.659
-129.122 57.923
-153.527 144.808
-223.903 301.112
-221.775 395.767
-165.769 450.731
-35.211 500.242
48.414 542.209
165.372 639.594
253.195 665.78
318.996 627.07
398.979 519.882
470.595 462.766
593.698 384.863
643.998 307.351
632.728 238.695
559.615 132.065
537.607 44.221
504.493 -99.319
446.578 -167.721
386.152 -182.68
255.306 -146.819
239.59 -222.782
197.719 -236.58
-193.201 50.677
-214.351 88.19
-53.138 547.999
-11.924 578.158
447.303 554.854
486.949 529.087
615.299 92.588
608.157 50.612
313.848 -215.56
227.936 -257.723
107.167 -221.09
-169.485 -22.278
-229.199 55.086
-230.663 189.657
-118.048 517.088
-51.717 588.224
67.042 618.318
394.305 603.165
483.564 567.676
545.726 468.967
637.312 161.636
640.303 66.739
570.001 -26.345
