168.889 261.063
231.813 272.663
263.18 212.84
220.319 166.203
159.803 194.159
103.64 247.513
197.103 321.942
303.66 261.491
280.192 144.611
157.865 129.293
52.773 106.085
50.139 210.431
10.618 282.003
48.408 334.939
148.487 363.59
205.09 419.062
264.548 395.551
329.836 319.172
397.143 282.913
392.03 220.713
348.029 133.565
338.246 61.183
277.472 44.871
176.883 67.936
92.215 56.282
16.194 44.863
-29.421 230.93
-16.178 348.712
146.992 442.172
263.995 460.366
400.95 344.232
458.172 237.301
398.841 76.486
319.229 -12.981
127.984 -7.629
48.181 -84.173
-33.942 -21.451
-72.283 64.761
-105.237 140.877
-118.457 197.9
-124.018 280.209
-92.467 378.009
-10.751 440.52
42.598 495.952
95.771 512.279
165.83 539.785
264.313 539.204
352.068 480.106
421.526 454.408
452.949 410.463
499.483 354.431
532.56 263.83
507.643 160.505
510.43 89.63
477.81 44.846
443.799 -19.701
364.244 -81.607
258.994 -86.945
186.644 -110.432
128.464 -97.533
159.783 -160.315
8.166 -180.297
-82.615 -140.199
-116.196 -86.362
-131.833 57.018
-154.746 144.279
-225.579 300.685
-223.679 395.65
-167.455 450.998
-36.438 500.809
47.221 543.274
164.5 641.173
252.594 667.531
318.767 628.783
399.531 521.581
471.256 464.131
594.97 386.104
645.409 308.251
634.315 239.35
561.206 132.039
539.208 43.936
505.954 -100.333
447.612 -168.979
387.093 -184.101
255.517 -148.598
240.261 -224.52
198.081 -238.971
-194.297 49.277
-216.097 86.761
-54.596 548.496
-13.414 578.975
447.331 556.52
487.277 530.738
617.03 92.826
610.131 50.677
314.649 -217.077
228.852 -259.836
106.956 -222.956
-170.179 -23.928
-230.51 53.275
-232.292 188.873
-119.732 517.482
-53.375 588.84
65.794 619.552
394.282 604.838
483.684 569.462
546.548 470.571
638.916 162.061
642.229 67.064
571.816 -26.845
