177.528 243.8
229.278 249.356
250.493 201.837
212.043 167.731
167.244 193.534
130.633 229.611
201.388 288.892
280.656 240.423
258.942 151.025
167.025 145.284
96.739 125.513
73.342 203.462
47.836 250.087
89.52 291.449
160.575 334.836
201.88 373.352
251.114 346.198
312.079 292.573
361.08 264.117
350.046 209.708
319.997 136.255
308.649 82.254
254.294 76.123
172.826 84.572
122.654 76.882
62.388 77.569
21.087 211.098
34.545 311.061
154.596 391.328
253.086 401.24
363.836 314.504
404.502 223.833
357.618 94.772
286.343 26.859
151.375 42.212
93.675 -30.581
23.809 20.176
-11.204 88.284
-48.003 138.414
-44.169 188.71
-57.351 245.893
-30.915 325.849
31.862 387.81
65.056 436.024
114.07 445.919
168.738 468.409
246.418 465.954
325.074 425.237
379.402 410.696
403.759 368.304
440.838 323.514
463.266 251.437
451.329 164.243
455.35 109.621
419.722 73.062
393.993 23.651
331.872 -22.165
251.664 -38.998
201.796 -57.62
152.436 -27.538
160.06 -95.229
28.222 -108.77
-34.681 -83.554
-63.509 -33.812
-65.469 78.162
-94.577 161.265
-146.33 290.561
-143.562 363.612
-97.646 402.43
9.113 436.986
78.268 485.305
179.475 561.007
247.548 585.462
299.651 550.089
363.057 461.77
430.973 412.726
531.275 342.386
576.322 286.478
559.987 227.125
497.892 140.874
474.565 58.764
437.65 -63.564
410.751 -111.454
353.143 -118.631
247.482 -90.185
226.325 -154.578
184.862 -159.557
-135.18 80.946
-149.392 120.216
-5.665 499.522
27.995 524.602
417.722 495.234
452.21 471.537
548.178 99.077
537.736 58.638
291.29 -149.996
209.019 -185.602
105.157 -145.08
-115.727 23.17
-169.309 90.801
-160.198 202.681
-60.552 462.176
-6.047 535.167
97.548 552.031
364.752 534.606
451.254 507.09
498.297 415.106
567.36 162.036
570.78 71.671
498.802 -6.685
