168.696 261.272
231.744 273.01
263.279 212.946
220.365 166.123
159.632 194.078
103.202 247.731
196.901 322.35
303.951 261.747
280.419 144.455
157.727 129.006
52.055 106.042
49.849 210.43
10.304 282.653
47.901 335.63
148.146 363.83
205.226 419.532
264.772 396.149
330.002 319.503
397.593 282.992
392.609 220.732
348.361 133.463
338.545 60.766
277.617 44.268
176.911 67.524
91.762 55.937
15.305 44.595
-30.11 231.486
-16.645 349.028
146.961 442.793
264.08 461.004
401.46 344.491
458.786 237.447
399.293 76.107
319.577 -13.612
127.511 -8.23
47.686 -84.855
-34.382 -22.034
-73.093 63.918
-105.704 140.987
-119.257 198.189
-124.729 280.584
-92.992 378.432
-11.259 440.901
42.108 496.351
95.48 512.802
165.673 540.462
264.371 539.934
352.164 480.882
421.849 454.944
453.407 410.916
500.104 354.767
533.298 263.958
508.321 160.578
511.044 89.408
478.477 44.453
444.248 -20.312
364.543 -82.36
259.21 -87.596
186.334 -111.014
127.992 -98.367
159.648 -161.105
7.927 -181.111
-82.929 -140.957
-116.442 -87.203
-133.207 56.564
-155.344 144.011
-226.389 300.453
-224.601 395.566
-168.274 451.099
-37.055 501.071
46.619 543.778
164.054 641.933
252.282 668.376
318.637 629.617
399.797 522.424
471.576 464.805
595.59 386.716
646.098 308.698
635.09 239.676
561.995 132.026
539.993 43.79
506.663 -100.839
448.116 -169.604
387.546 -184.802
255.612 -149.498
240.592 -225.376
198.239 -240.159
-194.834 48.57
-216.974 86.041
-55.325 548.72
-14.165 579.358
447.332 557.342
487.429 531.555
617.884 92.95
611.11 50.708
315.033 -217.823
229.297 -260.895
106.831 -223.862
-170.511 -24.748
-231.159 52.355
-233.091 188.473
-120.558 517.646
-54.205 589.118
65.161 620.141
394.253 605.656
483.728 570.347
546.948 471.364
639.702 162.275
643.185 67.23
572.703 -27.101
