170.14 259.621
232.106 270.432
262.424 212.162
219.938 166.754
160.95 194.629
106.615 245.934
198.185 319.078
301.639 259.826
278.638 145.585
158.95 131.258
57.898 106.826
51.841 210.437
12.791 277.446
51.983 329.99
150.475 361.954
203.94 415.782
262.891 391.359
328.61 317.031
394.066 282.267
388.14 220.48
345.811 134.196
336.21 63.874
276.377 48.788
176.749 70.558
95.495 58.548
21.642 47.059
-24.637 227.265
-12.754 346.252
147.064 437.789
263.291 455.98
397.527 342.427
453.975 236.324
395.778 78.924
316.826 -8.9
131.3 -3.49
51.639 -79.597
-30.838 -17.454
-67.158 70.202
-101.748 140.157
-112.828 196.082
-119.07 277.561
-88.573 374.768
-7.112 437.55
45.616 492.834
97.484 508.429
166.674 534.917
263.593 534.127
351.148 475.0
419.194 450.769
449.761 407.377
495.205 352.142
527.466 262.992
503.084 160.109
506.199 91.03
473.306 47.363
440.62 -15.669
362.218 -76.549
257.687 -82.784
188.702 -106.455
131.644 -91.662
160.461 -154.928
9.527 -174.639
-80.494 -135.04
-114.334 -80.745
-123.275 59.953
-150.594 146.028
-219.864 301.822
-217.158 395.705
-161.778 449.728
-32.189 498.151
50.939 539.503
167.167 635.703
254.384 661.476
319.294 622.978
397.61 516.016
468.973 459.621
590.645 382.011
640.63 305.318
628.959 237.228
555.957 132.124
533.857 44.847
500.981 -97.03
444.114 -164.85
383.837 -179.398
254.737 -142.923
238.028 -218.756
196.723 -231.156
-190.597 53.744
-210.424 91.372
-49.765 546.637
-8.688 576.075
447.035 551.018
486.038 525.315
611.291 92.117
603.636 50.475
311.883 -212.046
225.787 -252.932
107.422 -216.619
-167.767 -18.525
-226.17 59.032
-226.81 191.341
-114.041 515.729
-48.013 586.556
69.745 615.221
394.119 599.201
483.082 563.597
543.714 465.306
633.526 160.722
635.89 66.068
565.725 -25.265
