180.482 237.979
231.088 238.484
246.261 191.183
206.055 162.523
166.377 190.627
135.373 227.171
207.345 280.655
278.476 226.017
248.77 143.519
163.821 146.147
112.575 138.268
95.581 201.916
79.232 245.855
111.926 273.287
171.696 309.146
207.241 336.953
242.919 313.984
294.7 268.562
331.236 243.748
320.151 202.424
295.109 140.752
282.498 97.417
239.27 95.479
174.692 99.553
128.802 97.804
91.819 105.925
54.314 213.143
76.647 282.246
170.368 349.355
241.034 350.143
331.189 281.51
354.588 215.354
320.009 108.892
262.884 65.492
152.061 65.476
115.454 31.286
73.143 59.767
49.582 104.817
15.51 144.337
24.573 194.285
13.405 238.231
26.028 285.551
64.667 327.247
91.57 368.804
139.226 376.817
182.861 399.099
229.873 399.963
280.771 374.95
326.641 362.347
349.015 321.414
383.607 285.46
398.764 241.415
391.118 184.473
393.64 138.281
361.422 104.445
339.562 61.1
301.998 32.221
246.864 21.399
203.592 5.029
160.363 29.321
161.977 -25.057
66.173 -35.82
23.964 -28.894
4.841 14.632
-1.759 97.247
-27.457 174.62
-64.339 265.547
-72.84 308.96
-33.499 339.989
42.458 370.761
107.308 416.624
181.152 477.427
218.329 500.613
261.714 470.412
313.085 409.024
375.749 362.08
455.723 312.236
490.355 283.686
475.255 233.402
433.053 165.599
408.898 90.977
387.273 -1.043
370.942 -41.075
320.365 -43.899
241.825 -25.169
222.075 -79.568
180.379 -81.903
-60.69 100.416
-75.636 139.411
27.972 426.238
61.002 451.793
360.459 440.043
394.9 416.418
477.86 130.366
466.672 90.13
277.04 -71.847
202.834 -109.429
116.343 -66.015
-37.892 52.618
-94.999 109.628
-79.766 203.24
-13.21 388.253
26.901 461.746
119.121 472.705
311.835 467.003
393.937 451.932
432.356 367.902
487.822 185.113
499.956 102.55
432.237 37.989
