176.965 244.988
229.526 250.979
251.432 203.145
212.663 168.163
166.937 194.026
129.254 230.589
201.107 291.224
281.755 242.292
260.605 151.008
166.674 144.804
94.937 124.282
71.426 204.062
44.882 251.106
86.892 293.562
159.805 337.38
201.502 376.988
251.677 349.842
313.539 294.968
363.585 266.466
352.641 210.999
322.18 136.479
310.785 80.866
256.191 74.201
172.821 83.757
121.695 75.355
59.196 75.155
18.034 211.46
30.695 313.723
153.518 395.116
253.746 405.967
366.25 317.451
408.865 224.942
361.407 93.335
288.821 24.212
151.161 39.912
89.859 -34.794
18.189 16.947
-17.072 88.018
-53.242 138.74
-50.112 189.073
-63.027 248.354
-36.012 329.915
29.322 392.62
63.549 441.568
112.46 451.9
168.291 474.541
247.678 472.096
328.133 429.178
383.793 414.119
408.517 372.178
446.003 326.403
469.02 252.599
456.026 163.3
460.062 107.41
424.758 70.544
398.998 20.371
334.64 -26.559
251.992 -43.136
200.932 -62.124
151.024 -32.316
159.825 -100.5
26.653 -114.872
-39.366 -87.724
-68.86 -37.523
-70.679 77.216
-99.595 160.274
-152.94 292.092
-149.455 367.704
-102.809 407.718
6.415 442.473
76.165 490.616
178.981 567.929
249.774 592.172
302.805 556.516
366.997 466.073
435.112 416.63
537.02 345.643
582.644 286.941
566.546 226.931
503.19 139.329
479.794 56.908
444.321 -65.383
412.994 -116.796
355.386 -124.502
247.8 -95.069
226.716 -160.336
185.279 -165.532
-140.715 79.211
-154.949 118.473
-8.519 505.111
25.409 530.187
421.921 499.69
456.442 475.866
553.771 97.422
543.308 56.985
292.364 -155.967
209.574 -191.45
105.142 -151.296
-121.209 20.179
-174.85 89.049
-166.272 202.125
-64.478 468.162
-8.722 540.88
95.833 558.176
368.865 540.087
455.537 511.476
503.156 418.944
573.502 160.729
576.358 70.003
504.647 -8.565
