167.912 262.046
231.423 274.371
263.649 213.358
220.539 165.805
158.967 193.729
101.528 248.481
196.016 323.886
305.059 262.764
281.309 143.812
157.219 127.862
49.381 105.946
48.585 210.371
9.017 284.991
46.003 338.131
146.716 364.794
205.644 421.337
265.582 398.403
330.626 320.823
399.335 283.276
394.869 220.775
349.665 133.049
339.683 59.086
278.127 41.846
177.03 65.824
90.094 54.495
11.691 43.601
-32.765 233.567
-18.44 350.198
146.773 445.152
264.387 463.469
403.452 345.487
461.172 238.012
401.052 74.557
320.904 -16.136
125.744 -10.578
45.787 -87.504
-36.081 -24.283
-76.372 60.592
-107.422 141.351
-122.324 199.282
-127.456 281.939
-95.004 379.889
-13.36 442.262
40.144 497.815
94.263 514.789
165.006 543.013
264.5 542.731
352.458 483.949
423.066 457.023
455.172 412.667
502.502 356.062
536.145 264.467
510.98 160.892
513.405 88.499
481.072 42.863
445.961 -22.724
365.718 -85.286
260.118 -90.232
185.117 -113.275
126.148 -101.592
159.039 -164.177
6.892 -184.209
-84.18 -143.899
-117.371 -90.468
-138.847 54.762
-157.688 142.909
-229.461 299.421
-228.097 395.086
-171.4 451.315
-39.533 502.016
44.188 545.636
162.219 644.783
250.968 671.568
318.032 632.803
400.801 525.748
472.796 467.438
597.967 389.104
648.747 310.464
638.073 240.97
565.108 131.961
543.038 43.187
509.376 -102.835
450.07 -172.047
389.285 -187.525
255.95 -153.157
241.928 -228.696
198.701 -244.827
-196.94 45.728
-220.539 83.137
-58.223 549.486
-17.195 580.743
447.256 560.562
487.971 534.776
621.231 93.474
614.976 50.826
316.508 -220.712
231.012 -265.222
106.229 -227.328
-171.783 -27.976
-233.738 48.608
-236.183 186.839
-123.756 518.115
-57.524 590.058
62.595 622.331
394.037 608.813
483.819 573.835
548.474 474.473
642.742 163.146
646.962 67.924
576.13 -28.145
