164.57 263.306
230.262 277.742
264.934 214.407
221.246 164.527
157.0 192.454
96.863 248.355
192.813 328.31
308.046 265.73
284.218 141.435
155.508 123.785
42.862 104.356
43.413 208.21
4.079 288.63
41.097 342.602
141.87 368.212
206.238 426.631
267.701 404.607
332.497 325.007
404.44 284.187
401.492 220.678
353.737 131.771
342.513 53.457
278.89 33.969
177.302 59.82
85.969 48.979
2.054 39.255
-40.696 237.273
-24.226 352.875
145.952 451.907
265.2 470.671
409.308 348.385
468.337 239.607
406.211 68.969
324.289 -24.267
121.243 -17.77
40.118 -95.01
-41.597 -31.039
-86.546 52.064
-112.882 141.081
-131.905 201.463
-135.426 284.38
-101.438 382.255
-21.127 445.017
33.932 501.337
90.182 520.193
162.595 549.92
264.028 550.627
352.664 493.58
426.349 463.107
460.333 417.825
509.464 359.757
544.402 266.114
519.302 162.168
520.124 85.357
488.598 37.585
450.959 -30.07
369.48 -93.665
263.812 -99.366
181.374 -119.782
120.467 -111.275
156.299 -173.259
2.304 -192.562
-89.331 -152.516
-121.632 -98.793
-157.374 50.361
-165.303 138.799
-238.033 295.656
-237.928 392.756
-180.248 450.768
-47.724 504.525
36.29 550.322
155.983 652.317
246.266 680.132
315.385 641.705
403.543 536.112
476.285 475.38
604.744 396.13
656.395 315.876
646.629 244.901
575.0 131.561
551.899 40.903
517.17 -108.792
455.953 -179.12
394.647 -195.278
256.959 -166.044
247.115 -238.35
197.457 -257.856
-204.469 38.168
-232.948 74.582
-67.302 551.133
-27.256 584.214
446.377 570.368
489.242 544.796
631.526 95.384
627.193 50.911
321.234 -229.02
235.951 -282.22
103.11 -236.754
-176.628 -36.445
-242.45 37.629
-245.312 181.648
-133.073 518.336
-68.144 591.65
54.139 628.071
392.494 617.9
483.382 584.682
552.865 483.841
651.611 165.938
658.979 70.287
585.981 -31.769
