176.885 245.161
229.569 251.212
251.573 203.325
212.75 168.217
166.89 194.092
129.047 230.736
201.075 291.569
281.93 242.554
260.846 150.988
166.617 144.73
94.668 124.109
71.155 204.151
44.461 251.269
86.508 293.876
159.702 337.742
201.454 377.506
251.758 350.367
313.744 295.301
363.942 266.789
353.019 211.184
322.488 136.507
311.088 80.67
256.467 73.926
172.83 83.651
121.539 75.151
58.739 74.827
17.59 211.524
30.147 314.103
153.375 395.651
253.836 406.637
366.595 317.86
409.474 225.105
361.932 93.133
289.18 23.843
151.118 39.557
89.313 -35.376
17.399 16.52
-17.88 87.987
-53.971 138.797
-50.946 189.134
-63.816 248.717
-36.731 330.496
28.959 393.289
63.341 442.34
112.241 452.734
168.241 475.397
247.856 472.966
328.549 429.734
384.399 414.595
409.176 372.71
446.722 326.795
469.83 252.766
456.677 163.174
460.713 107.104
425.455 70.193
399.69 19.909
335.037 -27.178
252.038 -43.709
200.804 -62.749
150.821 -32.993
159.791 -101.234
26.426 -115.718
-40.02 -88.308
-69.602 -38.045
-71.406 77.089
-100.286 160.137
-153.863 292.309
-150.288 368.266
-103.538 408.451
6.029 443.24
75.871 491.353
178.918 568.898
250.067 593.115
303.233 557.417
367.538 466.68
435.683 417.176
537.826 346.089
583.523 287.02
567.459 226.912
503.924 139.119
480.52 56.653
445.226 -65.684
413.303 -117.539
355.686 -125.325
247.843 -95.749
226.77 -161.139
185.336 -166.364
-141.482 78.961
-155.721 118.222
-8.93 505.879
25.042 530.959
422.492 500.318
457.021 476.474
554.55 97.197
544.087 56.759
292.508 -156.799
209.649 -192.265
105.142 -152.163
-121.965 19.753
-175.618 88.794
-167.117 202.045
-65.036 468.991
-9.106 541.67
95.59 559.032
369.427 540.857
456.122 512.095
503.829 419.485
574.358 160.556
577.137 69.777
505.456 -8.837
