173.889 252.765
231.467 261.126
257.644 209.044
216.642 168.851
164.666 195.679
118.851 238.076
200.167 305.991
291.644 252.375
270.605 148.693
163.761 139.966
79.868 116.333
60.013 208.503
26.966 261.056
69.374 309.423
155.772 351.835
200.793 398.326
256.157 371.812
321.801 307.523
379.438 277.031
370.609 217.569
334.986 136.191
324.877 73.413
268.306 62.986
175.209 79.684
110.828 68.179
39.837 62.13
-2.36 216.691
7.409 330.535
148.833 417.233
258.374 433.51
382.102 332.486
433.387 231.728
380.614 87.019
304.36 7.92
145.124 19.012
68.904 -58.519
-11.246 0.638
-46.16 84.975
-80.916 139.669
-83.543 192.08
-93.686 264.46
-65.073 354.96
12.808 418.464
55.025 471.313
104.294 484.368
167.647 508.245
256.195 507.121
342.655 452.7
405.401 433.454
432.749 392.084
473.61 340.915
501.521 259.091
481.544 160.122
485.284 97.277
451.483 57.747
423.375 1.726
351.093 -52.625
254.44 -65.201
195.951 -86.519
142.935 -61.742
159.968 -129.605
16.115 -147.303
-65.19 -111.642
-97.457 -58.622
-96.259 70.579
-127.795 153.998
-189.64 300.286
-184.641 387.355
-133.501 434.752
-11.331 472.914
63.837 518.745
175.337 605.965
256.888 630.043
315.991 592.771
386.001 491.677
455.621 439.026
567.785 363.951
615.806 293.864
601.624 229.524
531.815 133.488
508.603 48.938
475.893 -81.986
427.947 -144.59
368.654 -155.888
250.835 -121.12
230.784 -191.861
189.638 -199.028
-169.781 68.429
-185.267 107.243
-27.763 532.2
9.218 558.404
440.106 526.135
476.01 501.287
584.648 91.576
574.848 50.942
300.235 -187.658
215.142 -223.756
105.886 -185.87
-149.912 2.086
-204.223 77.185
-199.638 198.513
-89.001 498.588
-26.648 569.674
84.393 590.994
387.129 571.637
474.756 537.877
527.528 442.195
606.777 157.368
607.674 64.519
536.873 -18.627
