174.789 250.285
230.915 257.905
255.714 207.548
215.286 168.974
165.426 195.445
122.41 235.501
200.467 301.464
288.189 249.451
267.542 149.509
164.775 141.945
85.511 119.126
63.572 207.042
32.617 257.304
75.098 303.88
157.062 347.571
200.667 391.788
254.449 365.032
319.256 303.895
374.329 274.342
364.664 215.867
330.965 136.558
320.242 75.738
264.554 66.594
174.172 81.207
115.128 70.379
45.872 66.387
4.419 214.554
14.754 325.055
150.039 410.298
256.657 425.094
376.883 328.263
425.869 229.78
374.964 88.761
299.541 13.325
148.187 26.721
74.903 -50.997
-2.88 6.005
-37.986 86.677
-72.814 139.854
-73.257 191.176
-84.472 259.375
-56.211 347.032
18.357 410.791
57.76 462.553
106.708 474.735
167.68 498.115
253.278 496.619
338.664 445.223
399.437 427.429
425.868 386.273
465.456 336.675
491.703 257.3
473.798 160.677
477.674 99.89
443.446 61.38
416.494 7.485
346.176 -44.333
253.564 -58.641
197.427 -79.173
145.445 -52.193
159.558 -120.71
19.55 -137.641
-57.455 -104.13
-88.988 -52.096
-89.166 73.2
-119.026 156.273
-178.457 298.085
-173.458 382.088
-123.743 427.146
-5.337 463.706
67.788 510.487
176.917 594.579
255.791 618.495
312.944 581.683
380.835 483.549
449.916 432.008
558.821 358.083
606.174 290.91
591.26 227.911
523.17 134.674
499.756 50.81
466.719 -76.584
422.827 -136.617
364.094 -146.741
249.564 -113.467
229.026 -182.334
187.739 -188.622
-161.267 72.07
-176.158 111.091
-21.202 524.84
14.566 550.458
435.669 517.74
470.909 493.245
575.226 92.551
565.061 52.024
297.174 -178.374
212.709 -213.889
105.522 -175.283
-141.515 7.855
-195.562 81.337
-189.582 199.842
-80.964 490.053
-20.521 561.616
88.376 581.342
382.601 561.846
469.907 529.411
520.71 434.667
596.847 157.503
598.007 65.295
526.886 -15.954
