182.171 233.248
225.649 233.296
239.033 191.87
203.831 166.469
168.842 191.945
145.833 222.264
203.957 264.747
262.394 222.228
239.724 153.761
168.133 154.234
125.041 153.104
110.721 197.753
97.732 237.773
131.786 262.677
169.899 290.127
203.905 314.897
237.96 290.383
276.025 262.429
309.935 237.784
297.093 197.792
282.292 153.085
269.283 113.104
227.252 112.965
180.546 113.205
138.276 113.165
104.02 123.839
76.468 208.878
97.428 273.775
169.853 326.099
237.811 326.155
310.004 273.459
331.1 208.98
303.36 124.046
248.456 83.978
159.294 83.931
124.867 58.457
90.64 83.277
76.345 123.322
52.348 154.063
53.818 192.873
41.673 233.732
54.668 274.025
88.631 300.221
110.557 332.032
147.21 342.815
182.683 367.069
224.991 367.069
260.483 342.749
297.49 331.677
318.991 300.518
353.098 274.117
366.199 233.781
354.048 192.439
354.978 153.808
332.021 123.781
317.26 83.169
282.948 58.285
239.907 56.964
203.477 44.147
167.485 57.298
168.353 18.509
107.777 11.577
65.104 12.347
50.72 53.271
38.386 112.627
16.777 179.771
-8.166 235.293
-21.182 277.376
14.247 303.479
66.901 332.278
123.93 373.359
168.544 414.691
204.752 440.529
240.734 414.546
284.154 373.288
340.721 331.706
393.753 302.305
429.666 275.861
415.994 233.464
390.444 179.364
368.363 112.738
356.693 52.883
342.744 11.116
298.262 10.851
238.665 18.193
224.404 -24.914
182.641 -25.056
-7.115 113.147
-20.129 152.836
53.126 375.752
86.907 400.32
321.203 399.865
354.997 375.311
427.099 152.528
414.316 112.712
263.749 -14.112
203.622 -53.726
142.464 -13.688
15.31 79.04
-40.933 124.033
-21.457 194.366
27.176 343.723
53.106 411.301
126.147 414.626
282.697 414.725
355.005 410.848
380.858 342.281
429.04 193.378
448.169 123.761
390.875 77.674
