177.448 243.967
229.306 249.587
250.62 202.028
212.131 167.799
167.203 193.606
130.444 229.745
201.341 289.212
280.799 240.692
259.174 151.037
166.98 145.221
96.491 125.335
73.066 203.545
47.413 250.219
89.152 291.741
160.459 335.2
201.82 373.871
251.194 346.713
312.29 292.921
361.438 264.46
350.411 209.891
320.311 136.288
308.957 82.057
254.56 75.851
172.819 84.448
122.532 76.654
61.935 77.212
20.658 211.139
33.994 311.442
154.433 391.873
253.185 401.919
364.183 314.934
405.136 223.987
358.165 94.569
286.692 26.473
151.353 41.901
93.134 -31.199
22.999 19.687
-12.065 88.241
-48.765 138.451
-45.029 188.756
-58.178 246.235
-31.649 326.429
31.499 388.511
64.835 436.831
113.83 446.79
168.663 469.301
246.601 466.836
325.528 425.805
380.045 411.195
404.454 368.873
441.591 323.943
464.097 251.601
452.014 164.1
456.039 109.299
420.454 72.697
394.718 23.178
332.266 -22.8
251.713 -39.604
201.679 -58.277
152.238 -28.226
160.029 -95.998
28.0 -109.662
-35.362 -84.159
-64.291 -34.347
-66.226 78.021
-95.313 161.12
-147.29 290.78
-144.41 364.214
-98.391 403.202
8.728 437.782
77.962 486.079
179.396 562.01
247.885 586.432
300.117 551.02
363.635 462.391
431.58 413.293
532.107 342.868
577.244 286.534
560.942 227.09
498.664 140.645
475.327 58.49
438.622 -63.807
411.093 -112.23
353.484 -119.479
247.532 -90.895
226.387 -155.416
184.927 -160.427
-135.989 80.7
-150.202 119.969
-6.071 500.342
27.624 525.419
418.343 495.877
452.833 472.163
548.991 98.831
538.544 58.392
291.454 -150.863
209.106 -186.453
105.155 -145.984
-116.531 22.743
-170.119 90.555
-161.083 202.602
-61.116 463.05
-6.428 536.002
97.3 552.925
365.358 535.399
451.886 507.723
499.007 415.66
568.254 161.839
571.59 71.421
499.654 -6.957
