174.422 251.302
231.152 259.223
256.512 208.194
215.831 168.961
165.126 195.576
120.983 236.538
200.353 303.328
289.586 250.674
268.804 149.174
164.376 141.197
83.314 118.032
62.103 207.65
30.303 258.76
72.777 306.075
156.547 349.351
200.668 394.481
255.107 367.813
320.299 305.409
376.411 275.501
367.079 216.608
332.61 136.432
322.139 74.817
266.115 65.161
174.592 80.656
113.458 69.509
43.39 64.702
1.705 215.374
11.752 327.268
149.515 413.12
257.333 428.566
379.0 330.043
428.959 230.61
377.292 88.069
301.533 11.149
147.087 23.658
72.389 -54.037
-6.401 3.89
-41.411 86.084
-76.155 139.756
-77.44 191.529
-88.262 261.443
-59.867 350.266
16.138 413.965
56.662 466.194
105.711 478.734
167.666 502.298
254.454 500.976
340.35 448.264
401.957 429.888
428.751 388.685
468.834 338.433
495.762 258.071
476.98 160.412
480.803 98.772
446.754 59.868
419.365 5.134
348.238 -47.708
253.912 -61.36
196.829 -82.201
144.441 -56.053
159.693 -124.357
18.126 -141.617
-60.692 -107.171
-92.532 -54.751
-92.03 72.17
-122.644 155.362
-183.051 299.044
-177.999 384.343
-127.705 430.355
-7.731 467.5
66.193 513.917
176.336 599.286
256.361 623.244
314.307 586.239
383.026 486.854
452.32 434.867
562.554 360.454
610.182 292.039
595.554 228.487
526.727 134.128
503.376 49.989
470.5 -78.805
424.872 -139.951
365.897 -150.551
250.05 -116.645
229.691 -186.251
188.454 -192.858
-164.803 70.633
-179.919 109.568
-23.819 527.972
12.42 553.801
437.615 521.153
473.101 496.515
579.092 92.064
569.057 51.501
298.346 -182.23
213.618 -217.931
105.655 -179.618
-145.019 5.527
-199.151 79.702
-193.724 199.344
-84.201 493.657
-22.96 565.018
86.802 585.351
384.582 565.853
472.014 532.843
523.579 437.71
600.949 157.352
601.96 64.88
530.962 -17.097
