179.28 239.972
230.289 243.433
248.7 196.335
210.151 165.122
167.798 191.675
134.331 226.884
204.21 283.741
279.478 233.025
254.293 148.454
166.95 145.679
102.612 129.7
81.106 201.466
59.027 248.522
97.801 285.07
165.014 325.635
204.769 360.109
249.195 334.503
307.014 282.564
351.183 255.469
340.349 205.818
311.669 136.281
300.005 87.024
248.593 82.487
173.605 88.663
124.894 83.589
73.901 87.334
31.014 211.097
49.167 300.566
160.695 376.731
249.25 383.013
352.882 301.425
387.091 220.436
343.814 99.342
278.376 39.088
151.477 49.452
105.338 -11.407
43.577 34.396
11.947 91.066
-26.717 138.304
-20.26 188.505
-33.631 238.487
-11.254 310.622
41.978 367.961
72.057 413.239
122.628 421.071
173.153 442.968
240.747 442.639
311.515 409.106
361.308 395.843
384.349 351.138
419.886 309.08
440.646 247.749
432.162 169.869
435.848 119.441
399.698 83.883
374.637 37.14
322.381 -3.721
250.365 -20.659
203.583 -38.388
156.532 -8.719
160.199 -73.145
33.959 -83.225
-15.965 -66.448
-41.262 -19.131
-44.232 82.966
-73.113 165.254
-119.318 285.617
-120.663 346.233
-77.141 381.16
19.795 414.852
87.614 463.556
186.007 534.193
236.819 559.171
286.515 524.318
346.63 444.317
413.896 396.187
510.12 325.518
549.764 287.19
532.761 229.568
476.645 148.59
453.364 68.214
415.921 -50.778
397.499 -90.284
341.675 -95.643
245.506 -70.072
223.884 -131.003
182.302 -134.879
-111.66 87.136
-126.251 126.267
5.516 476.218
38.601 501.7
399.979 477.151
434.634 453.847
525.633 108.08
515.306 67.613
285.678 -125.765
205.76 -161.557
105.466 -119.552
-91.658 33.55
-145.884 96.661
-135.079 204.855
-45.159 437.877
4.522 511.728
105.686 527.552
347.601 512.69
433.343 489.348
478.906 398.804
541.972 169.242
548.316 80.74
476.424 4.7
