179.74 238.574
231.907 240.199
248.378 192.497
208.37 162.709
166.93 190.689
134.652 226.634
207.142 283.654
280.943 228.281
252.064 144.131
164.75 144.725
107.001 132.523
87.89 200.974
68.219 248.564
102.866 280.238
169.437 318.29
207.631 349.788
246.878 326.495
302.58 274.594
342.643 249.021
332.103 203.865
304.017 137.176
291.906 90.811
244.911 87.346
173.886 93.114
126.303 89.65
83.091 95.316
39.412 212.22
61.936 290.865
166.559 364.685
244.848 367.182
343.074 290.332
371.904 218.162
332.448 102.788
271.97 51.561
151.277 56.386
110.805 8.943
58.064 45.365
29.603 96.216
-7.399 139.801
2.14 191.063
-10.588 236.53
5.649 297.595
51.968 349.649
80.411 393.041
131.68 399.755
178.842 421.508
235.173 422.863
298.404 393.844
345.951 381.004
368.388 336.236
403.113 296.198
421.428 245.011
414.375 175.895
417.517 128.185
381.61 93.215
357.465 48.346
314.074 13.445
249.33 -2.099
203.97 -19.462
158.56 8.793
160.459 -52.142
43.302 -60.82
0.526 -49.939
-21.618 -4.346
-25.195 88.886
-52.834 169.74
-94.572 283.92
-100.437 329.649
-58.201 362.926
30.055 395.19
97.09 443.457
189.851 510.934
228.43 533.739
275.808 500.734
332.134 428.368
398.047 380.668
489.234 315.389
523.803 285.764
507.73 231.232
457.372 156.069
433.972 77.669
402.099 -30.751
384.761 -69.984
331.371 -73.859
243.81 -50.718
222.371 -108.882
180.725 -112.0
-89.639 93.167
-104.67 132.131
15.931 454.962
48.794 480.732
383.605 460.545
418.271 437.255
504.838 117.375
494.267 76.973
281.345 -102.81
203.694 -139.1
108.755 -96.225
-68.518 42.018
-123.968 102.306
-111.542 206.679
-31.143 416.33
14.628 490.462
113.2 504.762
332.382 492.716
416.965 472.756
459.86 384.507
518.56 176.214
527.356 89.899
457.437 19.065
