172.171 256.697
232.088 266.32
260.528 210.894
218.762 167.9
162.96 195.354
112.36 242.535
199.413 313.276
297.376 256.639
275.301 147.2
161.417 135.427
68.524 110.616
55.045 210.159
18.376 269.094
59.639 320.052
153.282 357.974
202.061 408.467
259.659 382.774
325.81 312.915
387.729 280.402
380.409 219.56
341.257 135.238
331.748 68.677
273.469 55.843
176.44 75.339
102.618 63.217
30.229 53.531
-14.543 221.502
-4.311 339.496
147.526 428.732
261.304 446.498
390.726 338.417
445.187 234.404
389.382 83.171
311.638 -1.286
138.035 5.898
59.553 -70.739
-23.114 -9.567
-58.071 78.716
-93.383 139.722
-100.426 193.899
-108.27 272.336
-78.774 367.139
2.612 429.917
50.129 484.238
100.505 498.686
167.374 523.791
260.784 522.917
348.053 465.079
413.715 443.241
442.754 400.898
486.071 347.389
516.552 261.418
493.788 159.821
497.261 93.682
464.006 52.053
433.552 -7.819
357.892 -66.151
255.981 -75.154
192.837 -97.99
137.786 -78.224
160.826 -143.886
11.695 -162.701
-75.397 -124.516
-108.861 -70.176
-109.97 65.342
-141.286 149.864
-207.194 302.432
-203.129 393.661
-149.554 444.828
-22.238 487.335
56.974 531.024
171.476 623.355
256.534 648.144
318.862 610.175
393.062 505.17
463.654 450.549
581.16 373.922
630.262 299.845
617.449 233.39
545.466 132.452
522.857 46.562
490.277 -90.497
436.887 -156.365
376.952 -169.559
253.139 -132.915
234.317 -207.07
193.554 -216.511
-182.351 61.395
-199.514 99.634
-39.578 541.713
-0.3 569.4
445.034 540.021
482.459 514.633
599.685 91.341
590.859 50.326
306.364 -201.705
220.424 -239.811
106.856 -203.093
-161.533 -8.448
-217.196 68.727
-215.314 195.404
-102.821 509.926
-37.897 580.518
76.835 605.356
392.176 587.324
480.45 552.094
537.216 454.949
622.15 158.654
623.401 64.775
553.121 -22.382
