174.243 251.799
231.262 259.867
256.898 208.493
216.103 168.937
164.975 195.623
120.272 237.053
200.293 304.232
290.278 251.259
269.417 149.012
164.175 140.803
82.185 117.477
61.389 207.944
29.172 259.508
71.633 307.182
156.289 350.203
200.693 395.788
255.449 369.168
320.808 306.135
377.433 276.037
368.27 216.948
333.415 136.358
323.069 74.354
266.868 64.442
174.802 80.355
112.596 69.074
42.181 63.857
0.352 215.801
10.282 328.366
149.274 414.507
257.678 430.249
380.046 330.888
430.463 230.999
378.421 87.725
302.498 10.067
146.472 22.112
71.185 -55.537
-8.083 2.823
-43.048 85.763
-77.773 139.714
-79.495 191.706
-90.102 262.46
-61.639 351.852
15.028 415.498
56.115 467.945
105.229 480.66
167.66 504.324
255.039 503.076
341.148 449.76
403.148 431.093
430.126 389.847
470.464 339.28
497.725 258.428
478.529 160.303
482.325 98.251
448.361 59.143
420.74 3.983
349.222 -49.367
254.087 -62.671
196.533 -83.67
143.939 -57.965
159.775 -126.135
17.434 -143.545
-62.244 -108.672
-94.232 -56.06
-93.423 71.648
-124.395 154.901
-185.287 299.483
-180.235 385.395
-129.657 431.875
-8.93 469.34
65.402 515.567
176.019 601.562
256.578 625.553
314.914 588.457
384.058 488.48
453.459 436.271
564.345 361.628
612.107 292.632
597.625 228.812
528.455 133.893
505.146 49.617
472.333 -79.886
425.897 -141.544
366.809 -152.38
250.304 -118.176
230.044 -188.155
188.834 -194.938
-166.507 69.906
-181.739 108.796
-25.133 529.442
11.35 555.389
438.5 522.832
474.119 498.123
580.976 91.872
571.014 51.288
298.958 -184.085
214.105 -219.904
105.728 -181.735
-146.699 4.374
-200.881 78.872
-195.732 199.076
-85.81 495.363
-24.186 566.628
86.006 587.281
385.485 567.811
472.982 534.536
524.941 439.216
602.934 157.327
603.893 64.727
532.959 -17.629
