172.842 255.308
231.915 264.47
259.55 210.285
218.068 168.322
163.659 195.564
114.785 240.903
199.737 310.677
295.353 255.17
273.684 147.791
162.348 137.174
72.858 112.681
56.658 209.696
21.277 265.897
63.162 316.003
154.252 355.931
201.446 404.956
258.318 378.877
324.425 311.046
384.804 279.335
376.922 218.955
339.092 135.622
329.449 70.52
271.793 58.594
176.096 77.123
105.689 65.125
33.642 56.684
-10.08 219.52
-0.212 336.365
147.888 424.627
260.288 441.998
387.658 336.429
441.071 233.5
386.345 84.718
309.125 2.011
140.82 10.502
63.1 -66.595
-18.992 -6.017
-54.001 81.209
-89.16 139.697
-94.504 193.21
-103.177 269.693
-74.02 363.053
6.459 426.057
51.948 479.876
101.844 493.829
167.532 518.429
259.239 517.501
346.311 460.655
410.948 439.779
439.357 397.847
481.757 345.145
511.356 260.653
489.497 159.845
493.076 94.901
459.646 54.081
430.09 -4.38
355.668 -61.358
255.441 -71.737
194.245 -93.99
139.975 -72.129
160.595 -138.853
12.993 -157.251
-72.237 -119.845
-105.268 -65.893
-105.111 67.343
-136.68 151.485
-201.099 301.996
-196.576 391.845
-143.863 441.678
-18.165 482.295
59.496 526.859
173.054 617.37
256.969 641.839
318.142 604.109
390.734 500.341
460.974 446.447
576.579 370.329
625.293 297.577
611.976 231.867
540.671 132.72
517.822 47.351
485.26 -87.498
433.666 -152.315
373.935 -164.85
252.383 -128.74
233.015 -201.697
192.122 -210.204
-178.107 64.137
-194.54 102.672
-35.213 538.735
3.224 565.811
443.602 535.066
480.425 509.858
594.386 91.256
585.153 50.417
304.088 -196.843
218.42 -234.085
106.44 -196.948
-157.8 -4.469
-212.798 72.116
-209.874 196.767
-97.823 506.353
-33.694 577.049
79.7 600.478
390.716 581.806
478.738 546.987
533.967 450.355
616.802 158.008
617.807 64.495
547.366 -21.088
