177.608 243.635
229.253 249.126
250.368 201.645
211.956 167.662
167.284 193.462
130.819 229.479
201.439 288.577
280.519 240.152
258.712 151.008
167.068 145.346
96.985 125.691
73.618 203.381
48.259 249.959
89.886 291.16
160.694 334.473
201.943 372.832
251.035 345.687
311.869 292.222
360.721 263.773
349.681 209.528
319.684 136.224
308.34 82.449
254.031 76.393
172.835 84.698
122.772 77.114
62.841 77.93
21.514 211.059
35.097 310.679
154.762 390.782
252.984 400.562
363.488 314.072
403.866 223.681
357.071 94.972
285.997 27.248
151.394 42.517
94.213 -29.956
24.619 20.673
-10.337 88.331
-47.235 138.379
-43.305 188.668
-56.517 245.555
-30.178 325.268
32.225 387.104
65.278 435.211
114.313 445.044
168.816 467.512
246.233 465.071
324.615 424.666
378.753 410.193
403.058 367.73
440.081 323.08
462.432 251.275
450.638 164.389
454.656 109.945
418.988 73.429
393.267 24.126
331.48 -21.527
251.614 -38.387
201.91 -56.957
152.632 -26.849
160.088 -94.455
28.442 -107.872
-33.997 -82.946
-62.722 -33.274
-64.707 78.306
-93.834 161.41
-145.364 290.342
-142.711 363.004
-96.9 401.654
9.498 436.185
78.575 484.524
179.558 559.998
247.205 584.487
299.179 549.154
362.473 461.147
430.362 412.156
530.44 341.899
575.394 286.427
559.026 227.164
497.116 141.106
473.798 59.042
436.68 -63.317
410.397 -110.674
352.793 -117.781
247.43 -89.47
226.261 -153.736
184.793 -158.68
-134.363 81.192
-148.576 120.461
-5.259 498.694
28.368 523.778
417.094 494.588
451.581 470.909
547.361 99.329
536.923 58.888
291.121 -149.124
208.929 -184.745
105.16 -144.17
-114.914 23.596
-168.493 91.047
-159.308 202.76
-59.988 461.296
-5.666 534.324
97.796 551.131
364.139 533.811
450.616 506.456
497.581 414.549
566.461 162.238
569.966 71.925
497.946 -6.408
