170.793 258.826
232.16 269.268
261.93 211.8
219.661 167.079
161.563 194.856
108.256 245.042
198.621 317.444
300.482 258.925
277.73 146.084
159.644 132.412
60.925 107.628
52.775 210.438
14.262 275.0
54.058 327.131
151.379 360.915
203.335 413.804
261.949 388.96
327.862 315.863
392.309 281.811
385.97 220.282
344.555 134.517
335.028 65.311
275.665 50.887
176.694 71.968
97.474 59.851
24.316 48.645
-21.822 225.472
-10.499 344.379
147.14 435.253
262.779 453.395
395.615 341.351
451.557 235.791
394.023 80.216
315.422 -6.704
133.218 -1.016
53.737 -77.072
-28.917 -15.196
-64.5 73.026
-99.558 139.96
-109.491 195.352
-116.128 276.18
-85.946 372.857
-4.194 435.557
46.984 490.606
98.331 505.86
166.929 531.91
262.907 531.098
350.39 472.202
417.743 448.685
447.862 405.598
492.702 350.838
524.492 262.556
500.503 159.975
503.743 91.779
470.741 48.714
438.721 -13.44
361.057 -73.677
257.086 -80.581
189.887 -104.151
133.443 -88.079
160.69 -151.847
10.138 -171.337
-79.252 -132.095
-113.103 -77.643
-119.06 61.578
-148.122 147.114
-216.449 302.225
-213.329 395.416
-158.433 448.657
-29.264 495.233
52.706 537.186
168.472 632.371
255.144 657.832
319.329 619.493
396.412 512.956
467.563 457.085
588.08 379.731
637.815 303.728
625.823 236.094
553.024 132.187
530.799 45.334
498.049 -95.21
442.089 -162.531
381.897 -176.719
254.262 -139.971
236.841 -215.506
195.842 -226.919
-188.414 56.091
-207.34 93.876
-46.864 545.492
-6.273 574.365
446.627 547.938
485.156 522.307
608.053 91.819
600.028 50.394
310.27 -209.198
224.126 -249.164
107.406 -212.89
-166.265 -15.556
-223.725 62.034
-223.67 192.619
-110.892 514.408
-45.076 585.091
71.816 612.572
393.749 595.93
482.501 560.352
541.984 462.386
630.407 160.059
632.367 65.615
562.224 -24.439
