172.099 256.831
232.1 266.5
260.619 210.95
218.824 167.854
162.884 195.328
112.117 242.694
199.376 313.531
297.571 256.78
275.454 147.138
161.318 135.248
68.082 110.416
54.899 210.193
18.107 269.428
59.294 320.464
153.18 358.165
202.129 408.803
259.794 383.154
325.941 313.095
388.012 280.498
380.749 219.613
341.464 135.198
331.962 68.486
273.62 55.561
176.465 75.15
102.31 63.021
29.892 53.221
-14.984 221.715
-4.704 339.797
147.497 429.132
261.4 446.929
391.025 338.604
445.583 234.491
389.673 83.008
311.877 -1.61
137.752 5.458
59.195 -71.131
-23.501 -9.908
-58.46 78.438
-93.781 139.727
-100.995 193.973
-108.76 272.583
-79.228 367.518
2.222 430.28
49.947 484.648
100.374 499.145
167.354 524.303
260.927 523.433
348.212 465.512
413.974 443.577
443.076 401.191
486.484 347.604
517.049 261.49
494.202 159.823
497.663 93.565
464.424 51.853
433.88 -8.157
358.098 -66.616
256.036 -75.483
192.677 -98.374
137.547 -78.83
160.837 -144.374
11.586 -163.231
-75.672 -124.976
-109.173 -70.609
-110.465 65.134
-141.722 149.7
-207.777 302.452
-203.763 393.81
-150.105 445.105
-22.647 487.822
56.723 531.417
171.31 623.925
256.474 648.75
318.914 610.757
393.279 505.643
463.905 450.949
581.597 374.274
630.737 300.073
617.973 233.545
545.93 132.431
523.345 46.486
490.76 -90.788
437.203 -156.752
377.25 -170.009
253.208 -133.328
234.452 -207.59
193.693 -217.133
-182.746 61.105
-199.994 99.315
-40.013 541.978
-0.652 569.73
445.155 540.505
482.643 515.099
600.199 91.358
591.416 50.323
306.592 -202.172
220.629 -240.372
106.898 -203.693
-161.865 -8.855
-217.611 68.365
-215.836 195.256
-103.311 510.244
-38.319 580.832
76.545 605.817
392.299 587.857
480.599 552.595
537.521 455.4
622.664 158.727
623.946 64.813
553.68 -22.508
