174.852 250.113
230.873 257.681
255.578 207.434
215.196 168.971
165.476 195.418
122.649 235.328
200.486 301.146
287.955 249.24
267.327 149.566
164.841 142.064
85.869 119.306
63.821 206.939
33.009 257.066
75.489 303.516
157.148 347.265
200.673 391.33
254.343 364.559
319.079 303.634
373.978 274.137
364.258 215.735
330.687 136.576
319.923 75.893
264.287 66.833
174.104 81.293
115.398 70.525
46.293 66.667
4.872 214.422
15.263 324.684
150.132 409.821
256.547 424.502
376.527 327.954
425.344 229.635
374.567 88.878
299.202 13.688
148.353 27.225
75.338 -50.486
-2.271 6.355
-37.396 86.768
-72.243 139.871
-72.551 191.117
-83.826 259.027
-55.588 346.486
18.727 410.248
57.943 461.928
106.879 474.05
167.684 497.4
253.082 495.873
338.371 444.71
398.999 427.013
425.37 385.859
464.877 336.374
491.009 257.164
473.256 160.727
477.142 100.087
442.883 61.641
415.998 7.883
345.821 -43.763
253.507 -58.175
197.529 -78.656
145.614 -51.546
159.541 -120.09
19.791 -136.962
-56.9 -103.617
-88.38 -51.647
-88.678 73.369
-118.407 156.423
-177.675 297.915
-172.692 381.692
-123.075 426.59
-4.939 463.059
68.056 509.898
177.007 593.774
255.678 617.687
312.697 580.908
380.452 482.991
449.498 431.524
558.179 357.685
605.484 290.73
590.525 227.825
522.564 134.776
499.142 50.958
466.073 -76.206
422.488 -136.042
363.796 -146.086
249.487 -112.921
228.921 -181.666
187.627 -187.906
-160.66 72.306
-175.514 111.341
-20.767 524.293
14.924 549.878
435.321 517.164
470.522 492.693
574.568 92.646
564.384 52.125
296.986 -177.712
212.567 -213.202
105.501 -174.546
-140.913 8.246
-194.947 81.605
-188.875 199.92
-80.422 489.428
-20.117 561.026
88.635 580.655
382.248 561.167
469.533 528.834
520.213 434.156
596.145 157.543
597.337 65.379
526.196 -15.753
