165.493 263.228
230.501 277.173
264.584 214.217
221.046 164.873
157.425 192.767
97.84 248.819
193.537 327.327
307.428 265.108
283.524 142.049
155.937 124.798
44.09 105.048
44.735 209.07
5.345 288.389
42.061 342.096
142.955 367.37
206.139 425.467
267.24 403.291
332.067 324.068
403.324 283.968
400.052 220.723
352.817 132.052
341.989 54.775
278.825 35.779
177.244 61.235
86.78 50.297
3.707 40.554
-38.921 236.935
-22.839 352.394
146.117 450.43
265.018 469.108
408.032 347.759
466.752 239.263
405.109 70.333
323.634 -22.406
122.168 -16.18
41.395 -93.43
-40.268 -29.524
-84.398 53.541
-111.431 141.367
-129.649 201.154
-133.669 284.071
-99.908 381.97
-19.211 444.57
35.324 500.666
91.094 519.08
163.168 548.482
264.231 548.952
352.694 491.401
425.671 461.788
459.207 416.705
507.958 358.97
542.612 265.731
517.422 161.845
518.717 86.118
487.002 38.827
449.886 -28.432
368.628 -91.866
262.904 -97.196
182.227 -118.429
121.765 -109.163
157.066 -171.308
3.559 -190.858
-87.894 -150.633
-120.332 -97.271
-153.435 51.063
-163.519 139.807
-236.19 296.499
-235.792 393.314
-178.336 450.979
-45.82 503.975
38.09 549.383
157.434 650.781
247.385 678.374
316.066 639.826
402.972 533.774
475.527 473.625
603.29 394.612
654.74 314.678
644.792 244.041
572.743 131.693
550.008 41.5
515.531 -107.455
454.676 -177.565
393.496 -193.607
256.776 -162.957
245.892 -236.253
198.204 -255.296
-202.565 39.508
-230.017 76.307
-65.26 550.813
-24.913 583.499
446.645 568.181
488.992 542.532
629.223 94.935
624.412 50.976
320.202 -227.215
235.095 -277.848
104.03 -234.865
-175.315 -34.89
-240.358 39.788
-243.313 182.765
-131.061 518.393
-65.724 591.434
56.08 626.89
392.943 615.948
483.56 582.232
551.909 481.781
649.697 165.316
656.203 69.77
583.911 -30.868
