176.406 246.212
229.844 252.61
252.433 204.356
213.267 168.496
166.594 194.464
127.759 231.646
200.909 293.67
283.062 244.099
262.289 150.783
166.262 144.256
92.988 123.085
69.539 204.703
41.946 252.321
84.175 295.813
159.107 339.896
201.196 380.591
252.258 353.516
314.953 297.25
366.096 268.64
355.34 212.273
324.31 136.635
312.923 79.53
258.144 72.307
172.944 83.069
120.498 74.0
55.992 72.939
14.895 211.974
26.874 316.382
152.56 398.82
254.37 410.629
368.681 320.246
413.064 226.101
364.953 91.993
291.351 21.652
150.794 37.293
86.072 -38.788
12.766 14.114
-22.575 87.823
-58.253 139.191
-55.881 189.533
-68.437 250.938
-40.986 333.986
26.78 397.21
62.12 446.871
110.976 457.635
167.998 480.431
248.928 478.138
330.941 433.037
387.913 417.397
413.016 375.804
450.934 329.062
474.624 253.766
460.484 162.463
464.511 105.342
429.507 68.143
403.657 17.181
337.419 -30.841
252.323 -47.054
200.037 -66.409
149.617 -37.03
159.615 -105.538
25.046 -120.659
-43.86 -91.759
-73.938 -41.135
-75.684 76.357
-104.311 159.33
-159.293 293.59
-155.237 371.518
-107.865 412.735
3.706 447.76
74.132 495.668
178.562 574.602
251.687 598.683
305.68 562.735
370.674 470.285
438.998 420.394
542.56 348.69
588.667 287.572
572.81 226.86
508.215 137.931
484.771 55.177
450.329 -67.726
415.191 -121.887
357.44 -130.155
248.113 -99.738
227.111 -165.851
185.7 -171.254
-145.958 77.466
-160.245 116.709
-11.409 510.331
22.852 535.452
425.757 504.044
460.362 480.079
559.12 95.914
548.672 55.469
293.374 -161.669
210.124 -197.05
105.166 -157.261
-126.372 17.212
-180.106 87.257
-172.077 201.564
-68.367 473.829
-11.42 546.27
94.132 564.048
372.655 545.413
459.482 515.775
507.744 422.695
579.385 159.595
581.716 68.502
510.178 -10.481
