174.482 251.135
231.114 259.006
256.381 208.091
215.74 168.967
165.176 195.558
121.221 236.365
200.372 303.022
289.354 250.476
268.597 149.229
164.443 141.326
83.685 118.216
62.344 207.55
30.684 258.514
73.161 305.707
156.633 349.061
200.663 394.039
254.995 367.356
320.127 305.163
376.067 275.316
366.68 216.491
332.339 136.455
321.826 74.97
265.86 65.4
174.522 80.752
113.742 69.654
43.798 64.983
2.157 215.234
12.246 326.901
149.598 412.654
257.219 427.997
378.65 329.755
428.451 230.477
376.91 88.183
301.207 11.511
147.282 24.172
72.798 -53.534
-5.829 4.244
-40.854 86.188
-75.608 139.772
-76.75 191.47
-87.64 261.101
-59.268 349.732
16.508 413.446
56.844 465.6
105.874 478.081
167.668 501.613
254.258 500.264
340.078 447.762
401.55 429.482
428.283 388.292
468.282 338.146
495.097 257.947
476.458 160.452
480.29 98.951
446.211 60.114
418.898 5.521
347.902 -47.15
253.853 -60.915
196.928 -81.705
144.608 -55.413
159.667 -123.758
18.36 -140.965
-60.165 -106.668
-91.954 -54.312
-91.56 72.343
-122.052 155.515
-182.297 298.892
-177.248 383.981
-127.051 429.836
-7.331 466.878
66.457 513.357
176.437 598.515
256.279 622.465
314.094 585.491
382.673 486.308
451.931 434.396
561.946 360.061
609.529 291.845
594.852 228.384
526.143 134.212
502.781 50.119
469.88 -78.44
424.531 -139.409
365.594 -149.931
249.967 -116.126
229.577 -185.608
188.33 -192.159
-164.226 70.874
-179.303 109.824
-23.382 527.468
12.777 553.26
437.307 520.589
472.75 495.975
578.457 92.136
568.399 51.58
298.146 -181.601
213.461 -217.266
105.632 -178.905
-144.448 5.912
-198.565 79.977
-193.046 199.431
-83.664 493.074
-22.552 564.468
87.067 584.697
384.268 565.193
471.679 532.275
523.114 437.205
600.277 157.367
601.309 64.939
530.29 -16.913
