181.588 234.523
226.744 234.637
240.583 191.567
204.035 165.324
167.89 191.581
142.684 223.604
204.393 268.733
266.376 223.33
241.845 150.942
166.583 151.962
121.977 149.506
106.636 199.064
93.336 239.483
127.311 264.75
170.083 294.765
204.343 319.928
238.621 295.659
280.573 263.946
314.774 239.236
302.155 199.049
285.14 149.744
272.139 109.348
229.896 108.943
178.61 109.724
135.689 109.468
101.012 119.717
71.691 210.257
92.695 275.598
169.9 331.335
238.16 331.409
314.851 275.168
336.188 210.51
306.636 120.343
251.471 79.824
157.007 79.645
122.083 53.29
87.247 78.249
71.328 118.744
44.302 151.888
47.47 193.586
35.941 235.371
48.964 276.126
83.15 303.883
106.829 339.399
145.543 349.746
182.701 373.609
225.511 373.56
262.727 349.369
303.326 337.796
325.068 304.781
359.362 276.37
372.578 235.581
361.215 192.439
362.838 150.286
338.396 119.574
321.615 78.122
286.774 52.839
242.075 49.919
203.273 35.742
165.217 51.371
166.675 9.078
99.163 -0.047
56.595 1.803
40.873 43.092
29.142 108.783
7.23 178.762
-21.528 240.503
-33.817 283.682
2.604 311.159
60.764 340.187
120.651 381.709
169.14 428.778
206.963 454.949
244.839 427.883
289.714 381.631
347.531 337.71
407.141 306.419
444.034 278.554
429.929 234.078
400.267 176.819
376.44 108.364
364.878 41.455
350.096 -0.923
303.818 -1.774
239.585 8.436
223.966 -37.83
182.207 -38.403
-19.694 109.835
-33.156 149.368
46.448 387.02
80.081 411.777
329.66 409.783
363.6 385.401
439.275 147.865
426.792 107.991
268.237 -27.533
203.482 -66.854
135.39 -26.065
3.404 71.603
-53.631 120.336
-35.331 197.66
16.015 352.632
46.226 422.547
126.37 429.084
287.614 428.085
363.447 420.97
394.269 346.866
443.171 192.983
460.498 119.316
399.686 66.61
