175.65 247.98
230.333 254.93
253.888 205.896
214.127 168.818
166.088 194.982
125.508 233.245
200.702 297.161
285.179 246.546
264.645 150.264
165.638 143.369
89.956 121.423
66.887 205.679
37.81 254.315
80.246 299.212
158.188 343.373
200.87 385.609
253.148 358.669
316.885 300.304
369.696 271.387
359.348 213.968
327.267 136.698
316.073 77.798
260.976 69.751
173.36 82.254
118.413 72.33
51.453 70.052
10.338 212.932
21.51 320.199
151.357 403.941
255.3 417.115
372.224 323.962
418.815 227.76
369.557 90.413
294.983 18.041
149.962 33.018
80.916 -44.226
5.517 10.519
-29.857 87.615
-65.044 139.977
-63.826 190.316
-75.727 254.755
-47.813 339.794
23.144 403.415
60.176 454.028
109.022 465.409
167.776 488.439
250.771 486.485
334.564 438.43
393.303 421.882
418.969 380.609
457.564 332.555
482.326 255.385
466.502 161.505
470.482 102.723
435.836 64.995
409.639 12.822
341.349 -36.805
252.838 -52.32
198.825 -72.191
147.712 -43.687
159.465 -112.378
22.696 -128.41
-49.954 -97.307
-80.744 -46.106
-82.502 75.238
-110.591 158.055
-167.94 295.619
-163.307 376.484
-114.912 419.41
-0.191 454.968
71.321 502.447
177.943 583.664
253.871 607.606
309.252 571.259
375.451 476.161
444.092 425.574
550.015 352.847
596.712 288.799
581.232 227.068
514.986 136.265
491.518 53.017
457.909 -71.563
418.456 -128.678
360.301 -137.754
248.654 -106.014
227.812 -173.317
186.446 -179.05
-152.984 74.992
-167.391 114.193
-15.609 517.14
19.237 542.412
430.57 510.112
465.385 485.925
566.382 94.136
556.015 53.667
294.9 -169.316
211.074 -204.65
105.285 -165.383
-133.27 13.073
-187.163 84.681
-179.935 200.741
-73.875 481.35
-15.325 553.396
91.677 571.948
377.455 552.762
464.493 521.793
513.781 427.957
587.326 158.369
589.03 66.768
517.671 -13.075
