160.29 262.526
229.869 278.977
267.157 214.989
222.191 162.651
155.475 190.519
93.307 244.406
190.416 332.271
310.619 268.09
287.408 137.731
154.013 118.947
39.087 99.88
37.488 203.144
-1.532 287.19
38.243 342.622
138.011 372.224
206.717 431.451
269.728 409.64
334.462 328.823
409.019 284.718
407.396 220.144
357.481 130.459
343.727 47.464
278.806 25.943
177.903 53.45
83.136 43.78
-1.779 32.483
-48.094 236.324
-29.887 354.786
145.636 457.998
266.267 476.901
414.783 350.605
474.593 240.973
410.045 62.44
326.698 -32.146
117.416 -24.22
34.712 -101.328
-47.094 -37.029
-93.662 48.508
-120.96 139.193
-141.44 202.763
-142.832 285.325
-107.65 382.917
-29.1 446.532
28.699 503.818
86.975 524.555
160.38 555.645
263.015 557.044
352.365 502.7
428.714 468.502
464.629 422.06
515.343 363.017
551.193 267.926
527.048 163.905
524.789 81.809
494.201 31.831
454.709 -37.099
372.715 -101.16
266.891 -108.47
177.747 -124.779
114.895 -119.345
151.882 -180.916
-3.155 -199.197
-95.661 -160.41
-127.157 -104.593
-168.355 47.647
-172.915 134.813
-245.557 292.796
-246.883 390.625
-188.029 449.569
-55.49 506.855
29.387 554.279
150.123 658.174
241.545 686.882
312.295 649.019
405.603 545.911
479.357 482.624
610.226 402.334
662.606 320.922
653.622 248.793
584.576 130.972
558.759 37.394
522.673 -115.013
460.637 -186.29
397.864 -202.458
256.402 -178.837
250.178 -246.593
191.887 -265.062
-212.111 33.038
-245.207 69.586
-75.621 552.306
-36.588 587.384
445.073 579.57
490.301 554.574
640.948 97.894
638.387 49.182
323.867 -236.533
234.089 -300.99
98.537 -243.44
-181.9 -42.415
-254.161 28.767
-253.232 178.148
-140.927 517.533
-78.105 592.961
46.488 632.843
390.236 625.578
482.349 595.194
556.7 492.2
658.907 168.931
672.61 71.654
593.073 -36.541
