167.497 262.381
231.242 275.019
263.825 213.553
220.625 165.639
158.645 193.544
100.734 248.754
195.537 324.607
305.578 263.261
281.747 143.479
156.978 127.281
48.165 105.893
47.891 210.276
8.344 285.975
45.125 339.202
145.971 365.285
205.788 422.201
265.944 399.455
330.922 321.481
400.173 283.408
395.96 220.779
350.306 132.843
340.21 58.236
278.335 40.631
177.084 64.939
89.341 53.719
9.898 43.102
-34.041 234.484
-19.312 350.723
146.649 446.266
264.524 464.654
404.415 345.963
462.327 238.28
401.904 73.754
321.522 -17.395
124.939 -11.728
44.877 -88.773
-36.908 -25.366
-78.025 58.988
-108.213 141.474
-123.801 199.769
-128.758 282.517
-95.98 380.477
-14.458 442.845
39.165 498.473
93.632 515.723
164.654 544.204
264.508 544.06
352.556 485.464
423.634 458.024
456.018 413.512
503.652 356.681
537.507 264.72
512.287 161.064
514.534 88.036
482.325 42.062
446.781 -23.904
366.3 -86.689
260.614 -91.577
184.523 -114.368
125.251 -103.156
158.699 -165.668
6.323 -185.664
-84.823 -145.314
-117.839 -92.018
-141.756 53.891
-158.845 142.333
-230.904 298.858
-229.741 394.777
-172.879 451.328
-40.78 502.442
42.965 546.479
161.278 646.104
250.279 673.058
317.684 634.31
401.271 527.384
473.374 468.719
599.097 390.261
650.011 311.333
639.497 241.608
566.646 131.924
544.505 42.874
510.674 -103.802
451.021 -173.22
390.136 -188.826
256.113 -155.035
242.641 -230.288
198.814 -247.087
-197.993 44.328
-222.37 81.689
-59.657 549.806
-18.725 581.362
447.176 562.133
488.208 536.359
622.869 93.754
616.886 50.879
317.237 -222.092
231.86 -267.5
105.878 -228.971
-172.412 -29.532
-235.03 46.722
-237.672 186.009
-125.294 518.256
-59.178 590.435
61.296 623.337
393.876 610.323
483.817 575.549
549.199 475.989
644.204 163.587
648.827 68.286
577.776 -28.675
