181.928 233.734
226.022 233.81
239.588 191.75
203.907 166.048
168.464 191.84
144.658 222.762
204.069 266.232
263.881 222.67
240.498 152.747
167.509 153.359
123.863 151.749
109.115 198.253
96.043 238.392
130.129 263.449
169.909 291.887
204.025 316.803
238.166 292.361
277.74 263.031
311.741 238.357
298.967 198.288
283.384 151.832
270.355 111.668
228.239 111.437
179.756 111.849
137.267 111.746
102.821 122.274
74.66 209.412
95.601 274.52
169.804 328.11
237.913 328.144
311.818 274.117
332.995 209.574
304.65 122.623
249.578 82.395
158.371 82.318
123.728 56.513
89.309 81.395
74.455 121.578
49.294 153.195
51.388 193.137
39.501 234.374
52.525 274.847
86.549 301.557
109.065 334.737
146.594 345.373
182.636 369.493
225.137 369.476
261.218 345.216
299.587 334.003
321.218 302.077
355.401 274.969
368.544 234.474
356.672 192.516
357.904 152.558
334.328 122.219
318.871 81.319
284.362 56.287
240.764 54.391
203.38 40.975
166.585 55.008
167.72 14.923
104.587 7.108
62.037 8.212
47.03 49.372
34.876 111.12
13.136 179.349
-13.254 237.072
-26.055 279.709
9.768 306.333
64.524 335.151
122.618 376.506
168.531 420.003
205.464 446.064
242.167 419.664
286.117 376.446
343.243 333.999
398.743 304.056
435.151 277.002
421.3 233.794
394.103 178.505
371.395 111.121
359.917 48.682
345.612 6.542
300.431 6.068
239.041 14.51
224.267 -29.834
182.507 -30.119
-11.905 111.847
-25.055 151.485
50.512 379.962
84.26 404.581
324.316 403.682
358.166 379.173
431.736 150.822
419.049 110.99
265.58 -19.186
203.585 -58.717
139.838 -18.462
10.833 76.076
-45.758 122.615
-26.756 195.506
22.743 346.929
50.441 415.51
126.031 420.102
284.33 419.912
358.142 414.741
385.937 344.142
434.445 193.451
452.867 122.115
394.298 73.49
