181.086 236.339
228.603 236.569
243.036 191.313
204.508 163.844
166.892 190.926
138.452 225.662
205.539 274.326
272.104 224.716
244.959 146.948
165.036 149.186
117.692 144.41
101.468 200.916
87.285 242.153
120.636 268.065
170.788 301.209
205.452 327.226
240.15 303.493
286.948 265.915
321.908 241.12
309.866 200.724
289.154 145.287
276.358 104.193
233.831 103.24
176.592 105.157
132.305 104.367
97.063 113.858
65.045 212.123
86.056 278.032
170.261 338.92
239.125 339.188
321.969 277.693
343.674 212.683
311.41 115.356
256.077 73.967
154.421 73.233
119.21 45.199
82.253 70.74
63.355 112.423
32.548 148.89
38.278 194.423
27.407 237.514
40.057 279.28
75.107 311.318
101.252 351.084
143.057 360.629
182.945 383.81
226.909 383.905
268.174 359.803
312.941 347.239
334.85 311.697
369.325 279.966
383.001 238.14
373.175 190.533
375.196 145.128
347.953 113.238
328.307 70.732
292.818 44.633
244.684 38.788
203.13 23.466
162.515 43.231
164.226 -4.502
85.723 -16.029
43.171 -12.183
26.008 29.819
16.076 103.767
-6.867 177.364
-40.44 251.078
-51.014 293.499
-13.37 322.854
52.621 352.753
115.747 395.014
172.844 449.718
211.169 475.045
251.817 446.299
299.3 393.617
358.467 346.993
427.607 310.239
464.238 281.484
449.531 234.108
414.437 172.324
389.233 101.471
375.134 23.184
359.862 -17.989
311.266 -19.821
240.526 -5.698
222.931 -56.006
181.193 -57.427
-37.489 105.648
-51.784 144.887
37.962 403.752
71.26 428.955
342.677 423.275
376.887 399.268
456.253 140.552
444.379 100.507
272.861 -46.752
203.04 -85.439
124.874 -42.87
-14.01 62.386
-71.64 115.429
-54.55 202.031
2.377 367.184
37.265 439.269
126.291 448.656
297.212 445.523
376.298 434.808
412.296 353.566
462.744 190.431
477.878 112.355
412.36 52.323
