165.638 263.202
230.544 277.064
264.53 214.182
221.015 164.927
157.498 192.818
98.009 248.87
193.66 327.162
307.322 265.001
283.41 142.145
156.007 124.962
44.309 105.142
44.949 209.191
5.549 288.314
42.232 341.982
143.14 367.233
206.122 425.27
267.163 403.065
331.996 323.909
403.135 283.931
399.808 220.729
352.662 132.1
341.894 54.993
278.809 36.08
177.236 61.471
86.922 50.518
4.022 40.751
-38.623 236.847
-22.612 352.308
146.148 450.18
264.988 468.842
407.816 347.652
466.484 239.205
404.919 70.556
323.519 -22.094
122.326 -15.91
41.608 -93.159
-40.051 -29.269
-84.024 53.82
-111.208 141.404
-129.278 201.093
-133.373 284.008
-99.657 381.911
-18.898 444.487
35.56 500.548
91.249 518.888
163.263 548.235
264.261 548.665
352.696 491.035
425.554 461.564
459.016 416.514
507.701 358.835
542.307 265.668
517.105 161.792
518.472 86.242
486.727 39.032
449.701 -28.157
368.484 -91.56
262.751 -96.836
182.368 -118.193
121.98 -108.803
157.184 -170.974
3.758 -190.562
-87.669 -150.315
-120.133 -96.996
-152.739 51.198
-163.223 139.974
-235.877 296.645
-235.432 393.409
-178.012 451.012
-45.503 503.883
38.392 549.22
157.676 650.515
247.57 678.07
316.176 639.503
402.874 533.381
475.398 473.329
603.042 394.353
654.458 314.475
644.478 243.895
572.365 131.713
549.683 41.594
515.247 -107.232
454.457 -177.305
393.295 -193.324
256.738 -162.445
245.681 -235.897
198.3 -254.837
-202.255 39.756
-229.529 76.612
-64.916 550.759
-24.524 583.377
446.687 567.813
488.949 542.152
628.834 94.86
623.946 50.979
320.021 -226.91
234.922 -277.14
104.171 -234.533
-175.106 -34.608
-240.017 40.172
-242.974 182.958
-130.717 518.398
-65.32 591.392
56.405 626.687
393.013 615.615
483.586 581.821
551.746 481.432
649.37 165.211
655.743 69.68
583.552 -30.724
