179.717 238.599
231.868 240.299
248.411 192.631
208.463 162.789
166.977 190.715
134.666 226.599
207.045 283.67
280.897 228.445
252.17 144.297
164.854 144.747
106.798 132.363
87.572 200.942
67.775 248.605
102.593 280.502
169.255 318.652
207.551 350.295
247.017 326.927
302.83 274.933
343.071 249.302
332.528 203.936
304.396 137.102
292.306 90.607
245.103 87.085
173.882 92.877
126.24 89.339
82.672 94.907
38.887 212.158
61.311 291.309
166.317 365.296
245.037 367.935
343.547 290.811
372.643 218.273
332.988 102.603
272.313 50.956
151.289 56.034
110.594 7.928
57.366 44.818
28.754 95.921
-8.357 139.668
1.058 190.883
-11.73 236.493
4.812 298.211
51.473 350.568
79.98 394.026
131.282 400.745
178.588 422.495
235.423 423.824
299.078 394.595
346.715 381.736
369.164 336.917
403.911 296.76
422.367 245.148
415.279 175.58
418.444 127.768
382.482 92.773
358.273 47.826
314.525 12.627
249.4 -3.038
203.966 -20.427
158.485 7.914
160.434 -53.201
42.639 -61.88
-0.318 -50.777
-22.599 -5.114
-26.138 88.564
-53.851 169.499
-95.773 284.254
-101.506 330.466
-59.165 363.821
29.558 396.163
96.652 444.48
190.005 512.188
228.808 535.047
276.339 501.922
332.872 429.145
398.869 381.411
490.437 315.659
525.111 285.874
508.989 231.163
458.336 155.696
434.941 77.186
402.719 -31.856
385.355 -71.052
331.849 -74.987
243.89 -51.711
222.419 -110.008
180.776 -113.156
-90.748 92.855
-105.764 131.825
15.437 456.055
48.3 481.824
384.466 461.359
419.137 438.078
505.886 116.896
495.334 76.489
281.529 -103.986
203.764 -140.239
108.499 -97.392
-69.688 41.595
-125.074 102.006
-112.749 206.693
-31.84 417.417
14.135 491.555
112.952 505.982
333.167 493.71
417.823 473.578
460.907 385.144
519.738 175.863
528.417 89.431
458.382 18.307
