171.951 257.095
232.122 266.858
260.799 211.062
218.946 167.76
162.73 195.275
111.63 243.008
199.299 314.036
297.957 257.059
275.757 147.013
161.116 134.89
67.193 110.02
54.613 210.253
17.579 270.103
58.609 321.292
152.973 358.539
202.27 409.466
260.065 383.908
326.2 313.452
388.573 280.685
381.424 219.715
341.872 135.117
332.38 68.102
273.914 54.991
176.511 74.766
101.695 62.625
29.216 52.604
-15.862 222.15
-5.478 340.394
147.441 429.927
261.588 447.781
391.618 338.972
446.366 234.662
390.246 82.677
312.349 -2.255
137.183 4.589
58.482 -71.902
-24.26 -10.584
-59.232 77.86
-94.564 139.741
-102.121 194.125
-109.73 273.069
-80.124 368.261
1.438 430.993
49.581 485.455
100.113 500.048
167.312 525.314
261.206 524.451
348.521 466.372
414.484 444.242
443.712 401.77
487.303 348.03
518.032 261.632
495.023 159.83
498.46 93.333
465.253 51.455
434.526 -8.832
358.5 -67.537
256.15 -76.135
192.348 -99.136
137.059 -80.037
160.852 -145.342
11.377 -164.283
-76.201 -125.891
-109.772 -71.476
-111.467 64.711
-142.582 149.373
-208.928 302.48
-205.018 394.089
-151.196 445.64
-23.468 488.787
56.221 532.19
170.973 625.05
256.344 649.947
319.009 611.909
393.705 506.582
464.399 451.742
582.458 374.975
631.674 300.53
619.009 233.858
546.85 132.39
524.314 46.337
491.716 -91.364
437.831 -157.517
377.842 -170.898
253.344 -134.155
234.725 -208.621
193.97 -218.371
-183.52 60.516
-200.945 98.667
-40.879 542.491
-1.357 570.375
445.387 541.464
483.0 516.027
601.218 91.396
592.523 50.32
307.048 -203.094
221.044 -241.49
106.98 -204.885
-162.508 -9.675
-218.427 67.628
-216.868 194.952
-104.286 510.858
-39.163 581.442
75.963 606.724
392.532 588.912
480.886 553.591
538.122 456.296
623.681 158.876
625.03 64.892
554.789 -22.756
