166.322 263.016
230.77 276.466
264.277 213.994
220.868 165.184
157.869 193.064
98.875 249.012
194.287 326.328
306.774 264.447
282.847 142.609
156.348 125.764
45.474 105.523
45.987 209.704
6.533 287.787
43.127 341.28
144.076 366.562
206.032 424.273
266.771 401.912
331.639 323.109
402.175 283.748
398.566 220.754
351.883 132.34
341.385 56.081
278.702 37.592
177.192 62.643
87.665 51.618
5.761 41.653
-37.122 236.272
-21.493 351.844
146.308 448.913
264.838 467.489
406.718 347.105
465.125 238.909
403.947 71.653
322.91 -20.533
123.139 -14.543
42.68 -91.764
-38.983 -27.988
-82.091 55.349
-110.156 141.529
-127.441 200.744
-131.874 283.628
-98.414 381.557
-17.362 444.028
36.746 499.92
92.036 517.891
163.736 546.96
264.386 547.193
352.685 489.196
424.947 460.421
458.043 415.541
506.394 358.147
540.755 265.351
515.511 161.537
517.213 86.854
485.314 40.05
448.755 -26.767
367.758 -90.001
262.0 -95.049
183.078 -116.975
123.061 -106.966
157.738 -169.262
4.699 -189.028
-86.617 -148.698
-119.233 -95.509
-149.146 51.962
-161.749 140.795
-234.283 297.383
-233.603 393.884
-176.363 451.163
-43.921 503.42
39.909 548.371
158.884 649.133
248.49 676.494
316.71 637.849
402.365 531.405
474.744 471.826
601.773 393.035
653.021 313.45
642.876 243.156
570.465 131.801
548.017 42.044
513.779 -106.116
453.338 -175.989
392.258 -191.885
256.535 -159.915
244.622 -234.085
198.659 -252.415
-200.757 41.112
-227.101 78.212
-63.186 550.472
-22.58 582.749
446.879 565.954
488.722 540.244
626.874 94.488
621.608 50.973
319.096 -225.359
233.964 -273.717
104.822 -232.796
-174.121 -33.085
-238.325 42.207
-241.253 183.951
-128.967 518.403
-63.286 591.144
58.034 625.636
393.341 613.914
483.697 579.755
550.922 479.662
647.701 164.681
653.446 69.219
581.703 -30.022
