180.847 236.896
229.336 237.216
244.009 191.3
204.761 163.36
166.587 190.709
137.161 226.24
206.019 276.395
274.082 225.19
246.158 145.525
164.57 148.229
116.089 142.509
99.599 201.338
84.837 243.257
117.885 269.5
171.036 303.65
205.94 330.141
240.846 306.641
289.277 266.736
324.753 241.85
313.019 201.331
290.795 143.679
278.115 102.169
235.45 100.931
175.918 103.42
131.148 102.372
95.483 111.499
61.926 212.522
83.316 279.056
170.282 342.048
239.565 342.362
324.85 278.932
346.744 213.549
313.532 113.428
258.046 71.576
153.591 70.845
118.054 41.269
79.689 67.502
59.403 110.029
27.5 147.434
34.336 194.519
23.449 237.864
35.994 280.864
71.824 315.536
98.465 356.172
141.909 365.315
182.883 388.236
227.623 388.517
271.382 364.322
316.928 351.563
338.972 314.625
373.496 281.679
387.566 239.168
378.455 188.98
380.584 143.106
351.851 110.6
331.244 67.764
295.496 41.15
245.494 33.819
203.172 18.12
161.799 39.216
163.499 -10.344
79.992 -22.207
37.465 -17.439
19.726 25.025
10.752 101.767
-13.06 176.568
-47.746 255.22
-57.702 297.988
-19.614 327.869
49.443 358.036
113.307 401.117
174.996 458.271
213.049 482.93
254.669 453.61
303.335 398.344
363.309 351.293
436.066 311.319
472.234 282.455
457.318 234.016
420.044 170.357
394.929 98.427
378.764 15.405
363.476 -24.788
314.222 -27.054
240.899 -11.53
222.611 -63.21
180.886 -64.953
-44.541 104.038
-59.099 143.181
34.79 410.504
67.988 435.839
347.98 428.474
382.265 404.61
462.851 137.487
451.209 97.381
274.305 -54.401
202.949 -92.796
121.404 -49.587
-21.144 59.16
-78.757 113.591
-62.118 202.527
-2.603 373.379
33.953 446.018
124.784 455.928
301.431 452.16
381.542 440.135
418.63 357.249
470.4 189.007
484.631 109.423
417.989 47.565
