164.887 263.295
230.338 277.567
264.812 214.347
221.177 164.647
157.139 192.561
97.182 248.539
193.05 327.984
307.843 265.527
283.985 141.647
155.652 124.128
43.255 104.61
43.86 208.52
4.509 288.588
41.407 342.466
142.226 367.928
206.205 426.246
267.547 404.175
332.353 324.696
404.071 284.116
401.016 220.695
353.432 131.865
342.348 53.898
278.874 34.572
177.281 60.292
86.232 49.416
2.56 39.71
-40.107 237.195
-23.76 352.72
146.003 451.419
265.139 470.156
408.885 348.18
467.814 239.493
405.851 69.428
324.078 -23.648
121.548 -17.245
40.543 -94.492
-41.15 -30.537
-85.851 52.52
-112.376 141.188
-131.148 201.369
-134.844 284.29
-100.925 382.171
-20.482 444.876
34.392 501.121
90.482 519.83
162.785 549.449
264.1 550.078
352.678 492.857
426.128 462.673
459.962 417.457
508.968 359.498
543.813 265.986
518.68 162.059
519.667 85.613
488.077 38.002
450.609 -29.526
369.199 -93.071
263.512 -98.642
181.659 -119.342
120.9 -110.581
156.566 -172.619
2.732 -192.006
-88.838 -151.893
-121.183 -98.306
-156.113 50.577
-164.708 139.136
-237.425 295.932
-237.219 392.941
-179.615 450.841
-47.088 504.342
36.887 550.015
156.465 651.817
246.64 679.558
315.616 641.088
403.357 535.336
476.034 474.8
604.266 395.63
655.851 315.48
646.025 244.616
574.251 131.608
551.281 41.109
516.638 -108.344
455.535 -178.601
394.277 -194.725
256.907 -165.013
246.719 -237.659
197.738 -257.042
-203.829 38.591
-231.972 75.137
-66.623 551.029
-26.476 583.978
446.47 569.643
489.16 544.044
630.764 95.234
626.269 50.941
320.903 -228.423
235.706 -280.742
103.43 -236.144
-176.183 -35.948
-241.743 38.325
-244.653 182.012
-132.413 518.362
-67.337 591.58
54.784 627.684
392.649 617.259
483.445 583.868
552.549 483.161
650.981 165.731
658.05 70.12
585.308 -31.461
