163.578 263.264
230.086 278.176
265.354 214.57
221.471 164.148
156.601 192.115
95.952 247.652
192.16 329.298
308.65 266.313
284.94 140.749
155.08 122.728
41.779 103.471
42.066 207.157
2.807 288.594
40.265 342.86
140.867 369.105
206.385 427.78
268.19 405.889
332.94 325.921
405.535 284.387
402.902 220.617
354.647 131.494
342.956 52.123
278.911 32.154
177.382 58.395
85.22 47.697
0.783 37.783
-42.435 237.35
-25.58 353.3
145.859 453.383
265.407 472.184
410.569 348.973
469.878 239.948
407.247 67.56
324.892 -26.116
120.34 -19.316
38.849 -96.532
-42.938 -32.529
-88.493 50.876
-114.505 140.686
-134.158 201.716
-137.15 284.598
-102.931 382.436
-23.016 445.387
32.636 501.957
89.37 521.263
162.066 551.324
263.834 552.232
352.637 495.708
426.995 464.381
461.432 418.894
510.925 360.508
546.131 266.495
521.138 162.497
521.418 84.562
490.097 36.31
451.96 -31.696
370.299 -95.424
264.677 -101.531
180.52 -121.037
119.168 -113.289
155.431 -175.121
0.99 -194.177
-90.848 -154.367
-123.008 -100.185
-160.785 49.757
-167.072 137.782
-239.814 294.817
-239.974 392.166
-182.126 450.472
-49.58 505.057
34.598 551.269
154.586 653.793
245.167 681.83
314.703 643.521
404.089 538.4
477.038 477.088
606.147 397.586
657.998 317.044
648.396 245.735
577.221 131.402
553.677 40.24
518.676 -110.156
457.155 -180.694
395.66 -196.93
257.042 -169.126
248.191 -240.38
196.45 -260.056
-206.38 36.971
-235.864 73.023
-69.298 551.401
-29.482 584.937
446.105 572.508
489.499 547.033
633.779 95.826
629.94 50.752
322.13 -230.795
236.386 -286.719
102.094 -238.478
-177.959 -37.865
-244.668 35.608
-247.243 180.588
-134.986 518.154
-70.518 591.953
52.289 629.23
392.029 619.782
483.191 587.1
553.811 485.832
653.449 166.544
661.786 70.742
587.892 -32.744
