173.094 254.729
231.825 263.706
259.129 210.018
217.758 168.468
163.913 195.622
115.749 240.24
199.848 309.607
294.51 254.549
272.996 148.013
162.694 137.851
74.546 113.527
57.381 209.455
22.536 264.694
64.601 314.423
154.62 355.039
201.245 403.471
257.793 377.267
323.836 310.26
383.586 278.851
375.482 218.672
338.172 135.766
328.445 71.225
271.042 59.656
175.917 77.779
106.911 65.859
35.046 57.957
-8.275 218.799
1.511 335.05
148.071 422.933
259.855 440.099
386.39 335.569
439.342 233.114
385.061 85.293
308.06 3.365
141.895 12.436
64.488 -64.806
-17.24 -4.517
-52.266 82.106
-87.344 139.697
-92.023 192.95
-101.041 268.547
-72.012 361.273
7.973 424.39
52.674 477.994
102.399 491.743
167.576 516.156
258.566 515.197
345.532 458.832
409.745 438.34
437.902 396.559
479.937 344.198
509.16 260.319
487.702 159.881
491.32 95.419
457.811 54.914
428.607 -2.976
354.684 -59.369
255.218 -70.29
194.713 -92.311
140.747 -69.69
160.46 -136.758
13.628 -154.993
-70.759 -117.944
-103.604 -64.189
-103.149 68.111
-134.712 152.115
-198.526 301.704
-193.853 390.949
-141.498 440.227
-16.547 480.185
60.51 525.07
173.639 614.828
257.049 639.187
317.748 601.559
389.714 498.354
459.81 444.751
574.629 368.857
623.184 296.682
609.663 231.282
538.67 132.86
515.729 47.69
483.153 -86.25
432.344 -150.599
372.705 -162.855
252.044 -127.024
232.496 -199.463
191.535 -207.628
-176.264 65.168
-192.454 103.81
-33.459 537.371
4.634 564.221
442.909 533.022
479.503 507.893
592.179 91.272
582.799 50.491
303.175 -194.792
217.632 -231.728
106.29 -194.418
-156.106 -2.914
-210.906 73.368
-207.582 197.245
-95.78 504.72
-32.022 575.485
80.827 598.385
390.005 579.503
477.931 544.892
532.563 448.474
614.553 157.799
615.496 64.436
544.978 -20.545
