174.543 250.967
231.075 258.787
256.25 207.986
215.65 168.971
165.226 195.538
121.458 236.193
200.392 302.715
289.122 250.275
268.389 149.284
164.509 141.452
84.055 118.399
62.587 207.45
31.067 258.269
73.546 305.34
156.718 348.769
200.66 393.595
254.884 366.897
319.955 304.914
375.722 275.127
366.279 216.371
332.067 136.477
321.511 75.124
265.603 65.638
174.451 80.846
114.024 69.798
44.208 65.264
2.609 215.096
12.743 326.533
149.684 412.187
257.105 427.425
378.298 329.464
427.941 230.341
376.526 88.298
300.878 11.873
147.473 24.685
73.21 -53.029
-5.251 4.598
-40.291 86.289
-75.058 139.788
-76.057 191.411
-87.015 260.758
-58.665 349.197
16.878 412.922
57.027 465.001
106.039 477.423
167.67 500.923
254.062 499.547
339.802 447.258
401.137 429.075
427.81 387.895
467.726 337.857
494.428 257.822
475.932 160.493
479.773 99.133
445.665 60.362
418.427 5.91
347.564 -46.591
253.795 -60.467
197.027 -81.205
144.775 -54.771
159.643 -123.155
18.595 -140.31
-59.632 -106.163
-91.371 -53.872
-91.088 72.516
-121.455 155.668
-181.538 298.736
-176.495 383.614
-126.393 429.31
-6.932 466.252
66.722 512.793
176.537 597.739
256.192 621.68
313.875 584.739
382.315 485.76
451.537 433.922
561.332 359.667
608.87 291.654
594.145 228.284
525.556 134.298
502.182 50.251
469.257 -78.073
424.19 -138.862
365.292 -149.304
249.885 -115.603
229.463 -184.961
188.208 -191.458
-163.644 71.115
-178.683 110.079
-22.945 526.956
13.134 552.712
436.993 520.023
472.394 495.432
577.818 92.211
567.737 51.661
297.947 -180.967
213.305 -216.598
105.609 -178.189
-143.872 6.299
-197.974 80.251
-192.363 199.516
-83.125 492.484
-22.145 563.911
87.33 584.038
383.948 564.531
471.338 531.705
522.645 436.7
599.601 157.387
600.655 65.001
529.615 -16.728
