180.013 238.434
232.034 239.48
247.928 191.589
207.528 162.238
166.584 190.56
134.61 227.027
207.742 283.202
280.956 227.096
251.054 143.073
164.004 144.793
108.889 134.227
90.771 201.426
72.298 247.94
105.717 277.748
170.839 314.985
208.013 345.107
245.535 322.255
300.093 271.829
338.642 246.695
328.034 203.285
300.612 138.08
288.3 92.854
243.059 89.944
173.977 95.367
126.947 92.571
86.679 99.168
44.696 212.762
67.593 287.176
168.519 359.006
243.295 360.526
338.758 286.36
365.275 217.139
327.675 104.645
268.721 56.975
151.262 59.632
112.623 18.003
64.286 50.537
37.288 99.101
1.227 141.256
11.407 192.649
-0.683 237.23
13.339 292.399
56.539 341.265
84.402 384.089
134.998 391.003
180.919 412.838
233.071 414.215
292.15 386.979
338.9 374.315
361.298 330.308
395.902 291.507
412.932 243.726
406.01 178.882
408.947 131.971
373.827 97.258
350.387 53.041
309.771 20.7
248.552 6.538
203.952 -10.51
159.175 16.825
160.751 -42.352
49.985 -51.252
8.709 -42.308
-12.302 2.616
-16.573 91.896
-43.553 171.81
-83.604 278.478
-90.446 322.221
-49.244 354.701
34.576 386.251
100.945 433.966
187.467 499.059
224.901 521.701
270.82 489.776
325.254 421.284
390.304 373.956
477.614 313.587
511.713 284.826
496.069 231.939
448.512 159.535
425.04 82.245
396.562 -20.298
379.486 -59.86
327.16 -63.268
243.077 -41.447
222.031 -98.4
180.367 -101.261
-79.3 95.928
-94.411 134.861
20.377 444.737
53.269 470.471
375.452 453.097
410.049 429.709
495.143 121.92
484.377 81.57
279.761 -91.822
203.167 -128.502
111.298 -85.403
-57.574 45.814
-113.648 104.996
-100.219 205.708
-24.752 406.231
19.114 480.239
115.177 493.28
325.011 483.544
408.846 465.212
449.924 378.803
507.623 179.49
517.528 94.337
448.645 26.103
