172.449 256.152
232.029 265.59
260.15 210.66
218.499 168.078
163.252 195.448
113.333 241.889
199.552 312.249
296.582 256.065
274.672 147.443
161.803 136.135
70.277 111.431
55.657 210.0
19.492 267.783
61.034 318.416
153.68 357.188
201.798 407.096
259.119 381.238
325.271 312.183
386.579 279.999
379.034 219.335
340.413 135.396
330.865 69.428
272.834 56.961
176.322 76.077
103.848 63.993
31.583 54.786
-12.768 220.677
-2.709 338.271
147.656 427.113
260.91 444.739
389.517 337.648
443.575 234.052
388.197 83.809
310.659 0.02
139.162 7.698
60.981 -69.136
-21.516 -8.179
-56.484 79.771
-91.747 139.705
-98.107 193.614
-106.275 271.316
-76.919 365.568
4.163 428.425
50.858 482.551
101.033 496.803
167.446 521.7
260.191 520.808
347.391 463.332
412.648 441.879
441.434 399.706
484.385 346.512
514.523 261.122
492.105 159.819
495.622 94.157
462.3 52.856
432.208 -6.455
357.041 -64.265
255.763 -73.817
193.443 -96.423
138.706 -75.79
160.758 -141.906
12.166 -160.554
-74.224 -122.663
-107.526 -68.455
-108.015 66.16
-139.496 150.518
-204.814 302.308
-200.553 393.007
-147.317 443.65
-20.604 485.357
57.981 529.409
172.126 621.023
256.746 645.677
318.617 607.801
392.166 503.262
462.619 448.931
579.376 372.5
628.325 298.934
615.311 232.772
543.583 132.546
520.877 46.869
488.312 -89.318
435.613 -154.785
375.755 -167.721
252.852 -131.257
233.789 -204.957
192.988 -214.01
-180.717 62.524
-197.564 100.883
-37.837 540.594
1.109 568.029
444.51 538.066
481.69 512.746
597.602 91.287
588.607 50.348
305.454 -199.804
219.614 -237.546
106.686 -200.666
-160.128 -6.837
-215.493 70.132
-213.187 195.977
-100.842 508.584
-36.212 579.204
77.989 603.464
391.644 585.158
479.816 550.074
535.96 453.131
620.056 158.376
621.194 64.642
550.856 -21.874
