175.241 249.06
230.612 256.321
254.745 206.706
214.656 168.925
165.78 195.228
124.082 234.286
200.595 299.192
286.556 247.931
266.009 149.915
165.24 142.748
87.962 120.378
65.339 206.314
35.389 255.667
77.857 301.351
157.666 345.369
200.743 388.519
253.727 361.663
317.999 302.016
371.85 272.832
361.806 214.894
328.995 136.661
317.998 76.83
262.653 68.279
173.709 81.788
116.961 71.414
48.855 68.356
7.601 213.654
18.357 322.45
150.718 406.917
255.905 420.872
374.379 326.024
422.131 228.726
372.122 89.611
297.122 15.868
149.243 30.19
78.044 -47.388
1.511 8.443
-33.735 87.265
-68.729 139.958
-68.244 190.748
-79.854 256.915
-51.762 343.171
20.941 406.907
59.052 458.071
107.928 469.825
167.715 493.009
251.916 491.276
336.536 441.598
396.254 424.48
422.268 383.301
461.306 334.513
486.75 256.308
469.939 161.073
473.875 101.34
439.427 63.264
412.919 10.315
343.63 -40.312
253.167 -55.31
198.158 -75.485
146.642 -47.634
159.47 -116.299
21.247 -132.784
-53.483 -100.503
-84.632 -48.915
-85.669 74.354
-114.599 157.288
-172.885 296.829
-168.047 379.195
-119.024 423.117
-2.557 459.09
69.677 506.264
177.508 588.824
254.882 612.734
311.087 576.164
378.049 479.608
446.888 428.584
554.205 355.282
601.215 289.708
585.987 227.382
518.846 135.456
495.389 51.919
462.092 -73.905
420.46 -132.467
362.033 -142.028
249.047 -109.552
228.331 -177.572
186.997 -183.54
-156.917 73.696
-171.546 112.815
-18.173 520.855
17.079 546.266
433.081 513.67
468.072 489.343
570.545 93.307
560.257 52.815
295.904 -173.619
211.77 -209.0
105.385 -170.041
-137.191 10.623
-191.149 83.191
-184.524 200.342
-77.157 485.522
-17.705 557.338
90.174 576.407
379.982 557.022
467.143 525.338
517.105 431.072
591.83 157.872
593.245 65.983
521.992 -14.476
