179.585 238.934
231.409 241.284
248.598 193.909
209.199 163.601
167.384 191.004
134.747 226.473
206.097 283.666
280.366 229.994
252.999 145.866
165.77 145.065
105.172 131.223
85.019 200.903
64.277 248.725
100.63 282.481
167.686 321.5
206.672 354.263
248.044 330.121
304.684 277.817
346.405 251.669
335.784 204.581
307.403 136.659
295.476 89.092
246.558 85.139
173.854 91.07
125.744 86.943
79.218 91.763
35.243 211.688
56.371 294.997
164.247 369.989
246.672 373.993
347.293 294.853
378.522 219.139
337.346 101.228
274.913 46.122
151.402 53.271
108.783 -0.128
51.811 40.593
22.027 93.726
-15.919 138.847
-7.692 189.584
-20.835 236.668
-1.747 303.221
47.59 357.775
76.636 401.836
127.95 408.781
176.489 430.532
237.525 431.452
304.291 400.524
352.687 387.521
375.292 342.483
410.275 301.474
429.792 246.211
422.3 173.184
425.667 124.445
389.462 89.246
364.84 43.634
317.928 6.046
249.867 -10.369
203.877 -27.926
157.814 1.02
160.279 -61.469
38.134 -70.39
-6.778 -57.34
-30.214 -11.087
-33.563 86.107
-61.816 167.605
-105.356 285.057
-109.545 337.046
-66.621 370.912
25.618 403.82
93.087 452.446
190.145 521.67
231.807 545.241
280.466 511.188
338.581 435.299
405.187 387.358
499.341 318.472
535.333 286.707
518.804 230.624
465.883 152.789
442.525 73.474
407.771 -40.218
390.181 -79.204
335.74 -83.671
244.527 -59.398
222.89 -118.745
181.268 -122.157
-99.377 90.382
-114.241 129.409
11.487 464.513
44.392 490.228
391.036 467.793
425.733 444.552
514.061 113.227
503.642 72.785
283.081 -113.088
204.427 -149.095
106.788 -106.514
-78.773 38.256
-133.667 99.667
-122.042 206.142
-37.305 425.908
10.243 500.016
110.609 515.277
339.195 501.504
424.378 480.051
468.794 390.374
528.913 173.151
536.682 85.835
465.761 12.48
