163.071 263.204
230.02 278.35
265.587 214.642
221.589 163.944
156.414 191.927
95.521 247.231
191.859 329.782
308.95 266.592
285.309 140.375
154.877 122.184
41.287 102.975
41.385 206.582
2.163 288.486
39.893 342.913
140.394 369.564
206.461 428.346
268.437 406.506
333.165 326.368
406.076 284.475
403.598 220.577
355.096 131.354
343.146 51.45
278.911 31.244
177.434 57.676
84.867 47.077
0.269 37.005
-43.294 237.302
-26.25 353.507
145.826 454.109
265.52 472.921
411.196 349.25
470.63 240.117
407.737 66.839
325.179 -27.035
119.891 -20.072
38.217 -97.275
-43.602 -33.254
-89.39 50.384
-115.382 140.468
-135.281 201.839
-138.003 284.692
-103.667 382.508
-23.952 445.559
32.013 502.254
88.988 521.781
161.81 552.009
263.732 553.004
352.618 496.762
427.302 465.003
461.966 419.408
511.637 360.874
546.969 266.688
522.039 162.667
522.02 84.152
490.808 35.659
452.429 -32.506
370.693 -96.294
265.081 -102.603
180.093 -121.633
118.519 -114.258
154.958 -176.024
0.331 -194.958
-91.61 -155.285
-123.689 -100.858
-162.271 49.465
-167.953 137.288
-240.688 294.428
-240.988 391.889
-183.038 450.326
-50.492 505.324
33.778 551.736
153.899 654.502
244.62 682.648
314.357 644.398
404.35 539.533
477.408 477.926
606.826 398.296
658.775 317.62
649.25 246.148
578.32 131.316
554.521 39.882
519.374 -110.854
457.726 -181.497
396.105 -197.755
257.036 -170.65
248.652 -241.368
195.865 -261.022
-207.31 36.392
-237.311 72.318
-70.273 551.534
-30.574 585.298
445.964 573.567
489.626 548.147
634.886 96.052
631.296 50.632
322.515 -231.673
236.415 -288.973
101.563 -239.288
-178.607 -38.555
-245.856 34.603
-248.187 180.099
-135.924 518.067
-71.681 592.103
51.383 629.796
391.786 620.697
483.087 588.303
554.275 486.804
654.337 166.846
663.217 70.942
588.785 -33.26
