177.207 244.473
229.407 250.281
251.018 202.595
212.398 167.99
167.074 193.819
129.861 230.159
201.214 290.202
281.256 241.497
259.884 151.044
166.834 145.019
95.727 124.806
72.244 203.799
46.146 250.643
88.032 292.638
160.124 336.291
201.653 375.431
251.434 348.271
312.918 293.954
362.511 265.477
351.517 210.444
321.248 136.387
309.874 81.462
255.369 75.028
172.81 84.091
122.136 75.989
60.568 76.165
19.356 211.285
32.343 312.584
153.963 393.501
253.472 403.947
365.217 316.206
407.016 224.458
359.8 93.953
287.75 25.332
151.271 40.935
91.5 -33.019
20.581 18.277
-14.602 88.121
-51.025 138.583
-47.587 188.905
-60.628 247.282
-33.841 328.171
30.41 390.586
64.184 439.222
113.132 449.368
168.462 471.943
247.142 469.473
326.855 427.5
381.944 412.672
406.509 370.549
443.818 325.196
466.572 252.098
454.043 163.691
458.075 108.344
422.628 71.612
396.88 21.768
333.451 -24.691
251.854 -41.391
201.313 -60.222
151.634 -30.278
159.929 -98.272
27.331 -112.297
-37.381 -85.954
-66.601 -35.944
-68.473 77.61
-97.483 160.693
-150.139 291.438
-146.943 365.985
-100.61 405.484
7.572 440.146
77.057 488.371
179.177 564.992
248.858 589.32
301.485 553.787
365.34 464.24
433.369 414.975
534.58 344.278
579.971 286.722
563.771 227.001
500.951 139.975
477.584 57.688
441.517 -64.554
412.064 -114.534
354.461 -122.007
247.671 -93.001
226.557 -157.898
185.109 -163.005
-138.381 79.957
-152.6 119.224
-7.292 502.76
26.513 527.832
420.164 497.793
454.665 474.026
551.403 98.114
540.945 57.676
291.922 -153.438
209.346 -188.975
105.146 -148.664
-118.902 21.461
-172.512 89.806
-163.703 202.364
-62.801 465.635
-7.574 538.471
96.564 555.575
367.141 537.757
453.741 509.608
501.106 417.312
570.901 161.269
573.994 70.698
502.18 -7.759
