169.95 259.841
232.079 270.764
262.555 212.268
220.007 166.665
160.776 194.561
106.155 246.176
198.044 319.528
301.956 260.083
278.888 145.439
158.768 130.943
57.062 106.655
51.556 210.436
12.379 278.13
51.419 330.789
150.2 362.242
204.099 416.326
263.148 392.02
328.81 317.364
394.553 282.384
388.747 220.526
346.162 134.101
336.536 63.461
276.565 48.186
176.767 70.157
94.956 58.192
20.843 46.664
-25.419 227.785
-13.373 346.786
147.037 438.489
263.427 456.696
398.064 342.722
454.645 236.472
396.266 78.551
317.214 -9.526
130.766 -4.16
51.074 -80.313
-31.347 -18.088
-67.929 69.37
-102.339 140.224
-113.742 196.304
-119.88 277.938
-89.298 375.272
-7.972 438.095
45.225 493.438
97.236 509.132
166.594 535.741
263.767 534.961
351.342 475.787
419.589 451.348
450.284 407.872
495.897 352.504
528.286 263.114
503.804 160.154
506.879 90.816
474.02 46.978
441.14 -16.298
362.541 -77.349
257.875 -83.416
188.376 -107.09
131.142 -92.626
160.379 -155.786
9.341 -175.551
-80.83 -135.86
-114.649 -81.626
-124.523 59.49
-151.271 145.726
-220.8 301.682
-218.215 395.752
-162.704 449.993
-33.037 498.982
50.434 540.13
166.785 636.614
254.149 662.477
319.261 623.939
397.935 516.877
469.356 460.33
591.35 382.651
641.404 305.77
629.823 237.552
556.779 132.108
534.708 44.707
501.787 -97.542
444.677 -165.496
384.373 -180.141
254.871 -143.777
238.376 -219.665
196.961 -232.364
-191.196 53.065
-211.299 90.652
-50.587 546.931
-9.381 576.53
447.127 551.879
486.269 526.16
612.195 92.212
604.651 50.502
312.335 -212.84
226.269 -254.003
107.393 -217.645
-168.164 -19.369
-226.851 58.158
-227.679 190.968
-114.917 516.061
-48.851 586.928
69.155 615.939
394.197 600.107
483.222 564.508
544.185 466.126
634.39 160.918
636.88 66.207
566.698 -25.502
