166.7 262.86
230.911 276.064
264.136 213.87
220.789 165.328
158.097 193.21
99.415 249.007
194.665 325.821
306.43 264.101
282.515 142.877
156.543 126.231
46.23 105.682
46.582 209.935
7.098 287.347
43.697 340.75
144.645 366.17
205.971 423.663
266.531 401.198
331.425 322.624
401.587 283.643
397.802 220.765
351.413 132.488
341.054 56.731
278.614 38.502
177.164 63.341
88.139 52.268
6.925 42.131
-36.211 235.82
-20.833 351.537
146.41 448.136
264.747 466.657
406.043 346.769
464.297 238.727
403.347 72.297
322.518 -19.594
123.651 -13.708
43.33 -90.895
-38.355 -27.212
-80.891 56.369
-109.562 141.555
-126.349 200.491
-130.958 283.346
-97.679 381.289
-16.466 443.712
37.466 499.514
92.513 517.265
164.016 546.164
264.442 546.28
352.662 488.084
424.567 459.718
457.447 414.944
505.59 357.719
539.802 265.162
514.549 161.389
516.431 87.213
484.439 40.655
448.174 -25.921
367.32 -89.036
261.564 -93.991
183.507 -116.214
123.712 -105.84
158.045 -168.206
5.221 -188.06
-86.041 -147.706
-118.765 -94.529
-146.934 52.491
-160.873 141.272
-233.299 297.83
-232.477 394.164
-175.347 451.237
-42.976 503.136
40.824 547.833
159.607 648.263
249.034 675.504
317.016 636.821
402.048 530.209
474.343 470.909
600.99 392.222
652.138 312.824
641.888 242.701
569.322 131.844
546.988 42.301
512.869 -105.436
452.652 -175.181
391.624 -190.995
256.407 -158.423
244.001 -232.972
198.78 -250.876
-199.899 42.015
-225.66 79.223
-62.136 550.288
-21.419 582.353
446.981 564.822
488.577 539.088
625.685 94.265
620.198 50.953
318.534 -224.405
233.345 -271.764
105.17 -231.694
-173.577 -32.083
-237.325 43.511
-240.199 184.562
-127.89 518.384
-62.059 590.963
59.014 624.976
393.519 612.864
483.748 578.504
550.417 478.578
646.674 164.356
652.067 68.938
580.555 -29.613
