180.079 238.405
232.0 239.348
247.782 191.46
207.339 162.2
166.527 190.556
134.641 227.105
207.798 283.013
280.831 226.897
250.803 142.963
163.894 144.879
109.336 134.679
91.414 201.536
73.219 247.742
106.448 277.175
171.076 314.241
208.01 344.043
245.213 321.231
299.475 271.292
337.71 246.233
327.064 203.167
299.862 138.348
287.504 93.37
242.61 90.59
174.02 95.898
127.126 93.25
87.43 100.061
45.951 212.865
68.842 286.438
168.886 357.713
242.978 359.088
337.777 285.573
363.817 216.905
326.635 105.117
267.964 58.162
151.295 60.383
113.003 19.952
65.612 51.747
38.989 99.803
3.136 141.634
13.312 192.959
1.368 237.417
15.06 291.364
57.59 339.4
85.313 382.081
135.658 389.096
181.308 410.966
232.633 412.305
290.713 385.428
337.295 372.799
359.696 329.049
394.289 290.565
411.04 243.428
404.096 179.581
406.986 132.821
372.121 98.179
348.87 54.094
308.765 22.28
248.338 8.492
203.932 -8.469
159.302 18.599
160.84 -40.12
51.658 -49.149
10.692 -40.586
-10.086 4.149
-14.624 92.589
-41.463 172.232
-81.113 276.848
-88.166 320.526
-47.2 352.816
35.6 384.223
101.782 431.779
186.75 496.292
224.075 518.96
269.654 487.279
323.672 419.687
388.492 372.45
474.861 313.309
508.948 284.638
493.396 232.121
446.497 160.33
422.994 83.326
395.336 -17.855
378.331 -57.489
326.243 -60.808
242.909 -39.311
221.978 -95.984
180.311 -98.787
-76.912 96.525
-92.028 135.457
21.37 442.372
54.274 468.089
373.545 451.411
408.124 427.995
492.921 122.988
482.107 82.651
279.421 -89.282
203.073 -126.06
111.893 -82.923
-55.035 46.65
-111.261 105.589
-97.596 205.361
-23.292 403.91
20.125 477.874
115.596 490.62
323.305 481.441
406.948 463.5
447.613 377.508
505.105 180.244
515.273 95.378
446.606 27.706
