180.251 238.3
231.802 239.027
247.326 191.24
206.866 162.206
166.432 190.56
134.807 227.235
207.801 282.356
280.264 226.484
250.118 142.911
163.741 145.214
110.513 135.912
93.021 201.771
75.533 247.146
108.414 275.716
171.523 312.348
207.86 341.346
244.373 318.549
297.806 270.081
335.311 245.171
324.532 202.88
298.013 139.132
285.543 94.772
241.419 92.321
174.202 97.243
127.664 94.954
89.207 102.286
49.146 213.067
71.922 284.712
169.671 354.457
242.219 355.566
335.289 283.78
360.212 216.312
324.075 106.41
266.039 61.055
151.479 62.267
113.92 24.459
68.643 54.778
43.104 101.645
7.872 142.617
17.841 193.614
6.239 237.841
19.335 288.967
60.266 334.75
87.638 377.03
137.175 384.374
182.134 406.358
231.569 407.555
287.037 381.496
333.232 368.935
355.645 325.995
390.228 288.383
406.314 242.667
399.219 181.392
401.984 134.941
367.925 100.523
345.187 56.748
306.201 26.162
247.788 13.404
203.829 -3.36
159.652 22.783
161.188 -34.474
57.045 -44.116
15.564 -36.125
-4.546 8.155
-9.745 94.355
-36.193 173.219
-74.783 272.572
-82.38 316.181
-42.024 347.993
38.194 379.101
103.871 426.165
184.785 489.218
221.937 512.005
266.654 480.937
319.651 415.651
383.806 368.621
467.753 312.75
501.916 284.212
486.578 232.608
441.398 162.345
417.754 86.141
392.274 -11.567
375.475 -51.369
323.992 -54.488
242.492 -33.947
221.951 -89.824
180.273 -92.464
-70.825 98.03
-85.906 136.975
23.871 436.318
56.816 461.982
368.641 447.132
403.17 423.642
487.261 125.745
476.315 85.443
278.554 -82.763
202.929 -119.825
113.604 -76.6
-48.589 48.861
-105.166 107.125
-90.895 204.469
-19.55 397.995
22.682 471.822
116.731 483.841
318.951 476.061
402.07 459.149
441.742 374.133
498.652 182.141
509.522 98.061
441.329 31.723
