172.969 255.02
231.872 264.089
259.342 210.153
217.915 168.397
163.788 195.595
115.268 240.572
199.793 310.144
294.934 254.862
273.343 147.903
162.522 137.514
73.705 113.103
57.014 209.579
21.899 265.29
63.88 315.21
154.437 355.49
201.342 404.219
258.054 378.076
324.133 310.656
384.198 279.097
376.205 218.816
338.636 135.694
328.953 70.874
271.423 59.127
176.009 77.455
106.301 65.493
34.34 57.32
-9.178 219.154
0.644 335.712
147.977 423.784
260.073 441.055
387.027 336.004
440.213 233.309
385.708 85.008
308.597 2.686
141.362 11.462
63.797 -65.71
-18.122 -5.273
-53.142 81.662
-88.261 139.696
-93.271 193.08
-102.116 269.127
-73.024 362.173
7.218 425.233
52.311 478.945
102.12 492.797
167.555 517.302
258.906 516.359
345.927 459.747
410.354 439.063
438.637 397.208
480.854 344.675
510.267 260.488
488.605 159.861
492.204 95.157
458.735 54.496
429.356 -3.68
355.183 -60.369
255.33 -71.02
194.485 -93.156
140.368 -70.91
160.53 -137.812
13.302 -156.128
-71.513 -118.897
-104.451 -65.041
-104.135 67.729
-135.705 151.802
-199.822 301.859
-195.221 391.41
-142.687 440.967
-17.355 481.247
60.002 525.973
173.35 616.109
257.016 640.522
317.953 602.843
390.231 499.351
460.399 445.603
575.612 369.595
624.248 297.129
610.829 231.572
539.677 132.787
516.781 47.519
484.214 -86.878
433.007 -151.464
373.321 -163.861
252.216 -127.887
232.756 -200.586
191.829 -208.92
-177.195 64.656
-193.504 103.246
-34.336 538.066
3.929 565.027
443.264 534.048
479.972 508.879
593.289 91.261
583.982 50.451
303.632 -195.825
218.025 -232.912
106.363 -195.688
-156.967 -3.69
-211.862 72.748
-208.737 197.011
-96.804 505.551
-32.857 576.28
80.265 599.442
390.37 580.662
478.344 545.943
533.273 449.418
615.686 157.899
616.657 64.461
546.178 -20.818
