178.221 242.365
229.199 247.304
249.502 200.071
211.289 167.043
167.567 192.888
132.201 228.5
201.973 286.321
279.634 237.969
256.994 150.68
167.316 145.753
98.862 127.113
75.871 202.756
51.656 249.119
92.702 288.975
161.747 331.589
202.548 368.705
250.413 341.737
310.195 289.354
357.812 261.024
346.776 208.164
317.182 136.052
305.818 83.97
252.031 78.479
172.974 85.808
123.57 79.075
66.414 80.93
24.823 210.872
39.522 307.6
156.238 386.388
252.068 395.102
360.571 310.487
398.666 222.538
352.754 96.481
283.335 30.542
151.467 44.798
98.334 -24.69
31.046 24.946
-3.195 88.822
-40.932 138.205
-36.255 188.415
-49.636 242.981
-24.225 320.629
35.149 381.283
67.144 428.524
116.421 437.823
169.62 460.131
244.679 457.98
320.726 420.018
373.378 406.032
397.275 362.93
433.847 319.347
455.648 250.037
444.974 165.744
448.941 112.662
413.051 76.482
387.467 28.02
328.408 -16.285
251.173 -33.278
202.688 -51.462
154.094 -21.253
160.221 -88.065
30.167 -100.433
-28.4 -77.962
-56.213 -28.919
-58.441 79.555
-87.646 162.595
-137.434 288.615
-135.821 357.942
-90.833 395.272
12.593 429.631
81.116 478.095
180.449 551.785
244.236 576.569
295.239 541.521
357.619 456.082
425.29 407.462
523.672 337.704
567.721 286.224
551.096 227.631
490.79 143.124
467.52 61.493
429.244 -60.853
407.013 -104.358
349.667 -110.934
246.914 -83.606
225.612 -146.823
184.108 -151.454
-127.582 83.128
-141.841 122.38
-2.012 491.82
31.393 516.975
411.833 489.33
446.341 465.777
540.686 101.584
530.292 61.135
289.569 -141.999
208.047 -177.701
105.161 -136.682
-108.106 26.949
-161.724 92.942
-151.973 203.395
-55.424 454.049
-2.606 527.37
99.851 543.756
359.033 527.325
445.289 501.292
491.677 409.992
559.052 164.054
563.322 74.206
491.041 -3.824
