178.294 242.213
229.214 247.077
249.413 199.868
211.211 166.956
167.596 192.817
132.359 228.387
202.058 286.077
279.554 237.691
256.796 150.612
167.332 145.79
99.087 127.287
76.159 202.681
52.082 249.038
93.038 288.718
161.895 331.232
202.639 368.194
250.337 341.265
309.99 288.985
357.44 260.686
346.41 208.006
316.868 136.044
305.495 84.156
251.797 78.731
173.0 85.959
123.655 79.332
66.855 81.314
25.222 210.862
40.077 307.21
156.443 385.836
251.938 394.415
360.18 310.017
398.004 222.404
352.222 96.661
283.018 30.982
151.468 45.069
98.819 -23.993
31.833 25.508
-2.286 88.903
-40.125 138.195
-35.356 188.395
-48.748 242.678
-23.474 320.049
35.519 380.534
67.39 427.664
116.71 436.892
169.747 459.18
244.473 457.091
320.214 419.423
372.685 405.492
396.531 362.301
433.045 318.839
454.787 249.891
444.251 165.942
448.208 113.022
412.299 76.882
386.74 28.524
328.036 -15.606
251.116 -32.608
202.767 -50.749
154.262 -20.543
160.226 -87.24
30.378 -99.472
-27.687 -77.323
-55.373 -28.368
-57.637 79.725
-86.843 162.746
-136.417 288.406
-134.949 357.285
-90.062 394.455
12.984 428.793
81.448 477.269
180.602 550.742
243.838 575.565
294.73 540.548
356.991 455.435
424.637 406.855
522.824 337.125
566.731 286.232
550.074 227.714
489.986 143.402
466.719 61.833
428.371 -60.452
406.523 -103.56
349.237 -110.07
246.838 -82.854
225.516 -145.937
184.007 -150.525
-126.702 83.365
-140.972 122.613
-1.603 490.932
31.78 516.099
411.15 488.658
445.664 465.12
539.835 101.905
529.447 61.453
289.353 -141.09
207.918 -176.796
105.16 -135.72
-107.214 27.358
-160.847 93.169
-151.029 203.475
-54.846 453.12
-2.219 526.476
100.122 542.814
358.373 526.498
444.6 500.633
490.922 409.405
558.098 164.312
562.475 74.53
490.179 -3.439
