179.914 238.472
232.04 239.692
248.113 191.832
207.809 162.341
166.682 190.583
134.596 226.894
207.603 283.421
281.047 227.435
251.408 143.328
164.21 144.714
108.24 133.602
89.808 201.256
70.923 248.197
104.686 278.596
170.427 316.094
207.957 346.687
246.002 323.737
300.972 272.69
340.007 247.426
329.442 203.467
301.743 137.727
289.5 92.126
243.705 89.025
173.93 94.592
126.707 91.572
85.52 97.852
42.85 212.589
65.707 288.339
167.916 360.929
243.786 362.714
340.212 287.609
367.475 217.486
329.249 103.982
269.834 55.18
151.241 58.528
112.033 15.015
62.24 48.762
34.725 98.089
-1.643 140.723
8.436 192.145
-3.876 236.951
10.755 294.041
54.989 344.07
83.051 387.089
133.952 393.887
180.279 415.682
233.745 417.091
294.273 389.287
341.283 376.565
363.683 332.24
398.313 292.992
415.77 244.165
408.844 177.855
411.849 130.702
376.404 95.895
352.702 51.47
311.249 18.306
248.844 3.626
203.971 -13.542
158.98 14.138
160.637 -45.667
47.614 -54.437
5.854 -44.867
-15.515 0.296
-19.473 90.872
-46.667 171.148
-87.301 280.706
-93.832 324.726
-52.28 357.485
33.056 389.266
99.678 437.191
188.434 503.128
226.109 525.767
272.529 493.479
327.592 423.663
392.956 376.2
481.634 314.079
515.806 285.124
500.022 231.684
451.502 158.358
428.064 80.67
398.401 -23.882
381.229 -63.335
328.546 -66.885
243.325 -44.602
222.126 -101.965
180.468 -104.91
-82.819 95.021
-97.915 133.959
18.894 448.222
51.77 473.977
378.25 455.604
412.873 432.253
498.428 120.357
487.731 79.988
280.277 -95.565
203.324 -132.105
110.418 -89.077
-61.307 44.552
-117.163 104.102
-104.083 206.171
-26.911 409.661
17.609 483.724
114.549 497.202
327.528 486.651
411.631 467.756
453.328 380.712
511.34 178.375
520.86 92.812
451.64 23.719
