179.612 238.826
231.547 241.005
248.563 193.558
209.018 163.374
167.281 190.919
134.739 226.477
206.36 283.682
280.519 229.568
252.791 145.443
165.534 144.966
105.582 131.489
85.66 200.877
65.147 248.727
101.095 282.009
168.095 320.797
206.929 353.286
247.803 329.362
304.245 277.071
345.587 251.059
334.993 204.408
306.658 136.749
294.691 89.455
246.205 85.605
173.865 91.506
125.87 87.527
80.095 92.529
36.068 211.803
57.596 294.059
164.785 368.848
246.246 372.477
346.362 293.812
377.06 218.925
336.252 101.558
274.287 47.327
151.374 53.952
109.263 1.866
53.193 41.629
23.7 94.246
-14.049 139.012
-5.504 189.876
-18.578 236.542
-0.126 301.961
48.549 355.997
77.454 399.896
128.804 406.756
177.021 428.503
236.986 429.558
303.018 399.055
351.216 386.088
373.772 341.074
408.686 300.263
427.951 245.951
420.579 173.763
423.893 125.274
387.719 90.128
363.186 44.689
317.112 7.694
249.763 -8.568
203.908 -26.089
157.995 2.72
160.309 -59.437
39.115 -68.254
-5.201 -55.731
-28.341 -9.63
-31.728 86.697
-59.857 168.065
-102.96 285.082
-107.623 335.401
-64.797 369.149
26.597 401.927
93.987 450.49
190.312 519.394
231.052 542.742
279.451 508.912
337.186 433.77
403.649 385.872
497.242 317.648
532.819 286.513
516.392 230.76
464.023 153.504
440.655 74.38
406.486 -38.217
388.965 -77.229
334.759 -81.556
244.367 -57.519
222.757 -116.604
181.129 -119.947
-97.257 90.988
-112.163 130.0
12.474 462.447
45.362 488.183
389.446 466.197
424.14 442.952
512.052 114.118
501.603 73.684
282.679 -110.863
204.244 -146.923
107.154 -104.268
-76.544 39.079
-131.557 100.237
-119.774 206.363
-35.957 423.82
11.207 497.948
111.264 513.035
337.728 499.58
422.79 478.451
466.907 389.039
526.658 173.815
534.653 86.711
463.941 13.891
