166.19 263.06
230.724 276.593
264.326 214.033
220.896 165.134
157.794 193.015
98.699 248.999
194.161 326.496
306.886 264.56
282.959 142.518
156.281 125.606
45.232 105.459
45.783 209.614
6.341 287.913
42.942 341.438
143.888 366.694
206.051 424.474
266.85 402.147
331.71 323.27
402.369 283.784
398.818 220.749
352.04 132.292
341.491 55.864
278.727 37.289
177.201 62.409
87.512 51.399
5.392 41.483
-37.424 236.405
-21.715 351.942
146.275 449.169
264.868 467.763
406.94 347.215
465.399 238.969
404.144 71.436
323.036 -20.846
122.973 -14.819
42.465 -92.048
-39.195 -28.246
-82.485 55.026
-110.359 141.512
-127.806 200.821
-132.176 283.713
-98.661 381.636
-17.665 444.126
36.507 500.05
91.877 518.095
163.642 547.221
264.364 547.493
352.689 489.566
425.071 460.653
458.24 415.737
506.659 358.287
541.069 265.414
515.831 161.587
517.47 86.733
485.601 39.847
448.947 -27.047
367.904 -90.317
262.148 -95.404
182.936 -117.224
122.844 -107.337
157.632 -169.61
4.519 -189.342
-86.818 -149.025
-119.4 -95.821
-149.877 51.797
-162.043 140.633
-234.606 297.234
-233.973 393.789
-176.697 451.136
-44.237 503.513
39.605 548.545
158.643 649.416
248.307 676.816
316.605 638.186
402.468 531.802
474.876 472.129
602.03 393.302
653.312 313.657
643.201 243.306
570.845 131.785
548.356 41.956
514.078 -106.34
453.564 -176.255
392.468 -192.177
256.577 -160.417
244.833 -234.451
198.604 -252.915
-201.05 40.825
-227.584 77.883
-63.534 550.531
-22.968 582.877
446.843 566.328
488.769 540.627
627.268 94.562
622.076 50.977
319.283 -225.673
234.165 -274.386
104.699 -233.153
-174.31 -33.405
-238.661 41.785
-241.601 183.749
-129.322 518.405
-63.694 591.199
57.708 625.851
393.278 614.259
483.678 580.17
551.089 480.019
648.039 164.788
653.906 69.312
582.08 -30.16
