177.368 244.134
229.337 249.818
250.75 202.219
212.22 167.864
167.161 193.678
130.252 229.881
201.296 289.538
280.946 240.961
259.409 151.044
166.933 145.155
96.239 125.158
72.791 203.629
46.99 250.356
88.781 292.037
160.346 335.563
201.763 374.391
251.274 347.23
312.5 293.267
361.796 264.801
350.778 210.074
320.624 136.321
309.263 81.859
254.828 75.578
172.814 84.326
122.405 76.429
61.48 76.859
20.226 211.185
33.443 311.823
154.274 392.417
253.282 402.596
364.529 315.361
405.766 224.142
358.712 94.365
287.043 26.09
151.329 41.585
92.591 -31.811
22.191 19.208
-12.918 88.199
-49.523 138.492
-45.885 188.803
-59.001 246.581
-32.382 327.009
31.136 389.207
64.616 437.633
113.594 447.655
168.592 470.187
246.782 467.716
325.976 426.372
380.684 411.69
405.144 369.437
442.338 324.366
464.925 251.766
452.696 163.961
456.723 108.978
421.182 72.333
395.441 22.707
332.66 -23.433
251.761 -40.205
201.559 -58.93
152.038 -28.912
159.997 -96.761
27.778 -110.547
-36.039 -84.76
-65.066 -34.882
-66.98 77.882
-96.043 160.977
-148.245 290.999
-145.257 364.81
-99.133 403.968
8.343 438.574
77.659 486.849
179.32 563.009
248.216 587.398
300.579 551.947
364.209 463.009
432.181 413.857
532.935 343.343
578.159 286.593
561.891 227.058
499.431 140.419
476.084 58.219
439.593 -64.051
411.425 -113.002
353.817 -120.324
247.58 -91.601
226.445 -156.248
184.99 -161.292
-136.793 80.452
-151.007 119.722
-6.478 501.156
27.253 526.23
418.958 496.518
453.45 472.787
549.8 98.588
539.348 58.15
291.614 -151.727
209.188 -187.299
105.152 -146.883
-117.329 22.316
-170.923 90.306
-161.962 202.522
-61.679 463.918
-6.81 536.831
97.054 553.814
365.959 536.188
452.511 508.353
499.712 416.213
569.142 161.646
572.396 71.177
500.502 -7.226
