172.714 255.592
231.956 264.847
259.755 210.413
218.217 168.244
163.527 195.53
114.302 241.234
199.678 311.206
295.768 255.473
274.019 147.677
162.171 136.831
72.004 112.262
56.313 209.805
20.667 266.514
62.448 316.802
154.065 356.36
201.557 405.681
258.583 379.671
324.712 311.43
385.402 279.564
377.633 219.087
339.54 135.548
329.933 70.16
272.152 58.055
176.178 76.783
105.076 64.752
32.95 56.05
-10.979 219.895
-1.057 337.01
147.806 425.463
260.499 442.926
388.284 336.845
441.918 233.687
386.972 84.421
309.645 1.343
140.273 9.554
62.399 -67.461
-19.848 -6.75
-54.844 80.745
-90.04 139.698
-95.721 193.342
-104.224 270.247
-75.002 363.912
5.697 426.864
51.585 480.787
101.571 494.841
167.507 519.537
259.565 518.623
346.683 461.554
411.528 440.487
440.062 398.476
482.647 345.608
512.429 260.813
490.378 159.832
493.936 94.648
460.544 53.67
430.81 -5.076
356.139 -62.338
255.549 -72.442
193.992 -94.812
139.567 -73.35
160.656 -139.882
12.701 -158.363
-72.93 -120.789
-106.053 -66.745
-106.08 66.954
-137.637 151.165
-202.356 302.117
-197.917 392.257
-145.027 442.363
-18.977 483.329
58.99 527.727
172.751 618.608
256.908 643.137
318.316 605.358
391.224 501.322
461.535 447.283
577.528 371.058
626.321 298.028
613.105 232.165
541.654 132.657
518.852 47.187
486.292 -88.111
434.319 -153.152
374.545 -165.823
252.545 -129.585
233.272 -202.796
192.413 -211.48
-178.998 63.609
-195.562 102.087
-36.089 539.38
2.519 566.572
443.922 536.075
480.862 510.828
595.47 91.26
586.315 50.389
304.544 -197.845
218.816 -235.248
106.52 -198.198
-158.605 -5.253
-213.715 71.47
-210.995 196.513
-98.836 507.126
-34.532 577.792
79.133 601.494
391.044 582.937
479.115 548.024
534.646 451.287
617.903 158.124
618.947 64.536
548.542 -21.353
