177.127 244.644
229.445 250.514
251.154 202.78
212.486 168.049
167.029 193.889
129.661 230.301
201.177 290.54
281.418 241.763
260.124 151.037
166.782 144.949
95.467 124.63
71.971 203.886
45.724 250.793
87.654 292.943
160.016 336.654
201.601 375.951
251.515 348.794
313.126 294.294
362.869 265.81
351.89 210.629
321.56 136.419
310.178 81.263
255.642 74.752
172.811 83.977
121.994 75.774
60.111 75.824
18.917 211.34
31.793 312.964
153.812 394.041
253.564 404.622
365.561 316.624
407.636 224.618
360.34 93.746
288.106 24.957
151.237 40.6
90.953 -33.616
19.78 17.825
-15.433 88.085
-51.769 138.633
-48.432 188.959
-61.433 247.636
-34.567 328.752
30.047 391.269
63.971 440.009
112.905 450.217
168.402 472.814
247.321 470.349
327.286 428.061
382.566 413.157
407.184 371.097
444.551 325.603
467.39 252.264
454.709 163.559
458.743 108.03
423.344 71.254
397.592 21.301
333.847 -25.316
251.9 -41.978
201.187 -60.86
151.431 -30.959
159.894 -99.019
27.106 -113.162
-38.047 -86.547
-67.36 -36.472
-69.212 77.477
-98.193 160.553
-151.078 291.656
-147.782 366.564
-101.345 406.234
7.187 440.925
76.758 489.125
179.11 565.976
249.17 590.275
301.931 554.701
365.897 464.853
433.955 415.53
535.398 344.737
580.868 286.792
564.702 226.975
501.703 139.757
478.326 57.426
442.465 -64.818
412.376 -115.293
354.774 -122.843
247.714 -93.695
226.61 -158.716
185.166 -163.852
-139.165 79.708
-153.388 118.974
-7.7 503.551
26.145 528.624
420.757 498.427
455.264 474.641
552.197 97.881
541.737 57.443
292.071 -154.287
209.423 -189.805
105.144 -149.546
-119.678 21.033
-173.297 89.555
-164.564 202.285
-63.361 466.484
-7.956 539.28
96.32 556.448
367.722 538.537
454.347 510.232
501.795 417.858
571.773 161.086
574.787 70.463
503.009 -8.026
