178.148 242.519
229.19 247.53
249.596 200.272
211.369 167.128
167.536 192.959
132.039 228.615
201.892 286.573
279.722 238.245
257.195 150.742
167.296 145.713
98.635 126.937
75.584 202.832
51.23 249.206
92.362 289.236
161.604 331.947
202.46 369.218
250.489 342.214
310.401 289.721
358.181 261.364
347.141 208.325
317.495 136.064
306.139 83.783
252.269 78.225
172.95 85.66
123.482 78.82
65.972 80.547
24.421 210.884
38.967 307.989
156.037 386.939
252.195 395.788
360.955 310.951
399.325 222.674
353.287 96.3
283.656 30.109
151.464 44.524
97.842 -25.377
30.255 24.388
-4.102 88.746
-41.735 138.217
-37.151 188.438
-50.517 243.289
-24.974 321.21
34.781 382.028
66.901 429.378
116.138 438.747
169.499 461.075
244.883 458.869
321.232 420.609
374.067 406.568
398.014 363.553
434.643 319.844
456.507 250.184
445.695 165.553
449.67 112.307
413.8 76.086
388.193 27.521
328.784 -16.958
251.231 -33.941
202.605 -52.169
153.923 -21.961
160.214 -88.884
29.954 -101.387
-29.11 -78.598
-57.047 -29.469
-59.24 79.388
-88.444 162.445
-138.445 288.826
-136.69 358.594
-91.601 396.085
12.203 430.465
80.789 478.917
180.308 552.824
244.628 577.57
295.746 542.49
358.242 456.725
425.94 408.063
524.522 338.266
568.705 286.225
552.111 227.554
491.591 142.852
468.318 61.161
430.13 -61.231
407.49 -105.154
350.089 -111.795
246.988 -84.355
225.705 -147.705
184.206 -152.378
-128.455 82.889
-142.703 122.145
-2.42 492.702
31.009 517.845
412.511 489.998
447.014 466.43
541.533 101.273
531.134 60.825
289.781 -142.904
208.172 -178.6
105.161 -137.638
-108.989 26.538
-162.594 92.712
-152.911 203.315
-56.0 454.974
-2.991 528.26
99.585 544.694
359.689 528.147
445.975 501.948
492.43 410.574
560.0 163.804
564.165 73.892
491.904 -4.194
