159.525 262.237
229.899 279.057
267.698 215.079
222.326 162.225
155.227 189.975
92.704 243.492
190.083 332.911
311.091 268.512
288.01 136.765
153.862 117.945
38.611 98.922
36.345 202.125
-2.596 286.708
37.899 342.449
137.413 373.008
206.722 432.338
270.059 410.451
334.841 329.522
409.834 284.695
408.445 219.924
358.118 130.136
343.695 46.206
278.731 24.311
178.074 52.127
82.724 42.802
-2.306 31.167
-49.507 235.913
-30.862 355.237
145.562 459.059
266.518 478.02
415.849 350.931
475.657 241.151
410.541 60.996
327.098 -33.627
116.755 -25.431
33.716 -102.465
-48.067 -38.068
-94.781 48.138
-122.702 138.883
-143.144 203.152
-144.27 285.607
-108.721 383.076
-30.537 446.849
27.787 504.258
86.42 525.333
159.967 556.643
262.765 558.138
352.246 504.438
429.025 469.537
465.288 422.746
516.328 363.677
552.242 268.329
528.51 164.361
525.363 81.115
494.951 30.645
455.26 -38.481
373.218 -102.589
267.24 -110.125
177.078 -125.696
113.859 -120.771
150.885 -182.306
-4.095 -200.384
-96.824 -161.908
-128.201 -105.551
-169.703 47.144
-174.361 134.239
-246.982 292.537
-248.719 390.36
-189.44 449.361
-56.907 507.311
28.173 555.006
149.065 659.158
240.661 688.019
311.675 650.271
405.902 547.773
479.898 483.997
611.083 403.528
663.536 321.906
654.743 249.68
586.463 130.926
559.802 36.463
523.433 -116.33
461.409 -187.802
398.157 -203.861
256.033 -181.071
250.291 -247.999
190.585 -265.885
-213.462 32.166
-247.316 69.248
-77.156 552.543
-38.321 588.027
444.814 581.363
490.525 556.533
642.678 98.654
640.141 48.393
324.017 -237.923
232.684 -304.046
97.679 -244.559
-182.877 -43.384
-257.01 27.42
-254.611 177.903
-142.304 517.359
-79.964 593.225
45.133 633.7
389.745 626.92
482.129 597.285
557.365 493.75
660.116 169.685
675.981 71.577
594.03 -37.667
