174.302 251.634
231.226 259.654
256.77 208.395
216.013 168.947
165.025 195.609
120.509 236.881
200.313 303.932
290.048 251.066
269.214 149.066
164.243 140.936
82.563 117.662
61.626 207.847
29.547 259.257
72.013 306.812
156.375 349.922
200.682 395.355
255.334 368.719
320.639 305.895
377.094 275.861
367.874 216.837
333.148 136.383
322.761 74.509
266.619 64.682
174.733 80.457
112.885 69.219
42.582 64.139
0.803 215.657
10.77 328.001
149.352 414.046
257.563 429.692
379.698 330.61
429.964 230.872
378.047 87.84
302.179 10.428
146.682 22.628
71.583 -55.038
-7.528 3.179
-42.508 85.872
-77.237 139.728
-78.813 191.647
-89.492 262.122
-61.052 351.326
15.398 414.991
56.297 467.366
105.388 480.023
167.662 503.653
254.844 502.382
340.885 449.263
402.756 430.693
429.673 389.463
469.925 339.0
497.075 258.311
478.016 160.338
481.821 98.422
447.829 59.383
420.286 4.365
348.897 -48.816
254.028 -62.238
196.632 -83.184
144.107 -57.329
159.747 -125.546
17.663 -142.906
-61.732 -108.173
-93.67 -55.625
-92.962 71.822
-123.816 155.055
-184.546 299.34
-179.492 385.05
-129.009 431.374
-8.53 468.731
65.665 515.022
176.127 600.809
256.511 624.788
314.717 587.722
383.718 487.939
453.084 435.805
563.754 361.237
611.471 292.432
596.94 228.701
527.883 133.968
504.559 49.739
471.726 -79.528
425.555 -141.018
366.504 -151.776
250.219 -117.67
229.925 -187.524
188.706 -194.248
-165.944 70.149
-181.137 109.054
-24.695 528.959
11.706 554.866
438.211 522.275
473.785 497.589
580.352 91.932
570.365 51.356
298.752 -183.472
213.941 -219.249
105.703 -181.033
-146.144 4.758
-200.309 79.15
-195.067 199.167
-85.274 494.801
-23.777 566.098
86.272 586.643
385.19 567.162
472.665 533.973
524.492 438.715
602.277 157.331
603.251 64.774
532.296 -17.454
