181.118 236.193
228.455 236.411
242.839 191.317
204.466 163.947
166.961 190.973
138.77 225.492
205.44 273.899
271.666 224.604
244.712 147.253
165.14 149.384
118.03 144.806
101.858 200.77
87.766 241.929
121.18 267.779
170.735 300.703
205.355 326.632
240.01 302.855
286.459 265.749
321.328 240.967
309.225 200.586
288.827 145.625
276.009 104.607
233.505 103.707
176.74 105.513
132.555 104.774
97.384 114.334
65.578 211.978
86.593 277.829
170.249 338.288
239.032 338.541
321.385 277.454
343.064 212.497
310.996 115.752
255.686 74.447
154.604 73.722
119.45 45.946
82.734 71.38
64.101 112.92
33.544 149.167
39.049 194.371
28.13 237.348
40.827 278.998
75.764 310.565
101.765 350.086
143.275 359.704
182.947 382.938
226.773 383.004
267.608 358.905
312.141 346.405
334.028 311.113
368.492 279.635
382.105 237.923
372.135 190.787
374.135 145.534
347.179 113.765
327.738 71.328
292.293 45.316
244.494 39.749
203.141 24.515
162.675 44.008
164.386 -3.369
86.87 -14.765
44.311 -11.09
27.266 30.817
17.145 104.167
-5.645 177.502
-38.921 250.077
-49.654 292.667
-12.093 321.879
53.261 351.702
116.198 393.841
172.451 447.986
210.807 473.431
251.239 444.818
298.492 392.649
357.521 346.166
425.905 309.986
462.606 281.269
447.945 234.118
413.297 172.707
388.119 102.068
374.366 24.749
359.098 -16.616
310.661 -18.36
240.455 -4.519
223.001 -54.539
181.261 -55.89
-36.051 105.969
-50.286 145.23
38.613 402.383
71.938 427.554
341.609 422.205
375.796 398.168
454.903 141.164
442.981 101.135
272.555 -45.2
203.062 -83.939
125.673 -41.531
-12.573 63.068
-70.187 115.803
-53.005 201.828
3.413 365.954
37.953 437.901
126.458 447.144
296.377 444.159
375.238 433.707
410.946 352.91
461.175 190.689
476.495 112.941
411.27 53.358
