169.663 260.18
232.029 271.274
262.743 212.419
220.107 166.531
160.51 194.458
105.46 246.553
197.82 320.21
302.441 260.462
279.257 145.217
158.497 130.475
55.841 106.43
51.193 210.43
11.88 279.21
50.57 331.963
149.768 362.62
204.407 417.098
263.56 393.015
329.115 317.853
395.281 282.547
389.659 220.591
346.68 133.96
337.014 62.841
276.831 47.282
176.793 69.554
94.168 57.661
19.624 46.105
-26.542 228.631
-14.187 347.365
147.045 439.537
263.608 457.721
398.865 343.147
455.635 236.702
396.985 77.99
317.781 -10.465
129.982 -5.14
50.251 -81.379
-32.09 -19.029
-69.096 68.128
-103.189 140.392
-115.08 196.727
-121.043 278.581
-90.224 376.079
-8.774 438.82
44.529 494.193
96.867 510.046
166.412 536.902
263.964 536.152
351.582 476.968
420.15 452.198
451.041 408.594
496.908 353.04
529.492 263.308
504.871 160.238
507.877 90.496
475.075 46.4
441.898 -17.234
363.016 -78.531
258.167 -84.369
187.895 -108.026
130.397 -94.028
160.241 -157.054
9.043 -176.889
-81.33 -137.072
-115.108 -82.933
-126.46 58.82
-152.268 145.327
-222.151 301.476
-219.779 395.802
-164.023 450.362
-33.996 499.605
49.585 541.059
166.208 637.926
253.758 663.941
319.177 625.297
398.398 518.166
469.903 461.378
592.378 383.602
642.538 306.446
631.091 238.04
558.002 132.088
535.965 44.5
502.97 -98.305
445.505 -166.455
385.155 -181.239
255.065 -145.07
238.899 -221.012
197.302 -234.174
-192.072 52.054
-212.609 89.6
-51.688 547.424
-10.454 577.257
447.229 553.161
486.583 527.419
613.537 92.365
606.162 50.546
312.998 -214.015
226.989 -255.602
107.319 -219.15
-168.747 -20.619
-227.866 56.856
-228.984 190.414
-116.32 516.588
-50.072 587.518
68.261 616.997
394.274 601.441
483.396 565.869
544.866 467.342
635.661 161.22
638.355 66.427
568.131 -25.861
