180.183 238.348
231.9 239.154
247.524 191.309
207.056 162.185
166.463 190.554
134.724 227.195
207.823 282.649
280.537 226.635
250.403 142.893
163.783 145.058
110.031 135.398
92.378 201.686
74.606 247.401
107.605 276.303
171.37 313.111
207.943 342.43
244.716 319.641
298.496 270.542
336.284 245.579
325.564 202.994
298.748 138.797
286.323 94.191
241.907 91.608
174.118 96.698
127.433 94.266
88.51 101.392
47.862 212.997
70.698 285.383
169.38 355.762
242.519 356.962
336.291 284.465
361.647 216.55
325.093 105.872
266.814 59.908
151.389 61.505
113.553 22.69
67.458 53.558
41.469 100.894
5.978 142.215
16.065 193.371
4.331 237.682
17.631 289.895
59.187 336.609
86.697 379.057
136.59 386.257
181.83 408.191
231.992 409.452
288.525 383.079
334.865 370.496
357.274 327.199
391.858 289.224
408.204 242.973
401.186 180.655
404.002 134.094
369.592 99.576
346.642 55.681
307.234 24.619
248.013 11.432
203.876 -5.414
159.505 21.128
161.033 -36.753
54.82 -46.132
13.589 -37.918
-6.786 6.545
-11.704 93.644
-38.313 172.835
-77.332 274.297
-84.709 317.938
-44.107 349.941
37.149 381.158
103.033 428.437
185.593 492.072
222.804 514.805
267.868 483.492
321.271 417.273
385.71 370.167
470.634 312.951
504.75 284.374
489.329 232.408
443.448 161.535
419.874 84.995
393.499 -14.112
376.612 -53.849
324.888 -57.045
242.659 -36.105
221.95 -92.311
180.276 -95.018
-73.281 97.429
-88.38 136.366
22.866 438.763
55.793 464.449
370.625 448.855
405.175 425.395
489.544 124.627
478.652 84.311
278.905 -85.399
202.976 -122.343
112.91 -79.157
-51.188 47.966
-107.625 106.507
-93.598 204.819
-21.066 400.379
21.652 474.266
116.254 486.572
320.706 478.235
404.044 460.902
444.102 375.514
501.261 181.381
511.843 96.974
443.474 30.118
