171.145 258.353
232.168 268.595
261.627 211.593
219.48 167.274
161.908 194.982
109.21 244.495
198.839 316.493
299.791 258.404
277.19 146.359
160.063 133.105
62.706 108.221
53.287 210.421
15.148 273.583
55.306 325.465
151.86 360.277
203.017 412.618
261.413 387.556
327.412 315.186
391.274 281.519
384.702 220.145
343.815 134.694
334.315 66.123
275.214 52.076
176.659 72.778
98.654 60.631
25.765 49.686
-20.159 224.477
-9.138 343.27
147.209 433.773
262.46 451.853
394.499 340.704
450.124 235.478
392.983 80.94
314.583 -5.443
134.34 0.496
55.027 -75.619
-27.705 -13.891
-63.001 74.541
-98.217 139.872
-107.479 194.968
-114.37 275.339
-84.364 371.649
-2.562 434.326
47.74 489.222
98.83 504.29
167.052 530.11
262.465 529.282
349.905 470.569
416.863 447.453
446.727 404.542
491.216 350.065
522.718 262.301
498.982 159.917
502.285 92.213
469.225 49.49
437.577 -12.144
360.364 -71.978
256.785 -79.323
190.595 -102.775
134.49 -85.883
160.78 -150.036
10.473 -169.379
-78.476 -130.362
-112.287 -75.869
-116.773 62.499
-146.623 147.748
-214.396 302.376
-211.042 395.145
-156.438 447.92
-27.599 493.456
53.715 535.819
169.208 630.377
255.535 655.665
319.295 617.411
395.684 511.171
466.708 455.595
586.544 378.399
636.133 302.816
623.952 235.449
551.305 132.233
528.997 45.615
496.302 -94.143
440.898 -161.155
380.756 -175.124
253.997 -138.3
236.197 -213.595
195.319 -224.492
-187.098 57.402
-205.552 95.282
-45.174 544.735
-4.875 573.313
446.336 546.132
484.597 520.549
606.151 91.672
597.924 50.358
309.343 -207.514
223.209 -246.994
107.326 -210.671
-165.31 -13.859
-222.276 63.699
-221.8 193.319
-109.038 513.519
-43.39 584.152
73.022 610.982
393.471 593.99
482.105 558.457
540.939 460.678
628.554 159.699
630.312 65.381
560.157 -23.966
