160.603 262.631
229.867 278.931
266.951 214.951
222.131 162.815
155.577 190.72
93.552 244.763
190.562 332.003
310.428 267.918
287.164 138.092
154.085 119.341
39.297 100.258
37.947 203.551
-1.1 287.377
38.399 342.686
138.265 371.909
206.708 431.092
269.59 409.303
334.309 328.54
408.686 284.713
406.968 220.219
357.218 130.579
343.71 47.954
278.828 26.585
177.835 53.967
83.313 44.161
-1.574 33.011
-47.53 236.479
-29.481 354.617
145.664 457.563
266.169 476.446
414.359 350.464
474.155 240.891
409.821 62.993
326.529 -31.552
117.692 -23.738
35.115 -100.866
-46.704 -36.61
-93.208 48.67
-120.269 139.331
-140.742 202.623
-142.259 285.227
-107.206 382.859
-28.514 446.41
29.072 503.64
87.202 524.24
160.547 555.237
263.112 556.595
352.408 502.0
428.578 468.087
464.352 421.771
514.937 362.754
550.749 267.766
526.46 163.73
524.525 82.084
493.866 32.295
454.473 -36.554
372.499 -100.59
266.725 -107.8
178.015 -124.416
115.313 -118.771
152.272 -180.354
-2.77 -198.714
-95.202 -159.812
-126.762 -104.179
-167.787 47.863
-172.333 135.065
-244.987 292.927
-246.163 390.743
-187.456 449.652
-54.917 506.673
29.882 553.986
150.554 657.769
241.902 686.415
312.543 648.505
405.476 545.161
479.14 482.072
609.868 401.853
662.213 320.528
653.154 248.448
583.826 130.994
558.311 37.735
522.341 -114.501
460.319 -185.7
397.72 -201.901
256.527 -177.92
250.093 -246.014
192.396 -264.693
-211.573 33.418
-244.326 69.778
-75.004 552.212
-35.893 587.132
445.181 578.857
490.22 553.799
640.249 97.612
637.629 49.44
323.777 -235.972
234.57 -299.69
98.885 -242.981
-181.525 -41.988
-253.046 29.398
-252.666 178.287
-140.364 517.599
-77.36 592.857
47.042 632.496
390.43 625.029
482.443 594.369
556.432 491.572
658.409 168.644
671.346 71.628
592.644 -36.117
