178.436 241.911
229.26 246.622
249.248 199.456
211.059 166.773
167.649 192.674
132.665 228.166
202.245 285.62
279.417 237.13
256.414 150.455
167.352 145.851
99.534 127.63
76.741 202.529
52.937 248.891
93.699 288.215
162.204 330.521
202.836 367.174
250.188 340.339
309.587 288.235
356.689 260.016
345.673 207.699
316.237 136.037
304.842 84.527
251.34 79.23
173.058 86.268
123.819 79.851
67.734 82.084
26.007 210.852
41.189 306.424
156.872 384.73
251.665 393.036
359.371 309.054
396.673 222.142
351.162 97.016
282.395 31.885
151.469 45.607
99.763 -22.57
33.389 26.641
-0.466 89.083
-38.5 138.182
-33.544 188.361
-46.955 242.084
-21.969 318.885
36.264 379.019
67.893 425.929
117.31 435.01
170.025 457.258
244.052 455.31
319.177 418.221
371.286 404.393
395.031 361.017
431.428 317.785
453.054 249.606
442.793 166.357
446.729 113.759
410.786 77.7
385.279 29.546
327.299 -14.228
251.002 -31.242
202.913 -49.303
154.587 -19.113
160.231 -85.57
30.801 -97.528
-26.252 -76.03
-53.675 -27.262
-56.015 80.076
-85.215 163.048
-134.365 287.995
-133.199 355.956
-88.509 392.812
13.771 427.105
82.123 475.603
180.95 548.651
243.025 573.549
293.702 538.589
355.724 454.129
423.321 405.626
521.138 335.914
564.728 286.276
548.008 227.898
488.37 143.976
465.108 62.538
426.666 -59.574
405.506 -101.957
348.356 -108.334
246.68 -81.333
225.316 -144.149
183.797 -148.648
-124.92 83.836
-139.217 123.075
-0.779 489.139
32.561 514.335
409.772 487.3
444.299 463.792
538.122 102.572
527.745 62.118
288.91 -139.256
207.653 -174.971
105.16 -133.778
-105.399 28.166
-159.071 93.617
-149.123 203.636
-53.684 451.248
-1.44 524.672
100.678 540.92
357.043 524.833
443.21 499.302
489.406 408.212
556.171 164.85
560.77 75.203
488.458 -2.621
