166.45 262.967
230.817 276.335
264.229 213.953
220.841 165.233
157.945 193.113
99.053 249.018
194.413 326.159
306.661 264.333
282.736 142.699
156.414 125.921
45.721 105.582
46.187 209.787
6.724 287.65
43.314 341.112
144.266 366.431
206.012 424.07
266.692 401.676
331.568 322.948
401.98 283.713
398.313 220.758
351.727 132.389
341.277 56.298
278.674 37.895
177.183 62.877
87.82 51.836
6.14 41.817
-36.819 236.13
-21.272 351.744
146.342 448.655
264.807 467.213
406.495 346.993
464.85 238.849
403.748 71.869
322.781 -20.22
123.307 -14.266
42.896 -91.477
-38.773 -27.73
-81.694 55.681
-109.956 141.542
-127.077 200.663
-131.57 283.539
-98.168 381.472
-17.061 443.926
36.985 499.787
92.194 517.685
163.829 546.698
264.406 546.891
352.679 488.826
424.822 460.188
457.845 415.343
506.128 358.005
540.439 265.288
515.191 161.487
516.955 86.974
485.024 40.252
448.563 -26.486
367.612 -89.682
261.853 -94.695
183.22 -116.724
123.278 -106.592
157.842 -168.912
4.877 -188.709
-86.421 -148.369
-119.071 -95.189
-148.412 52.133
-161.456 140.956
-233.958 297.532
-233.23 393.978
-176.027 451.19
-43.606 503.326
40.214 548.194
159.126 648.847
248.672 676.168
316.813 637.509
402.26 531.007
474.611 471.522
601.514 392.766
652.728 313.243
642.549 243.006
570.084 131.817
547.677 42.131
513.478 -105.89
453.111 -175.722
392.047 -191.591
256.492 -159.415
244.413 -233.716
198.707 -251.909
-200.468 41.406
-226.619 78.545
-62.837 550.412
-22.193 582.618
446.914 565.578
488.674 539.859
626.479 94.414
621.138 50.967
318.909 -225.043
233.76 -273.058
104.942 -232.433
-173.936 -32.758
-237.99 42.635
-240.904 184.153
-128.611 518.398
-62.878 591.087
58.361 625.419
393.402 613.566
483.716 579.339
550.754 479.302
647.361 164.574
652.987 69.125
581.323 -29.885
