173.524 253.688
231.644 262.336
258.351 209.515
217.175 168.694
164.33 195.678
117.424 239.077
200.026 307.689
292.99 253.41
271.738 148.384
163.277 139.007
77.444 115.031
58.747 208.973
24.861 262.688
67.153 311.707
155.246 353.373
200.962 400.762
256.897 374.373
322.763 308.823
381.388 277.92
372.895 218.115
336.493 136.004
326.579 72.421
269.624 61.469
175.557 78.848
109.035 67.12
37.58 60.2
-5.097 217.624
4.632 332.662
148.449 419.901
259.068 436.632
384.112 333.966
436.2 232.397
382.718 86.246
306.115 5.79
143.693 15.929
66.872 -61.499
-14.068 -1.78
-49.067 83.644
-83.984 139.693
-87.533 192.493
-97.161 266.415
-68.355 357.97
10.592 421.296
53.941 474.505
103.401 487.887
167.626 511.998
257.32 510.964
344.05 455.57
407.493 435.748
435.213 394.206
476.611 342.47
505.145 259.688
484.448 159.985
488.133 96.382
454.474 56.411
425.871 -0.473
352.826 -55.791
254.808 -67.624
195.423 -89.257
141.977 -65.421
160.2 -132.973
14.896 -150.924
-67.896 -114.575
-100.42 -61.199
-99.558 69.435
-131.088 153.167
-193.841 301.028
-188.959 389.144
-137.249 437.424
-13.729 476.351
62.296 521.763
174.594 610.172
257.048 634.364
316.898 596.923
387.795 494.8
457.636 441.709
571.044 366.236
619.316 295.143
605.438 230.303
535.048 133.161
511.953 48.328
479.323 -83.997
429.992 -147.452
370.528 -159.201
251.407 -123.913
231.573 -195.437
190.506 -203.042
-172.857 66.921
-188.66 105.704
-30.388 534.731
7.103 561.216
441.51 529.359
477.721 504.377
588.194 91.383
578.576 50.688
301.581 -191.045
216.271 -227.497
106.06 -189.881
-152.895 -0.219
-207.408 75.456
-203.402 197.98
-92.154 501.576
-29.116 572.497
82.767 594.519
388.57 575.341
476.332 541.152
529.946 445.123
610.457 157.514
611.345 64.423
540.679 -19.546
