173.585 253.536
231.616 262.137
258.236 209.44
217.088 168.722
164.387 195.682
117.662 238.91
200.05 307.409
292.768 253.241
271.553 148.436
163.358 139.17
77.853 115.248
58.952 208.898
25.205 262.411
67.521 311.324
155.335 353.124
200.929 400.363
256.772 373.952
322.606 308.611
381.067 277.778
372.518 218.028
336.246 136.036
326.301 72.589
269.411 61.724
175.502 78.993
109.336 67.298
37.951 60.523
-4.641 217.465
5.089 332.312
148.509 419.461
258.953 436.121
383.781 333.727
435.739 232.289
382.374 86.378
305.828 6.142
143.939 16.438
67.21 -61.011
-13.604 -1.379
-48.592 83.864
-83.484 139.69
-86.877 192.426
-96.591 266.098
-67.817 357.48
10.963 420.836
54.122 473.986
103.547 487.315
167.631 511.385
257.136 510.337
343.826 455.096
407.155 435.371
434.813 393.859
476.121 342.216
504.553 259.593
483.972 160.005
487.666 96.526
453.984 56.629
425.465 -0.11
352.546 -55.269
254.748 -67.229
195.515 -88.809
142.142 -64.809
160.161 -132.42
15.091 -150.33
-67.46 -114.089
-99.94 -60.77
-99.023 69.624
-130.551 153.31
-193.153 300.914
-188.247 388.861
-136.631 436.996
-13.328 475.788
62.552 521.272
174.723 609.485
257.032 633.656
316.758 596.242
387.506 494.284
457.311 441.267
570.513 365.857
618.744 294.927
604.815 230.169
534.517 133.21
511.402 48.425
478.761 -83.667
429.653 -146.986
370.216 -158.661
251.313 -123.456
231.441 -194.85
190.36 -202.378
-172.354 67.17
-188.103 105.965
-29.95 534.327
7.455 560.763
441.29 528.827
477.449 503.867
587.611 91.408
577.962 50.725
301.355 -190.492
216.079 -226.881
106.03 -189.221
-152.412 0.165
-206.889 75.747
-202.787 198.074
-91.631 501.097
-28.703 572.044
83.04 593.945
388.344 574.732
476.083 540.611
529.554 444.638
609.855 157.483
610.74 64.432
540.052 -19.398
