180.692 237.328
229.932 237.717
244.786 191.298
205.155 163.076
166.459 190.677
136.412 226.639
206.445 277.975
275.632 225.544
247.072 144.77
164.265 147.501
114.869 141.043
98.202 201.614
82.938 244.158
115.812 270.739
171.265 305.56
206.357 332.45
241.465 309.144
291.107 267.381
326.976 242.471
315.481 201.787
292.238 142.652
279.569 100.525
236.778 99.063
175.448 102.077
130.3 100.812
94.247 109.629
59.404 212.796
81.121 280.033
170.332 344.507
239.969 344.922
327.065 279.878
349.26 214.23
315.727 111.854
259.666 69.608
153.009 68.991
117.161 37.969
77.515 64.899
56.106 108.22
23.432 146.295
31.107 194.517
20.162 238.071
32.676 282.343
69.317 319.348
96.09 360.352
141.0 369.132
182.875 391.842
228.277 392.307
274.308 367.943
320.124 355.165
342.294 316.946
376.853 283.023
391.27 239.988
382.708 187.571
384.953 141.501
355.061 108.533
334.017 65.53
297.682 38.188
245.983 29.646
203.301 13.725
161.287 35.909
162.964 -15.23
75.411 -26.945
32.915 -21.409
14.716 21.407
6.522 100.215
-18.042 175.906
-53.425 258.587
-62.88 301.626
-24.406 331.889
47.004 362.275
111.233 406.266
176.978 464.902
214.693 488.98
256.942 459.338
306.555 402.023
367.346 354.893
442.76 311.881
478.432 283.052
463.421 233.915
424.461 168.784
399.578 95.98
381.782 9.867
366.123 -30.307
316.398 -32.792
241.192 -16.15
222.381 -68.803
180.665 -70.761
-50.048 102.802
-64.767 141.883
32.39 415.799
65.526 441.217
352.143 432.479
386.485 408.705
467.986 135.099
456.509 94.945
275.281 -60.363
202.87 -98.49
119.357 -55.045
-26.795 56.817
-84.303 112.212
-68.111 202.621
-6.321 378.333
31.465 451.311
122.9 461.523
304.836 457.275
385.673 444.225
423.302 360.658
476.352 187.789
489.881 107.125
422.655 44.181
