181.241 235.599
227.847 235.77
242.035 191.372
204.287 164.396
167.238 191.194
140.106 224.807
205.039 272.137
269.819 224.155
243.708 148.498
165.552 150.223
119.448 146.47
103.509 200.166
89.744 241.042
123.386 266.65
170.506 298.618
204.982 324.23
239.462 300.287
284.419 265.109
319.001 240.353
306.68 200.033
287.511 147.011
274.616 106.273
232.208 105.569
177.315 106.984
133.665 106.43
98.666 116.247
67.745 211.375
88.786 277.012
170.158 335.775
238.661 335.931
319.066 276.599
340.622 211.769
309.36 117.353
254.152 76.364
155.4 75.936
120.259 48.751
84.467 73.885
66.878 114.958
37.472 150.191
42.114 194.124
30.994 236.658
43.859 277.916
78.439 307.82
103.718 346.143
144.126 356.039
182.904 379.5
226.255 379.48
265.574 355.361
308.926 343.17
330.745 308.775
365.155 278.394
378.566 237.068
368.041 191.657
369.954 147.178
344.048 115.855
325.489 73.72
290.251 48.023
243.698 43.502
203.173 28.585
163.528 46.651
165.207 1.151
91.308 -9.555
48.762 -6.534
32.248 35.011
21.435 105.784
-0.883 177.994
-32.729 246.276
-44.08 289.368
-6.887 317.984
55.895 347.495
117.916 389.282
171.013 441.019
209.373 466.858
248.894 438.812
295.26 388.715
353.81 342.974
419.064 308.884
455.993 280.356
441.53 234.146
408.692 174.227
383.755 104.386
371.129 30.939
355.947 -11.028
308.241 -12.438
240.182 0.132
223.385 -48.6
181.637 -49.659
-30.218 107.294
-44.182 146.652
41.316 396.862
74.751 421.886
337.295 417.826
371.389 393.666
449.383 143.627
437.25 103.637
271.199 -38.897
203.241 -77.86
129.066 -36.056
-6.804 65.966
-64.285 117.362
-46.743 200.621
7.717 361.052
40.811 432.382
126.773 440.892
293.074 438.552
370.968 429.206
405.25 350.528
454.799 191.645
470.836 115.28
407.001 57.78
