171.563 257.738
232.158 267.737
261.227 211.332
219.228 167.519
162.328 195.134
110.416 243.772
199.085 315.279
298.894 257.74
276.49 146.692
160.595 133.993
64.953 109.075
53.934 210.364
16.322 271.826
56.929 323.374
152.433 359.434
202.637 411.075
260.742 385.757
326.823 314.328
389.945 281.122
383.083 219.946
342.862 134.91
333.379 67.123
274.598 53.547
176.6 73.783
100.164 61.627
27.513 51.101
-18.033 223.283
-7.353 341.852
147.316 431.876
262.038 449.856
393.076 339.86
448.278 235.077
391.641 81.824
313.492 -3.856
135.759 2.488
56.723 -73.783
-26.058 -12.248
-61.128 76.291
-96.444 139.792
-104.857 194.527
-112.094 274.236
-82.294 370.022
-0.545 432.706
48.664 487.392
99.468 502.224
167.192 527.764
261.864 526.92
349.246 468.491
415.707 445.871
445.253 403.18
489.295 349.066
520.422 261.974
497.032 159.863
500.406 92.765
467.273 50.468
436.088 -10.5
359.46 -69.792
256.45 -77.741
191.486 -100.991
135.794 -83.011
160.846 -147.719
10.904 -166.866
-77.408 -128.149
-111.124 -73.662
-114.05 63.625
-144.656 148.556
-211.722 302.478
-208.084 394.687
-153.862 446.861
-25.527 491.152
54.967 534.053
170.106 627.775
255.972 652.862
319.19 614.713
394.724 508.899
465.586 453.692
584.546 376.703
633.95 301.672
621.529 234.649
549.107 132.303
526.688 45.971
494.049 -92.775
439.38 -159.373
379.309 -173.055
253.672 -136.224
235.437 -211.145
194.652 -221.444
-185.366 58.992
-203.276 97.003
-43.036 543.678
-3.117 571.902
445.903 543.826
483.836 518.311
603.717 91.517
595.251 50.328
308.191 -205.343
222.105 -244.258
107.173 -207.817
-163.99 -11.751
-220.396 65.712
-219.381 194.158
-106.688 512.273
-41.276 582.865
74.499 608.91
393.047 591.493
481.539 556.047
539.569 458.507
626.161 159.273
627.698 65.119
557.509 -23.368
