167.28 262.534
231.148 275.331
263.912 213.648
220.67 165.553
158.487 193.449
100.349 248.858
195.291 324.959
305.829 263.506
281.966 143.31
156.856 126.986
47.587 105.851
47.529 210.205
7.997 286.414
44.703 339.687
145.594 365.534
205.848 422.624
266.117 399.965
331.067 321.809
400.583 283.474
396.495 220.777
350.624 132.74
340.462 57.808
278.425 40.023
177.109 64.488
88.983 53.316
9.02 42.841
-34.668 234.903
-19.746 350.969
146.582 446.81
264.59 465.235
404.888 346.196
462.896 238.411
402.322 73.345
321.818 -18.024
124.556 -12.298
44.429 -89.393
-37.321 -25.899
-78.849 58.211
-108.599 141.516
-124.532 199.994
-129.396 282.778
-96.465 380.737
-15.02 443.112
38.677 498.785
93.313 516.175
164.475 544.779
264.499 544.707
352.595 486.216
423.908 458.516
456.432 413.926
504.215 356.983
538.174 264.846
512.936 161.154
515.086 87.803
482.939 41.661
447.184 -24.487
366.591 -87.374
260.875 -92.259
184.23 -114.905
124.808 -103.93
158.52 -166.403
6.023 -186.369
-85.157 -146.009
-118.085 -92.764
-143.229 53.472
-159.423 142.037
-231.604 298.568
-230.54 394.61
-173.598 451.316
-41.406 502.646
42.353 546.88
160.804 646.741
249.928 673.777
317.501 635.044
401.499 528.196
473.656 469.352
599.648 390.83
650.629 311.763
640.193 241.924
567.412 131.903
545.226 42.713
511.311 -104.276
451.491 -173.792
390.561 -189.46
256.195 -155.99
243.014 -231.068
198.836 -248.194
-198.527 43.644
-223.298 80.973
-60.369 549.953
-19.492 581.656
447.128 562.909
488.318 537.144
623.679 93.898
617.836 50.903
317.605 -222.766
232.286 -268.679
105.689 -229.77
-172.733 -30.287
-235.681 45.787
-238.404 185.594
-126.048 518.306
-60.003 590.602
60.645 623.821
393.783 611.062
483.805 576.399
549.553 476.737
644.921 163.807
649.756 68.471
578.584 -28.942
