170.517 259.172
232.145 269.768
262.149 211.954
219.787 166.936
161.301 194.76
107.548 245.434
198.446 318.154
300.988 259.311
278.126 145.873
159.338 131.907
59.611 107.245
52.385 210.439
13.624 276.057
53.15 328.367
151.003 361.367
203.602 414.665
262.361 390.003
328.193 316.364
393.072 282.016
386.909 220.375
345.099 134.381
335.543 64.697
275.981 49.989
176.717 71.362
96.611 59.282
23.194 47.925
-23.043 226.235
-11.482 345.183
147.111 436.356
263.006 454.518
396.442 341.82
452.608 236.022
394.785 79.665
316.033 -7.646
132.388 -2.102
52.814 -78.157
-29.769 -16.17
-65.632 71.836
-100.519 140.037
-110.948 195.656
-117.409 276.784
-87.09 373.705
-5.426 436.429
46.398 491.584
97.972 506.982
166.825 533.222
263.216 532.417
350.73 473.409
418.379 449.589
448.689 406.37
493.791 351.405
525.788 262.745
501.621 160.028
504.811 91.457
471.854 48.134
439.551 -14.401
361.561 -74.923
257.332 -81.524
189.37 -105.155
132.665 -89.656
160.603 -153.182
9.883 -172.773
-79.799 -133.371
-113.657 -78.975
-120.834 60.881
-149.203 146.644
-217.94 302.071
-214.995 395.565
-159.887 449.146
-30.508 496.486
51.948 538.204
167.92 633.826
254.829 659.421
319.33 621.01
396.937 514.276
468.18 458.182
589.199 380.716
639.042 304.411
627.189 236.579
554.293 132.158
532.124 45.125
499.326 -95.997
442.967 -163.537
382.739 -177.884
254.465 -141.23
237.342 -216.913
196.227 -228.736
-189.366 55.091
-208.668 92.807
-48.111 546.006
-7.305 575.12
446.819 549.27
485.549 523.606
609.454 91.94
601.585 50.426
310.965 -210.433
224.831 -250.783
107.434 -214.514
-166.932 -16.83
-224.785 60.758
-225.035 192.078
-112.259 515.007
-46.334 585.75
70.923 613.734
393.927 597.352
482.768 561.753
542.741 463.646
631.763 160.338
633.888 65.802
563.742 -24.793
