175.512 248.343
230.428 255.397
254.176 206.177
214.303 168.862
165.986 195.072
125.037 233.592
200.667 297.846
285.633 247.017
265.105 150.15
165.507 143.172
89.303 121.082
66.369 205.894
37.002 254.759
79.452 299.921
158.014 344.05
200.821 386.59
253.337 359.678
317.26 300.886
370.416 271.885
360.166 214.286
327.847 136.692
316.714 77.472
261.539 69.258
173.47 82.103
117.941 72.025
50.584 69.49
9.431 213.169
20.457 320.954
151.138 404.941
255.497 418.381
372.943 324.664
419.931 228.088
370.427 90.137
295.702 17.318
149.739 32.093
79.944 -45.29
4.162 9.832
-31.176 87.523
-66.296 139.984
-65.308 190.478
-77.112 255.487
-49.138 340.928
22.412 404.596
59.8 455.396
108.652 466.902
167.752 489.981
251.15 488.103
335.237 439.492
394.31 422.756
420.091 381.522
458.831 333.22
483.818 255.7
467.662 161.351
471.627 102.247
437.05 64.405
410.756 11.978
342.118 -37.98
252.946 -53.33
198.599 -73.303
147.351 -45.005
159.459 -113.699
22.217 -129.892
-51.137 -98.384
-82.047 -47.049
-83.581 74.96
-111.962 157.816
-169.597 296.041
-164.9 377.409
-116.285 420.672
-0.977 456.359
70.771 503.74
177.806 585.407
254.233 609.335
309.89 572.912
376.339 477.317
445.045 426.585
551.436 353.663
598.239 289.089
582.842 227.158
516.289 135.981
492.822 52.636
459.328 -72.346
419.121 -129.964
360.875 -139.203
248.78 -107.212
227.977 -174.753
186.621 -180.561
-154.315 74.575
-168.789 113.751
-16.459 518.41
18.517 543.724
431.438 511.306
466.308 487.072
567.786 93.841
557.442 53.364
295.227 -170.774
211.295 -206.117
105.317 -166.954
-134.605 12.239
-188.509 84.205
-181.514 200.575
-74.971 482.771
-16.114 554.739
91.181 573.458
378.327 554.195
465.406 522.98
514.914 428.998
588.849 158.184
590.449 66.486
519.124 -13.556
