172.649 255.734
231.976 265.034
259.855 210.476
218.289 168.203
163.46 195.511
114.06 241.398
199.648 311.468
295.973 255.623
274.184 147.619
162.08 136.658
71.575 112.053
56.145 209.857
20.368 266.827
62.093 317.203
153.97 356.571
201.615 406.039
258.717 380.066
324.853 311.62
385.699 279.676
377.985 219.152
339.761 135.51
330.171 69.979
272.327 57.784
176.216 76.61
104.769 64.564
32.606 55.733
-11.427 220.086
-1.474 337.328
147.766 425.878
260.604 443.384
388.594 337.049
442.337 233.779
387.282 84.271
309.902 1.01
139.997 9.084
62.046 -67.886
-20.271 -7.111
-55.259 80.508
-90.474 139.699
-96.323 193.409
-104.742 270.519
-75.487 364.334
5.315 427.261
51.404 481.235
101.436 495.339
167.493 520.085
259.724 519.176
346.864 462.002
411.813 440.838
440.41 398.787
483.086 345.836
512.959 260.892
490.814 159.828
494.362 94.524
460.988 53.466
431.164 -5.423
356.369 -62.824
255.603 -72.79
193.86 -95.219
139.357 -73.96
160.684 -140.392
12.561 -158.915
-73.265 -121.259
-106.434 -67.172
-106.563 66.757
-138.108 151.004
-202.978 302.171
-198.581 392.453
-145.604 442.695
-19.383 483.841
58.737 528.154
172.598 619.22
256.872 643.779
318.397 605.975
391.464 501.81
461.811 447.698
577.996 371.42
626.828 298.254
613.663 232.316
542.141 132.628
519.362 47.107
486.802 -88.416
434.645 -153.565
374.849 -166.303
252.624 -130.005
233.401 -203.341
192.558 -212.115
-179.436 63.342
-196.068 101.79
-36.526 539.692
2.166 566.944
444.075 536.576
481.075 511.311
596.007 91.264
586.892 50.377
304.772 -198.34
219.014 -235.826
106.561 -198.819
-158.996 -5.646
-214.167 71.141
-211.549 196.382
-99.34 507.501
-34.951 578.155
78.848 601.994
391.2 583.497
479.296 548.539
534.98 451.75
618.447 158.184
619.513 64.56
549.125 -21.485
