179.016 240.606
229.79 244.545
248.777 197.462
210.465 165.768
167.801 192.026
133.855 227.268
203.382 284.124
279.265 234.489
254.932 149.357
167.21 145.849
101.512 129.025
79.488 201.832
56.829 248.516
96.452 286.124
163.881 327.359
203.976 362.616
249.557 336.462
307.901 284.639
353.171 257.083
342.256 206.443
313.335 136.157
301.785 86.158
249.484 81.372
173.399 87.762
124.509 82.24
71.688 85.495
29.321 210.941
46.261 302.747
159.17 379.638
250.215 386.68
355.28 304.269
390.562 221.022
346.437 98.546
279.757 36.346
151.468 48.028
103.556 -15.646
40.068 31.705
7.615 90.207
-31.009 138.217
-25.147 188.356
-38.556 239.643
-15.124 313.603
39.8 371.989
70.412 417.868
120.493 426.185
171.795 448.218
242.002 447.219
314.332 412.51
364.878 399.083
388.161 354.792
423.997 312.359
445.118 248.396
436.054 168.53
439.85 117.343
403.772 81.617
378.541 34.373
324.111 -7.636
250.558 -24.644
203.4 -42.45
155.896 -12.526
160.206 -77.734
32.745 -88.459
-19.686 -69.986
-45.782 -22.145
-48.519 81.843
-77.573 164.434
-124.834 286.338
-125.2 349.775
-81.319 385.323
17.505 419.309
85.47 467.926
183.628 539.262
239.116 564.396
289.061 529.539
349.901 447.953
417.312 399.726
513.956 329.397
555.345 286.888
538.353 228.957
480.925 146.863
457.663 66.08
419.564 -54.411
400.48 -94.571
344.127 -100.308
245.926 -74.228
224.377 -135.831
182.817 -139.925
-116.544 85.937
-131.016 125.111
3.125 480.875
36.301 506.242
403.498 480.904
438.108 457.53
530.208 105.993
519.875 65.529
286.83 -130.729
206.414 -166.479
105.261 -124.759
-96.757 31.66
-150.739 95.565
-140.237 204.397
-48.296 442.681
2.257 516.389
103.611 532.323
350.986 517.136
436.888 493.034
482.655 402.37
547.185 167.599
552.887 78.65
480.747 1.812
