181.53 234.676
226.902 234.798
240.791 191.534
204.061 165.18
167.783 191.519
142.291 223.773
204.478 269.236
266.872 223.451
242.119 150.57
166.416 151.693
121.613 149.062
106.17 199.222
92.812 239.713
126.737 265.014
170.14 295.334
204.422 320.546
238.729 296.317
281.132 264.118
315.382 239.402
302.8 199.192
285.482 149.329
272.495 108.896
230.229 108.452
178.404 109.318
135.393 109.024
100.675 119.213
71.097 210.42
92.139 275.783
169.943 331.963
238.223 332.058
315.458 275.374
336.828 210.691
307.011 119.901
251.853 79.32
156.759 79.123
121.786 52.655
86.859 77.619
70.704 118.19
43.319 151.643
46.7 193.676
35.23 235.557
48.242 276.372
82.478 304.396
106.394 340.352
145.337 350.637
182.735 374.443
225.607 374.391
263.08 350.21
304.106 338.553
325.861 305.341
360.173 276.653
373.409 235.797
362.156 192.381
363.84 149.816
339.228 119.038
322.167 77.471
287.266 52.138
242.319 49.001
203.259 34.704
164.964 50.67
166.468 7.929
98.042 -1.437
55.476 0.59
39.652 41.867
28.018 108.339
6.065 178.655
-23.155 241.25
-35.326 284.487
1.209 312.129
60.043 341.221
120.27 382.767
169.348 430.529
207.298 456.686
245.41 429.484
290.479 382.655
348.405 338.45
408.833 306.823
445.78 278.825
431.627 234.103
401.5 176.45
377.461 107.801
365.814 39.974
350.958 -2.392
304.469 -3.321
239.682 7.233
223.895 -39.399
182.137 -40.037
-21.225 109.455
-34.757 148.964
45.679 388.432
79.287 413.224
330.751 410.965
364.705 386.615
440.752 147.257
428.314 107.375
268.71 -29.181
203.456 -68.455
134.487 -27.536
1.931 70.76
-55.18 119.897
-37.004 198.103
14.757 353.812
45.42 423.956
126.462 430.832
288.347 429.649
364.516 422.174
395.894 347.383
444.877 192.818
461.987 118.749
400.734 65.277
