179.363 239.749
230.502 243.018
248.688 195.901
210.014 164.86
167.767 191.544
134.47 226.763
204.553 283.67
279.601 232.467
254.064 148.046
166.804 145.59
103.051 129.958
81.763 201.334
59.908 248.555
98.303 284.656
165.48 324.95
205.103 359.12
249.037 333.756
306.653 281.745
350.392 254.825
339.594 205.586
310.986 136.334
299.276 87.364
248.254 82.923
173.674 89.039
125.047 84.135
74.788 88.065
31.677 211.178
50.348 299.664
161.319 375.583
248.837 381.525
351.937 300.296
385.687 220.211
342.756 99.653
277.824 40.225
151.478 50.05
105.99 -9.63
44.955 35.447
13.649 91.453
-24.97 138.356
-18.25 188.607
-31.6 238.076
-9.691 309.415
42.889 366.322
72.769 411.367
123.523 419.011
173.727 440.863
240.225 440.792
310.357 407.709
359.882 394.5
382.836 349.676
418.264 307.777
438.852 247.492
430.572 170.412
434.207 120.281
398.032 84.789
373.04 38.243
321.681 -2.12
250.291 -19.01
203.645 -36.713
156.77 -7.157
160.202 -71.263
34.501 -81.102
-14.46 -64.994
-39.437 -17.875
-42.494 83.445
-71.287 165.602
-117.064 285.384
-118.83 344.788
-75.433 379.491
20.749 413.049
88.517 461.777
186.991 532.187
235.913 556.999
285.502 522.189
345.314 442.837
412.499 394.737
508.52 324.085
547.451 287.226
530.488 229.786
474.9 149.286
451.607 69.078
414.508 -49.194
396.288 -88.52
340.686 -93.728
245.34 -68.364
223.698 -129.028
182.108 -132.821
-109.666 87.634
-124.304 126.747
6.507 474.336
39.556 499.865
398.547 475.621
433.216 452.34
523.763 108.925
513.431 68.46
285.226 -123.728
205.513 -159.545
105.595 -117.432
-89.569 34.311
-143.901 97.117
-132.97 205.047
-43.877 435.941
5.463 509.845
106.574 525.622
346.234 510.874
431.903 487.84
477.352 397.361
539.848 169.896
546.443 81.583
474.677 5.917
