180.601 237.615
230.388 238.046
245.366 191.266
205.485 162.862
166.402 190.662
135.95 226.893
206.795 279.085
276.771 225.754
247.739 144.252
164.065 146.968
113.982 139.97
97.197 201.778
81.538 244.825
114.311 271.694
171.457 306.949
206.69 334.155
241.982 310.989
292.478 267.826
328.604 242.939
317.277 202.068
293.318 141.915
280.66 99.318
237.747 97.683
175.132 101.105
129.701 99.666
93.337 108.234
57.507 212.97
79.462 280.827
170.389 346.314
240.329 346.858
328.653 280.501
351.21 214.688
317.366 110.7
260.879 68.098
152.615 67.64
116.502 35.465
75.871 62.961
53.641 106.915
20.417 145.518
28.656 194.47
17.65 238.188
30.172 283.522
67.521 322.336
94.316 363.527
140.337 372.017
182.902 394.561
228.835 395.176
276.678 370.619
322.547 357.892
344.808 318.64
379.387 283.955
394.072 240.557
385.889 186.427
388.235 140.303
357.447 106.987
336.103 63.863
299.313 35.954
246.315 26.524
203.411 10.435
160.921 33.425
162.579 -18.935
71.954 -30.362
29.52 -24.27
10.977 18.808
3.38 99.087
-21.672 175.422
-57.582 261.165
-66.671 304.37
-27.902 334.913
45.246 365.46
109.69 410.202
178.558 469.705
216.027 493.389
258.694 463.556
308.986 404.704
370.472 357.625
447.711 312.094
482.964 283.362
467.916 233.778
427.715 167.597
403.097 94.109
383.928 5.744
367.998 -34.391
317.943 -37.013
241.422 -19.565
222.244 -72.903
180.536 -75.011
-54.097 101.899
-68.914 140.944
30.674 419.736
63.769 445.207
355.26 435.383
389.64 411.668
471.747 133.317
460.385 93.131
275.968 -64.734
202.841 -102.659
118.12 -59.171
-30.995 55.177
-88.376 111.225
-72.542 202.756
-8.984 382.053
29.692 455.246
121.348 465.694
307.429 461.007
388.769 447.185
426.691 363.386
480.721 186.825
493.722 105.406
426.25 41.817
