172.583 255.874
231.994 265.22
259.955 210.538
218.36 168.162
163.391 195.491
113.818 241.562
199.616 311.73
296.178 255.772
274.348 147.561
161.989 136.484
71.144 111.845
55.979 209.907
20.073 267.143
61.739 317.606
153.874 356.779
201.675 406.394
258.85 380.458
324.994 311.809
385.994 279.786
378.336 219.214
339.98 135.472
330.405 69.796
272.499 57.511
176.253 76.434
104.462 64.375
32.264 55.417
-11.875 220.28
-1.889 337.645
147.728 426.292
260.707 443.839
388.903 337.251
442.753 233.871
387.589 84.118
310.156 0.679
139.72 8.619
61.692 -68.307
-20.69 -7.47
-55.671 80.267
-90.902 139.701
-96.922 193.477
-105.256 270.787
-75.968 364.751
4.932 427.653
51.222 481.678
101.301 495.832
167.478 520.628
259.882 519.725
347.043 462.447
412.095 441.187
440.755 399.096
483.522 346.063
513.484 260.97
491.247 159.824
494.785 94.401
461.428 53.262
431.515 -5.768
356.597 -63.307
255.656 -73.135
193.725 -95.623
139.144 -74.57
160.711 -140.9
12.425 -159.464
-73.593 -121.728
-106.806 -67.599
-107.047 66.559
-138.575 150.842
-203.594 302.221
-199.242 392.644
-146.178 443.02
-19.79 484.35
58.485 528.577
172.442 619.826
256.833 644.416
318.474 606.588
391.701 502.296
462.084 448.111
578.46 371.782
627.331 298.48
614.217 232.467
542.624 132.6
519.87 47.027
487.309 -88.718
434.969 -153.975
375.152 -166.78
252.701 -130.423
233.53 -203.883
192.702 -212.749
-179.869 63.072
-196.57 101.491
-36.963 539.999
1.814 567.311
444.224 537.075
481.284 511.791
596.542 91.27
587.466 50.366
304.999 -198.832
219.213 -236.401
106.602 -199.437
-159.381 -6.042
-214.614 70.809
-212.099 196.249
-99.842 507.869
-35.371 578.511
78.562 602.489
391.353 584.054
479.474 549.053
535.31 452.212
618.987 158.247
620.076 64.585
549.705 -21.615
