171.399 257.988
232.166 268.082
261.391 211.437
219.333 167.421
162.162 195.074
109.932 244.066
198.991 315.768
299.258 258.007
276.774 146.56
160.382 133.636
64.054 108.72
53.673 210.392
15.843 272.526
56.272 324.21
152.208 359.777
202.788 411.7
261.012 386.483
327.063 314.673
390.482 281.286
383.735 220.029
343.248 134.824
333.76 66.725
274.852 52.961
176.626 73.383
99.557 61.227
26.821 50.522
-18.889 223.753
-8.078 342.423
147.272 432.642
262.21 450.664
393.649 340.202
449.024 235.239
392.184 81.473
313.934 -4.492
135.19 1.677
56.035 -74.521
-26.735 -12.907
-61.878 75.612
-97.166 139.82
-105.92 194.698
-113.015 274.684
-83.134 370.688
-1.347 433.365
48.295 488.137
99.212 503.063
167.138 528.715
262.112 527.877
349.517 469.327
416.177 446.51
445.85 403.73
490.072 349.47
521.351 262.106
497.818 159.883
501.165 92.543
468.062 50.075
436.692 -11.161
359.827 -70.675
256.579 -78.376
191.13 -101.713
135.275 -84.174
160.826 -148.653
10.728 -167.88
-77.85 -129.04
-111.61 -74.542
-115.122 63.178
-145.455 148.231
-212.806 302.449
-209.28 394.886
-154.903 447.303
-26.354 492.08
54.466 534.771
169.75 628.83
255.805 653.996
319.241 615.804
395.115 509.813
466.043 454.459
585.355 377.385
634.834 302.13
622.509 234.968
549.993 132.273
527.619 45.828
494.96 -93.327
439.991 -160.095
379.891 -173.893
253.802 -137.053
235.735 -212.134
194.92 -222.665
-186.072 58.363
-204.192 96.32
-43.893 544.116
-3.82 572.48
446.086 544.755
484.149 519.212
604.698 91.575
596.326 50.338
308.651 -206.22
222.541 -245.356
107.24 -208.968
-164.536 -12.591
-221.158 64.917
-220.359 193.828
-107.635 512.791
-42.122 583.396
73.909 609.752
393.227 592.502
481.776 557.017
540.126 459.381
627.128 159.44
628.75 65.22
558.577 -23.608
