180.506 237.918
230.959 238.406
246.093 191.195
205.943 162.585
166.377 190.636
135.472 227.131
207.246 280.372
278.168 225.967
248.574 143.65
163.858 146.299
112.848 138.595
95.9 201.904
79.692 245.66
112.392 272.972
171.664 308.72
207.137 336.398
242.729 313.394
294.271 268.406
330.712 243.586
319.582 202.361
294.75 140.979
282.126 97.784
238.975 95.908
174.771 99.856
128.97 98.171
92.127 106.385
54.957 213.122
77.217 281.955
170.392 348.742
240.887 349.48
330.677 281.287
353.902 215.228
319.49 109.24
262.484 66.024
152.16 65.898
115.657 32.123
73.689 60.402
50.39 105.23
16.48 144.565
25.39 194.334
14.262 238.241
26.855 285.142
65.227 326.281
92.095 367.755
139.453 375.862
182.887 398.194
229.66 399.009
279.954 374.1
325.818 361.475
348.175 320.861
382.767 285.146
397.823 241.251
390.081 184.868
392.568 138.69
360.625 104.949
338.871 61.651
301.464 32.969
246.752 22.415
203.557 6.1
160.467 30.138
162.092 -23.845
67.329 -34.749
25.061 -27.979
6.055 15.456
-0.741 97.612
-26.325 174.782
-63.003 264.664
-71.621 308.043
-32.402 338.972
43.004 369.705
107.764 415.367
180.644 475.906
217.868 499.176
261.102 469.059
312.261 408.174
374.698 361.21
454.154 312.205
488.888 283.628
473.803 233.49
431.994 166.002
407.75 91.602
386.624 0.304
370.367 -39.751
319.894 -42.536
241.743 -24.055
222.103 -78.251
180.404 -80.543
-59.388 100.712
-74.311 139.716
28.499 424.946
61.542 450.484
359.42 439.128
393.849 415.486
476.653 130.955
465.432 90.729
276.834 -70.441
202.831 -108.093
116.685 -64.656
-36.525 53.115
-93.691 109.945
-78.337 203.119
-12.383 387.016
27.445 460.454
119.512 471.298
310.947 465.826
392.904 451.0
431.209 367.027
486.422 185.467
498.726 103.121
431.05 38.754
