165.345 263.251
230.459 277.277
264.639 214.251
221.078 164.818
157.353 192.717
97.674 248.76
193.414 327.492
307.533 265.215
283.638 141.951
155.867 124.632
43.875 104.948
44.519 208.941
5.139 288.453
41.893 342.201
142.771 367.508
206.156 425.663
267.317 403.514
332.139 324.226
403.512 284.006
400.295 220.717
352.971 132.005
342.082 54.556
278.84 35.477
177.253 61.0
86.64 50.076
3.403 40.352
-39.218 237.013
-23.068 352.478
146.088 450.679
265.048 469.372
408.246 347.866
467.02 239.321
405.297 70.109
323.748 -22.717
122.012 -16.448
41.182 -93.699
-40.487 -29.778
-84.769 53.272
-111.66 141.327
-130.022 201.211
-133.964 284.131
-100.161 382.025
-19.527 444.65
35.09 500.783
90.94 519.271
163.072 548.727
264.2 549.237
352.692 491.766
425.788 462.011
459.397 416.895
508.213 359.103
542.915 265.795
517.738 161.897
518.958 85.993
487.275 38.622
450.07 -28.707
368.772 -92.17
263.056 -97.557
182.085 -118.661
121.549 -109.522
156.945 -171.64
3.357 -191.15
-88.124 -150.95
-120.537 -97.539
-154.122 50.934
-163.816 139.64
-236.501 296.356
-236.151 393.22
-178.658 450.945
-46.137 504.067
37.788 549.544
157.192 651.045
247.199 678.675
315.955 640.145
403.07 534.166
475.654 473.921
603.537 394.869
655.02 314.879
645.104 244.186
573.121 131.673
550.331 41.405
515.813 -107.677
454.893 -177.824
393.696 -193.888
256.812 -163.469
246.102 -236.607
198.1 -255.747
-202.878 39.268
-230.506 76.006
-65.602 550.868
-25.303 583.62
446.603 568.548
489.035 542.911
629.61 95.009
624.878 50.97
320.381 -227.519
235.261 -278.562
103.885 -235.193
-175.528 -35.164
-240.702 39.412
-243.651 182.574
-131.402 518.387
-66.129 591.474
55.755 627.092
392.871 616.279
483.533 582.642
552.07 482.128
650.021 165.42
656.664 69.859
584.266 -31.014
