182.519 232.61
225.137 232.617
238.268 192.051
203.783 167.105
169.399 192.128
147.489 221.643
203.855 262.727
260.379 221.609
238.582 155.27
169.024 155.499
126.618 154.952
112.978 197.105
100.051 236.974
134.023 261.698
169.926 287.706
203.821 312.332
237.731 287.771
273.68 261.577
307.519 236.964
294.611 197.103
280.814 154.9
267.818 115.016
225.886 114.985
181.679 115.101
139.672 115.097
105.645 125.931
78.975 208.167
99.928 272.794
169.922 323.427
237.694 323.457
307.59 272.581
328.534 208.142
301.816 125.966
246.934 86.044
160.609 86.113
126.502 61.109
92.501 85.824
78.929 125.677
56.497 155.361
57.203 192.565
44.676 232.868
57.631 272.898
91.483 298.32
112.837 328.512
148.062 339.416
182.758 363.851
224.842 363.855
259.564 339.426
294.812 328.43
316.039 298.405
350.019 272.937
363.036 232.83
350.525 192.278
350.983 155.309
329.036 125.83
315.231 85.671
281.058 60.887
238.698 60.287
203.631 48.436
168.736 60.488
169.2 23.365
111.791 17.753
69.252 18.065
55.655 58.589
43.133 114.784
21.774 180.483
-1.211 233.357
-14.34 274.414
20.48 299.809
70.181 328.603
125.951 369.061
168.996 407.448
204.113 432.81
239.051 407.471
281.698 369.008
337.364 328.456
387.134 299.502
422.151 273.966
408.78 232.79
385.552 180.335
364.164 114.886
352.003 58.43
338.538 17.383
295.175 17.355
238.102 23.179
224.537 -18.2
182.774 -18.207
-0.59 115.032
-13.504 154.764
56.808 370.164
90.637 394.706
317.121 394.615
350.89 370.012
420.794 154.671
407.917 114.9
261.101 -7.283
203.662 -46.961
145.934 -7.097
21.241 83.419
-34.359 125.987
-14.24 193.154
33.457 339.723
56.814 405.743
126.874 407.317
280.89 407.543
350.953 405.591
374.157 339.345
421.699 192.886
441.817 125.846
385.926 83.106
