181.33 235.289
227.533 235.442
241.623 191.414
204.201 164.638
167.404 191.294
140.811 224.458
204.845 271.182
268.851 223.922
243.189 149.155
165.81 150.683
120.17 147.32
104.373 199.852
90.753 240.605
124.493 266.097
170.379 297.545
204.788 323.012
239.21 298.965
283.348 264.784
317.809 240.041
305.392 199.753
286.841 147.747
273.913 107.13
231.552 106.516
177.648 107.742
134.24 107.279
99.332 117.22
68.831 211.059
89.9 276.596
170.088 334.513
238.514 334.65
317.879 276.189
339.376 211.407
308.554 118.182
253.386 77.337
155.834 77.026
120.715 50.087
85.293 75.12
68.181 116.011
39.417 150.676
43.64 193.986
32.405 236.293
45.338 277.394
79.785 306.598
104.636 344.2
144.531 354.23
182.852 377.806
226.033 377.763
264.668 353.627
307.316 341.61
329.11 307.628
363.492 277.804
376.829 236.642
366.048 191.969
367.904 148.017
342.482 116.902
324.385 74.932
289.248 49.366
243.252 45.328
203.205 30.605
163.996 47.957
165.634 3.393
93.524 -6.889
50.986 -4.174
34.74 37.188
23.601 106.614
1.442 178.219
-29.572 244.494
-41.216 287.731
-4.23 316.032
57.247 345.397
118.724 387.073
170.379 437.521
208.68 463.514
247.733 435.754
293.653 386.722
351.987 341.442
415.64 308.258
452.621 279.87
438.262 234.151
406.347 174.965
381.63 105.525
369.423 33.979
354.328 -8.181
307.006 -9.427
240.03 2.476
223.572 -45.573
181.82 -46.487
-27.254 107.991
-41.073 147.4
42.723 394.065
76.218 419.013
335.122 415.577
369.16 391.345
446.557 144.85
434.321 104.885
270.431 -35.69
203.326 -74.762
130.865 -33.271
-3.908 67.512
-61.284 118.185
-43.549 199.834
9.979 358.616
42.301 429.588
126.748 437.63
291.462 435.667
368.815 426.893
402.207 349.459
451.524 192.052
467.942 116.443
404.912 60.162
