171.799 257.356
232.14 267.212
260.974 211.171
219.063 167.665
162.572 195.22
111.144 243.318
199.217 314.536
298.336 257.334
276.054 146.886
160.909 134.531
66.3 109.634
54.336 210.304
17.065 270.787
57.931 322.123
152.761 358.904
202.415 410.118
260.336 384.653
326.454 313.805
389.127 280.865
382.092 219.811
342.273 135.035
332.788 67.713
274.196 54.417
176.551 74.377
101.081 62.227
28.539 51.994
-16.735 222.595
-6.238 340.982
147.389 430.713
261.771 448.621
392.205 339.333
447.139 234.83
390.811 82.339
312.813 -2.898
136.614 3.736
57.773 -72.662
-24.997 -11.253
-59.995 77.254
-95.329 139.759
-103.229 194.281
-110.686 273.544
-81.004 368.981
0.649 431.689
49.215 486.243
99.854 500.932
167.266 526.307
261.476 525.452
348.819 467.225
414.982 444.899
444.337 402.34
488.109 348.449
518.999 261.77
495.834 159.841
499.247 93.104
466.07 51.059
435.16 -9.502
358.891 -68.447
256.266 -76.781
192.009 -99.886
136.56 -81.236
160.857 -146.3
11.181 -165.325
-76.703 -126.799
-110.337 -72.348
-112.485 64.282
-143.424 149.045
-210.06 302.492
-206.257 394.345
-152.273 446.148
-24.29 489.74
55.719 532.947
170.63 626.155
256.203 651.126
319.091 613.043
394.12 507.514
464.882 452.527
583.304 375.67
632.596 300.986
620.029 234.173
547.76 132.353
525.271 46.189
492.659 -91.933
438.454 -158.269
378.431 -171.771
253.477 -134.982
235.004 -209.64
194.245 -219.604
-184.273 59.915
-201.885 98.009
-41.744 542.982
-2.061 571.0
445.604 542.416
483.344 516.946
602.226 91.441
593.621 50.32
307.504 -204.004
221.463 -242.602
107.06 -206.066
-163.122 -10.501
-219.226 66.874
-217.884 194.641
-105.253 511.445
-40.008 582.028
75.379 607.612
392.749 589.954
481.158 554.579
538.711 457.185
624.684 159.031
626.104 64.978
555.886 -23.002
