179.556 239.059
231.257 241.584
248.627 194.279
209.376 163.839
167.483 191.097
134.739 226.489
205.819 283.647
280.207 230.443
253.207 146.301
166.003 145.17
104.759 130.965
84.374 200.951
63.407 248.708
100.173 282.939
167.267 322.198
206.391 355.234
248.272 330.861
305.107 278.578
347.214 252.288
336.561 204.762
308.14 136.581
296.254 88.737
246.904 84.683
173.838 90.643
125.615 86.367
78.335 91.009
34.466 211.576
55.152 295.939
163.695 371.114
247.106 375.508
348.22 295.911
379.975 219.351
338.439 100.905
275.523 44.923
151.428 52.601
108.28 -2.098
50.434 39.565
20.358 93.227
-17.771 138.709
-9.865 189.322
-23.067 236.849
-3.356 304.478
46.638 359.533
75.831 403.767
127.085 410.815
175.953 432.573
238.068 433.336
305.544 401.983
354.144 388.943
376.805 343.903
411.864 302.703
431.622 246.469
423.999 172.615
427.42 123.616
391.199 88.363
366.496 42.572
318.72 4.4
249.963 -12.147
203.84 -29.737
157.624 -0.662
160.254 -63.477
37.248 -72.532
-8.338 -58.924
-32.073 -12.513
-35.384 85.535
-63.754 167.163
-107.746 285.007
-111.428 338.67
-68.422 372.663
24.64 405.698
92.181 454.374
189.824 523.881
232.576 547.699
281.475 513.439
339.958 436.821
406.697 388.843
501.352 319.389
537.82 286.881
521.188 230.481
467.724 152.081
444.378 72.58
409.076 -42.152
391.401 -81.14
336.726 -85.751
244.687 -61.249
223.033 -120.857
181.417 -124.341
-101.476 89.792
-116.296 128.836
10.497 466.546
43.425 492.232
392.594 469.379
427.292 446.14
516.048 112.349
505.653 71.9
283.492 -115.279
204.622 -151.238
106.467 -108.739
-80.977 37.444
-135.755 99.115
-124.28 205.904
-38.639 427.971
9.284 502.049
109.9 517.461
340.639 503.413
425.935 481.638
470.621 391.73
531.143 172.495
538.686 84.971
467.568 11.101
