167.168 262.605
231.101 275.483
263.956 213.694
220.693 165.509
158.408 193.402
100.158 248.901
195.167 325.134
305.952 263.626
282.075 143.225
156.794 126.837
47.306 105.826
47.344 210.161
7.821 286.62
44.496 339.918
145.404 365.66
205.875 422.834
266.202 400.216
331.139 321.973
400.786 283.507
396.76 220.775
350.783 132.689
340.585 57.593
278.467 39.718
177.121 64.261
88.808 53.111
8.588 42.707
-34.979 235.102
-19.963 351.088
146.548 447.079
264.622 465.523
405.122 346.312
463.179 238.475
402.53 73.138
321.962 -18.338
124.369 -12.582
44.207 -89.698
-37.527 -26.164
-79.261 57.83
-108.791 141.531
-124.896 200.101
-129.712 282.901
-96.707 380.858
-15.304 443.24
38.434 498.936
93.153 516.398
164.384 545.062
264.492 545.027
352.612 486.591
424.043 458.759
456.638 414.132
504.494 357.133
538.504 264.909
513.26 161.2
515.359 87.685
483.243 41.46
447.384 -24.776
366.737 -87.712
261.008 -92.602
184.085 -115.17
124.587 -104.315
158.428 -166.768
5.869 -186.715
-85.327 -146.352
-118.213 -93.129
-143.968 53.267
-159.712 141.887
-231.949 298.422
-230.934 394.524
-173.954 451.305
-41.719 502.746
42.047 547.077
160.565 647.053
249.751 674.131
317.407 635.406
401.611 528.6
473.795 469.666
599.921 391.112
650.935 311.977
640.537 242.081
567.795 131.893
545.583 42.632
511.627 -104.511
451.725 -174.074
390.774 -189.772
256.237 -156.471
243.206 -231.454
198.838 -248.74
-198.796 43.308
-223.766 80.618
-60.724 550.023
-19.877 581.8
447.101 563.294
488.372 537.534
624.083 93.97
618.31 50.914
317.79 -223.099
232.498 -269.28
105.591 -230.163
-172.897 -30.657
-236.007 45.324
-238.767 185.387
-126.421 518.327
-60.415 590.68
60.319 624.058
393.734 611.428
483.797 576.822
549.728 477.109
645.276 163.918
650.219 68.563
578.983 -29.075
