173.156 254.583
231.801 263.513
259.021 209.949
217.678 168.503
163.974 195.633
115.989 240.074
199.874 309.337
294.296 254.39
272.821 148.067
162.778 138.018
74.964 113.739
57.568 209.391
22.859 264.4
64.963 314.031
154.711 354.809
201.199 403.093
257.663 376.859
323.687 310.059
383.277 278.725
375.117 218.597
337.938 135.801
328.187 71.399
270.847 59.918
175.869 77.937
107.216 66.04
35.401 58.276
-7.822 218.625
1.949 334.715
148.12 422.506
259.744 439.615
386.069 335.348
438.903 233.015
384.733 85.433
307.789 3.707
142.159 12.926
64.832 -64.346
-16.795 -4.134
-51.822 82.326
-86.878 139.697
-91.393 192.885
-100.498 268.253
-71.501 360.816
8.349 423.962
52.855 477.511
102.539 491.209
167.585 515.576
258.393 514.608
345.329 458.372
409.435 437.975
437.53 396.231
479.473 343.957
508.6 260.233
487.246 159.893
490.874 95.552
457.345 55.124
428.228 -2.622
354.429 -58.866
255.161 -69.92
194.822 -91.884
140.932 -69.081
160.424 -136.227
13.797 -154.421
-70.371 -117.466
-103.169 -63.763
-102.651 68.301
-134.209 152.27
-197.871 301.62
-193.164 390.71
-140.9 439.847
-16.143 479.649
60.764 524.611
173.781 614.179
257.061 638.512
317.64 600.91
389.451 497.852
459.511 444.322
574.13 368.486
622.646 296.46
609.074 231.138
538.162 132.898
515.198 47.777
482.617 -85.934
432.011 -150.161
372.395 -162.346
251.956 -126.588
232.365 -198.897
191.388 -206.979
-175.791 65.421
-191.923 104.088
-33.02 537.014
4.987 563.81
442.724 532.505
479.262 507.396
591.62 91.282
582.204 50.514
302.947 -194.269
217.436 -231.132
106.255 -193.778
-155.666 -2.528
-210.421 73.674
-206.998 197.358
-95.266 504.293
-31.605 575.078
81.106 597.848
389.816 578.919
477.717 544.363
532.202 447.999
613.981 157.751
614.912 64.427
544.373 -20.406
