165.92 263.139
230.633 276.836
264.426 214.109
220.954 165.032
157.645 192.917
98.35 248.95
193.91 326.83
307.106 264.783
283.183 142.334
156.146 125.287
44.761 105.313
45.371 209.416
5.949 288.134
42.581 341.728
143.512 366.962
206.087 424.874
267.007 402.61
331.853 323.591
402.754 283.857
399.316 220.74
352.351 132.195
341.697 55.429
278.772 36.684
177.218 61.941
87.213 50.959
4.685 41.128
-38.025 236.644
-22.161 352.13
146.21 449.677
264.928 468.306
407.381 347.435
465.944 239.088
404.535 70.999
323.282 -21.471
122.646 -15.367
42.036 -92.608
-39.62 -28.759
-83.262 54.405
-110.775 141.466
-128.54 200.964
-132.777 283.869
-99.157 381.782
-18.277 444.312
36.032 500.304
91.562 518.496
163.453 547.733
264.315 548.084
352.695 490.302
425.315 461.111
458.63 416.128
507.184 358.563
541.692 265.541
516.47 161.689
517.976 86.489
486.169 39.44
449.327 -27.604
368.195 -90.943
262.448 -96.118
182.652 -117.714
122.412 -108.074
157.413 -170.297
4.146 -189.96
-87.234 -149.674
-119.754 -96.423
-151.322 51.486
-162.631 140.306
-235.246 296.938
-234.707 393.599
-177.359 451.076
-44.869 503.699
38.997 548.887
158.16 649.972
247.939 677.45
316.393 638.85
402.673 532.593
475.139 472.732
602.539 393.831
653.888 314.068
643.844 243.602
571.606 131.751
549.025 41.778
514.668 -106.787
454.013 -176.782
392.885 -192.754
256.66 -161.427
245.257 -235.178
198.468 -253.892
-201.646 40.274
-228.555 77.238
-64.227 550.647
-23.745 583.13
446.767 567.073
488.86 541.391
628.053 94.711
623.012 50.981
319.654 -226.295
234.554 -275.747
104.443 -233.853
-174.7 -34.022
-239.337 40.964
-242.291 183.351
-130.024 518.404
-64.508 591.301
57.056 626.274
393.148 614.941
483.634 580.997
551.419 480.729
648.709 165.001
654.824 69.497
582.823 -30.439
