173.828 252.921
231.498 261.331
257.765 209.126
216.732 168.828
164.612 195.682
118.613 238.244
200.145 306.278
291.871 252.552
270.798 148.642
163.682 139.81
79.469 116.119
59.795 208.585
26.608 261.323
69.002 309.801
155.685 352.099
200.816 398.739
256.278 372.244
321.964 307.745
379.767 277.185
370.994 217.664
335.241 136.161
325.167 73.25
268.532 62.735
175.27 79.551
110.531 68.007
39.456 61.812
-2.816 216.843
6.94 330.894
148.765 417.682
258.49 434.04
382.44 332.74
433.864 231.843
380.971 86.893
304.659 7.562
144.892 18.494
68.565 -59.025
-11.72 0.236
-46.653 84.752
-81.439 139.675
-84.216 192.151
-94.275 264.795
-65.63 355.473
12.441 418.948
54.844 471.858
104.143 484.968
167.645 508.883
256.386 507.776
342.896 453.183
405.761 433.841
433.171 392.445
474.12 341.179
502.137 259.195
482.036 160.096
485.767 97.123
451.99 57.52
423.801 1.356
351.391 -53.159
254.502 -65.613
195.868 -86.983
142.781 -62.356
160.006 -130.174
15.905 -147.917
-65.656 -112.134
-97.963 -59.047
-96.823 70.386
-128.356 153.865
-190.352 300.419
-185.368 387.669
-134.133 435.215
-11.729 473.497
63.58 519.26
175.218 606.68
256.926 630.775
316.154 593.474
386.31 492.202
455.967 439.479
568.34 364.334
616.404 294.074
602.272 229.649
532.362 133.429
509.169 48.832
476.475 -82.326
428.289 -145.078
368.967 -156.453
250.932 -121.593
230.914 -192.465
189.781 -199.702
-170.303 68.174
-185.841 106.991
-28.199 532.64
8.866 558.889
440.354 526.677
476.308 501.807
585.247 91.536
575.476 50.893
300.458 -188.235
215.326 -224.387
105.915 -186.546
-150.424 1.702
-204.766 76.899
-200.278 198.428
-89.53 499.105
-27.058 570.161
84.125 591.595
387.383 572.263
475.033 538.427
527.942 442.687
607.402 157.385
608.293 64.496
537.515 -18.784
