159.982 262.415
229.877 279.015
267.368 215.026
222.247 162.484
155.375 190.308
93.064 244.044
190.277 332.531
310.809 268.26
287.65 137.355
153.948 118.549
38.888 99.499
37.03 202.737
-1.961 286.999
38.097 342.555
137.765 372.539
206.721 431.807
269.862 409.97
334.614 329.105
409.348 284.715
407.819 220.062
357.74 130.334
343.727 46.967
278.78 25.295
177.971 52.926
82.966 43.393
-1.987 31.956
-48.659 236.164
-30.284 354.961
145.606 458.427
266.366 477.352
415.209 350.74
475.025 241.049
410.255 61.873
326.862 -32.739
117.146 -24.703
34.312 -101.786
-47.483 -37.446
-94.112 48.355
-121.655 139.063
-142.129 202.912
-143.406 285.432
-108.085 382.978
-29.679 446.657
28.331 503.995
86.75 524.869
160.214 556.048
262.916 557.487
352.319 503.398
428.843 468.917
464.898 422.341
515.741 363.282
551.622 268.088
527.635 164.086
525.035 81.534
494.517 31.362
454.936 -37.647
372.923 -101.73
267.042 -109.135
177.479 -125.144
114.479 -119.916
151.487 -181.474
-3.534 -199.676
-96.123 -161.008
-127.563 -104.99
-168.903 47.439
-173.495 134.574
-246.128 292.682
-247.612 390.514
-188.597 449.486
-56.059 507.037
28.898 554.57
149.696 658.572
241.189 687.342
312.047 649.525
405.726 546.658
479.573 483.175
610.574 402.814
662.986 321.317
654.079 249.146
585.33 130.953
559.19 37.036
522.989 -115.532
460.95 -186.888
397.992 -203.017
256.264 -179.74
250.241 -247.163
191.37 -265.407
-212.649 32.674
-246.067 69.428
-76.236 552.4
-37.282 587.639
444.968 580.286
490.386 555.355
641.644 98.19
639.115 48.892
323.939 -237.091
233.56 -302.247
98.191 -243.892
-182.283 -42.821
-255.295 28.184
-253.789 178.033
-141.482 517.465
-78.849 593.066
45.941 633.187
390.04 626.12
482.257 596.026
556.966 492.825
659.396 169.228
673.923 71.652
593.477 -36.979
