179.882 238.485
232.031 239.768
248.166 191.927
207.903 162.388
166.719 190.594
134.598 226.848
207.542 283.477
281.053 227.56
251.521 143.436
164.288 144.701
108.029 133.407
89.487 201.201
70.468 248.272
104.36 278.875
170.275 316.462
207.922 347.21
246.153 324.216
301.253 272.991
340.455 247.68
329.899 203.53
302.121 137.621
289.901 91.895
243.913 88.731
173.919 94.339
126.634 91.244
85.125 97.42
42.249 212.528
65.078 288.741
167.703 361.565
243.955 363.451
340.692 288.043
368.211 217.6
329.777 103.771
270.199 54.579
151.241 58.166
111.833 14.008
61.548 48.182
33.87 97.764
-2.602 140.555
7.417 191.969
-4.969 236.864
9.896 294.611
54.48 345.007
82.605 388.085
133.589 394.856
180.052 416.641
233.975 418.052
294.973 390.052
342.07 377.311
364.473 332.895
399.115 293.506
416.715 244.309
409.779 177.52
412.807 130.28
377.268 95.444
353.484 50.949
311.733 17.502
248.934 2.662
203.974 -14.543
158.913 13.241
160.604 -46.76
46.858 -55.502
4.932 -45.716
-16.56 -0.479
-20.434 90.535
-47.701 170.92
-88.523 281.371
-94.951 325.553
-53.282 358.403
32.554 390.262
99.251 438.251
188.722 504.461
226.505 527.111
273.088 494.703
328.362 424.452
393.824 376.946
482.943 314.265
517.157 285.227
501.325 231.603
452.491 157.971
429.061 80.156
399.015 -25.055
381.813 -64.471
329.012 -68.072
243.407 -45.639
222.162 -103.138
180.506 -106.11
-83.975 94.715
-99.064 133.657
18.401 449.369
51.272 475.127
379.165 456.434
413.796 433.095
499.511 119.847
488.837 79.472
280.452 -96.794
203.38 -133.29
110.129 -90.286
-62.532 44.131
-118.318 103.803
-105.352 206.3
-27.623 410.791
17.11 484.869
114.336 498.489
328.354 487.675
412.542 468.597
454.445 381.345
512.562 178.009
521.959 92.314
452.623 22.932
