168.793 261.168
231.779 272.837
263.23 212.893
220.342 166.163
159.717 194.119
103.42 247.623
197.003 322.147
303.806 261.619
280.306 144.533
157.795 129.149
52.411 106.062
49.995 210.431
10.461 282.331
48.153 335.287
148.318 363.71
205.16 419.298
264.661 395.852
329.919 319.337
397.369 282.953
392.32 220.723
348.195 133.514
338.396 60.975
277.545 44.569
176.897 67.731
91.987 56.11
15.751 44.727
-29.767 231.209
-16.413 348.871
146.978 442.484
264.038 460.686
401.206 344.362
458.48 237.374
399.068 76.297
319.403 -13.297
127.746 -7.93
47.932 -84.515
-34.163 -21.744
-72.687 64.339
-105.472 140.933
-118.859 198.045
-124.375 280.398
-92.731 378.224
-11.004 440.713
42.353 496.153
95.626 512.542
165.752 540.126
264.343 539.57
352.117 480.495
421.688 454.677
453.179 410.69
499.795 354.6
532.93 263.894
507.983 160.541
510.738 89.519
478.144 44.649
444.024 -20.007
364.393 -81.984
259.102 -87.27
186.489 -110.724
128.227 -97.952
159.717 -160.711
8.048 -180.706
-82.772 -140.579
-116.32 -86.784
-132.519 56.791
-155.046 144.145
-225.986 300.57
-224.143 395.61
-167.866 451.051
-36.746 500.941
46.92 543.528
164.278 641.555
252.439 667.956
318.703 629.202
399.665 522.003
471.417 464.469
595.281 386.411
645.755 308.475
634.704 239.513
561.601 132.033
539.602 43.863
506.31 -100.586
447.865 -169.292
387.321 -184.452
255.565 -149.047
240.427 -224.949
198.162 -239.565
-194.566 48.924
-216.535 86.401
-54.96 548.61
-13.789 579.168
447.333 556.932
487.354 531.147
617.457 92.887
610.621 50.693
314.842 -217.451
229.076 -260.365
106.895 -223.411
-170.346 -24.339
-230.835 52.816
-232.693 188.673
-120.146 517.566
-53.79 588.982
65.478 619.849
394.269 605.249
483.707 569.905
546.749 470.968
639.31 162.168
642.708 67.147
572.261 -26.973
