172.242 256.562
232.074 266.139
260.435 210.836
218.698 167.945
163.034 195.378
112.603 242.375
199.449 313.021
297.18 256.497
275.145 147.261
161.515 135.605
68.965 110.818
55.194 210.122
18.65 268.762
59.985 319.641
153.383 357.781
201.993 408.128
259.523 382.393
325.677 312.733
387.444 280.304
380.068 219.506
341.049 135.278
331.532 68.866
273.315 56.125
176.413 75.526
102.925 63.413
30.567 53.844
-14.101 221.292
-3.916 339.193
147.557 428.33
261.207 446.063
390.426 338.228
444.788 234.317
389.089 83.333
311.396 -0.961
138.318 6.343
59.91 -70.345
-22.722 -9.223
-57.678 78.989
-92.98 139.717
-99.853 193.827
-107.777 272.085
-78.316 366.754
3.002 429.55
50.312 483.823
100.636 498.223
167.393 523.275
260.639 522.397
347.892 464.645
413.453 442.904
442.428 400.604
485.654 347.173
516.05 261.345
493.371 159.819
496.855 93.799
463.584 52.253
433.221 -7.479
357.684 -65.684
255.926 -74.823
192.993 -97.602
138.021 -77.617
160.813 -143.395
11.807 -162.168
-75.115 -124.055
-108.54 -69.745
-109.478 65.549
-140.845 150.028
-206.606 302.407
-202.491 393.506
-149.0 444.543
-21.829 486.845
57.226 530.626
171.641 622.779
256.591 647.534
318.806 609.588
392.842 504.696
463.4 450.147
580.72 373.569
629.784 299.617
616.92 233.235
544.999 132.474
522.366 46.638
489.791 -90.205
436.571 -155.975
376.654 -169.105
253.069 -132.501
234.184 -206.546
193.413 -215.889
-181.95 61.681
-199.031 99.951
-39.144 541.442
0.052 569.065
444.909 539.536
482.272 514.164
599.169 91.325
590.3 50.33
306.137 -201.235
220.22 -239.248
106.813 -202.49
-161.193 -8.043
-216.777 69.085
-214.788 195.551
-102.329 509.601
-37.475 580.199
77.125 604.89
392.049 586.787
480.298 551.592
536.907 454.497
621.632 158.583
622.853 64.739
552.56 -22.256
