179.183 240.213
230.08 243.867
248.72 196.78
210.281 165.384
167.81 191.812
134.161 227.023
203.87 283.856
279.374 233.602
254.535 148.838
167.072 145.757
102.172 129.436
80.454 201.607
58.146 248.503
97.278 285.486
164.551 326.322
204.442 361.107
249.344 335.27
307.369 283.391
351.976 256.114
341.109 206.061
312.341 136.23
300.724 86.681
248.94 82.046
173.526 88.296
124.74 83.047
73.014 86.602
30.346 211.025
47.996 301.452
160.073 377.891
249.648 384.49
353.836 302.562
388.485 220.667
344.866 99.028
278.926 37.972
151.474 48.871
104.652 -13.138
42.186 33.332
10.229 90.703
-28.447 138.262
-22.237 188.428
-35.626 238.929
-12.808 311.819
41.087 369.583
71.376 415.1
121.75 423.127
172.59 445.075
241.259 444.479
312.655 410.484
362.734 397.161
385.869 352.603
421.522 310.392
442.437 248.007
433.733 169.328
437.465 118.6
401.344 82.976
376.214 36.033
323.075 -5.303
250.44 -22.278
203.516 -40.034
156.285 -10.258
160.2 -75.001
33.453 -85.333
-17.46 -67.879
-43.078 -20.356
-45.957 82.504
-74.915 164.919
-121.544 285.884
-122.486 347.66
-78.829 382.825
18.86 416.644
86.733 465.315
185.012 536.206
237.739 561.289
287.531 526.424
347.941 445.784
415.275 397.62
511.672 327.034
552.033 287.101
535.014 229.333
478.37 147.896
455.099 67.354
417.358 -52.288
398.701 -92.018
342.66 -97.529
245.673 -71.754
224.077 -132.953
182.503 -136.915
-113.632 86.65
-128.174 125.798
4.541 478.086
37.663 503.522
401.395 478.666
436.033 455.336
527.48 107.237
517.154 66.772
286.135 -127.771
206.016 -163.544
105.366 -121.651
-93.72 32.793
-147.844 96.217
-137.161 204.668
-46.426 439.802
3.598 513.598
104.821 529.464
348.959 514.485
434.769 490.837
480.422 400.244
544.075 168.583
550.163 79.898
478.16 3.517
