180.046 238.419
232.02 239.413
247.857 191.521
207.434 162.216
166.555 190.557
134.623 227.067
207.774 283.112
280.9 226.994
250.93 143.011
163.946 144.833
109.111 134.449
91.093 201.481
72.758 247.844
106.079 277.462
170.961 314.613
208.015 344.575
245.375 321.746
299.788 271.557
338.178 246.461
327.553 203.225
300.237 138.211
287.902 93.109
242.837 90.264
173.997 95.631
127.034 92.909
87.057 99.613
45.322 212.815
68.219 286.802
168.706 358.36
243.136 359.805
338.269 285.962
364.546 217.022
327.155 104.878
268.344 57.57
151.277 60.006
112.815 18.984
64.955 51.139
38.14 99.449
2.182 141.443
12.367 192.807
0.35 237.324
14.2 291.875
57.064 340.333
84.856 383.086
135.332 390.048
181.117 411.899
232.851 413.259
291.433 386.205
338.099 373.559
360.498 329.675
395.096 291.031
411.986 243.578
405.056 179.231
407.969 132.396
372.973 97.717
349.626 53.566
309.27 21.492
248.447 7.514
203.943 -9.491
159.239 17.716
160.794 -41.237
50.812 -50.197
9.692 -41.448
-11.203 3.384
-15.6 92.242
-42.509 172.023
-82.361 277.674
-89.308 321.377
-48.224 353.762
35.088 385.238
101.364 432.875
187.115 497.68
224.49 520.333
270.24 488.53
324.465 420.487
389.402 373.204
476.245 313.443
510.334 284.731
494.736 232.029
447.508 159.932
424.02 82.782
395.949 -19.082
378.908 -58.68
326.7 -62.043
242.993 -40.382
222.003 -97.196
180.337 -100.028
-78.111 96.228
-93.225 135.159
20.874 443.56
53.771 469.285
374.502 452.255
409.091 428.853
494.035 122.453
483.245 82.108
279.591 -90.557
203.119 -127.285
111.594 -84.164
-56.31 46.233
-112.459 105.293
-98.912 205.536
-24.025 405.074
19.619 479.061
115.386 491.954
324.161 482.496
407.901 464.358
448.772 378.158
506.368 179.866
516.404 94.855
447.631 26.903
