179.398 239.646
230.607 242.819
248.683 195.688
209.942 164.729
167.745 191.482
134.529 226.711
204.722 283.648
279.668 232.195
253.953 147.835
166.722 145.542
103.269 130.085
82.091 201.272
60.347 248.575
98.547 284.449
165.712 324.608
205.271 358.629
248.953 333.389
306.47 281.339
349.997 254.504
339.217 205.474
310.641 136.362
298.907 87.534
248.086 83.141
173.705 89.231
125.122 84.409
75.232 88.43
32.009 211.222
50.942 299.207
161.629 375.016
248.626 380.778
351.468 299.736
384.982 220.101
342.223 99.808
277.546 40.8
151.476 50.355
106.303 -8.725
45.642 35.967
14.495 91.655
-24.088 138.386
-17.233 188.669
-30.57 237.884
-8.907 308.807
43.35 365.495
73.134 410.427
123.973 417.982
174.013 439.815
239.96 439.866
309.771 407.005
359.169 393.82
382.081 348.947
417.457 307.13
437.954 247.364
429.769 170.684
433.378 120.701
397.191 85.24
372.234 38.792
321.326 -1.313
250.254 -18.175
203.673 -35.865
156.885 -6.367
160.205 -70.312
34.79 -80.036
-13.703 -64.257
-38.522 -17.235
-41.62 83.69
-70.365 165.781
-115.926 285.283
-117.91 344.055
-74.572 378.652
21.231 412.143
88.973 460.877
187.46 531.181
235.47 555.89
284.997 521.116
344.654 442.092
411.793 394.007
507.695 323.405
546.278 287.224
529.344 229.887
474.02 149.635
450.72 69.512
413.81 -48.375
395.68 -87.627
340.191 -92.759
245.257 -67.499
223.607 -128.03
182.014 -131.782
-108.661 87.888
-123.322 126.992
7.006 473.389
40.038 498.94
397.823 474.851
432.499 451.58
522.819 109.348
512.483 68.884
285.002 -122.699
205.393 -158.529
105.671 -116.363
-88.515 34.694
-142.902 97.351
-131.906 205.145
-43.231 434.966
5.938 508.897
107.019 524.645
345.546 509.958
431.176 487.079
476.559 396.642
538.778 170.222
545.496 82.004
473.799 6.537
