171.876 257.226
232.131 267.036
260.887 211.117
219.005 167.713
162.652 195.248
111.387 243.164
199.258 314.286
298.147 257.197
275.906 146.95
161.013 134.711
66.747 109.826
54.474 210.28
17.32 270.444
58.269 321.707
152.867 358.722
202.342 409.793
260.201 384.281
326.327 313.629
388.85 280.776
381.759 219.764
342.073 135.077
332.585 67.908
274.056 54.705
176.532 74.572
101.388 62.426
28.878 52.298
-16.299 222.371
-5.86 340.689
147.414 430.321
261.68 448.203
391.912 339.153
446.754 234.746
390.53 82.509
312.582 -2.577
136.898 4.16
58.127 -72.284
-24.631 -10.919
-59.614 77.561
-94.948 139.749
-102.677 194.202
-110.21 273.308
-80.566 368.624
1.044 431.343
49.398 485.851
99.984 500.492
167.289 525.812
261.342 524.954
348.671 466.799
414.734 444.572
444.026 402.056
487.707 348.24
518.518 261.701
495.429 159.835
498.855 93.218
465.663 51.257
434.844 -9.167
358.697 -67.994
256.207 -76.459
192.18 -99.513
136.811 -80.638
160.856 -145.823
11.278 -164.805
-76.455 -126.346
-110.059 -71.912
-111.974 64.497
-143.005 149.209
-209.497 302.488
-205.64 394.22
-151.736 445.897
-23.878 489.265
55.97 532.571
170.802 625.605
256.275 650.539
319.052 612.478
393.914 507.049
464.642 452.136
582.883 375.323
632.137 300.758
619.521 234.015
547.306 132.371
524.794 46.263
492.189 -91.65
438.143 -157.894
378.137 -171.336
253.411 -134.568
234.864 -209.132
194.108 -218.988
-183.899 60.217
-201.416 98.34
-41.312 542.739
-1.709 570.69
445.497 541.941
483.174 516.487
601.723 91.418
593.073 50.32
307.276 -203.551
221.253 -242.047
107.021 -205.477
-162.819 -10.087
-218.829 67.254
-217.378 194.797
-104.77 511.155
-39.585 581.738
75.671 607.171
392.642 589.435
481.024 554.086
538.418 456.741
624.184 158.953
625.568 64.935
555.339 -22.88
