178.366 242.061
229.234 246.85
249.328 199.663
211.134 166.866
167.623 192.746
132.514 228.276
202.149 285.843
279.481 237.412
256.603 150.537
167.344 145.823
99.312 127.46
76.449 202.605
52.509 248.962
93.371 288.465
162.047 330.876
202.736 367.684
250.262 340.799
309.788 288.612
357.066 260.35
346.043 207.851
316.553 136.039
305.169 84.342
251.566 78.982
173.028 86.112
123.738 79.591
67.295 81.699
25.616 210.856
40.632 306.818
156.655 385.283
251.804 393.726
359.78 309.54
397.34 222.272
351.691 96.839
282.705 31.429
151.469 45.339
99.295 -23.286
32.614 26.074
-1.376 88.99
-39.315 138.187
-34.452 188.377
-47.855 242.379
-22.722 319.467
35.891 379.779
67.64 426.799
117.006 435.955
169.882 458.223
244.264 456.201
319.698 418.824
371.987 404.945
395.782 361.663
432.239 318.319
453.922 249.748
443.524 166.146
447.471 113.387
411.544 77.288
386.011 29.033
327.666 -14.921
251.059 -31.929
202.842 -50.029
154.426 -19.829
160.229 -86.408
30.59 -98.503
-26.971 -76.679
-54.527 -27.816
-56.828 79.898
-86.032 162.897
-135.394 288.199
-134.075 356.623
-89.287 393.635
13.376 427.951
81.783 476.438
180.769 549.698
243.434 574.558
294.217 539.571
356.359 454.784
423.98 406.244
521.979 336.53
565.733 286.25
549.044 227.804
489.18 143.686
465.915 62.181
427.512 -60.026
406.02 -102.76
348.8 -109.204
246.76 -82.096
225.417 -145.046
183.903 -149.589
-125.815 83.601
-140.098 122.844
-1.192 490.038
32.169 515.219
410.463 487.981
444.983 464.458
538.981 102.234
528.598 61.781
289.133 -140.175
207.787 -175.886
105.16 -134.752
-106.311 27.763
-159.963 93.394
-150.079 203.556
-54.266 452.186
-1.831 525.576
100.397 541.869
357.71 525.668
443.907 499.97
490.164 408.812
557.138 164.578
561.624 74.862
489.318 -3.038
