175.722 247.803
230.284 254.699
253.742 205.752
214.039 168.793
166.138 194.936
125.736 233.082
200.72 296.817
284.958 246.309
264.414 150.32
165.701 143.464
90.272 121.588
67.15 205.578
38.219 254.104
80.638 298.864
158.277 343.034
200.897 385.116
253.055 358.162
316.696 300.009
369.336 271.131
358.942 213.807
326.975 136.699
315.753 77.962
260.693 69.999
173.307 82.33
118.64 72.485
51.903 70.33
10.794 212.825
22.039 319.816
151.469 403.438
255.203 416.478
371.867 323.605
418.252 227.596
369.117 90.555
294.622 18.402
150.065 33.471
81.413 -43.693
6.213 10.864
-29.159 87.635
-64.384 139.899
-63.05 190.231
-75.022 254.37
-47.147 339.215
23.508 402.813
60.367 453.334
109.21 464.654
167.791 487.659
250.583 485.669
334.221 437.896
392.791 421.443
418.399 380.146
456.923 332.22
481.573 255.228
465.917 161.587
469.903 102.967
435.223 65.294
409.072 13.247
340.961 -36.216
252.784 -51.809
198.941 -71.63
147.896 -43.026
159.472 -111.711
22.933 -127.661
-49.361 -96.763
-80.087 -45.62
-81.843 75.347
-109.977 158.179
-167.099 295.422
-162.509 376.013
-114.217 418.769
0.2 454.266
71.598 501.792
178.009 582.783
253.681 606.735
308.924 570.426
374.999 475.581
443.607 425.065
549.296 352.437
595.938 288.659
580.418 227.029
514.328 136.414
490.86 53.214
457.189 -71.172
418.125 -128.025
360.014 -137.021
248.594 -105.408
227.734 -172.591
186.362 -178.289
-152.305 75.235
-166.697 114.442
-15.185 516.494
19.597 541.746
430.125 509.513
464.914 485.349
565.675 94.292
555.296 53.825
294.74 -168.578
210.968 -203.91
105.269 -164.592
-132.602 13.483
-186.479 84.937
-179.166 200.83
-73.326 480.629
-14.931 552.714
91.925 571.184
377.008 552.041
464.026 521.197
513.205 427.434
586.556 158.469
588.315 66.917
516.94 -12.829
