175.444 248.523
230.475 255.63
254.319 206.312
214.391 168.881
165.935 195.114
124.799 233.765
200.649 298.186
285.863 247.249
265.333 150.091
165.44 143.069
88.972 120.907
66.111 205.999
36.597 254.984
79.053 300.277
157.927 344.384
200.799 387.076
253.433 360.178
317.446 301.172
370.776 272.128
360.576 214.442
328.136 136.687
317.035 77.31
261.819 69.012
173.528 82.025
117.701 71.871
50.151 69.206
8.973 213.288
19.93 321.329
151.031 405.438
255.597 419.009
373.302 325.01
420.485 228.249
370.856 90.002
296.059 16.956
149.622 31.624
79.462 -45.818
3.49 9.485
-31.824 87.466
-66.911 139.981
-66.047 190.549
-77.805 255.846
-49.799 341.491
22.045 405.18
59.612 456.073
108.469 467.64
167.742 490.746
251.34 488.904
335.568 440.021
394.805 423.19
420.644 381.973
459.457 333.547
484.558 255.854
468.236 161.277
472.195 102.015
437.65 64.115
411.305 11.559
342.499 -38.565
253.001 -53.83
198.487 -73.854
147.172 -45.664
159.459 -114.355
21.976 -130.623
-51.728 -98.917
-82.699 -47.519
-84.109 74.814
-112.63 157.69
-170.425 296.244
-165.691 377.865
-116.972 421.293
-1.371 457.048
70.497 504.378
177.734 586.27
254.404 610.192
310.199 573.732
376.775 477.892
445.514 427.087
552.137 354.069
598.993 289.239
583.638 227.208
516.934 135.844
493.469 52.451
460.028 -72.737
419.455 -130.599
361.164 -139.918
248.845 -107.804
228.062 -175.464
186.711 -181.312
-154.973 74.361
-169.487 113.522
-16.886 519.033
18.158 544.37
431.861 511.899
466.759 487.642
568.481 93.7
558.151 53.22
295.393 -171.494
211.41 -206.844
105.333 -167.732
-135.26 11.832
-189.177 83.956
-182.277 200.52
-75.519 483.47
-16.511 555.399
90.931 574.204
378.752 554.906
465.851 523.572
515.471 429.518
589.602 158.099
591.153 66.352
519.846 -13.791
