181.285 235.445
227.691 235.606
241.83 191.392
204.243 164.515
167.32 191.244
140.455 224.634
204.942 271.662
269.34 224.04
243.45 148.823
165.678 150.45
119.808 146.894
103.938 200.011
90.247 240.824
123.939 266.373
170.444 298.084
204.885 323.623
239.336 299.627
283.889 264.947
318.406 240.199
306.037 199.894
287.177 147.375
274.265 106.698
231.881 106.041
177.478 107.361
133.952 106.853
98.997 116.732
68.287 211.219
89.342 276.805
170.125 335.145
238.588 335.292
318.473 276.391
340.001 211.589
308.957 117.764
253.769 76.849
155.614 76.484
120.481 49.423
84.882 74.504
67.536 115.482
38.445 150.435
42.877 194.057
31.701 236.478
44.602 277.654
79.111 307.196
104.182 345.171
144.329 355.134
182.88 378.653
226.144 378.619
265.112 354.493
308.122 342.387
329.928 308.202
364.324 278.096
377.695 236.856
367.04 191.824
368.926 147.596
343.264 116.378
324.936 74.324
289.748 48.694
243.479 44.418
203.188 29.595
163.76 47.3
165.421 2.273
92.415 -8.227
49.874 -5.361
33.494 36.094
22.515 106.197
0.283 178.108
-31.155 245.375
-42.654 288.548
-5.563 317.008
56.567 346.446
118.325 388.172
170.688 439.27
209.028 465.192
248.314 437.29
294.456 387.722
352.896 342.205
417.353 308.577
454.31 280.119
439.898 234.152
407.524 174.599
382.689 104.956
370.285 32.465
355.142 -9.609
307.625 -10.936
240.108 1.302
223.48 -47.091
181.73 -48.077
-28.74 107.639
-42.632 147.023
42.014 395.466
75.48 420.452
336.211 416.706
370.275 392.51
447.976 144.243
435.792 104.261
270.823 -37.298
203.285 -76.316
129.959 -34.668
-5.356 66.73
-62.789 117.77
-45.152 200.239
8.839 359.832
41.551 430.987
126.774 439.273
292.265 437.12
369.89 428.053
403.74 349.989
453.165 191.855
469.401 115.861
405.954 58.953
