179.658 238.695
231.725 240.628
248.496 193.068
208.742 163.062
167.126 190.807
134.709 226.518
206.723 283.692
280.727 228.977
252.481 144.842
165.185 144.839
106.191 131.909
86.617 200.882
66.455 248.692
101.819 281.272
168.688 319.731
207.269 351.802
247.421 328.177
303.557 275.981
344.34 250.166
333.779 204.163
305.531 136.908
293.503 90.018
245.663 86.328
173.874 92.18
126.056 88.422
81.397 93.702
37.407 211.978
59.446 292.668
165.567 367.096
245.626 370.202
344.959 292.287
374.857 218.601
334.614 102.069
273.319 49.14
151.33 54.986
109.946 4.888
55.275 43.206
26.218 95.063
-11.216 139.31
-2.214 190.359
-15.161 236.456
2.326 300.077
50.001 353.3
78.704 396.97
130.06 403.737
177.811 425.482
236.192 426.699
301.07 396.835
348.983 383.922
371.478 338.981
406.3 298.485
425.17 245.554
417.954 174.657
421.192 126.519
385.101 91.449
360.718 46.262
315.846 10.165
249.593 -5.826
203.944 -23.286
158.249 5.3
160.365 -56.345
40.772 -65.063
-2.793 -53.274
-25.498 -7.395
-28.947 87.615
-56.876 168.777
-99.366 284.896
-104.632 332.927
-62.013 366.492
28.073 399.061
95.327 447.511
190.299 515.86
229.931 538.928
277.91 505.447
335.054 431.465
401.291 383.642
493.932 316.569
528.996 286.2
512.723 230.961
461.2 154.59
437.817 75.765
404.59 -35.098
387.152 -74.189
333.295 -78.314
244.128 -54.647
222.576 -113.339
180.941 -116.583
-94.033 91.917
-108.998 130.906
13.955 459.286
46.826 485.045
386.996 463.788
421.681 440.529
508.995 115.487
498.498 75.066
282.094 -107.463
203.99 -143.614
107.782 -100.856
-73.15 40.331
-128.346 101.114
-116.307 206.61
-33.912 420.644
12.663 494.787
112.156 509.566
335.479 496.664
420.345 476.028
463.969 387.074
523.228 174.827
531.563 88.053
461.183 16.069
