180.992 236.573
228.898 236.836
243.427 191.303
204.597 163.639
166.759 190.828
137.895 225.914
205.73 275.166
272.915 224.91
245.445 146.349
164.839 148.793
117.038 143.635
100.703 201.108
86.299 242.59
119.526 268.63
170.887 302.2
205.647 328.403
240.427 304.76
287.898 266.243
323.052 241.414
311.129 200.971
289.805 144.621
277.059 103.379
234.478 102.313
176.311 104.452
131.827 103.561
96.428 112.908
63.828 212.304
84.955 278.431
170.271 340.183
239.303 340.466
323.125 278.176
344.904 213.029
312.232 114.579
256.86 73.01
154.075 72.265
118.745 43.663
81.262 69.451
61.823 111.444
30.546 148.324
36.713 194.475
25.857 237.689
38.453 279.878
73.775 312.914
100.171 353.101
142.608 362.491
182.924 385.568
227.186 385.73
269.385 361.607
314.541 348.94
336.499 312.873
370.995 280.641
384.818 238.55
375.278 189.955
377.341 144.315
349.514 112.181
329.456 69.534
293.88 43.253
245.034 36.829
203.13 21.348
162.215 41.652
163.924 -6.803
83.43 -18.53
40.889 -14.326
23.493 27.862
13.943 102.962
-9.308 177.058
-43.376 252.756
-53.706 295.292
-15.909 324.864
51.328 354.865
114.802 397.414
173.664 453.171
211.901 478.242
252.964 449.243
300.918 395.532
360.379 348.681
431.004 310.71
467.471 281.893
452.672 234.072
416.699 171.539
391.493 100.264
376.621 20.034
361.358 -20.711
312.468 -22.719
240.673 -8.042
222.798 -58.911
181.066 -60.466
-40.331 104.998
-54.736 144.196
36.665 406.476
69.925 431.74
344.808 425.384
379.052 401.435
458.924 139.318
447.146 99.252
273.453 -49.826
203.003 -88.408
123.38 -45.55
-16.873 61.052
-74.509 114.683
-57.577 202.328
0.319 369.666
35.909 441.995
125.825 451.625
298.894 448.213
378.405 436.97
414.908 354.957
465.842 189.878
480.609 111.18
414.583 50.343
