172.516 256.013
232.012 265.406
260.053 210.599
218.43 168.12
163.322 195.47
113.575 241.726
199.585 311.99
296.381 255.919
274.511 147.502
161.897 136.31
70.712 111.638
55.817 209.954
19.781 267.462
61.386 318.01
153.778 356.985
201.736 406.747
258.984 380.849
325.133 311.996
386.288 279.893
378.686 219.275
340.198 135.434
330.637 69.613
272.668 57.236
176.288 76.257
104.155 64.185
31.923 55.101
-12.322 220.477
-2.301 337.959
147.692 426.703
260.809 444.291
389.211 337.451
443.165 233.962
387.894 83.965
310.409 0.349
139.441 8.156
61.337 -68.724
-21.105 -7.826
-56.079 80.021
-91.327 139.703
-97.516 193.545
-105.767 271.053
-76.445 365.162
4.548 428.041
51.04 482.117
101.167 496.32
167.463 521.166
260.038 520.269
347.218 462.89
412.373 441.534
441.096 399.402
483.955 346.288
514.005 261.046
491.677 159.821
495.205 94.279
461.866 53.059
431.863 -6.112
356.82 -63.787
255.71 -73.478
193.585 -96.024
138.927 -75.18
160.735 -141.404
12.294 -160.01
-73.912 -122.196
-107.17 -68.027
-107.53 66.36
-139.038 150.68
-204.206 302.267
-199.9 392.828
-146.749 443.338
-20.197 484.855
58.233 528.995
172.285 620.427
256.791 645.049
318.547 607.197
391.935 502.78
462.353 448.522
578.92 372.142
627.83 298.707
614.766 232.619
543.105 132.572
520.375 46.948
487.812 -89.019
435.291 -154.382
375.454 -167.253
252.777 -130.84
233.659 -204.422
192.845 -213.38
-180.296 62.799
-197.069 101.189
-37.4 540.299
1.461 567.672
444.369 537.572
481.489 512.27
597.073 91.278
588.038 50.356
305.227 -199.32
219.413 -236.975
106.644 -200.053
-159.758 -6.439
-215.056 70.472
-212.645 196.114
-100.343 508.23
-35.792 578.861
78.276 602.979
391.5 584.608
479.647 549.565
535.637 452.673
619.524 158.311
620.636 64.613
550.282 -21.745
