168.112 261.864
231.51 274.036
263.56 213.257
220.497 165.885
159.13 193.82
101.935 248.316
196.248 323.514
304.79 262.512
281.089 143.975
157.342 128.149
50.019 105.966
48.916 210.398
9.345 284.449
46.459 337.548
147.082 364.552
205.557 420.896
265.391 397.859
330.475 320.493
398.908 283.208
394.314 220.769
349.342 133.153
339.408 59.509
278.011 42.453
177.0 66.257
90.49 54.867
12.598 43.845
-32.115 233.074
-18.0 349.92
146.828 444.58
264.315 462.865
402.962 345.243
460.586 237.874
400.62 74.95
320.582 -15.505
126.166 -9.998
46.251 -86.855
-35.664 -23.732
-75.547 61.413
-107.012 141.273
-121.573 199.021
-126.79 281.624
-94.511 379.56
-12.823 441.946
40.635 497.468
94.574 514.307
165.178 542.397
264.482 542.049
352.397 483.188
422.773 456.513
454.74 412.238
501.915 355.745
535.449 264.341
510.322 160.81
512.828 88.728
480.434 43.262
445.543 -22.127
365.426 -84.569
259.882 -89.567
185.418 -112.72
126.602 -100.799
159.201 -163.42
7.162 -183.457
-83.865 -143.177
-117.142 -89.67
-137.414 55.208
-157.108 143.19
-228.718 299.692
-227.25 395.224
-170.64 451.286
-38.912 501.793
44.798 545.195
162.684 644.098
251.305 670.797
318.195 632.028
400.559 524.923
472.499 466.788
597.388 388.516
648.1 310.026
637.344 240.649
564.334 131.978
542.291 43.341
508.713 -102.342
449.589 -171.447
388.857 -186.858
255.869 -152.232
241.586 -227.882
198.613 -243.676
-196.417 46.438
-219.637 83.864
-57.501 549.312
-16.434 580.416
447.286 559.767
487.845 533.978
620.404 93.338
614.016 50.798
316.143 -220.006
230.588 -264.117
106.392 -226.484
-171.471 -27.18
-233.094 49.552
-235.424 187.252
-122.972 518.023
-56.695 589.848
63.241 621.807
394.105 608.041
483.808 572.971
548.103 473.705
641.997 162.927
646.024 67.746
575.29 -27.882
