176.804 245.335
229.612 251.445
251.714 203.502
212.838 168.268
166.842 194.157
128.838 230.884
201.044 291.917
282.11 242.816
261.087 150.962
166.56 144.654
94.395 123.936
70.885 204.241
44.041 251.435
86.122 294.192
159.6 338.103
201.408 378.023
251.84 350.893
313.948 295.632
364.301 267.108
353.401 211.368
322.795 136.534
311.392 80.475
256.744 73.652
172.841 83.548
121.377 74.95
58.28 74.502
17.145 211.592
29.6 314.483
153.234 396.184
253.926 407.307
366.94 318.265
410.081 225.27
362.451 92.934
289.54 23.475
151.072 39.197
88.768 -35.954
16.614 16.102
-18.681 87.956
-54.696 138.857
-51.778 189.196
-64.599 249.082
-37.447 331.078
28.596 393.953
63.134 443.108
112.025 453.563
168.193 476.248
248.034 473.835
328.96 430.288
384.999 415.069
409.83 373.238
447.436 327.184
470.637 252.933
457.323 163.05
461.358 106.801
426.147 69.844
400.373 19.449
335.434 -27.793
252.084 -44.277
200.675 -63.37
150.618 -33.669
159.758 -101.962
26.197 -116.557
-40.67 -88.89
-70.338 -38.566
-72.129 76.963
-100.972 160.0
-154.781 292.525
-151.118 368.822
-104.264 409.179
5.643 444.004
75.578 492.085
178.857 569.862
250.353 594.053
303.656 558.314
368.075 467.285
436.249 417.719
538.627 346.53
584.397 287.103
568.366 226.896
504.653 138.913
481.241 56.399
446.115 -65.998
413.613 -118.278
355.983 -126.143
247.886 -96.426
226.824 -161.936
185.394 -167.191
-142.242 78.712
-156.488 117.97
-9.341 506.64
24.676 531.724
423.055 500.943
457.594 477.081
555.324 96.974
544.862 56.536
292.652 -157.625
209.725 -193.074
105.143 -153.025
-122.715 19.327
-176.38 88.539
-167.957 201.966
-65.593 469.814
-9.49 542.453
95.347 559.882
369.983 541.624
456.7 512.712
504.496 420.024
575.209 160.385
577.911 69.555
506.258 -9.11
