179.766 238.552
231.941 240.105
248.342 192.37
208.276 162.633
166.884 190.665
134.638 226.672
207.234 283.631
280.981 228.123
251.958 143.973
164.649 144.709
107.204 132.688
88.209 201.011
68.665 248.517
103.147 279.971
169.615 317.926
207.704 349.277
246.737 326.055
302.324 274.261
342.211 248.744
331.672 203.795
303.638 137.254
291.505 91.019
244.717 87.613
173.89 93.354
126.366 89.963
83.505 95.729
39.953 212.281
62.563 290.427
166.797 364.07
244.663 366.43
342.6 289.859
371.165 218.051
331.91 102.976
271.623 52.166
151.266 56.738
111.014 9.958
58.762 45.917
30.453 96.515
-6.441 139.94
3.215 191.245
-9.45 236.579
6.491 296.984
52.465 348.727
80.845 392.053
132.073 398.768
179.092 420.524
234.927 421.901
297.726 393.09
345.183 380.27
367.61 335.559
402.315 295.644
420.488 244.873
413.467 176.213
416.585 128.602
380.739 93.659
356.66 48.867
313.616 14.26
249.257 -1.155
203.974 -18.49
158.634 9.676
160.486 -51.077
43.983 -59.759
1.381 -49.098
-20.627 -3.576
-24.249 89.211
-51.813 169.98
-93.369 283.525
-99.357 328.832
-57.231 362.029
30.552 394.212
97.526 442.429
189.671 509.667
228.051 532.426
275.273 499.54
331.391 427.589
397.218 379.924
488.011 315.136
522.487 285.655
506.464 231.303
456.405 156.445
433.0 78.156
401.48 -29.634
384.167 -68.904
330.895 -72.721
243.73 -49.717
222.325 -107.749
180.677 -110.836
-88.522 93.479
-103.567 132.438
16.426 453.86
49.288 479.63
382.734 459.728
417.394 436.429
503.784 117.859
493.194 77.463
281.163 -101.624
203.626 -137.953
109.018 -95.051
-67.339 42.441
-122.854 102.605
-110.325 206.643
-30.445 415.235
15.122 489.36
113.44 503.53
331.59 491.718
416.097 471.93
458.801 383.872
517.376 176.567
526.289 90.373
456.487 19.829
