176.724 245.51
229.657 251.678
251.857 203.678
212.924 168.317
166.793 194.221
128.626 231.034
201.015 292.266
282.293 243.075
261.328 150.933
166.502 144.577
94.12 123.764
70.614 204.332
43.621 251.605
85.735 294.512
159.499 338.464
201.363 378.539
251.923 351.418
314.151 295.961
364.659 267.423
353.784 211.551
323.1 136.558
311.696 80.282
257.023 73.38
172.856 83.447
121.211 74.753
57.822 74.182
16.697 211.662
29.053 314.862
153.095 396.715
254.015 407.974
367.286 318.668
410.683 225.435
362.964 92.738
289.901 23.108
151.023 38.829
88.225 -36.528
15.834 15.691
-19.474 87.927
-55.417 138.92
-52.605 189.26
-65.378 249.449
-38.161 331.659
28.233 394.613
62.928 443.87
111.811 454.387
168.149 477.094
248.212 474.701
329.366 430.841
385.593 415.54
410.478 373.76
448.145 327.567
471.441 253.1
457.965 162.927
461.999 106.502
426.831 69.498
401.047 18.991
335.831 -28.407
252.131 -44.841
200.547 -63.986
150.416 -34.343
159.727 -102.686
25.969 -117.39
-41.315 -89.469
-71.069 -39.084
-72.848 76.839
-101.651 159.864
-155.693 292.74
-151.947 369.373
-104.989 409.902
5.256 444.763
75.287 492.812
178.797 570.821
250.633 594.988
304.073 559.207
368.606 467.889
436.809 418.259
539.423 346.968
585.263 287.19
569.267 226.882
505.376 138.709
481.956 56.149
446.988 -66.324
413.924 -119.01
356.278 -126.956
247.93 -97.097
226.878 -162.729
185.452 -168.013
-142.997 78.463
-157.25 117.719
-9.753 507.393
24.31 532.483
423.611 501.567
458.161 477.685
556.093 96.755
545.632 56.315
292.796 -158.445
209.802 -193.879
105.146 -153.882
-123.458 18.902
-177.136 88.284
-168.792 201.886
-66.149 470.63
-9.875 543.23
95.104 560.727
370.531 542.388
457.271 513.328
505.157 420.561
576.055 160.219
578.681 69.336
507.053 -9.384
