161.565 262.907
229.893 278.749
266.368 214.833
221.931 163.288
155.894 191.264
94.307 245.8
191.039 331.16
309.844 267.397
286.425 139.093
154.348 120.502
40.003 101.373
39.324 204.772
0.206 287.9
38.928 342.845
139.07 370.966
206.646 430.008
269.152 408.243
333.851 327.682
407.663 284.661
405.648 220.401
356.398 130.912
343.57 49.385
278.876 28.477
177.647 55.481
83.889 45.301
-0.934 34.606
-45.841 236.895
-28.222 354.146
145.738 456.222
265.892 475.063
413.087 350.013
472.794 240.607
409.068 64.589
326.004 -29.761
118.554 -22.289
36.34 -99.453
-45.509 -35.32
-91.791 49.231
-118.235 139.776
-138.6 202.26
-140.551 284.979
-105.828 382.706
-26.721 446.061
30.215 503.099
87.897 523.278
161.05 553.983
263.383 555.209
352.517 499.904
428.124 466.85
463.462 420.868
513.672 361.983
549.331 267.308
524.697 163.253
523.627 82.909
492.751 33.662
453.714 -34.932
371.812 -98.879
266.148 -105.758
178.831 -123.327
116.582 -117.022
153.402 -178.651
-1.578 -197.239
-93.813 -158.013
-125.589 -102.87
-165.905 48.528
-170.584 135.892
-243.275 293.422
-244.055 391.147
-185.715 449.909
-53.175 506.13
31.401 553.099
151.872 656.515
242.983 684.97
313.283 646.916
405.063 542.913
478.472 480.416
608.728 400.418
660.94 319.353
651.673 247.466
581.605 131.09
556.881 38.672
521.256 -113.008
459.33 -183.977
397.191 -200.236
256.824 -175.093
249.689 -244.217
193.87 -263.433
-209.937 34.613
-241.586 70.57
-73.138 551.937
-33.79 586.389
445.504 576.733
489.987 551.51
638.132 96.876
635.211 50.055
323.399 -234.271
235.697 -295.571
99.947 -241.563
-180.408 -40.632
-249.895 31.468
-250.924 178.858
-138.636 517.792
-75.112 592.552
48.739 631.439
390.997 623.343
482.722 591.922
555.604 489.676
656.853 167.85
667.841 71.43
591.226 -34.915
