173.341 254.139
231.725 262.929
258.69 209.736
217.431 168.602
164.155 195.661
116.707 239.576
199.952 308.518
293.648 253.906
272.286 148.227
163.029 138.516
76.211 114.382
58.146 209.188
23.847 263.533
66.054 312.863
154.98 354.104
201.072 401.941
257.277 375.625
323.23 309.448
382.34 278.333
374.014 218.363
337.224 135.904
327.395 71.914
270.247 60.699
175.718 78.401
108.128 66.582
36.481 59.236
-6.462 218.115
3.279 333.698
148.278 421.211
259.409 438.14
385.097 334.669
437.565 232.712
383.737 85.845
306.961 4.742
142.937 14.416
65.856 -62.942
-15.443 -2.969
-50.464 82.984
-85.453 139.697
-89.48 192.691
-98.846 267.349
-69.945 359.415
9.474 422.65
53.398 476.031
102.966 489.573
167.608 513.809
257.864 512.81
344.704 456.98
408.482 436.87
436.389 395.23
478.059 343.222
506.893 259.966
485.86 159.934
489.517 95.96
455.924 55.762
427.066 -1.554
353.644 -57.34
254.987 -68.788
195.134 -90.584
141.468 -67.252
160.314 -134.614
14.33 -152.687
-69.165 -116.025
-101.824 -62.483
-101.13 68.869
-132.67 152.726
-195.878 301.343
-191.076 389.955
-139.087 438.667
-14.934 478.017
61.529 523.208
174.196 612.201
257.072 636.459
317.288 598.937
388.64 496.335
458.591 443.025
572.608 367.366
621.003 295.798
607.277 230.714
536.62 133.022
513.589 48.046
480.987 -84.974
431.006 -148.825
371.464 -160.794
251.686 -125.264
231.97 -197.181
190.946 -205.02
-174.344 66.174
-190.308 104.907
-31.704 535.903
6.045 562.54
442.14 530.942
478.512 505.896
589.921 91.322
580.402 50.592
302.262 -192.676
216.85 -229.327
106.154 -191.843
-154.308 -1.372
-208.936 74.574
-205.22 197.682
-93.715 502.968
-30.358 573.818
81.94 596.208
389.216 577.145
477.048 542.766
531.093 446.568
612.238 157.622
613.141 64.414
542.54 -19.983
