173.646 253.384
231.588 261.937
258.119 209.363
217.0 168.75
164.444 195.684
117.9 238.744
200.074 307.129
292.546 253.071
271.366 148.488
163.44 139.331
78.259 115.466
59.159 208.822
25.552 262.135
67.89 310.941
155.423 352.872
200.898 399.962
256.648 373.528
322.447 308.397
380.744 277.634
372.14 217.94
335.998 136.068
326.021 72.755
269.195 61.979
175.445 79.135
109.636 67.476
38.324 60.845
-4.185 217.307
5.548 331.96
148.571 419.019
258.838 435.607
383.448 333.484
435.275 232.18
382.027 86.508
305.539 6.495
144.182 16.95
67.548 -60.519
-13.137 -0.977
-48.114 84.085
-82.98 139.688
-86.217 192.358
-96.018 265.777
-67.276 356.985
11.333 420.371
54.302 473.462
103.695 486.736
167.635 510.767
256.951 509.705
343.598 454.621
406.813 434.991
434.409 393.51
475.626 341.959
503.956 259.495
483.492 160.026
487.196 96.673
453.491 56.85
425.055 0.254
352.263 -54.745
254.687 -66.831
195.606 -88.357
142.305 -64.197
160.122 -131.863
15.29 -149.732
-67.018 -113.602
-99.454 -60.34
-98.482 69.813
-130.01 153.452
-192.46 300.796
-187.532 388.572
-136.01 436.561
-12.927 475.221
62.808 520.776
174.849 608.792
257.012 632.943
316.614 595.557
387.213 493.767
456.981 440.823
569.977 365.478
618.166 294.712
604.187 230.036
533.983 133.262
510.849 48.524
478.195 -83.335
429.313 -146.516
369.904 -158.116
251.218 -122.996
231.309 -194.259
190.214 -201.713
-171.846 67.419
-187.542 106.225
-29.512 533.916
7.808 560.304
441.064 528.292
477.171 503.355
587.025 91.436
577.344 50.763
301.129 -189.935
215.889 -226.262
106.001 -188.557
-151.923 0.549
-206.365 76.036
-202.167 198.166
-91.108 500.61
-28.291 571.583
83.313 593.366
388.112 574.12
475.829 540.068
529.158 444.152
609.248 157.454
610.133 64.443
539.422 -19.247
