165.78 263.172
230.588 276.952
264.477 214.146
220.984 164.98
157.571 192.867
98.179 248.914
193.785 326.996
307.215 264.892
283.296 142.24
156.077 125.125
44.533 105.23
45.161 209.307
5.75 288.229
42.405 341.86
143.326 367.097
206.105 425.072
267.085 402.838
331.924 323.75
402.945 283.894
399.563 220.735
352.507 132.147
341.797 55.211
278.791 36.382
177.227 61.706
87.066 50.739
4.348 40.943
-38.324 236.75
-22.386 352.22
146.179 449.929
264.958 468.575
407.599 347.544
466.214 239.147
404.728 70.778
323.401 -21.783
122.485 -15.639
41.822 -92.885
-39.835 -29.014
-83.645 54.108
-110.989 141.437
-128.908 201.03
-133.075 283.94
-99.406 381.848
-18.587 444.401
35.795 500.427
91.405 518.693
163.358 547.985
264.289 548.376
352.696 490.669
425.435 461.338
458.823 416.321
507.443 358.7
542.001 265.604
516.788 161.74
518.225 86.366
486.449 39.236
449.515 -27.881
368.34 -91.253
262.599 -96.476
182.51 -117.955
122.196 -108.44
157.3 -170.637
3.954 -190.263
-87.449 -149.995
-119.94 -96.713
-152.034 51.339
-162.927 140.141
-235.562 296.791
-235.07 393.504
-177.686 451.044
-45.186 503.791
38.694 549.055
157.918 650.245
247.755 677.762
316.285 639.178
402.774 532.988
475.269 473.031
602.791 394.093
654.174 314.272
644.162 243.749
571.985 131.732
549.355 41.687
514.959 -107.01
454.236 -177.044
393.091 -193.04
256.7 -161.935
245.469 -235.538
198.389 -254.369
-201.949 40.011
-229.042 76.923
-64.572 550.703
-24.134 583.254
446.727 567.444
488.905 541.772
628.444 94.786
623.48 50.981
319.839 -226.603
234.741 -276.44
104.309 -234.196
-174.901 -34.319
-239.676 40.564
-242.634 183.154
-130.372 518.402
-64.914 591.348
56.731 626.481
393.081 615.279
483.611 581.41
551.583 481.081
649.04 165.106
655.283 69.589
583.189 -30.581
