173.949 252.607
231.435 260.92
257.523 208.959
216.552 168.872
164.72 195.674
119.089 237.908
200.189 305.702
291.417 252.196
270.411 148.746
163.836 140.116
80.264 116.539
60.236 208.416
27.328 260.79
69.749 309.044
155.858 351.569
200.771 397.909
256.036 371.377
321.638 307.299
379.107 276.873
370.223 217.471
334.728 136.221
324.583 73.574
268.075 63.233
175.146 79.809
111.128 68.341
40.218 62.435
-1.902 216.539
7.883 330.173
148.902 416.782
258.257 432.976
381.763 332.229
432.908 231.611
380.254 87.142
304.057 8.278
145.358 19.533
69.241 -58.003
-10.779 1.032
-45.668 85.19
-80.39 139.659
-82.864 192.005
-93.092 264.121
-64.51 354.441
13.175 417.974
55.206 470.762
104.447 483.761
167.649 507.602
256.003 506.46
342.411 452.215
405.037 433.065
432.324 391.72
473.096 340.649
500.9 258.986
481.049 160.149
484.799 97.433
450.972 57.975
422.945 2.098
350.79 -52.089
254.377 -64.786
196.033 -86.053
143.088 -61.128
159.93 -129.032
16.325 -146.678
-64.72 -111.148
-96.951 -58.218
-95.696 70.772
-127.228 154.131
-188.921 300.153
-183.91 387.036
-132.862 434.283
-10.933 472.328
64.096 518.224
175.454 605.244
256.847 629.305
315.823 592.062
385.688 491.15
455.271 438.572
567.224 363.567
615.203 293.655
600.97 229.4
531.264 133.55
508.034 49.046
475.308 -81.643
427.603 -144.097
368.343 -155.318
250.736 -120.645
230.654 -191.254
189.497 -198.353
-169.252 68.684
-184.69 107.493
-27.326 531.755
9.572 557.914
439.852 525.59
475.707 500.765
584.045 91.617
574.216 50.993
300.011 -187.073
214.959 -223.123
105.859 -185.19
-149.39 2.464
-203.673 77.469
-198.987 198.604
-88.472 498.064
-26.239 569.18
84.663 590.387
386.869 571.008
474.474 537.325
527.109 441.701
606.148 157.353
607.051 64.546
536.227 -18.467
