180.894 236.786
229.19 237.088
243.815 191.298
204.688 163.442
166.635 190.734
137.384 226.133
205.921 275.988
273.695 225.095
245.924 145.762
164.656 148.415
116.401 142.88
99.96 201.263
85.318 243.034
118.42 269.204
170.985 303.169
205.841 329.563
240.704 306.015
288.822 266.57
324.191 241.701
312.393 201.209
290.451 143.967
277.757 102.574
235.12 101.393
176.045 103.761
131.369 102.766
95.796 111.968
62.557 212.451
83.86 278.836
170.276 341.429
239.477 341.73
324.282 278.68
346.131 213.373
313.047 113.813
257.644 72.057
153.747 71.315
118.283 42.078
80.222 68.153
60.22 110.494
28.518 147.731
35.132 194.509
24.257 237.807
36.816 280.52
72.466 314.633
99.044 355.142
142.142 364.369
182.895 387.342
227.474 387.582
270.694 363.416
316.136 350.678
338.15 314.043
372.666 281.333
386.652 238.958
377.401 189.308
379.506 143.51
351.058 111.119
330.603 68.338
294.949 41.866
245.349 34.841
203.149 19.208
161.932 40.037
163.638 -9.146
81.139 -20.991
38.607 -16.414
20.982 25.958
11.814 102.163
-11.805 176.734
-46.3 254.392
-56.382 297.085
-18.393 326.865
50.064 356.979
113.814 399.867
174.536 456.58
212.659 481.381
254.101 452.16
302.533 397.414
362.327 350.411
434.383 311.133
470.661 282.274
455.782 234.033
418.934 170.75
393.787 99.031
378.03 16.858
362.802 -23.402
313.651 -25.59
240.821 -10.366
222.676 -61.776
180.948 -63.462
-43.146 104.355
-57.656 143.515
35.406 409.165
68.626 434.479
346.927 427.453
381.201 403.561
461.553 138.089
449.867 97.996
274.021 -52.865
202.973 -91.335
122.027 -48.235
-19.723 59.778
-77.35 113.95
-60.608 202.486
-1.644 372.141
34.595 444.682
125.173 454.508
300.587 450.852
380.501 439.09
417.415 356.458
468.896 189.302
483.302 110.001
416.857 48.464
