164.245 263.305
230.196 277.901
265.066 214.464
221.319 164.405
156.863 192.345
96.552 248.144
192.587 328.64
308.249 265.928
284.456 141.216
155.363 123.438
42.485 104.08
42.966 207.877
3.655 288.645
40.804 342.712
141.526 368.505
206.284 427.016
267.862 405.04
332.643 325.314
404.807 284.256
401.965 220.66
354.042 131.679
342.669 53.014
278.901 33.365
177.325 59.346
85.713 48.546
1.591 38.781
-41.279 237.324
-24.682 353.02
145.914 452.401
265.266 471.182
409.73 348.585
468.856 239.721
406.564 68.504
324.495 -24.885
120.941 -18.29
39.694 -95.524
-42.044 -31.54
-87.219 51.636
-113.404 140.957
-132.658 201.55
-136.003 284.459
-101.941 382.324
-21.761 445.146
33.491 501.549
89.902 520.555
162.415 550.393
263.964 551.171
352.656 494.294
426.568 463.537
460.703 418.188
509.957 360.011
544.986 266.241
519.92 162.276
520.569 85.096
489.109 37.163
451.302 -30.613
369.757 -94.255
264.108 -100.089
181.09 -120.211
120.034 -111.958
156.022 -173.889
1.869 -193.109
-89.832 -153.136
-122.088 -99.268
-158.575 50.152
-165.894 138.457
-238.631 295.369
-238.618 392.553
-180.888 450.668
-48.349 504.704
35.716 550.639
155.514 652.817
245.898 680.708
315.158 642.319
403.728 536.879
476.538 475.955
605.218 396.622
656.936 316.269
647.226 245.182
575.745 131.511
552.505 40.69
517.688 -109.243
456.363 -179.641
395.002 -195.829
256.999 -167.075
247.494 -239.034
197.148 -258.63
-205.11 37.757
-233.922 74.041
-67.977 551.223
-28.008 584.456
446.287 571.085
489.327 545.544
632.283 95.532
628.113 50.869
321.551 -229.615
236.149 -283.712
102.78 -237.345
-177.074 -36.929
-243.17 36.947
-245.963 181.283
-133.709 518.267
-68.947 591.752
53.517 628.461
392.341 618.535
483.32 585.491
553.182 484.514
652.232 166.141
659.911 70.446
586.637 -32.085
