172.778 255.451
231.936 264.659
259.653 210.349
218.143 168.283
163.594 195.547
114.544 241.069
199.708 310.942
295.561 255.322
273.852 147.734
162.26 137.003
72.432 112.471
56.484 209.752
20.97 266.204
62.805 316.402
154.159 356.147
201.501 405.32
258.45 379.275
324.569 311.239
385.104 279.451
377.278 219.022
339.317 135.585
329.693 70.341
271.974 58.325
176.138 76.954
105.383 64.939
33.295 56.367
-10.53 219.706
-0.636 336.689
147.846 425.046
260.394 442.463
387.972 336.638
441.496 233.594
386.66 84.57
309.386 1.676
140.547 10.026
62.75 -67.03
-19.422 -6.385
-54.424 80.979
-89.602 139.697
-95.114 193.276
-103.702 269.971
-74.513 363.485
6.079 426.463
51.767 480.334
101.707 494.338
167.52 518.985
259.403 518.064
346.498 461.106
411.24 440.134
439.711 398.163
482.204 345.377
511.895 260.733
489.939 159.838
493.508 94.774
460.097 53.875
430.452 -4.729
355.905 -61.849
255.495 -72.091
194.12 -94.402
139.773 -72.74
160.626 -139.369
12.845 -157.809
-72.587 -120.318
-105.665 -66.319
-105.596 67.149
-137.161 151.326
-201.73 302.059
-197.248 392.054
-144.447 442.024
-18.571 482.814
59.243 527.295
172.904 617.992
256.94 642.49
318.231 604.736
390.98 500.832
461.256 446.866
577.055 370.694
625.809 297.802
612.543 232.016
541.164 132.688
518.339 47.269
485.778 -87.805
433.993 -152.735
374.24 -165.338
252.465 -129.164
233.143 -202.248
192.267 -210.843
-178.555 63.874
-195.053 102.381
-35.651 539.061
2.871 566.194
443.764 535.572
480.646 510.344
594.929 91.257
585.735 50.402
304.316 -197.346
218.618 -234.668
106.48 -197.574
-158.206 -4.86
-213.259 71.795
-210.437 196.641
-98.33 506.743
-34.113 577.424
79.417 600.988
390.882 582.373
478.929 547.507
534.309 450.822
617.355 158.065
618.378 64.514
547.956 -21.221
