169.082 260.849
231.876 272.316
263.077 212.735
220.27 166.282
159.976 194.238
104.084 247.284
197.296 321.525
303.364 261.233
279.963 144.765
158.011 129.582
53.511 106.142
50.418 210.431
10.931 281.332
48.928 334.225
148.82 363.35
204.94 418.585
264.316 394.939
329.665 318.842
396.687 282.83
391.445 220.689
347.695 133.665
337.943 61.598
277.32 45.474
176.857 68.345
92.682 56.626
17.072 45.145
-28.72 230.363
-15.699 348.388
147.016 441.536
263.906 459.719
400.436 343.968
457.55 237.153
398.385 76.863
318.875 -12.351
128.469 -7.02
48.683 -83.483
-33.494 -20.859
-71.478 65.605
-104.752 140.762
-117.641 197.608
-123.295 279.82
-91.929 377.563
-10.249 440.122
43.085 495.538
96.056 511.743
165.984 539.092
264.244 538.461
351.963 479.327
421.195 453.866
452.484 410.005
498.854 354.091
531.81 263.7
506.96 160.434
509.807 89.85
477.137 45.237
443.34 -19.088
363.942 -80.848
258.783 -86.296
186.954 -109.842
128.941 -96.683
159.91 -159.516
8.397 -179.468
-82.299 -139.431
-115.941 -85.514
-130.472 57.471
-154.141 144.544
-224.75 300.906
-222.738 395.718
-166.62 450.876
-35.824 500.533
47.819 542.751
164.94 640.394
252.899 666.666
318.887 627.935
399.259 520.734
470.929 463.452
594.339 385.486
644.709 307.802
633.527 239.023
560.413 132.053
538.412 44.08
505.231 -99.826
447.099 -168.352
386.629 -183.393
255.415 -147.705
239.928 -223.655
197.908 -237.777
-193.753 49.979
-215.223 87.478
-53.867 548.256
-12.667 578.575
447.322 555.69
487.117 529.915
616.168 92.706
609.147 50.645
314.255 -216.323
228.399 -258.779
107.069 -222.032
-169.837 -23.104
-229.856 54.185
-231.483 189.267
-118.895 517.297
-52.545 588.542
66.421 618.945
394.3 604.007
483.629 568.571
546.141 469.772
638.119 161.847
641.269 66.9
570.915 -26.593
