181.424 234.979
227.217 235.115
241.208 191.47
204.121 164.896
167.584 191.396
141.532 224.11
204.656 270.214
267.859 223.687
242.662 149.837
166.099 151.172
120.893 148.182
105.261 199.534
91.777 240.164
125.605 265.547
170.257 296.447
204.598 321.778
238.962 297.635
282.245 264.456
316.599 239.724
304.097 199.472
286.161 148.515
273.205 108.004
230.892 107.476
178.012 108.518
134.816 108.143
100.008 118.209
69.941 210.738
91.026 276.172
170.018 333.233
238.365 333.352
316.674 275.787
338.108 211.049
307.761 119.031
252.619 78.322
156.286 78.085
121.225 51.386
86.092 76.359
69.447 117.089
41.361 151.156
45.167 193.838
33.812 235.921
46.795 276.875
81.134 305.466
105.522 342.267
144.931 352.425
182.795 376.118
225.815 376.065
263.842 351.906
305.699 340.071
327.474 306.48
361.823 277.227
375.104 236.221
364.082 192.211
365.864 148.89
340.88 117.961
323.271 76.175
288.255 50.737
242.79 47.157
203.236 32.642
164.474 49.295
166.054 5.647
95.772 -4.178
53.226 -1.782
37.217 39.454
25.792 107.464
3.749 178.437
-26.381 242.811
-38.3 286.104
-1.535 314.079
58.632 343.3
119.503 384.9
169.823 434.024
207.988 460.124
246.57 432.645
292.051 384.692
350.178 339.935
412.225 307.575
449.225 279.353
434.972 234.136
403.952 175.702
379.531 106.662
367.643 36.982
352.66 -5.303
305.751 -6.389
239.863 4.843
223.741 -42.507
181.986 -43.279
-24.258 108.711
-37.931 148.171
44.177 391.255
77.728 416.123
332.943 413.29
366.927 389.005
443.677 146.05
431.327 106.126
269.603 -32.451
203.397 -71.628
132.68 -30.434
-1.001 69.111
-58.25 119.031
-40.305 198.98
12.319 356.198
43.837 426.777
126.633 434.274
289.877 432.704
366.656 424.541
399.093 348.411
448.228 192.442
464.983 117.596
402.827 62.683
