163.746 263.278
230.111 278.112
265.279 214.545
221.433 164.213
156.666 192.174
96.1 247.783
192.264 329.135
308.55 266.218
284.818 140.869
155.15 122.907
41.95 103.629
42.292 207.343
3.02 288.617
40.395 342.832
141.028 368.953
206.359 427.59
268.108 405.679
332.865 325.771
405.354 284.356
402.669 220.629
354.497 131.54
342.887 52.346
278.91 32.457
177.366 58.633
85.341 47.907
0.971 38.038
-42.147 237.354
-25.356 353.231
145.871 453.138
265.37 471.936
410.359 348.878
469.624 239.891
407.079 67.797
324.794 -25.809
120.49 -19.061
39.06 -96.282
-42.716 -32.284
-88.183 51.054
-114.222 140.756
-133.783 201.675
-136.864 284.565
-102.684 382.41
-22.702 445.329
32.848 501.857
89.501 521.088
162.153 551.094
263.867 551.97
352.643 495.356
426.89 464.172
461.251 418.72
510.685 360.385
545.848 266.431
520.835 162.441
521.211 84.697
489.854 36.525
451.799 -31.425
370.165 -95.133
264.538 -101.171
180.662 -120.834
119.385 -112.961
155.583 -174.816
1.211 -193.913
-90.593 -154.06
-122.779 -99.958
-160.257 49.854
-166.778 137.949
-239.52 294.951
-239.636 392.261
-181.819 450.52
-49.274 504.968
34.875 551.113
154.816 653.552
245.349 681.552
314.817 643.224
404.0 538.021
476.914 476.807
605.917 397.348
657.735 316.851
648.107 245.597
576.854 131.431
553.389 40.355
518.435 -109.926
456.961 -180.429
395.502 -196.655
257.036 -168.615
248.025 -240.046
196.634 -259.715
-206.065 37.165
-235.379 73.269
-68.97 551.356
-29.116 584.817
446.151 572.154
489.456 546.661
633.407 95.753
629.485 50.786
321.993 -230.501
236.348 -285.966
102.268 -238.2
-177.739 -37.633
-244.286 35.942
-246.926 180.758
-134.669 518.182
-70.127 591.903
52.594 629.039
392.108 619.473
483.224 586.699
553.654 485.505
653.148 166.443
661.316 70.671
587.585 -32.576
