179.627 238.779
231.61 240.874
248.542 193.389
208.926 163.266
167.229 190.88
134.731 226.486
206.485 283.688
280.592 229.365
252.688 145.237
165.417 144.921
105.786 131.625
85.979 200.873
65.582 248.721
101.332 281.767
168.295 320.443
207.049 352.794
247.679 328.974
304.02 276.703
345.174 250.759
334.593 204.324
306.284 136.798
294.296 89.64
246.026 85.842
173.869 91.728
125.932 87.823
80.531 92.916
36.5 211.861
58.211 293.593
165.049 368.269
246.036 371.718
345.895 293.299
376.327 218.818
335.705 101.726
273.969 47.93
151.36 54.295
109.496 2.87
53.886 42.151
24.538 94.514
-13.108 139.104
-4.407 190.032
-17.442 236.499
0.688 301.332
49.031 355.102
77.868 398.923
129.226 405.747
177.286 427.493
236.719 428.607
302.374 398.317
350.476 385.368
373.009 340.373
407.891 299.665
427.026 245.819
419.71 174.058
422.998 125.689
386.847 90.568
362.361 45.214
316.696 8.518
249.709 -7.66
203.922 -25.161
158.082 3.576
160.326 -58.412
39.643 -67.189
-4.404 -54.917
-27.399 -8.891
-30.804 87.0
-58.868 168.3
-101.761 285.06
-106.641 334.576
-63.876 368.265
27.088 400.975
94.435 449.503
190.341 518.232
230.677 541.479
278.94 507.764
336.48 433.004
402.87 385.129
496.16 317.268
531.551 286.412
515.176 230.828
463.087 153.864
439.713 74.837
405.85 -37.193
388.359 -76.226
334.269 -80.484
244.288 -56.569
222.694 -115.523
181.064 -118.833
-96.189 91.296
-111.115 130.3
12.968 461.401
45.849 487.147
388.638 465.396
423.33 442.147
511.039 114.571
500.574 74.141
282.482 -109.738
204.156 -145.827
107.353 -103.136
-75.42 39.495
-130.493 100.527
-118.628 206.46
-35.279 422.767
11.691 496.902
111.573 511.892
336.985 498.612
421.983 477.646
465.942 388.38
525.521 174.15
533.629 87.154
463.026 14.61
