178.505 241.761
229.292 246.393
249.173 199.245
210.986 166.676
167.673 192.603
132.813 228.059
202.346 285.407
279.361 236.846
256.229 150.366
167.356 145.873
99.756 127.798
77.035 202.452
53.365 248.826
94.023 287.969
162.365 330.166
202.942 366.666
250.115 339.885
309.389 287.854
356.309 259.684
345.301 207.55
315.92 136.039
304.512 84.712
251.117 79.477
173.089 86.426
123.899 80.113
68.173 82.469
26.393 210.851
41.746 306.027
157.097 384.174
251.522 392.343
358.952 308.56
396.003 222.013
350.634 97.192
282.089 32.348
151.469 45.874
100.221 -21.843
34.157 27.21
0.444 89.181
-37.682 138.179
-32.631 188.349
-46.048 241.794
-21.215 318.302
36.64 378.255
68.151 425.054
117.622 434.059
170.177 456.286
243.836 454.418
318.651 417.612
370.582 403.834
394.275 360.362
430.613 317.237
452.183 249.466
442.059 166.575
445.983 114.136
410.025 78.116
384.545 30.065
326.935 -13.527
250.947 -30.546
202.98 -48.57
154.745 -18.395
160.231 -84.726
31.012 -96.546
-25.531 -75.378
-52.818 -26.705
-55.198 80.257
-84.391 163.2
-133.33 287.794
-132.32 355.284
-87.728 391.986
14.169 426.255
82.468 474.764
181.15 547.603
242.611 572.539
293.186 537.603
355.085 453.468
422.659 405.002
520.304 335.277
563.717 286.313
546.964 227.999
487.557 144.274
464.296 62.902
425.833 -59.098
404.98 -101.152
347.906 -107.461
246.599 -80.566
225.213 -143.247
183.69 -147.702
-124.018 84.071
-138.33 123.304
-0.364 488.235
32.956 513.446
409.079 486.614
443.614 463.121
537.26 102.92
526.889 62.464
288.685 -138.331
207.517 -174.05
105.162 -132.799
-104.477 28.565
-158.173 93.838
-148.161 203.718
-53.099 450.306
-1.047 523.764
100.965 539.969
356.374 523.995
442.511 498.629
488.647 407.604
555.199 165.13
559.912 75.554
487.6 -2.188
