162.902 263.179
230.0 278.403
265.668 214.664
221.629 163.875
156.353 191.862
95.38 247.083
191.762 329.941
309.05 266.683
285.432 140.244
154.811 122.001
41.131 102.805
41.157 206.386
1.948 288.438
39.775 342.92
140.24 369.718
206.485 428.533
268.519 406.707
333.241 326.516
406.255 284.502
403.829 220.562
355.244 131.307
343.205 51.224
278.91 30.939
177.453 57.436
84.752 46.873
0.112 36.742
-43.579 237.275
-26.472 353.576
145.817 454.349
265.559 473.164
411.405 349.34
470.877 240.173
407.896 66.596
325.274 -27.34
119.741 -20.323
38.006 -97.521
-43.821 -33.492
-89.677 50.233
-115.684 140.393
-135.654 201.881
-138.287 284.722
-103.911 382.53
-24.263 445.615
31.808 502.35
88.863 521.952
161.725 552.234
263.696 553.257
352.61 497.112
427.401 465.209
462.141 419.577
511.871 360.996
547.244 266.753
522.337 162.726
522.213 84.015
491.039 35.44
452.581 -32.776
370.822 -96.583
265.21 -102.959
179.951 -121.827
118.302 -114.575
154.795 -176.321
0.113 -195.216
-91.862 -155.59
-123.912 -101.081
-162.734 49.367
-168.246 137.126
-240.978 294.303
-241.327 391.8
-183.339 450.278
-50.794 505.413
33.508 551.89
153.671 654.734
244.438 682.916
314.24 644.686
404.435 539.91
477.53 478.204
607.048 398.531
659.029 317.811
649.53 246.287
578.685 131.287
554.796 39.757
519.598 -111.089
457.912 -181.767
396.244 -198.03
257.027 -171.153
248.793 -241.693
195.66 -261.324
-207.615 36.199
-237.792 72.096
-70.596 551.579
-30.935 585.419
445.915 573.919
489.668 548.518
635.252 96.131
631.744 50.584
322.632 -231.964
236.394 -289.721
101.385 -239.552
-178.818 -38.784
-246.266 34.265
-248.498 179.943
-136.232 518.038
-72.067 592.153
51.084 629.982
391.702 620.998
483.05 588.704
554.428 487.125
654.627 166.949
663.703 71.004
589.074 -33.436
