180.148 238.369
231.94 239.218
247.615 191.353
207.15 162.184
166.482 190.553
134.691 227.169
207.822 282.781
280.65 226.718
250.539 142.903
163.813 144.992
109.796 135.152
92.056 201.638
74.143 247.52
107.211 276.595
171.28 313.489
207.973 342.97
244.883 320.177
298.83 270.784
336.764 245.792
326.07 203.051
299.118 138.641
286.714 93.91
242.145 91.262
174.081 96.429
127.325 93.926
88.155 100.948
47.222 212.956
70.082 285.728
169.223 356.413
242.67 357.666
336.789 284.824
362.368 216.668
325.605 105.614
267.199 59.329
151.352 61.129
113.37 21.792
66.855 52.953
40.648 100.526
5.033 142.018
15.16 193.24
3.358 237.596
16.776 290.374
58.651 337.539
86.233 380.067
136.286 387.202
181.664 409.112
232.204 410.402
289.259 383.865
335.678 371.268
358.084 327.81
392.67 289.661
409.15 243.126
402.161 180.293
405.003 133.67
370.431 99.108
347.378 55.15
307.747 23.843
248.122 10.449
203.897 -6.435
159.435 20.294
160.962 -37.882
53.719 -47.134
12.622 -38.814
-7.889 5.74
-12.679 93.291
-39.366 172.637
-78.598 275.154
-85.866 318.807
-45.142 350.906
36.631 382.183
102.616 429.56
185.987 493.488
223.232 516.196
268.468 484.761
322.075 418.081
386.647 370.932
472.056 313.063
506.156 284.459
490.692 232.31
444.468 161.131
420.921 84.432
394.111 -15.37
377.183 -55.073
325.337 -58.31
242.742 -37.176
221.955 -93.543
180.283 -96.283
-74.498 97.128
-89.605 136.062
22.366 439.974
55.285 465.671
371.606 449.71
406.165 426.266
490.676 124.075
479.811 83.752
279.078 -86.704
203.005 -123.59
112.564 -80.423
-52.476 47.523
-108.844 106.199
-94.938 204.999
-21.814 401.562
21.141 475.477
116.029 487.928
321.577 479.311
405.019 461.772
445.277 376.188
502.551 181.001
512.993 96.437
444.528 29.314
