181.178 235.898
228.155 236.091
242.44 191.337
204.377 164.164
167.096 191.081
139.427 225.15
205.241 273.032
270.759 224.38
244.215 147.865
165.338 149.792
118.732 145.627
102.669 200.472
88.746 241.485
122.278 267.212
170.624 299.673
205.165 325.436
239.733 301.576
285.455 265.427
320.169 240.661
307.952 200.309
288.171 146.307
275.311 105.432
232.858 104.634
177.021 106.239
133.097 105.594
98.021 115.286
66.656 211.681
87.683 277.422
170.212 337.027
238.845 337.241
320.228 277.014
341.848 212.13
310.176 116.542
254.916 75.405
154.991 74.808
119.859 47.377
83.625 72.64
65.526 113.927
35.517 149.693
40.584 194.254
29.567 237.008
42.353 278.45
77.095 309.142
102.759 348.104
143.706 357.862
182.937 381.208
226.507 381.224
266.541 357.12
310.534 344.765
332.383 309.94
366.822 279.001
380.325 237.493
370.073 191.257
372.032 146.344
345.621 114.807
326.608 72.516
291.263 46.669
244.104 41.637
203.159 26.562
163.074 45.376
164.777 -1.108
89.102 -12.187
46.547 -8.844
29.762 32.882
19.285 104.97
-3.241 177.758
-35.846 248.133
-46.894 291.011
-9.509 319.931
54.564 349.596
117.074 391.537
171.706 444.509
210.089 470.168
250.074 441.833
296.873 390.693
355.65 344.545
422.482 309.456
459.322 280.813
444.76 234.131
411.011 173.466
385.918 103.234
372.778 27.86
357.539 -13.843
309.454 -15.417
240.32 -2.189
223.184 -51.588
181.44 -52.795
-33.15 106.622
-47.254 145.93
39.945 399.632
73.324 424.732
339.46 420.035
373.601 395.937
452.165 142.389
440.133 102.383
271.907 -42.07
203.143 -80.918
127.333 -38.816
-9.691 64.486
-67.253 116.569
-49.892 201.295
5.53 363.497
39.36 435.151
126.68 444.06
294.714 441.391
373.109 431.476
408.158 351.671
458.017 191.181
473.684 114.11
409.12 55.52
