180.431 238.085
231.324 238.63
246.577 191.173
206.269 162.415
166.381 190.61
135.197 227.227
207.523 281.181
279.031 226.121
249.148 143.288
163.764 145.869
112.039 137.636
94.943 201.918
78.311 246.224
111.011 273.911
171.733 309.979
207.434 338.055
243.294 315.147
295.529 268.897
332.283 244.074
321.285 202.544
295.833 140.308
283.251 96.706
239.844 94.643
174.546 98.957
128.484 97.078
91.19 105.008
53.023 213.162
75.495 282.838
170.287 350.589
241.329 351.473
332.23 282.01
355.973 215.598
321.036 108.22
263.684 64.412
151.882 64.648
115.056 29.606
72.043 58.506
47.967 104.002
13.584 143.891
22.931 194.166
11.671 238.183
24.372 286.377
63.556 329.153
90.55 370.886
138.759 378.717
182.777 400.906
230.299 401.864
282.388 376.623
328.29 364.055
350.687 322.528
385.277 286.13
400.648 241.735
393.177 183.686
395.765 137.457
363.025 103.444
340.948 60.001
303.062 30.721
247.096 19.381
203.659 2.902
160.164 27.691
161.757 -27.46
63.867 -37.936
21.797 -30.713
2.436 12.999
-3.78 96.519
-29.691 174.29
-66.988 267.313
-75.26 310.79
-35.668 342.017
41.38 372.866
106.425 419.095
182.154 480.445
219.245 503.477
262.946 473.091
314.731 410.703
377.825 363.782
458.807 312.328
493.277 283.803
478.134 233.214
435.16 164.788
411.169 89.736
388.55 -3.719
372.082 -43.7
321.291 -46.598
241.992 -27.386
222.028 -82.178
180.336 -84.596
-63.271 99.824
-78.26 138.803
26.933 428.805
59.939 454.391
362.533 441.848
396.995 418.26
480.252 129.192
469.128 88.939
277.44 -74.63
202.846 -112.078
115.663 -68.713
-40.609 51.646
-97.59 108.999
-82.597 203.51
-14.839 390.718
25.828 464.312
118.423 475.519
313.617 469.324
395.997 453.771
434.671 369.586
490.591 184.39
502.392 101.412
434.583 36.45
