176.485 246.036
229.796 252.377
252.288 204.19
213.182 168.454
166.644 194.405
127.978 231.491
200.934 293.318
282.864 243.846
262.05 150.825
166.323 144.338
93.276 123.254
69.807 204.609
42.364 252.137
84.567 295.484
159.204 339.539
201.236 380.08
252.173 352.992
314.754 296.932
365.736 268.342
354.948 212.094
324.009 136.619
312.614 79.714
257.862 72.573
172.917 83.16
120.683 74.183
56.449 73.244
15.347 211.892
27.417 316.002
152.691 398.297
254.281 409.968
368.331 319.856
412.473 225.934
364.465 92.173
290.988 22.015
150.856 37.687
86.607 -38.228
13.525 14.499
-21.81 87.847
-57.551 139.12
-55.067 189.463
-67.68 250.563
-40.284 333.405
27.143 396.567
62.32 446.128
111.182 456.83
168.032 479.604
248.749 477.283
330.554 432.49
387.342 416.936
412.39 375.3
450.244 328.694
473.833 253.6
459.86 162.575
463.89 105.626
428.847 68.477
403.018 17.63
337.022 -30.235
252.274 -46.507
200.164 -65.809
149.815 -36.36
159.641 -104.831
25.278 -119.851
-43.229 -91.19
-73.229 -40.625
-74.981 76.475
-103.654 159.462
-158.401 293.379
-154.418 370.99
-107.149 412.035
4.094 447.017
74.419 494.962
178.62 573.665
251.433 597.765
305.287 561.859
370.165 469.689
438.459 419.864
541.783 348.264
587.826 287.471
571.934 226.86
507.513 138.12
484.074 55.415
449.515 -67.364
414.871 -121.176
357.151 -129.363
248.066 -99.085
227.05 -165.077
185.636 -170.451
-145.226 77.715
-159.504 116.962
-10.994 509.608
23.216 534.72
425.232 503.428
459.822 479.483
558.371 96.118
547.918 55.675
293.229 -160.872
210.041 -196.264
105.159 -156.424
-125.652 17.633
-179.372 87.514
-171.263 201.645
-67.814 473.039
-11.033 545.52
94.375 563.226
372.134 544.661
458.94 515.165
507.106 422.163
578.561 159.744
580.963 68.703
509.405 -10.208
