180.575 237.7
230.537 238.144
245.554 191.25
205.598 162.791
166.391 190.657
135.816 226.964
206.913 279.43
277.137 225.814
247.955 144.09
164.006 146.794
113.693 139.619
96.868 201.821
81.074 245.04
113.822 272.014
171.518 307.4
206.804 334.718
242.163 311.596
292.932 267.97
329.137 243.099
317.862 202.149
293.676 141.676
281.024 98.925
238.062 97.231
175.035 100.787
129.51 99.288
93.035 107.77
56.873 213.018
78.905 281.102
170.402 346.916
240.46 347.506
329.166 280.697
351.873 214.83
317.904 110.325
261.282 67.588
152.493 67.198
116.286 34.63
75.324 62.318
52.825 106.488
19.423 145.272
27.839 194.444
16.807 238.214
29.34 283.924
66.938 323.332
93.742 364.587
140.117 372.98
182.908 395.47
229.035 396.135
277.496 371.499
323.359 358.798
345.648 319.199
380.232 284.254
395.008 240.737
386.943 186.04
389.324 139.902
358.24 106.475
336.796 63.309
299.853 35.208
246.423 25.49
203.449 9.344
160.803 32.6
162.454 -20.169
70.798 -31.476
28.396 -25.206
9.738 17.96
2.342 98.715
-22.856 175.263
-58.949 262.034
-67.92 305.287
-29.045 335.925
44.675 366.523
109.192 411.509
179.086 471.275
216.485 494.843
259.289 464.945
309.801 405.579
371.525 358.533
449.341 312.134
484.456 283.441
469.4 233.717
428.791 167.201
404.267 93.482
384.618 4.377
368.603 -35.74
318.442 -38.405
241.501 -20.693
222.205 -74.252
180.498 -76.408
-55.432 101.6
-70.277 140.635
30.119 421.043
63.2 446.532
356.303 436.332
390.693 412.637
472.984 132.725
461.659 92.528
276.19 -66.173
202.835 -104.031
117.745 -60.546
-32.386 54.649
-89.717 110.901
-74.004 202.827
-9.849 383.295
29.118 456.553
120.853 467.089
308.303 462.228
389.803 448.151
427.814 364.307
482.16 186.494
494.985 104.834
427.453 41.046
