168.985 260.956
231.845 272.489
263.129 212.787
220.295 166.242
159.889 194.199
103.861 247.4
197.2 321.735
303.513 261.362
280.078 144.688
157.937 129.437
53.14 106.111
50.28 210.431
10.775 281.67
48.666 334.585
148.654 363.47
205.017 418.825
264.433 395.247
329.751 319.007
396.916 282.872
391.738 220.701
347.863 133.615
338.095 61.391
277.397 45.173
176.87 68.141
92.446 56.454
16.635 45.002
-29.072 230.647
-15.94 348.551
147.005 441.856
263.951 460.044
400.694 344.101
457.862 237.227
398.614 76.675
319.053 -12.666
128.225 -7.326
48.431 -83.829
-33.719 -21.157
-71.88 65.183
-104.997 140.821
-118.051 197.755
-123.658 280.016
-92.2 377.789
-10.499 440.323
42.842 495.747
95.915 512.012
165.908 539.441
264.28 538.834
352.017 479.717
421.362 454.138
452.717 410.235
499.17 354.262
532.186 263.765
507.302 160.469
510.12 89.74
477.474 45.042
443.571 -19.395
364.093 -81.228
258.888 -86.62
186.799 -110.138
128.702 -97.11
159.848 -159.917
8.283 -179.885
-82.458 -139.816
-116.07 -85.939
-131.151 57.244
-154.444 144.412
-225.167 300.797
-223.211 395.686
-167.039 450.94
-36.131 500.673
47.521 543.014
164.721 640.786
252.748 667.101
318.828 628.361
399.396 521.158
471.093 463.792
594.656 385.796
645.06 308.027
633.923 239.187
560.81 132.046
538.811 44.008
505.595 -100.08
447.357 -168.666
386.863 -183.748
255.467 -148.151
240.095 -224.088
197.996 -238.375
-194.026 49.629
-215.659 87.12
-54.231 548.378
-13.04 578.777
447.328 556.106
487.198 530.327
616.6 92.765
609.64 50.661
314.453 -216.701
228.627 -259.307
107.014 -222.496
-170.009 -23.516
-230.184 53.731
-231.889 189.071
-119.315 517.392
-52.96 588.694
66.108 619.251
394.292 604.424
483.658 569.017
546.346 470.172
638.519 161.954
641.75 66.981
571.367 -26.719
