164.408 263.307
230.228 277.824
264.999 214.436
221.282 164.466
156.931 192.4
96.707 248.253
192.698 328.475
308.148 265.83
284.337 141.327
155.435 123.612
42.671 104.221
43.19 208.046
3.867 288.641
40.948 342.659
141.696 368.357
206.26 426.823
267.781 404.824
332.57 325.161
404.624 284.222
401.729 220.67
353.89 131.725
342.592 53.236
278.896 33.667
177.313 59.583
85.84 48.762
1.817 39.02
-40.988 237.301
-24.455 352.947
145.932 452.154
265.233 470.927
409.519 348.485
468.597 239.664
406.389 68.737
324.393 -24.576
121.092 -18.03
39.905 -95.268
-41.821 -31.29
-86.885 51.846
-113.141 141.02
-132.282 201.508
-135.715 284.422
-101.69 382.292
-21.443 445.083
33.709 501.443
90.041 520.374
162.504 550.157
263.995 550.899
352.66 493.937
426.459 463.323
460.518 418.007
509.711 359.884
544.695 266.178
519.612 162.222
520.348 85.227
488.855 37.374
451.132 -30.342
369.619 -93.96
263.961 -99.728
181.232 -119.998
120.25 -111.618
156.162 -173.575
2.087 -192.837
-89.58 -152.827
-121.859 -99.032
-157.982 50.255
-165.599 138.628
-238.332 295.512
-238.277 392.654
-180.571 450.718
-48.036 504.612
36.001 550.481
155.748 652.568
246.081 680.422
315.272 642.012
403.636 536.496
476.412 475.669
604.981 396.377
656.666 316.073
646.929 245.042
575.373 131.537
552.204 40.797
517.431 -109.017
456.159 -179.38
394.826 -195.554
256.981 -166.56
247.307 -238.693
197.306 -258.248
-204.789 37.961
-233.435 74.309
-67.641 551.179
-27.634 584.336
446.332 570.727
489.285 545.17
631.905 95.458
627.653 50.891
321.394 -229.318
236.056 -282.965
102.947 -237.052
-176.851 -36.688
-242.808 37.287
-245.639 181.464
-133.389 518.298
-68.548 591.702
53.827 628.267
392.418 618.219
483.351 585.087
553.024 484.179
651.922 166.04
659.445 70.367
586.311 -31.926
