180.551 237.779
230.683 238.236
245.739 191.232
205.713 162.721
166.383 190.651
135.692 227.028
207.028 279.76
277.493 225.868
248.166 143.935
163.951 146.624
113.407 139.272
96.543 201.856
80.613 245.252
113.34 272.334
171.573 307.846
206.917 335.279
242.349 312.2
293.383 268.113
329.666 243.259
318.441 202.224
294.034 141.44
281.39 98.538
238.371 96.784
174.942 100.474
129.325 98.913
92.733 107.307
56.237 213.059
78.346 281.382
170.408 347.521
240.597 348.159
329.673 280.891
352.543 214.967
318.438 109.956
261.683 67.071
152.376 66.76
116.074 33.795
74.779 61.677
52.011 106.065
18.436 145.032
27.022 194.413
15.962 238.232
28.51 284.328
66.362 324.324
93.18 365.646
139.898 373.943
182.909 396.378
229.24 397.094
278.317 372.372
324.175 359.698
346.49 319.754
381.077 284.55
395.944 240.913
387.993 185.651
390.409 139.5
359.034 105.964
337.488 62.755
300.392 34.462
246.532 24.46
203.486 8.258
160.688 31.777
162.331 -21.4
69.642 -32.578
27.278 -26.136
8.504 17.118
1.309 98.346
-24.025 175.103
-60.309 262.907
-69.161 306.205
-30.175 336.939
44.112 367.585
108.705 412.807
179.611 472.83
216.945 496.291
259.888 466.325
310.619 406.448
372.583 359.434
450.959 312.162
485.94 283.51
470.875 233.648
429.863 166.803
405.433 92.854
385.297 3.014
369.198 -37.084
318.933 -39.79
241.581 -21.818
222.168 -75.593
180.464 -77.796
-56.758 101.303
-71.631 140.328
29.572 422.348
62.64 447.853
357.344 437.272
391.746 413.596
474.215 132.134
462.925 91.927
276.409 -67.605
202.832 -105.393
117.384 -61.92
-33.771 54.13
-91.05 110.581
-75.456 202.912
-10.703 384.536
28.553 457.857
120.378 468.489
309.18 463.438
390.838 449.109
428.94 365.225
483.59 186.157
496.24 104.262
428.655 40.28
