180.113 238.388
231.973 239.283
247.701 191.404
207.245 162.189
166.503 190.554
134.664 227.139
207.814 282.903
280.747 226.805
250.673 142.926
163.849 144.932
109.564 134.913
91.735 201.588
73.681 247.634
106.825 276.886
171.182 313.866
207.995 343.507
245.049 320.708
299.156 271.034
337.239 246.01
326.57 203.109
299.489 138.491
287.108 93.637
242.379 90.923
174.048 96.164
127.222 93.589
87.796 100.506
46.585 212.912
69.463 286.079
169.058 357.064
242.823 358.375
337.284 285.194
363.091 216.787
326.118 105.363
267.582 58.748
151.32 60.757
113.187 20.886
66.243 52.352
39.824 100.163
4.087 141.826
14.243 193.103
2.37 237.508
15.919 290.863
58.119 338.469
85.771 381.075
135.976 388.148
181.49 410.037
232.418 411.353
289.988 384.648
336.488 372.036
358.891 328.427
393.48 290.108
410.095 243.277
403.131 179.935
405.997 133.245
371.274 98.642
348.121 54.621
308.257 23.064
248.23 9.469
203.917 -7.453
159.367 19.457
160.895 -39.005
52.626 -48.131
11.669 -39.709
-8.979 4.934
-13.65 92.94
-40.414 172.436
-79.858 276.005
-87.018 319.67
-46.173 351.865
36.114 383.204
102.199 430.673
186.373 494.894
223.655 517.581
269.063 486.023
322.876 418.886
387.574 371.693
473.465 313.182
507.556 284.547
492.048 232.215
445.484 160.73
421.961 83.876
394.723 -16.619
377.756 -56.287
325.789 -59.564
242.825 -38.244
221.962 -94.767
180.293 -97.54
-75.706 96.826
-90.82 135.758
21.867 441.177
54.779 466.884
372.579 450.562
407.148 427.132
491.802 123.529
480.962 83.198
279.25 -87.999
203.036 -124.83
112.218 -81.68
-53.755 47.083
-110.054 105.892
-96.27 205.18
-22.556 402.739
20.632 476.679
115.81 489.278
322.443 480.379
405.987 462.638
446.448 376.852
503.832 180.622
514.137 95.904
445.572 28.51
