175.87 247.45
230.186 254.237
253.452 205.457
213.866 168.739
166.239 194.84
126.191 232.758
200.758 296.124
284.521 245.83
263.947 150.432
165.826 143.649
90.896 121.918
67.677 205.38
39.042 253.69
81.424 298.174
158.456 342.348
200.954 384.124
252.872 357.142
316.316 299.414
368.617 270.607
358.132 213.479
326.389 136.697
315.116 78.297
260.126 70.5
173.208 82.485
119.081 72.803
52.806 70.891
11.709 212.62
23.104 319.051
151.699 402.426
255.012 415.196
371.155 322.882
417.118 227.268
368.224 90.848
293.898 19.124
150.255 34.361
82.422 -42.622
7.625 11.56
-27.74 87.673
-63.05 139.732
-61.48 190.068
-73.593 253.601
-45.803 338.056
24.236 401.596
60.75 451.933
109.59 463.129
167.824 486.087
250.209 484.024
333.522 436.826
391.748 420.558
417.242 379.21
455.627 331.54
480.056 254.91
464.736 161.76
468.733 103.466
433.985 65.904
407.917 14.105
340.181 -35.032
252.678 -50.778
199.177 -70.496
148.268 -41.699
159.49 -110.367
23.407 -126.146
-48.164 -95.668
-78.756 -44.639
-80.499 75.564
-108.753 158.429
-165.399 295.027
-160.909 375.053
-112.82 417.47
0.981 452.849
72.154 500.467
178.138 581.005
253.283 604.978
308.248 568.747
374.077 474.415
442.621 424.042
547.84 351.615
594.369 288.391
578.771 226.964
513.0 136.723
489.534 53.621
455.726 -70.391
417.466 -126.702
359.443 -135.536
248.478 -104.181
227.582 -171.127
186.201 -176.755
-150.931 75.729
-165.297 114.944
-14.34 515.177
20.318 540.393
429.209 508.31
463.95 484.191
564.247 94.617
553.848 54.157
294.426 -167.084
210.764 -202.417
105.24 -162.995
-131.254 14.302
-185.098 85.453
-177.626 200.995
-72.228 479.166
-14.146 551.329
92.419 569.639
376.092 550.59
463.068 520.001
512.035 426.388
585.001 158.684
586.875 67.232
515.464 -12.328
