174.916 249.939
230.831 257.457
255.441 207.318
215.105 168.967
165.527 195.39
122.887 235.155
200.504 300.826
287.721 249.027
267.111 149.624
164.908 142.182
86.224 119.486
64.071 206.836
33.402 256.83
75.881 303.154
157.234 346.956
200.68 390.868
254.238 364.083
318.901 303.371
373.626 273.929
363.85 215.601
330.408 136.593
319.603 76.047
264.019 67.073
174.036 81.378
115.666 70.671
46.716 66.948
5.326 214.291
15.773 324.313
150.226 409.342
256.437 423.907
376.17 327.641
424.816 229.488
374.167 88.997
298.86 14.052
148.514 27.727
75.777 -49.973
-1.657 6.704
-36.8 86.858
-71.668 139.887
-71.84 191.057
-83.175 258.677
-54.96 345.938
19.096 409.701
58.127 461.299
107.051 473.359
167.687 496.68
252.887 495.12
338.074 444.196
398.555 426.596
424.866 385.442
464.293 336.07
490.311 257.026
472.712 160.779
476.606 100.288
442.316 61.904
415.498 8.284
345.463 -43.192
253.449 -57.706
197.631 -78.136
145.783 -50.897
159.525 -119.467
20.033 -136.278
-56.34 -103.103
-87.767 -51.197
-88.185 73.537
-117.784 156.57
-176.889 297.742
-171.924 381.291
-122.405 426.027
-4.541 462.408
68.325 509.305
177.096 592.964
255.559 616.874
312.444 580.128
380.065 482.432
449.076 431.039
557.532 357.287
604.789 290.553
589.783 227.743
521.954 134.881
498.524 51.109
465.422 -75.827
422.148 -135.461
363.5 -145.424
249.41 -112.371
228.818 -180.995
187.516 -187.186
-160.05 72.542
-174.866 111.591
-20.333 523.739
15.283 549.292
434.966 516.586
470.13 492.139
573.907 92.745
563.704 52.229
296.8 -177.044
212.427 -212.512
105.48 -173.806
-140.306 8.639
-194.327 81.874
-188.163 199.995
-79.879 488.795
-19.713 560.428
88.894 579.961
381.888 560.484
469.152 528.255
519.709 433.645
595.439 157.587
596.663 65.468
525.503 -15.549
