180.726 237.224
229.78 237.597
244.591 191.303
205.05 163.147
166.485 190.683
136.586 226.544
206.333 277.589
275.244 225.463
246.845 144.952
164.338 147.682
115.17 141.406
98.545 201.549
83.41 243.931
116.325 270.424
171.204 305.086
206.251 331.876
241.302 308.522
290.649 267.226
326.423 242.318
314.869 201.681
291.877 142.904
279.205 100.935
236.448 99.529
175.561 102.408
130.507 101.199
94.553 110.095
60.036 212.73
81.671 279.781
170.315 343.898
239.859 344.277
326.518 279.653
348.624 214.066
315.176 112.247
259.261 70.105
153.149 69.449
117.383 38.8
78.063 65.548
56.931 108.664
24.446 146.569
31.92 194.523
20.991 238.022
33.51 281.961
69.932 318.367
96.689 359.3
141.225 368.174
182.871 390.937
228.105 391.355
273.555 367.041
319.321 354.259
341.458 316.374
376.009 282.697
390.338 239.79
381.642 187.942
383.856 141.901
354.262 109.05
333.32 66.087
297.137 38.933
245.868 30.692
203.266 14.826
161.413 36.739
163.095 -13.999
76.559 -25.78
34.051 -20.435
15.967 22.293
7.576 100.598
-16.807 176.069
-52.02 257.736
-61.599 300.714
-23.221 330.884
47.604 361.215
111.755 404.962
176.464 463.268
214.266 487.488
256.369 457.916
305.748 401.11
366.319 353.987
441.093 311.772
476.9 282.921
461.907 233.947
423.366 169.179
398.406 96.6
381.042 11.248
365.475 -28.935
315.867 -31.37
241.118 -15.001
222.432 -67.419
180.714 -69.324
-48.682 103.106
-63.365 142.201
32.978 414.481
66.129 439.88
351.108 431.49
385.433 407.698
466.716 135.695
455.199 95.552
275.045 -58.888
202.885 -97.081
119.819 -53.675
-25.387 57.384
-82.928 112.549
-66.62 202.597
-5.41 377.094
32.074 449.994
123.409 460.133
303.981 456.01
384.642 443.216
422.154 359.777
474.879 188.101
488.584 107.699
421.469 44.995
