182.424 232.773
225.254 232.792
238.451 191.992
203.805 166.944
169.255 192.09
147.072 221.793
203.863 263.234
260.903 221.771
238.855 154.923
168.794 155.162
126.222 154.48
112.398 197.267
99.465 237.163
133.469 261.936
169.906 288.311
203.839 312.974
237.777 288.427
274.278 261.79
308.12 237.173
295.227 197.282
281.194 154.45
268.189 114.532
226.217 114.48
181.386 114.613
139.313 114.606
105.23 125.406
78.351 208.347
99.288 273.043
169.89 324.108
237.704 324.118
308.184 272.784
329.165 208.365
302.234 125.477
247.307 85.498
160.271 85.554
126.084 60.435
92.023 85.182
78.277 125.083
55.453 155.014
56.336 192.628
43.913 233.087
56.875 273.188
90.759 298.813
112.23 329.39
147.835 340.277
182.726 364.662
224.867 364.667
259.805 340.267
295.474 329.267
316.781 298.952
350.799 273.232
363.84 233.075
351.423 192.304
352.004 154.949
329.787 125.324
315.762 85.053
281.512 60.218
239.002 59.458
203.594 47.349
168.415 59.674
168.983 22.135
110.821 16.186
68.209 16.61
54.422 57.251
41.939 114.222
20.511 180.279
-2.969 233.79
-16.095 275.142
18.892 300.717
69.346 329.513
125.408 370.151
168.821 409.271
204.237 434.783
239.44 409.276
282.301 370.086
338.205 329.298
388.79 300.251
424.05 274.484
410.598 232.989
386.776 180.101
365.244 114.352
353.241 57.094
339.644 15.798
295.944 15.715
238.25 21.919
224.508 -19.891
182.738 -19.923
-2.233 114.539
-15.16 154.263
55.872 371.561
89.681 396.097
318.139 395.944
351.907 371.352
422.38 154.141
409.527 114.369
261.778 -8.996
203.65 -48.652
145.08 -8.766
19.767 82.271
-36.014 125.492
-16.052 193.409
31.853 340.701
55.886 407.098
126.617 409.135
281.304 409.361
351.952 406.913
375.808 340.14
423.538 193.035
443.396 125.347
387.219 81.803
