174.727 250.457
230.956 258.127
255.85 207.661
215.377 168.975
165.376 195.471
122.172 235.675
200.449 301.78
288.423 249.66
267.756 149.452
164.708 141.824
85.15 118.945
63.323 207.145
32.227 257.543
74.708 304.244
156.976 347.875
200.662 392.244
254.556 365.502
319.432 304.153
374.679 274.543
365.069 215.997
331.242 136.54
320.561 75.584
264.819 66.355
174.242 81.119
114.855 70.233
45.453 66.106
3.966 214.688
14.248 325.425
149.948 410.773
256.768 425.683
377.238 328.568
426.392 229.923
375.359 88.644
299.879 12.962
148.016 26.215
74.473 -51.507
-3.482 5.654
-38.571 86.583
-73.381 139.837
-73.962 191.235
-85.114 259.723
-56.831 347.576
17.988 411.33
57.576 463.173
106.539 475.415
167.677 498.824
253.474 497.36
338.954 445.735
399.87 427.843
426.361 386.684
466.03 336.974
492.391 257.434
474.336 160.628
478.204 99.696
444.006 61.122
416.984 7.088
346.528 -44.9
253.622 -59.103
197.326 -79.686
145.277 -52.84
159.577 -121.327
19.31 -138.315
-58.006 -104.64
-89.592 -52.542
-89.652 73.03
-119.64 156.123
-179.234 298.253
-174.221 382.478
-124.409 427.697
-5.735 464.349
67.521 511.071
176.825 595.377
255.899 619.299
313.185 582.454
381.212 484.104
450.328 432.489
559.458 358.48
606.857 291.092
591.99 228.0
523.772 134.576
500.367 50.666
467.36 -76.959
423.167 -137.187
364.392 -147.391
249.643 -114.008
229.133 -182.997
187.853 -189.335
-161.869 71.832
-176.796 110.839
-21.637 525.38
14.208 551.031
436.01 518.313
471.289 493.794
575.879 92.46
565.734 51.928
297.365 -179.031
212.854 -214.572
105.543 -176.015
-142.112 7.464
-196.172 81.067
-190.284 199.763
-81.505 490.672
-20.926 562.2
88.115 582.025
382.948 562.522
470.275 529.987
521.202 435.177
597.543 157.468
598.674 65.215
527.573 -16.152
