162.06 263.023
229.924 278.634
266.094 214.772
221.821 163.514
156.06 191.504
94.699 246.298
191.298 330.715
309.548 267.133
286.053 139.549
154.508 121.071
40.4 101.92
40.012 205.383
0.861 288.13
39.226 342.897
139.496 370.495
206.594 429.459
268.921 407.684
333.621 327.248
407.14 284.613
404.972 220.471
355.973 131.065
343.455 50.083
278.892 29.407
177.566 56.221
84.2 45.88
-0.578 35.409
-44.996 237.067
-27.573 353.926
145.769 455.53
265.763 474.36
412.455 349.77
472.089 240.449
408.649 65.356
325.734 -28.858
118.997 -21.558
36.961 -98.735
-44.89 -34.65
-91.034 49.568
-117.253 140.008
-137.506 202.107
-139.702 284.877
-105.118 382.639
-25.807 445.893
30.803 502.823
88.253 522.787
161.302 553.337
263.507 554.492
352.559 498.858
427.868 466.234
462.984 420.395
513.012 361.609
548.573 267.092
523.816 163.042
523.124 83.324
492.137 34.334
453.306 -34.124
371.45 -98.021
265.818 -104.719
179.247 -122.774
117.224 -116.123
153.942 -177.786
-0.957 -196.487
-93.097 -157.108
-124.982 -102.199
-164.82 48.853
-169.708 136.34
-242.417 293.726
-243.024 391.378
-184.832 450.044
-52.29 505.861
32.18 552.65
152.542 655.862
243.528 684.218
313.647 646.095
404.838 541.788
478.126 479.588
608.119 399.708
660.251 318.772
650.891 247.009
580.508 131.156
556.123 39.099
520.663 -112.279
458.812 -183.138
396.87 -199.408
256.926 -173.637
249.402 -243.287
194.569 -262.705
-209.09 35.216
-240.176 71.084
-72.193 551.802
-32.727 586.024
445.663 575.677
489.87 550.382
637.062 96.569
633.938 50.287
323.148 -233.411
236.07 -293.413
100.486 -240.827
-179.831 -39.937
-248.457 32.532
-250.027 179.227
-137.748 517.886
-73.977 592.402
49.608 630.9
391.27 622.477
482.852 590.711
555.173 488.723
656.039 167.494
666.229 71.287
590.452 -34.346
