180.217 238.325
231.854 239.091
247.428 191.272
206.961 162.192
166.447 190.556
134.763 227.217
207.815 282.507
280.409 226.557
250.262 142.896
163.759 145.132
110.27 135.651
92.699 201.73
75.069 247.276
108.006 276.01
171.45 312.731
207.905 341.889
244.546 319.098
298.155 270.307
335.8 245.372
325.052 202.937
298.38 138.961
285.932 94.478
241.665 91.961
174.158 96.969
127.546 94.609
88.861 101.838
48.503 213.034
71.312 285.044
169.53 355.11
242.368 356.262
335.792 284.117
360.928 216.431
324.583 106.138
266.427 60.483
151.432 61.884
113.736 23.578
68.054 54.166
42.287 101.267
6.925 142.414
16.958 193.496
5.292 237.764
18.484 289.426
59.725 335.679
87.166 378.045
136.886 385.315
181.986 407.273
231.78 408.503
287.784 382.289
334.05 369.719
356.461 326.594
391.044 288.798
407.259 242.82
400.205 181.022
402.996 134.518
368.756 100.048
345.912 56.214
306.719 25.392
247.902 12.417
203.853 -4.389
159.577 21.957
161.108 -35.617
55.929 -45.126
14.569 -37.022
-5.672 7.351
-10.726 93.999
-37.256 173.029
-76.06 273.438
-83.547 317.062
-43.068 348.97
37.671 380.131
103.451 427.306
185.191 490.649
222.372 513.408
267.263 482.218
320.463 416.464
384.763 369.397
469.2 312.846
503.336 284.292
487.957 232.507
442.425 161.939
418.818 85.565
392.887 -12.844
376.043 -52.614
324.439 -55.771
242.576 -35.028
221.949 -91.071
180.273 -93.745
-72.057 97.729
-87.147 136.67
23.368 437.544
56.304 463.22
369.636 447.995
404.176 424.52
488.406 125.184
477.487 84.874
278.73 -84.086
202.951 -121.088
113.257 -77.883
-49.892 48.412
-106.4 106.815
-92.251 204.643
-20.311 399.19
22.166 473.048
116.488 485.209
319.831 477.152
403.06 460.028
442.923 374.83
499.961 181.761
510.686 97.515
442.407 30.922
