174.604 250.798
231.036 258.568
256.117 207.88
215.559 168.974
165.276 195.517
121.696 236.02
200.411 302.405
288.889 250.072
268.179 149.34
164.576 141.578
84.422 118.581
62.831 207.349
31.452 258.026
73.932 304.974
156.804 348.474
200.659 393.147
254.774 366.434
319.781 304.663
375.376 274.936
365.877 216.248
331.793 136.499
321.195 75.277
265.343 65.877
174.381 80.939
114.303 69.943
44.621 65.545
3.061 214.958
13.242 326.164
149.77 411.717
256.992 426.848
377.946 329.169
427.428 230.204
376.14 88.413
300.548 12.236
147.659 25.196
73.627 -52.523
-4.667 4.951
-39.723 86.389
-74.503 139.804
-75.361 191.353
-86.385 260.414
-58.058 348.658
17.248 412.395
57.21 464.397
106.204 476.759
167.672 500.229
253.866 498.824
339.523 446.752
400.72 428.666
427.332 387.494
467.165 337.565
493.754 257.695
475.403 160.537
479.253 99.318
445.116 60.613
417.951 6.301
347.222 -46.029
253.737 -60.016
197.126 -80.702
144.942 -54.129
159.62 -122.549
18.832 -139.649
-59.095 -105.657
-90.783 -53.431
-90.612 72.688
-120.855 155.82
-180.775 298.578
-175.74 383.241
-125.734 428.779
-6.533 465.621
66.988 512.223
176.635 596.958
256.099 620.891
313.651 583.981
381.952 485.21
451.139 433.446
560.713 359.272
608.205 291.464
593.433 228.186
524.965 134.388
501.58 50.386
468.629 -77.704
423.848 -138.309
364.991 -148.672
249.803 -115.076
229.351 -184.311
188.088 -190.753
-163.057 71.355
-178.059 110.333
-22.509 526.438
13.492 552.158
436.672 519.455
472.031 494.888
577.176 92.29
567.073 51.746
297.751 -180.327
213.152 -215.926
105.587 -177.468
-143.291 6.686
-197.378 80.524
-191.675 199.6
-82.586 491.887
-21.738 563.347
87.593 583.372
383.621 563.864
470.99 531.134
522.169 436.193
598.92 157.41
599.998 65.068
528.938 -16.539
