159.829 262.357
229.883 279.031
267.477 215.044
222.274 162.399
155.325 190.199
92.943 243.862
190.21 332.659
310.903 268.345
287.77 137.162
153.917 118.349
38.793 99.308
36.802 202.533
-2.174 286.903
38.028 342.52
137.646 372.696
206.722 431.985
269.928 410.132
334.69 329.244
409.511 284.711
408.029 220.018
357.867 130.27
343.721 46.716
278.765 24.969
178.006 52.661
82.883 43.198
-2.092 31.693
-48.941 236.081
-30.479 355.051
145.591 458.639
266.417 477.576
415.422 350.805
475.237 241.085
410.354 61.585
326.942 -33.035
117.014 -24.945
34.112 -102.014
-47.677 -37.653
-94.335 48.281
-122.004 139.001
-142.47 202.99
-143.694 285.488
-108.3 383.01
-29.967 446.72
28.149 504.083
86.639 525.024
160.131 556.248
262.866 557.706
352.295 503.746
428.905 469.124
465.029 422.478
515.938 363.414
551.832 268.169
527.928 164.177
525.149 81.395
494.667 31.125
455.046 -37.924
373.024 -102.016
267.112 -109.466
177.345 -125.327
114.272 -120.201
151.287 -181.752
-3.722 -199.913
-96.355 -161.308
-127.772 -105.182
-169.172 47.338
-173.785 134.459
-246.413 292.63
-247.979 390.462
-188.879 449.445
-56.342 507.128
28.655 554.716
149.485 658.769
241.013 687.569
311.923 649.776
405.786 547.031
479.681 483.45
610.745 403.054
663.172 321.514
654.303 249.323
585.708 130.944
559.399 36.85
523.141 -115.796
461.104 -187.19
398.051 -203.298
256.19 -180.187
250.263 -247.444
191.11 -265.571
-212.919 32.5
-246.489 69.36
-76.543 552.448
-37.628 587.768
444.916 580.645
490.43 555.747
641.99 98.343
639.466 48.735
323.969 -237.369
233.279 -302.859
98.02 -244.116
-182.478 -43.015
-255.866 27.914
-254.065 177.985
-141.758 517.43
-79.22 593.119
45.67 633.359
389.942 626.389
482.213 596.444
557.098 493.135
659.638 169.379
674.598 71.637
593.668 -37.204
