179.458 239.453
230.81 242.437
248.672 195.27
209.791 164.469
167.688 191.362
134.622 226.621
205.054 283.627
279.813 231.667
253.736 147.403
166.54 145.44
103.702 130.337
82.747 201.159
61.225 248.618
99.023 284.029
166.17 323.923
205.606 357.654
248.776 332.665
306.097 280.536
349.207 253.865
338.464 205.257
309.941 136.419
298.162 87.874
247.751 83.577
173.757 89.622
125.269 84.961
76.119 89.161
32.681 211.316
52.136 298.283
162.24 373.894
248.197 379.279
350.536 298.625
383.564 219.883
341.152 100.118
276.984 41.963
151.47 50.979
106.905 -6.881
47.01 37.001
16.178 92.077
-22.311 138.458
-15.171 188.814
-28.48 237.531
-7.332 307.584
44.282 363.823
73.883 408.539
124.872 415.927
174.58 437.728
239.425 438.009
308.587 405.585
357.741 392.445
380.573 347.495
415.851 305.847
436.154 247.109
428.147 171.229
431.704 121.537
395.497 86.138
370.61 39.883
320.604 0.308
250.176 -16.485
203.727 -34.149
157.108 -4.768
160.214 -68.391
35.406 -77.897
-12.184 -62.767
-36.687 -15.929
-39.859 84.194
-68.505 166.151
-113.626 285.119
-116.065 342.566
-72.836 376.965
22.201 410.321
89.892 459.058
188.318 529.151
234.605 553.625
283.989 518.953
343.327 440.596
410.366 392.54
505.989 322.125
543.904 287.179
527.041 230.076
472.245 150.331
448.933 70.382
412.43 -46.685
394.459 -85.817
339.201 -90.798
245.093 -65.749
223.433 -126.015
181.833 -129.687
-106.634 88.408
-121.342 127.494
8.006 471.474
41.005 497.069
396.36 473.302
431.047 450.045
520.913 110.198
510.566 69.737
284.561 -120.618
205.16 -156.479
105.85 -114.211
-86.39 35.466
-140.886 97.83
-129.759 205.346
-41.931 433.002
6.892 506.98
107.895 522.66
344.163 508.111
429.708 485.544
474.933 395.215
536.623 170.872
543.583 82.847
472.034 7.801
