178.956 240.744
229.704 244.775
248.806 197.691
210.525 165.893
167.793 192.098
133.741 227.357
203.23 284.24
279.244 234.788
255.076 149.513
167.246 145.871
101.292 128.883
79.172 201.909
56.391 248.532
96.166 286.342
163.668 327.706
203.829 363.121
249.626 336.87
308.079 285.053
353.569 257.406
342.64 206.574
313.663 136.135
302.134 85.982
249.673 81.143
173.356 87.588
124.433 81.972
71.246 85.123
28.971 210.919
45.689 303.17
158.882 380.216
250.395 387.402
355.76 304.832
391.25 221.143
346.96 98.383
280.039 35.818
151.467 47.753
103.172 -16.46
39.351 31.155
6.734 90.055
-31.856 138.206
-26.103 188.342
-39.517 239.894
-15.891 314.194
39.385 372.785
70.106 418.783
120.094 427.195
171.55 449.254
242.243 448.128
314.883 413.172
365.593 399.707
388.927 355.515
424.827 313.007
446.009 248.527
436.819 168.268
440.634 116.928
404.571 81.167
379.307 33.823
324.457 -8.399
250.6 -25.414
203.358 -43.24
155.762 -13.272
160.209 -78.632
32.519 -89.491
-20.424 -70.677
-46.676 -22.729
-49.366 81.631
-78.447 164.276
-125.917 286.502
-126.1 350.474
-82.138 386.157
17.067 420.191
85.067 468.791
183.217 540.292
239.569 565.421
289.573 530.566
350.553 448.666
417.986 400.414
514.719 330.188
556.425 286.804
539.454 228.83
481.767 146.523
458.508 65.662
420.314 -55.077
401.064 -95.41
344.612 -101.221
246.011 -75.041
224.48 -136.778
182.924 -140.917
-117.502 85.703
-131.951 124.885
2.667 481.803
35.861 507.148
404.197 481.64
438.796 458.251
531.106 105.585
520.77 65.122
287.063 -131.701
206.55 -167.446
105.237 -125.784
-97.754 31.28
-151.691 95.35
-141.249 204.309
-48.91 443.639
1.823 517.318
103.236 533.277
351.661 518.009
437.591 493.755
483.396 403.063
548.21 167.274
553.783 78.24
481.604 1.265
