169.469 260.406
231.984 271.621
262.859 212.523
220.164 166.446
160.33 194.387
104.995 246.804
197.655 320.658
302.755 260.718
279.495 145.068
158.326 130.172
55.046 106.312
50.945 210.429
11.561 279.933
50.009 332.735
149.461 362.865
204.599 417.603
263.822 393.67
329.306 318.182
395.756 282.647
390.26 220.628
347.021 133.863
337.327 62.427
277.0 46.679
176.812 69.153
93.659 57.313
18.789 45.763
-27.281 229.211
-14.705 347.715
147.043 440.22
263.713 458.396
399.394 343.425
456.281 236.854
397.457 77.615
318.151 -11.093
129.468 -5.777
49.718 -82.085
-32.569 -19.648
-69.884 67.291
-103.729 140.519
-115.954 197.021
-121.808 279.006
-90.809 376.598
-9.26 439.273
44.052 494.66
96.605 510.628
166.276 537.652
264.071 536.934
351.721 477.757
420.508 452.76
451.53 409.07
497.566 353.395
530.276 263.439
505.574 160.3
508.53 90.283
475.769 46.014
442.39 -17.854
363.328 -79.309
258.368 -85.008
187.579 -108.64
129.907 -94.933
160.139 -157.886
8.836 -177.764
-81.658 -137.868
-115.398 -83.798
-127.784 58.373
-152.904 145.069
-223.037 301.304
-220.789 395.796
-164.902 450.561
-34.602 499.934
49.002 541.646
165.795 638.772
253.482 664.873
319.094 626.191
398.693 519.026
470.254 462.075
593.044 384.235
643.274 306.899
631.916 238.367
558.811 132.077
536.791 44.361
503.739 -98.812
446.046 -167.089
385.661 -181.962
255.189 -145.941
239.246 -221.901
197.517 -235.379
-192.641 51.369
-213.48 88.898
-52.411 547.723
-11.186 577.719
447.273 554.011
486.772 528.255
614.422 92.474
607.162 50.579
313.429 -214.791
227.466 -256.665
107.251 -220.129
-169.122 -21.449
-228.535 55.976
-229.83 190.039
-117.189 516.853
-50.892 587.883
67.655 617.67
394.298 602.31
483.487 566.775
545.301 468.156
636.492 161.426
639.332 66.581
569.073 -26.101
