167.603 262.301
231.288 274.86
263.781 213.505
220.604 165.681
158.725 193.591
100.93 248.693
195.658 324.429
305.451 263.138
281.638 143.563
157.038 127.428
48.461 105.909
48.068 210.306
8.514 285.742
45.34 338.946
146.158 365.162
205.756 421.987
265.856 399.196
330.849 321.317
399.965 283.375
395.69 220.779
350.147 132.894
340.081 58.449
278.286 40.935
177.071 65.162
89.524 53.917
10.342 43.229
-33.725 234.264
-19.095 350.595
146.681 445.991
264.491 464.361
404.177 345.845
462.04 238.214
401.693 73.957
321.37 -17.081
125.135 -11.441
45.102 -88.46
-36.702 -25.097
-77.611 59.384
-108.018 141.448
-123.434 199.652
-128.436 282.379
-95.737 380.339
-14.18 442.705
39.409 498.313
93.79 515.493
164.743 543.911
264.509 543.732
352.535 485.086
423.494 457.776
455.808 413.302
503.368 356.528
537.17 264.657
511.962 161.02
514.255 88.152
482.015 42.262
446.577 -23.611
366.154 -86.342
260.487 -91.239
184.671 -114.097
125.474 -102.768
158.786 -165.298
6.469 -185.306
-84.66 -144.964
-117.719 -91.637
-141.024 54.106
-158.556 142.479
-230.549 299.001
-229.336 394.858
-172.514 451.33
-40.468 502.338
43.271 546.273
161.515 645.78
250.453 672.692
317.774 633.939
401.156 526.976
473.231 468.401
598.818 389.974
649.699 311.117
639.145 241.449
566.262 131.934
544.142 42.953
510.353 -103.562
450.785 -172.93
389.923 -188.505
256.072 -154.562
242.458 -229.894
198.794 -246.528
-197.729 44.675
-221.909 82.05
-59.299 549.729
-18.342 581.211
447.199 561.742
488.15 535.965
622.461 93.683
616.41 50.866
317.054 -221.752
231.648 -266.921
105.969 -228.566
-172.254 -29.148
-234.706 47.192
-237.303 186.217
-124.913 518.225
-58.765 590.346
61.622 623.091
393.92 609.95
483.82 575.122
549.02 475.612
643.842 163.476
648.362 68.195
577.369 -28.543
