179.696 238.628
231.824 240.403
248.442 192.771
208.556 162.876
167.025 190.744
134.681 226.567
206.942 283.682
280.845 228.616
252.274 144.472
164.961 144.773
106.596 132.207
87.254 200.916
67.334 248.64
102.328 280.762
169.07 319.013
207.464 350.8
247.154 327.351
303.077 275.277
343.497 249.586
332.95 204.01
304.775 137.033
292.706 90.407
245.292 86.828
173.879 92.642
126.178 89.031
82.25 94.501
38.377 212.098
60.688 291.757
166.071 365.901
245.23 368.689
344.018 291.297
373.382 218.383
333.529 102.422
272.652 50.351
151.302 55.684
110.381 6.914
56.668 44.276
27.907 95.63
-9.312 139.542
-0.029 190.705
-12.873 236.468
3.979 298.83
50.98 351.482
79.552 395.009
130.879 401.74
178.331 423.487
235.677 424.784
299.747 395.344
347.475 382.467
369.938 337.602
404.708 297.328
423.303 245.284
416.176 175.269
419.365 127.351
383.355 92.332
359.085 47.305
314.971 11.808
249.467 -3.972
203.96 -21.386
158.408 7.039
160.409 -54.255
41.995 -62.941
-1.152 -51.613
-23.573 -5.878
-27.078 88.245
-54.864 169.258
-96.971 284.527
-102.562 331.285
-60.122 364.713
29.062 397.133
96.212 445.496
190.131 513.427
229.183 536.347
276.867 503.104
333.605 429.92
399.683 382.154
491.622 315.945
526.413 285.983
510.241 231.095
459.295 155.326
435.904 76.708
403.341 -32.949
385.952 -72.109
332.329 -76.106
243.969 -52.697
222.469 -111.126
180.828 -114.305
-91.85 92.542
-106.85 131.518
14.943 457.14
47.807 482.907
385.319 462.171
419.995 438.898
506.928 116.422
496.395 76.01
281.715 -105.154
203.836 -141.371
108.251 -98.553
-70.85 41.173
-126.172 101.708
-113.946 206.686
-32.533 418.499
13.643 492.64
112.696 507.189
333.945 494.699
418.673 474.397
461.941 385.783
520.908 175.515
529.472 88.967
459.321 17.555
