182.7 232.299
224.904 232.282
237.926 192.148
203.756 167.414
169.677 192.214
148.311 221.397
203.864 261.744
259.413 221.299
238.026 155.898
169.423 156.144
127.42 155.9
114.185 196.801
101.236 236.622
135.135 261.238
169.989 286.464
203.823 311.031
237.628 286.48
272.507 261.107
306.323 236.534
293.398 196.761
280.038 155.798
267.086 115.976
225.215 115.973
182.262 116.116
140.407 116.088
106.525 126.963
80.247 207.81
101.27 272.309
169.996 322.06
237.659 322.093
306.403 272.094
327.229 207.678
300.93 126.957
246.202 87.101
161.279 87.283
127.343 62.49
93.487 87.115
80.269 126.864
58.564 156.17
58.964 192.457
46.218 232.438
59.177 272.32
92.947 297.331
114.141 326.737
148.595 337.623
182.855 362.189
224.756 362.196
259.073 337.71
293.499 326.679
314.533 297.218
348.456 272.262
361.372 232.351
348.68 192.268
348.867 156.038
327.441 126.785
314.09 86.906
280.16 62.262
238.135 61.982
203.687 50.678
169.368 62.2
169.627 25.884
113.659 20.934
71.363 21.06
58.125 61.287
45.494 115.962
24.349 180.998
2.373 232.633
-10.69 273.022
23.719 298.034
71.912 326.782
127.132 366.85
169.489 403.784
203.943 428.758
238.305 403.817
280.511 366.815
335.686 326.675
383.875 297.825
418.311 272.803
405.119 232.364
383.056 180.82
361.937 115.947
349.374 60.955
336.19 20.572
293.627 20.663
237.809 25.732
224.589 -14.765
182.846 -14.726
2.7 116.08
-10.218 155.823
58.749 367.403
92.602 391.934
315.104 391.902
348.875 367.262
417.589 155.724
404.663 115.942
259.801 -3.86
203.72 -43.507
147.562 -3.713
24.156 85.876
-31.031 126.971
-10.634 192.859
36.664 337.79
58.795 403.003
127.568 403.734
280.148 403.916
348.999 402.885
370.914 337.582
418.039 192.623
438.649 126.771
383.208 85.525
