163.913 263.29
230.138 278.045
265.206 214.519
221.394 164.278
156.731 192.232
96.249 247.909
192.37 328.971
308.45 266.123
284.697 140.987
155.22 123.085
42.124 103.784
42.517 207.525
3.232 288.633
40.528 342.798
141.192 368.803
206.334 427.399
268.026 405.468
332.791 325.619
405.172 284.323
402.435 220.64
354.345 131.586
342.817 52.569
278.908 32.76
177.352 58.871
85.463 48.118
1.168 38.289
-41.859 237.351
-25.132 353.161
145.884 452.893
265.335 471.686
410.15 348.781
469.369 239.835
406.909 68.034
324.696 -25.502
120.64 -18.805
39.271 -96.031
-42.492 -32.038
-87.868 51.24
-113.944 140.825
-133.408 201.633
-136.578 284.531
-102.437 382.383
-22.389 445.269
33.06 501.755
89.633 520.912
162.239 550.861
263.899 551.706
352.648 495.003
426.784 463.961
461.07 418.544
510.444 360.261
545.562 266.368
520.531 162.386
521.0 84.83
489.609 36.738
451.635 -31.155
370.03 -94.841
264.396 -100.811
180.805 -120.629
119.601 -112.629
155.732 -174.509
1.431 -193.647
-90.338 -153.753
-122.548 -99.73
-159.712 49.952
-166.483 138.117
-239.225 295.088
-239.297 392.357
-181.511 450.569
-48.967 504.88
35.154 550.955
155.048 653.309
245.532 681.273
314.931 642.925
403.91 537.642
476.789 476.524
605.685 397.108
657.47 316.658
647.815 245.459
576.485 131.458
553.097 40.469
518.19 -109.697
456.764 -180.166
395.34 -196.38
257.027 -168.103
247.854 -239.711
196.812 -259.363
-205.748 37.36
-234.894 73.521
-68.64 551.312
-28.748 584.697
446.197 571.799
489.413 546.289
633.034 95.679
629.029 50.816
321.85 -230.206
236.295 -285.214
102.441 -237.919
-177.518 -37.401
-243.909 36.275
-246.606 180.93
-134.351 518.21
-69.736 591.853
52.9 628.847
392.186 619.162
483.257 586.297
553.498 485.177
652.844 166.343
660.846 70.598
587.273 -32.41
