170.423 259.285
232.137 269.934
262.219 212.006
219.826 166.89
161.213 194.728
107.313 245.561
198.383 318.388
301.153 259.44
278.255 145.802
159.238 131.742
59.178 107.13
52.252 210.439
13.414 276.407
52.853 328.776
150.874 361.515
203.689 414.948
262.495 390.346
328.3 316.531
393.323 282.081
387.219 220.403
345.279 134.336
335.711 64.492
276.083 49.689
176.724 71.161
96.328 59.096
22.812 47.699
-23.445 226.491
-11.804 345.45
147.1 436.718
263.079 454.888
396.715 341.974
452.953 236.098
395.035 79.48
316.234 -7.96
132.114 -2.455
52.514 -78.518
-30.043 -16.493
-66.011 71.432
-100.832 140.065
-111.425 195.76
-117.829 276.981
-87.465 373.978
-5.844 436.713
46.202 491.902
97.851 507.349
166.789 533.651
263.314 532.85
350.838 473.809
418.586 449.887
448.96 406.624
494.148 351.591
526.212 262.807
501.99 160.047
505.161 91.35
472.22 47.941
439.822 -14.72
361.727 -75.333
257.418 -81.838
189.201 -105.484
132.408 -90.168
160.57 -153.622
9.796 -173.244
-79.976 -133.792
-113.833 -79.418
-121.436 60.649
-149.556 146.488
-218.428 302.013
-215.542 395.606
-160.365 449.298
-30.926 496.903
51.696 538.535
167.733 634.302
254.721 659.941
319.325 621.508
397.108 514.714
468.381 458.544
589.565 381.042
639.444 304.638
627.637 236.741
554.712 132.149
532.561 45.055
499.744 -96.257
443.257 -163.868
383.017 -178.266
254.533 -141.652
237.512 -217.377
196.353 -229.342
-189.678 54.756
-209.108 92.449
-48.526 546.169
-7.651 575.364
446.877 549.71
485.675 524.036
609.917 91.982
602.1 50.437
311.196 -210.84
225.069 -251.322
107.437 -215.047
-167.146 -17.255
-225.135 60.329
-225.484 191.895
-112.708 515.195
-46.754 585.959
70.628 614.112
393.979 597.819
482.851 562.216
542.988 464.064
632.209 160.432
634.391 65.867
564.242 -24.911
