177.843 243.148
229.2 248.44
250.014 201.062
211.698 167.444
167.399 193.245
131.36 229.095
201.61 287.672
280.142 239.339
258.041 150.927
167.182 145.518
97.706 126.226
74.454 203.141
49.53 249.606
90.967 290.314
161.065 333.386
202.146 371.278
250.799 344.172
311.237 291.162
359.64 262.738
348.592 208.997
318.746 136.14
307.406 83.027
253.257 77.19
172.873 85.094
123.099 77.827
64.191 79.034
22.778 210.964
36.754 309.531
155.284 389.139
252.665 398.52
362.427 312.756
401.937 223.237
355.438 95.555
284.974 28.443
151.436 43.401
95.802 -28.041
27.048 22.219
-7.695 88.487
-44.905 138.292
-40.691 188.554
-53.982 244.56
-27.958 323.529
33.317 384.958
65.959 432.743
115.066 442.381
169.079 464.789
245.668 462.418
323.201 422.942
376.775 408.664
400.926 365.975
437.78 321.738
459.911 250.796
448.542 164.854
452.545 110.935
416.774 74.546
391.091 25.562
330.312 -19.594
251.456 -36.52
202.232 -54.938
153.204 -24.768
160.158 -92.102
29.096 -105.135
-31.922 -81.104
-60.325 -31.652
-62.392 78.753
-91.565 161.85
-142.433 289.687
-140.144 361.147
-94.645 399.295
10.655 433.759
79.508 482.152
179.838 556.948
246.138 581.543
297.735 546.323
360.69 459.267
428.496 410.424
527.916 340.396
572.57 286.303
556.103 227.302
494.767 141.825
471.472 59.91
433.808 -62.524
409.246 -108.32
351.69 -115.224
247.257 -87.303
226.045 -151.18
184.565 -156.015
-131.873 81.925
-146.094 121.191
-4.044 496.167
29.492 521.271
415.168 492.637
449.657 469.007
544.886 100.117
534.464 59.674
290.58 -146.483
208.632 -182.144
105.163 -141.405
-112.427 24.867
-166.005 91.772
-156.602 202.997
-58.287 458.62
-4.522 531.761
98.55 548.402
362.265 531.404
448.662 504.539
495.402 412.863
563.729 162.872
567.502 72.723
495.361 -5.53
