181.151 236.046
228.307 236.252
242.641 191.324
204.424 164.053
167.031 191.023
139.094 225.322
205.342 273.466
271.22 224.492
244.465 147.558
165.244 149.586
118.374 145.208
102.257 200.623
88.252 241.707
121.727 267.494
170.68 300.191
205.259 326.035
239.872 302.216
285.963 265.586
320.747 240.815
308.586 200.448
288.498 145.966
275.658 105.022
233.182 104.174
176.887 105.874
132.814 105.183
97.705 114.811
66.115 211.832
87.135 277.625
170.232 337.657
238.94 337.893
320.803 277.225
342.455 212.313
310.581 116.149
255.299 74.933
154.793 74.233
119.679 46.676
83.196 72.015
64.828 113.422
34.535 149.436
39.817 194.316
28.85 237.18
41.592 278.722
76.426 309.839
102.267 349.093
143.492 358.781
182.944 382.071
226.639 382.11
267.063 358.01
311.339 345.579
333.206 310.527
367.658 279.311
381.213 237.707
371.102 191.027
373.081 145.939
346.403 114.289
327.17 71.922
291.775 45.995
244.295 40.697
203.155 25.551
162.852 44.748
164.56 -2.244
88.003 -13.491
45.442 -9.981
28.521 31.835
18.216 104.569
-4.435 177.634
-37.389 249.094
-48.28 291.838
-10.806 320.905
53.908 350.649
116.64 392.683
172.072 446.25
210.448 471.806
250.659 443.33
297.683 391.675
356.582 345.35
424.195 309.723
460.969 281.041
446.358 234.124
412.155 173.086
387.013 102.657
373.58 26.306
358.323 -15.236
310.057 -16.895
240.385 -3.341
223.078 -53.066
181.337 -54.347
-34.604 106.294
-48.775 145.578
39.273 401.009
72.626 426.146
340.536 421.124
374.7 397.054
453.541 141.773
441.568 101.761
272.242 -43.643
203.09 -82.433
126.497 -40.188
-11.132 63.768
-68.723 116.183
-51.452 201.583
4.463 364.725
38.651 436.529
126.587 445.613
295.544 442.782
374.176 432.598
409.561 352.281
459.603 190.938
475.091 113.527
410.19 54.423
