178.895 240.884
229.624 245.007
248.841 197.919
210.586 166.015
167.781 192.171
133.621 227.45
203.084 284.369
279.232 235.087
255.224 149.66
167.276 145.888
101.073 128.738
78.858 201.987
55.956 248.556
95.874 286.564
163.462 328.055
203.686 363.627
249.694 337.284
308.259 285.465
353.967 257.728
343.024 206.708
313.99 136.114
302.481 85.803
249.866 80.911
173.314 87.416
124.357 81.705
70.806 84.749
28.617 210.901
45.119 303.589
158.602 380.792
250.57 388.12
356.237 305.391
391.936 221.265
347.483 98.217
280.322 35.298
151.466 47.481
102.779 -17.262
38.629 30.6
5.847 89.909
-32.699 138.197
-27.052 188.332
-40.471 240.15
-16.657 314.785
38.977 373.578
69.808 419.693
119.707 428.197
171.317 450.284
242.48 449.033
315.43 413.827
366.309 400.322
389.694 356.233
425.657 313.648
446.899 248.659
437.579 168.011
441.413 116.516
405.365 80.719
380.067 33.274
324.805 -9.156
250.644 -26.176
203.313 -44.023
155.625 -14.015
160.212 -79.523
32.297 -90.517
-21.16 -71.364
-47.567 -23.309
-50.21 81.422
-79.315 164.12
-126.995 286.671
-126.996 351.171
-82.951 386.992
16.637 421.069
84.672 469.652
182.836 541.328
240.018 566.443
290.087 531.587
351.205 449.372
418.657 401.095
515.488 330.971
557.494 286.719
540.548 228.702
482.605 146.186
459.348 65.249
421.072 -55.722
401.644 -96.244
345.094 -102.129
246.095 -75.847
224.584 -137.72
183.033 -141.903
-118.453 85.469
-132.881 124.659
2.217 482.729
35.428 508.053
404.894 482.37
439.484 458.965
531.999 105.183
521.659 64.72
287.296 -132.667
206.687 -168.406
105.217 -126.803
-98.742 30.899
-152.637 95.136
-142.256 204.221
-49.52 444.597
1.397 518.245
102.876 534.233
352.335 518.877
438.294 494.47
484.138 403.746
549.227 166.952
554.673 77.835
482.461 0.73
