182.249 233.086
225.517 233.123
238.836 191.913
203.816 166.626
168.973 191.992
146.242 222.1
203.92 264.25
261.882 222.073
239.436 154.147
168.348 154.54
125.431 153.562
111.27 197.587
98.303 237.565
132.345 262.425
169.899 289.526
203.883 314.258
237.894 289.735
275.446 262.226
309.331 237.589
296.466 197.619
281.93 153.534
268.92 113.576
226.906 113.469
180.818 113.667
138.616 113.641
104.415 124.36
77.085 208.698
98.039 273.531
169.865 325.44
237.767 325.471
309.398 273.244
330.474 208.772
302.989 124.516
248.07 84.474
159.612 84.469
125.264 59.114
91.094 83.911
76.985 123.906
53.376 154.37
54.645 192.786
42.41 233.515
55.394 273.747
89.331 299.758
111.092 331.146
147.423 341.969
182.7 366.265
224.942 366.268
260.26 341.924
296.811 330.885
318.253 300.005
352.331 273.834
365.42 233.542
353.176 192.402
353.997 154.197
331.274 124.295
316.766 83.795
282.462 58.92
239.605 57.796
203.517 45.207
167.79 58.082
168.562 19.709
108.805 13.098
66.134 13.753
51.953 54.591
39.564 113.146
18.013 179.929
-6.445 234.757
-19.512 276.62
15.774 302.546
67.704 331.346
124.402 372.304
168.607 412.902
204.556 438.642
240.284 412.811
283.526 372.222
339.879 330.918
392.086 301.659
427.809 275.427
414.205 233.317
389.229 179.622
367.34 113.273
355.583 54.301
341.747 12.663
297.492 12.462
238.53 19.428
224.441 -23.251
182.675 -23.352
-5.497 113.597
-18.476 153.302
54.026 374.35
87.819 398.909
320.182 398.569
353.958 374.003
425.537 153.077
412.729 113.271
263.104 -12.412
203.63 -52.043
143.342 -12.064
16.8 80.085
-39.304 124.514
-19.667 194.027
28.711 342.696
54.022 409.895
126.259 412.797
282.206 412.956
353.977 409.539
379.163 341.602
427.215 193.287
446.585 124.3
389.69 79.06
