171.482 257.863
232.162 267.91
261.309 211.385
219.281 167.47
162.246 195.104
110.174 243.92
199.039 315.524
299.077 257.874
276.633 146.626
160.489 133.814
64.503 108.896
53.803 210.379
16.081 272.175
56.599 323.792
152.321 359.607
202.712 411.389
260.877 386.121
326.944 314.501
390.214 281.205
383.41 219.988
343.056 134.867
333.571 66.925
274.726 53.254
176.613 73.584
99.86 61.427
27.168 50.809
-18.462 223.517
-7.717 342.138
147.294 432.26
262.125 450.262
393.363 340.032
448.652 235.159
391.914 81.649
313.714 -4.175
135.474 2.08
56.377 -74.153
-26.399 -12.578
-61.504 75.955
-96.808 139.806
-105.39 194.612
-112.556 274.461
-82.716 370.358
-0.945 433.037
48.479 487.767
99.34 502.646
167.165 528.242
261.989 527.4
349.383 468.91
415.944 446.191
445.553 403.456
489.685 349.269
520.889 262.04
497.426 159.873
500.787 92.654
467.669 50.271
436.391 -10.831
359.645 -70.235
256.514 -78.059
191.308 -101.354
135.535 -83.595
160.837 -148.187
10.815 -167.374
-77.632 -128.596
-111.371 -74.102
-114.583 63.402
-145.058 148.393
-212.267 302.466
-208.684 394.789
-154.384 447.085
-25.94 491.617
54.717 534.414
169.929 628.305
255.89 653.431
319.217 615.261
394.921 509.357
465.816 454.076
584.952 377.045
634.394 301.901
622.021 234.808
549.551 132.287
527.154 45.899
494.506 -93.052
439.686 -159.736
379.6 -173.476
253.737 -136.638
235.585 -211.641
194.786 -222.055
-185.722 58.679
-203.735 96.663
-43.465 543.899
-3.469 572.193
445.996 544.291
483.994 518.762
604.209 91.546
595.79 50.333
308.421 -205.783
222.322 -244.807
107.207 -208.394
-164.267 -12.171
-220.779 65.316
-219.872 193.994
-107.162 512.535
-41.699 583.133
74.204 609.333
393.139 591.999
481.659 556.533
539.849 458.945
626.646 159.356
628.225 65.168
558.045 -23.488
