180.659 237.429
230.084 237.832
244.981 191.291
205.262 163.005
166.436 190.672
136.248 226.73
206.56 278.355
276.017 225.62
247.297 144.592
164.195 147.322
114.571 140.682
97.863 201.674
82.469 244.383
115.305 271.056
171.328 306.029
206.466 333.022
241.632 309.763
291.566 267.533
327.524 242.626
316.087 201.887
292.599 142.403
279.932 100.118
237.104 98.599
175.339 101.749
130.097 100.427
93.943 109.163
58.772 212.858
80.57 280.292
170.351 345.111
240.083 345.567
327.603 280.093
349.904 214.388
316.277 111.465
260.071 69.108
152.873 68.537
116.94 37.135
76.967 64.251
55.282 107.78
22.422 146.029
30.291 194.506
19.328 238.115
31.841 282.731
68.71 320.338
95.492 361.408
140.777 370.093
182.882 392.747
228.456 393.262
275.082 368.841
320.93 356.074
343.131 317.514
377.697 283.341
392.203 240.182
383.771 187.195
386.049 141.102
355.857 108.016
334.714 64.973
298.227 37.443
246.096 28.603
203.337 12.626
161.163 35.08
162.834 -16.464
74.26 -28.097
31.781 -22.372
13.467 20.531
5.471 99.836
-19.265 175.744
-54.82 259.442
-64.151 302.539
-25.582 332.895
46.41 363.336
110.713 407.577
177.5 466.52
215.129 490.459
257.521 460.752
307.363 402.927
368.381 355.803
444.419 311.971
479.953 283.169
464.927 233.877
425.552 168.389
400.752 95.358
382.51 8.489
366.759 -31.674
316.921 -34.206
241.268 -17.293
222.332 -70.179
180.619 -72.187
-51.406 102.499
-66.159 141.567
31.809 417.114
64.931 442.55
353.18 433.457
387.537 409.702
469.248 134.504
457.81 94.339
275.513 -61.829
202.858 -99.889
118.922 -56.419
-28.2 56.26
-85.669 111.88
-69.596 202.655
-7.221 379.572
30.865 452.625
122.381 462.912
305.695 458.53
386.704 445.222
424.439 361.556
477.817 187.472
491.17 106.552
423.849 43.382
