169.76 260.065
232.049 271.102
262.683 212.368
220.076 166.575
160.6 194.492
105.694 246.426
197.899 319.983
302.282 260.335
279.136 145.291
158.586 130.629
56.244 106.499
51.313 210.431
12.04 278.844
50.854 331.572
149.917 362.496
204.305 416.843
263.425 392.683
329.017 317.689
395.04 282.495
389.357 220.571
346.509 134.007
336.856 63.048
276.745 47.584
176.785 69.754
94.428 57.836
20.035 46.285
-26.169 228.341
-13.923 347.186
147.043 439.189
263.551 457.381
398.599 343.006
455.308 236.626
396.747 78.177
317.594 -10.152
130.242 -4.817
50.522 -81.024
-31.846 -18.717
-68.705 68.543
-102.911 140.328
-114.636 196.58
-120.657 278.363
-89.925 375.81
-8.533 438.586
44.765 493.951
96.994 509.748
166.478 536.519
263.904 535.757
351.507 476.574
419.966 451.915
450.792 408.354
496.574 352.861
529.094 263.243
504.517 160.208
507.547 90.603
474.726 46.592
441.648 -16.923
362.859 -78.139
258.069 -84.051
188.055 -107.717
130.644 -93.566
160.289 -156.634
9.144 -176.447
-81.165 -136.67
-114.958 -82.499
-125.805 59.042
-151.943 145.456
-221.702 301.553
-219.263 395.794
-163.581 450.249
-33.695 499.432
49.873 540.756
166.408 637.494
253.891 663.464
319.212 624.846
398.246 517.736
469.724 461.029
592.039 383.284
642.164 306.22
630.673 237.877
557.596 132.094
535.548 44.569
502.58 -98.051
445.231 -166.136
384.897 -180.875
255.002 -144.637
238.725 -220.565
197.191 -233.572
-191.783 52.393
-212.173 89.949
-51.33 547.264
-10.092 577.017
447.201 552.735
486.483 526.999
613.092 92.312
605.66 50.531
312.779 -213.625
226.749 -255.07
107.348 -218.653
-168.555 -20.203
-227.529 57.291
-228.555 190.598
-115.878 516.438
-49.666 587.327
68.561 616.651
394.255 601.001
483.344 565.416
544.643 466.935
635.241 161.118
637.865 66.352
567.656 -25.741
