175.581 248.162
230.381 255.164
254.032 206.038
214.215 168.842
166.038 195.029
125.274 233.419
200.684 297.505
285.406 246.783
264.876 150.208
165.573 143.273
89.631 121.255
66.628 205.788
37.407 254.535
79.851 299.565
158.102 343.714
200.845 386.101
253.242 359.175
317.073 300.597
370.056 271.638
359.757 214.128
327.558 136.696
316.394 77.635
261.258 69.505
173.414 82.179
118.178 72.178
51.017 69.773
9.888 213.051
20.984 320.577
151.247 404.441
255.398 417.75
372.584 324.315
419.374 227.925
369.994 90.274
295.343 17.68
149.852 32.558
80.429 -44.76
4.838 10.177
-30.522 87.574
-65.675 139.982
-64.566 190.403
-76.417 255.125
-48.475 340.362
22.779 404.008
59.988 454.714
108.837 466.158
167.764 489.212
250.96 487.297
334.903 438.962
393.81 422.32
419.533 381.068
458.2 332.889
483.074 255.544
467.084 161.426
471.056 102.483
436.445 64.699
410.201 12.399
341.734 -37.393
252.892 -52.826
198.711 -72.749
147.531 -44.346
159.461 -113.04
22.458 -129.154
-50.545 -97.848
-81.395 -46.578
-83.048 75.101
-111.286 157.938
-168.766 295.835
-164.106 376.948
-115.598 420.044
-0.584 455.665
71.046 503.096
177.876 584.538
254.055 608.473
309.574 572.088
375.898 476.74
444.571 426.08
550.728 353.256
597.479 288.942
582.04 227.111
515.639 136.121
492.172 52.825
458.622 -71.954
418.788 -129.324
360.588 -138.481
248.717 -106.615
227.894 -174.037
186.532 -179.808
-153.651 74.784
-168.089 113.975
-16.033 517.779
18.877 543.072
431.008 510.71
465.85 486.5
567.086 93.986
556.73 53.513
295.063 -170.048
211.184 -205.386
105.301 -166.171
-133.943 12.651
-187.837 84.447
-180.741 200.638
-74.424 482.064
-15.719 554.071
91.431 572.706
377.895 553.48
464.953 522.387
514.35 428.478
588.09 158.274
589.742 66.624
518.399 -13.317
