173.767 253.076
231.529 261.534
257.884 209.206
216.822 168.803
164.556 195.684
118.376 238.41
200.121 306.563
292.097 252.727
270.989 148.59
163.602 139.651
79.067 115.901
59.581 208.666
26.253 261.592
68.63 310.18
155.598 352.359
200.842 399.15
256.401 372.675
322.126 307.964
380.094 277.337
371.378 217.758
335.495 136.131
325.454 73.086
268.756 62.484
175.329 79.415
110.234 67.831
39.076 61.49
-3.273 216.996
6.473 331.251
148.699 418.129
258.606 434.566
382.778 332.991
434.337 231.957
381.325 86.765
304.954 7.205
144.658 17.978
68.226 -59.526
-12.195 -0.169
-47.144 84.529
-81.957 139.68
-84.887 192.221
-94.86 265.125
-66.182 355.981
12.072 419.427
54.664 472.398
103.993 485.563
167.642 509.516
256.575 508.425
343.133 453.664
406.116 434.226
433.588 392.802
474.626 341.441
502.748 259.297
482.524 160.071
486.246 96.971
452.494 57.295
424.223 0.987
351.685 -53.69
254.564 -66.023
195.782 -87.444
142.624 -62.97
160.045 -130.74
15.698 -148.526
-66.116 -112.624
-98.465 -59.478
-97.382 70.194
-128.912 153.729
-191.06 300.548
-186.092 387.976
-134.761 435.67
-12.128 474.076
63.322 519.77
175.097 607.39
256.959 631.503
316.312 594.173
386.615 492.726
456.309 439.929
568.891 364.716
616.996 294.286
602.915 229.776
532.906 133.371
509.732 48.727
477.052 -82.664
428.631 -145.562
369.279 -157.012
251.028 -122.064
231.045 -193.066
189.925 -200.374
-170.82 67.921
-186.411 106.738
-28.637 533.072
8.513 559.367
440.596 527.218
476.6 502.325
585.843 91.5
576.102 50.848
300.681 -188.807
215.512 -225.015
105.943 -187.22
-150.93 1.318
-205.304 76.612
-200.913 198.342
-90.057 499.614
-27.468 570.642
83.855 592.191
387.632 572.886
475.304 538.976
528.352 443.177
608.022 157.405
608.909 64.475
538.154 -18.941
