176.564 245.86
229.749 252.144
252.144 204.021
213.096 168.41
166.694 194.345
128.196 231.338
200.96 292.967
282.67 243.59
261.809 150.864
166.383 144.419
93.56 123.423
70.076 204.516
42.782 251.956
84.957 295.158
159.301 339.182
201.277 379.568
252.089 352.468
314.554 296.61
365.377 268.04
354.558 211.914
323.708 136.601
312.307 79.901
257.582 72.84
172.894 83.253
120.864 74.369
56.907 73.553
15.798 211.813
27.961 315.622
152.823 397.772
254.192 409.305
367.982 319.463
411.879 225.767
363.971 92.357
290.625 22.378
150.915 38.074
87.144 -37.665
14.289 14.889
-21.039 87.873
-56.844 139.051
-54.25 189.393
-66.918 250.19
-39.579 332.823
27.506 395.92
62.522 445.38
111.389 456.021
168.068 478.772
248.569 476.425
330.163 431.942
386.765 416.473
411.758 374.791
449.55 328.322
473.039 253.434
459.233 162.69
463.265 105.914
428.181 68.814
402.37 18.081
336.625 -29.628
252.226 -45.955
200.291 -65.206
150.014 -35.689
159.668 -104.121
25.509 -119.037
-42.595 -90.619
-72.514 -40.114
-74.274 76.595
-102.992 159.595
-157.503 293.168
-153.597 370.457
-106.431 411.33
4.482 446.27
74.707 494.25
178.679 572.722
251.173 596.844
304.888 560.98
369.651 469.09
437.914 419.331
541.001 347.835
586.978 287.373
571.051 226.864
506.806 138.313
483.373 55.656
448.687 -67.008
414.554 -120.46
356.862 -128.566
248.019 -98.427
226.992 -164.3
185.573 -169.643
-144.488 77.964
-158.758 117.214
-10.579 508.877
23.58 533.981
424.699 502.809
459.275 478.886
557.616 96.326
547.16 55.885
293.084 -160.069
209.959 -195.474
105.154 -155.581
-124.927 18.055
-178.632 87.772
-170.445 201.725
-67.259 472.243
-10.646 544.763
94.618 562.398
371.607 543.907
458.391 514.554
506.462 421.631
577.731 159.898
580.207 68.91
508.627 -9.934
