166.939 262.739
231.006 275.779
264.045 213.783
220.74 165.42
158.252 193.306
99.783 248.967
194.917 325.479
306.194 263.866
282.294 143.052
156.67 126.536
46.758 105.763
46.968 210.06
7.463 287.003
44.091 340.352
145.025 365.914
205.925 423.251
266.368 400.712
331.283 322.299
401.189 283.574
397.285 220.771
351.099 132.588
340.824 57.163
278.545 39.11
177.143 63.803
88.468 52.693
7.743 42.427
-35.598 235.477
-20.397 351.318
146.479 447.611
264.685 466.093
405.586 346.542
463.74 238.602
402.941 72.72
322.245 -18.967
124.004 -13.147
43.767 -90.302
-37.94 -26.69
-80.08 57.086
-109.175 141.551
-125.623 200.303
-130.339 283.133
-97.192 381.084
-15.881 443.484
37.949 499.231
92.833 516.837
164.201 545.619
264.471 545.659
352.64 487.339
424.308 459.242
457.045 414.54
505.046 357.428
539.157 265.035
513.905 161.294
515.899 87.45
483.845 41.058
447.78 -25.351
367.028 -88.379
261.282 -93.294
183.795 -115.696
124.149 -105.08
158.24 -167.491
5.551 -187.396
-85.677 -147.033
-118.48 -93.842
-145.451 52.87
-160.292 141.583
-232.63 298.127
-231.712 394.346
-174.656 451.276
-42.347 502.943
41.435 547.46
160.087 647.666
249.394 674.825
317.214 636.12
401.831 529.406
474.071 470.29
600.46 391.67
651.541 312.402
641.218 242.393
568.559 131.87
546.29 42.468
512.252 -104.976
452.19 -174.632
391.199 -190.389
256.322 -157.441
243.598 -232.218
198.823 -249.819
-199.342 42.651
-224.709 79.915
-61.432 550.159
-20.647 582.081
447.044 564.061
488.477 538.313
624.886 94.117
619.255 50.935
318.161 -223.757
232.923 -270.505
105.386 -230.937
-173.231 -31.382
-236.664 44.409
-239.487 184.973
-127.16 518.361
-61.238 590.828
59.667 624.523
393.63 612.151
483.776 577.665
550.075 477.847
645.979 164.138
651.144 68.75
579.775 -29.343
