175.795 247.627
230.235 254.468
253.597 205.606
213.953 168.767
166.188 194.888
125.964 232.919
200.739 296.471
284.738 246.071
264.181 150.377
165.763 143.557
90.585 121.753
67.413 205.479
38.63 253.896
81.031 298.518
158.366 342.692
200.925 384.621
252.963 357.653
316.507 299.713
368.977 270.871
358.537 213.644
326.682 136.699
315.434 78.129
260.41 70.249
173.257 82.407
118.863 72.643
52.354 70.609
11.252 212.722
22.571 319.433
151.583 402.933
255.107 415.838
371.511 323.246
417.687 227.433
368.673 90.7
294.26 18.763
150.162 33.919
81.916 -43.159
6.916 11.211
-28.452 87.654
-63.719 139.815
-62.267 190.149
-74.31 253.985
-46.477 338.636
23.872 402.206
60.558 452.636
109.399 463.894
167.806 486.876
250.396 484.849
333.873 437.362
392.272 421.001
417.823 379.68
456.277 331.881
480.817 255.07
465.328 161.672
469.32 103.215
434.606 65.597
408.498 13.675
340.572 -35.624
252.731 -51.296
199.058 -71.064
148.081 -42.363
159.48 -111.041
23.17 -126.907
-48.765 -96.217
-79.424 -45.13
-81.173 75.455
-109.368 158.304
-166.251 295.225
-161.711 375.536
-113.519 418.123
0.591 453.559
71.875 501.132
178.074 581.897
253.485 605.859
308.589 569.588
374.541 474.999
443.117 424.554
548.571 352.027
595.157 288.523
579.598 226.995
513.666 136.566
490.199 53.416
456.461 -70.781
417.795 -127.367
359.728 -136.281
248.535 -104.797
227.657 -171.861
186.28 -177.524
-151.62 75.482
-165.999 114.693
-14.762 515.839
19.957 541.073
429.671 508.912
464.435 484.771
564.963 94.452
554.574 53.989
294.582 -167.834
210.865 -203.166
105.254 -163.795
-131.931 13.892
-185.791 85.195
-178.398 200.913
-72.777 479.901
-14.538 552.025
92.172 570.414
376.554 551.317
463.551 520.6
512.623 426.911
585.781 158.574
587.597 67.072
516.204 -12.58
