169.566 260.293
232.008 271.447
262.801 212.471
220.136 166.489
160.42 194.422
105.227 246.679
197.739 320.436
302.599 260.59
279.376 145.143
158.411 130.322
55.441 106.368
51.07 210.429
11.72 279.573
50.288 332.351
149.615 362.743
204.505 417.352
263.693 393.344
329.212 318.017
395.52 282.597
389.96 220.61
346.851 133.912
337.171 62.634
276.917 46.981
176.802 69.354
93.912 57.486
19.209 45.931
-26.913 228.921
-14.448 347.541
147.045 439.88
263.661 458.06
399.13 343.287
455.959 236.778
397.221 77.802
317.967 -10.779
129.724 -5.46
49.983 -81.732
-32.331 -19.339
-69.489 67.71
-103.461 140.455
-115.52 196.874
-121.427 278.795
-90.518 376.341
-9.016 439.049
44.291 494.429
96.738 510.339
166.345 537.279
264.019 536.544
351.653 477.363
420.33 452.479
451.287 408.832
497.238 353.218
529.886 263.374
505.223 160.269
508.205 90.39
475.423 46.207
442.145 -17.544
363.172 -78.921
258.267 -84.688
187.737 -108.334
130.151 -94.483
160.191 -157.471
8.94 -177.328
-81.495 -137.471
-115.254 -83.366
-127.12 58.597
-152.588 145.198
-222.596 301.393
-220.288 395.802
-164.464 450.465
-34.298 499.772
49.294 541.356
166.003 638.352
253.621 664.41
319.138 625.745
398.546 518.596
470.08 461.727
592.713 383.918
642.908 306.673
631.505 238.204
558.407 132.082
536.379 44.431
503.356 -98.559
445.777 -166.772
385.409 -181.601
255.128 -145.504
239.073 -221.457
197.411 -234.777
-192.358 51.713
-213.045 89.25
-52.049 547.576
-10.819 577.491
447.253 553.587
486.679 527.837
613.981 92.419
606.663 50.562
313.215 -214.404
227.228 -256.134
107.287 -219.642
-168.936 -21.034
-228.201 56.417
-229.409 190.227
-116.756 516.725
-50.481 587.704
67.959 617.337
394.288 601.877
483.444 566.322
545.085 467.75
636.078 161.323
638.844 66.503
568.604 -25.981
