179.13 240.34
229.979 244.09
248.734 197.005
210.343 165.513
167.811 191.883
134.066 227.1
203.703 283.932
279.331 233.895
254.662 149.019
167.123 145.792
101.952 129.301
80.13 201.681
57.706 248.501
97.008 285.696
164.323 326.666
204.283 361.609
249.416 335.662
307.546 283.807
352.374 256.437
341.49 206.186
312.675 136.205
301.08 86.508
249.117 81.823
173.484 88.115
124.663 82.778
72.572 86.234
30.008 210.994
47.415 301.888
159.766 378.474
249.842 385.224
354.317 303.132
389.179 220.784
345.39 98.869
279.201 37.423
151.472 48.586
104.296 -13.985
41.485 32.794
9.363 90.531
-29.305 138.245
-23.214 188.399
-36.61 239.16
-13.582 312.415
40.651 370.388
71.046 416.026
121.322 424.15
172.316 446.127
241.51 445.395
313.219 411.165
363.448 397.81
386.631 353.334
422.344 311.049
443.332 248.136
434.511 169.059
438.265 118.18
402.159 82.522
376.995 35.48
323.42 -6.087
250.478 -23.075
203.479 -40.847
156.158 -11.019
160.201 -75.919
33.211 -86.38
-18.204 -68.587
-43.982 -20.959
-46.814 82.28
-75.807 164.755
-122.647 286.029
-123.394 348.367
-79.665 383.657
18.401 417.536
86.304 466.189
184.53 537.219
238.2 562.332
288.04 527.468
348.595 446.512
415.957 398.328
512.435 327.814
553.149 287.038
536.133 229.21
479.225 147.549
455.959 66.927
418.087 -53.015
399.298 -92.875
343.151 -98.462
245.757 -72.585
224.175 -133.919
182.606 -137.924
-114.608 86.411
-129.127 125.567
4.062 479.017
37.202 504.43
402.098 479.417
436.727 456.072
528.395 106.819
518.067 66.354
286.366 -128.764
206.147 -164.528
105.326 -122.693
-94.74 32.415
-148.815 95.998
-138.193 204.577
-47.054 440.763
3.144 514.529
104.404 530.417
349.636 515.374
435.477 491.575
481.17 400.959
545.118 168.254
551.077 79.479
479.024 2.939
