178.77 241.172
229.486 245.471
248.928 198.372
210.712 166.25
167.753 192.316
133.368 227.645
202.812 284.667
279.235 235.683
255.539 149.929
167.322 145.907
100.635 128.439
78.239 202.143
55.087 248.622
95.275 287.019
163.07 328.756
203.417 364.638
249.832 338.128
308.625 286.28
354.758 258.376
343.79 206.98
314.639 136.079
303.168 85.443
250.266 80.442
173.233 87.079
124.206 81.172
69.927 83.996
27.894 210.874
43.987 304.415
158.067 381.931
250.906 389.543
357.176 306.485
393.301 221.511
348.53 97.882
280.898 34.282
151.466 46.943
101.964 -18.832
37.165 29.48
4.06 89.64
-34.373 138.184
-28.933 188.325
-42.357 240.678
-18.183 315.961
38.179 375.153
69.232 421.5
118.968 430.181
170.889 452.318
242.945 450.836
316.516 415.117
367.739 401.526
391.227 357.646
427.317 314.899
448.671 248.923
439.088 167.509
442.955 115.703
406.937 79.834
381.576 32.188
325.505 -10.645
250.738 -27.67
203.214 -45.568
155.343 -15.489
160.22 -81.284
31.862 -92.552
-22.625 -72.721
-49.336 -24.455
-51.888 81.018
-81.032 163.81
-129.131 287.027
-128.781 352.556
-84.562 388.66
15.794 422.814
83.908 471.369
182.166 543.411
240.902 568.48
291.117 533.612
352.505 450.764
419.995 402.43
517.053 332.493
559.602 286.555
542.716 228.452
484.27 145.526
461.014 64.439
422.617 -56.943
402.785 -97.897
346.049 -103.926
246.265 -77.442
224.794 -139.585
183.252 -143.858
-120.336 85.003
-134.722 124.209
1.335 484.576
34.581 509.86
406.29 483.81
440.86 460.376
533.771 104.397
523.421 63.936
287.762 -134.579
206.964 -170.31
105.187 -128.824
-100.691 30.131
-154.51 94.707
-144.249 204.05
-50.727 446.508
0.562 520.095
102.195 536.146
353.683 520.601
439.701 495.881
485.629 405.077
551.244 166.321
556.438 77.044
484.173 -0.301
