182.804 232.154
224.771 232.12
237.749 192.216
203.752 167.597
169.834 192.259
148.712 221.328
203.901 261.211
258.905 221.154
237.697 156.227
169.621 156.516
127.8 156.392
114.801 196.663
101.814 236.445
135.682 261.017
170.021 285.819
203.815 310.363
237.579 285.808
271.88 260.854
305.683 236.32
292.753 196.601
279.625 156.324
266.711 116.471
224.863 116.463
182.588 116.668
140.77 116.59
106.96 127.447
80.917 207.633
101.971 272.085
170.028 321.351
237.691 321.447
305.779 271.819
326.511 207.409
300.512 127.496
245.844 87.636
161.615 87.833
127.77 63.157
93.968 87.735
80.861 127.433
59.561 156.561
59.873 192.405
47.01 232.232
59.972 271.997
93.661 296.791
114.861 325.839
148.884 336.668
182.91 361.336
224.722 361.348
258.808 336.839
292.857 325.751
313.736 296.647
347.672 271.92
360.514 232.115
347.768 192.236
347.786 156.395
326.712 127.24
313.555 87.527
279.75 62.933
237.848 62.758
203.687 51.799
169.676 63.069
169.84 27.15
114.566 22.556
72.475 22.631
59.395 62.62
46.684 116.566
25.593 181.265
4.266 232.376
-8.721 272.401
25.342 297.141
72.785 325.869
127.782 365.707
169.817 401.912
203.931 426.655
237.976 401.95
279.936 365.711
334.794 325.723
382.23 296.892
416.334 272.152
403.227 232.144
381.782 181.041
360.807 116.535
347.938 62.184
334.879 22.172
292.866 22.347
237.626 26.981
224.605 -13.007
182.877 -12.952
4.351 116.635
-8.569 156.407
59.748 366.015
93.626 390.521
314.104 390.518
347.826 365.858
415.921 156.249
402.983 116.52
259.078 -2.132
203.762 -41.765
148.367 -2.002
25.621 87.145
-29.36 127.45
-8.736 192.648
38.261 336.824
59.886 401.575
128.015 401.953
279.852 402.128
347.991 401.434
369.31 336.582
416.143 192.427
436.93 127.22
381.762 86.733
