178.64 241.465
229.375 245.934
249.039 198.815
210.845 166.471
167.716 192.46
133.098 227.848
202.566 285.014
279.279 236.27
255.874 150.164
167.349 145.902
100.196 128.125
77.632 202.299
54.224 248.712
94.658 287.487
162.706 329.46
203.169 365.651
249.972 338.995
309.002 287.077
355.539 259.027
344.55 207.26
315.282 136.053
303.845 85.079
250.683 79.964
173.158 86.748
124.054 80.641
69.049 83.235
27.152 210.857
42.864 305.227
157.566 383.058
251.223 390.95
358.083 307.543
394.657 221.76
349.58 97.54
281.487 33.298
151.468 46.408
101.111 -20.359
35.674 28.348
2.258 89.397
-36.034 138.178
-30.792 188.331
-44.216 241.227
-19.702 317.134
37.401 376.713
68.681 423.287
118.274 432.135
170.511 454.318
243.397 452.63
317.59 416.377
369.165 402.696
392.755 359.023
428.971 316.098
450.433 249.192
440.581 167.029
444.478 114.909
408.489 78.965
383.068 31.117
326.215 -12.103
250.839 -29.127
203.104 -47.083
155.05 -16.948
160.227 -83.018
31.435 -94.562
-24.083 -74.059
-51.087 -25.586
-53.551 80.629
-82.724 163.504
-131.243 287.403
-130.555 353.928
-86.153 390.326
14.973 424.542
83.175 473.073
181.609 545.506
241.766 570.512
292.151 535.617
353.799 452.129
421.329 403.731
518.659 333.933
561.674 286.416
544.855 228.216
485.92 144.888
462.663 63.656
424.202 -58.07
403.899 -99.532
346.987 -105.703
246.434 -79.015
225.005 -141.427
183.472 -145.791
-122.191 84.538
-136.538 123.758
0.477 486.413
33.759 511.658
407.686 485.225
442.238 461.761
535.524 103.641
525.163 63.183
288.226 -136.467
207.242 -172.191
105.17 -130.823
-102.604 29.354
-156.355 94.275
-146.217 203.883
-51.92 448.412
-0.251 521.936
101.561 538.06
355.03 522.306
441.107 497.267
487.133 406.362
553.234 165.712
558.183 76.282
485.885 -1.275
