181.786 234.055
226.294 234.148
239.974 191.676
203.955 165.76
168.227 191.745
143.863 223.1
204.178 267.222
264.878 222.947
241.029 152.038
167.124 152.793
123.093 150.847
108.09 198.583
94.943 238.812
129.017 263.962
169.957 293.037
204.146 318.056
238.334 293.682
278.879 263.413
312.952 238.725
300.235 198.606
284.096 150.994
271.07 110.724
228.898 110.428
179.274 110.979
136.613 110.825
102.077 121.247
73.478 209.759
94.413 274.982
169.815 329.422
237.997 329.443
313.029 274.547
334.272 209.96
305.474 121.692
250.329 81.345
157.796 81.232
123.035 55.214
88.459 80.136
73.198 120.435
47.281 152.654
49.801 193.311
38.073 234.788
51.105 275.372
85.18 302.453
108.149 336.586
146.171 347.112
182.64 371.133
225.272 371.101
261.798 346.87
301.046 335.531
322.734 303.147
356.965 275.535
370.133 234.929
358.456 192.534
359.866 151.671
335.922 121.164
319.963 80.056
285.314 54.919
241.309 52.628
203.328 38.872
166.013 53.527
167.298 12.562
102.444 4.204
59.915 5.565
44.558 46.827
32.56 110.16
10.755 179.1
-16.59 238.383
-29.205 281.297
6.858 308.262
62.987 337.141
121.811 378.584
168.686 423.518
206.025 449.661
243.2 422.995
287.511 378.521
344.94 335.497
402.086 305.08
438.74 277.667
424.784 233.947
396.57 177.871
373.409 110.021
361.96 45.825
347.445 3.533
301.812 2.911
239.272 12.069
224.158 -33.063
182.397 -33.456
-15.049 111.019
-28.313 150.618
48.847 382.786
82.558 407.446
326.441 406.157
360.319 381.699
434.781 149.665
422.168 109.805
266.702 -22.545
203.549 -61.998
138.075 -21.555
7.849 74.226
-48.932 121.689
-30.225 196.346
19.954 349.171
48.728 418.314
126.108 423.723
285.565 423.252
360.255 417.266
389.293 345.279
437.979 193.348
455.959 121.002
396.49 70.702
