176.328 246.389
229.892 252.843
252.578 204.52
213.352 168.536
166.543 194.521
127.538 231.802
200.885 294.022
283.262 244.352
262.528 150.738
166.2 144.173
92.698 122.917
69.271 204.798
41.529 252.508
83.783 296.145
159.012 340.251
201.158 381.101
252.343 354.038
315.151 297.567
366.456 268.934
355.734 212.45
324.61 136.65
313.232 79.347
258.426 72.043
172.973 82.98
120.309 73.82
55.535 72.637
14.442 212.059
26.331 316.762
152.432 399.342
254.46 411.288
369.032 320.633
413.651 226.268
365.436 91.818
291.715 21.29
150.728 36.893
85.541 -39.345
12.014 13.735
-23.333 87.799
-58.951 139.263
-56.691 189.606
-69.189 251.314
-41.684 334.568
26.417 397.849
61.921 447.609
110.773 458.435
167.967 481.253
249.109 478.989
331.323 433.582
388.479 417.855
413.637 376.303
451.619 329.426
475.411 253.932
461.103 162.353
465.127 105.062
430.162 67.813
404.288 16.734
337.816 -31.445
252.372 -47.597
199.912 -67.004
149.42 -37.7
159.592 -106.24
24.814 -121.461
-44.486 -92.325
-74.641 -41.642
-76.383 76.24
-104.961 159.199
-160.18 293.8
-156.054 372.04
-108.579 413.428
3.318 448.499
73.847 496.369
178.503 575.533
251.934 599.595
306.066 563.607
371.177 470.88
439.532 420.922
543.331 349.113
589.502 287.678
573.681 226.863
508.912 137.747
485.464 54.942
451.131 -68.095
415.512 -122.592
357.727 -130.94
248.161 -100.387
227.172 -166.619
185.766 -172.053
-146.684 77.217
-160.982 116.457
-11.825 511.046
22.489 536.178
426.274 504.659
460.895 480.672
559.866 95.714
549.422 55.268
293.521 -162.46
210.208 -197.83
105.174 -158.094
-127.086 16.792
-180.835 87.0
-172.885 201.484
-68.921 474.612
-11.807 547.013
93.889 564.864
373.168 546.162
460.017 516.383
508.375 423.226
580.204 159.45
582.464 68.305
510.946 -10.752
