173.463 253.839
231.672 262.535
258.465 209.59
217.261 168.664
164.272 195.674
117.185 239.243
200.002 307.966
293.211 253.577
271.922 148.332
163.194 138.844
77.035 114.814
58.544 209.046
24.52 262.967
66.786 312.091
155.158 353.619
200.997 401.158
257.023 374.793
322.92 309.033
381.707 278.06
373.269 218.199
336.739 135.971
326.853 72.253
269.834 61.213
175.612 78.701
108.733 66.941
37.211 59.878
-5.552 217.786
4.179 333.009
148.39 420.34
259.182 437.138
384.442 334.203
436.659 232.503
383.06 86.114
306.399 5.439
143.444 15.423
66.534 -61.984
-14.529 -2.179
-49.537 83.423
-84.478 139.694
-88.186 192.559
-97.726 266.73
-68.889 358.456
10.22 421.752
53.76 475.019
103.255 488.455
167.621 512.606
257.503 511.585
344.271 456.042
407.827 436.124
435.609 394.55
477.097 342.723
505.732 259.782
484.922 159.967
488.597 96.24
454.961 56.193
426.273 -0.835
353.102 -56.31
254.868 -68.016
195.329 -89.703
141.81 -66.032
160.238 -133.523
14.703 -151.515
-68.326 -115.06
-100.894 -61.628
-100.088 69.246
-131.62 153.022
-194.525 301.137
-189.667 389.421
-137.865 437.845
-14.13 476.91
62.04 522.249
174.463 610.854
257.06 635.067
317.032 597.599
388.08 495.314
457.958 442.15
571.57 366.614
619.883 295.36
606.056 230.439
535.575 133.113
512.501 48.233
479.881 -84.324
430.331 -147.914
370.84 -159.737
251.501 -124.367
231.705 -196.022
190.652 -203.703
-173.357 66.673
-189.213 105.441
-30.826 535.129
6.75 561.664
441.725 529.888
477.99 504.885
588.773 91.36
579.187 50.654
301.807 -191.593
216.463 -228.11
106.091 -190.538
-153.372 -0.604
-207.922 75.164
-204.013 197.883
-92.676 502.047
-29.529 572.944
82.492 595.088
388.791 575.946
476.576 541.692
530.332 445.606
611.055 157.547
611.946 64.417
541.302 -19.694
