177.046 244.816
229.485 250.746
251.293 202.964
212.575 168.107
166.983 193.958
129.459 230.444
201.141 290.88
281.584 242.028
260.364 151.025
166.728 144.877
95.204 124.456
71.698 203.974
45.303 250.948
87.274 293.251
159.91 337.017
201.55 376.47
251.596 349.318
313.333 294.632
363.227 266.14
352.264 210.814
321.87 136.45
310.481 81.064
255.916 74.476
172.815 83.866
121.847 75.563
59.654 75.488
18.477 211.398
31.244 313.343
153.664 394.58
253.656 405.295
365.905 317.039
408.252 224.779
360.876 93.54
288.463 24.583
151.2 40.259
90.406 -34.207
18.982 17.382
-16.257 88.051
-52.508 138.685
-49.274 189.015
-62.233 247.994
-35.291 329.334
29.685 391.947
63.759 440.791
112.681 451.061
168.345 473.68
247.5 471.223
327.713 428.62
383.182 413.64
407.853 371.64
445.28 326.005
468.206 252.431
455.37 163.429
459.405 107.719
424.054 70.898
398.299 20.835
334.244 -25.939
251.946 -42.559
201.06 -61.495
151.228 -31.638
159.859 -99.762
26.88 -114.02
-38.709 -87.137
-68.113 -36.999
-69.948 77.346
-98.897 160.413
-152.011 291.875
-148.62 367.137
-102.078 406.979
6.801 441.701
76.461 489.873
179.044 566.955
249.475 591.225
302.37 555.611
366.45 465.464
434.536 416.082
536.211 345.192
581.759 286.865
565.627 226.952
502.449 139.542
479.063 57.166
443.4 -65.094
412.685 -116.047
355.082 -123.675
247.757 -94.384
226.663 -159.529
185.223 -164.695
-139.943 79.459
-154.171 118.724
-8.11 504.335
25.777 529.409
421.343 499.06
455.856 475.255
552.987 97.65
542.525 57.213
292.218 -155.129
209.498 -190.63
105.143 -150.424
-120.447 20.606
-174.077 89.302
-165.421 202.205
-63.92 467.326
-8.339 540.084
96.076 557.315
368.297 539.313
454.945 510.855
502.478 418.402
572.64 160.906
575.575 70.232
503.831 -8.295
