165.042 263.284
230.377 277.474
264.753 214.316
221.144 164.705
157.21 192.614
97.345 248.62
193.17 327.821
307.741 265.424
283.869 141.75
155.724 124.297
43.457 104.728
44.082 208.666
4.721 288.553
41.566 342.386
142.407 367.787
206.189 426.052
267.471 403.956
332.282 324.54
403.886 284.079
400.777 220.703
353.279 131.911
342.262 54.117
278.864 34.874
177.272 60.528
86.366 49.635
2.83 39.929
-39.811 237.143
-23.528 352.641
146.031 451.173
265.108 469.897
408.673 348.076
467.55 239.436
405.668 69.656
323.969 -23.338
121.702 -16.98
40.756 -94.23
-40.928 -30.284
-85.495 52.761
-112.132 141.237
-130.771 201.318
-134.552 284.24
-100.669 382.126
-20.162 444.803
34.624 501.01
90.633 519.646
162.881 549.211
264.134 549.8
352.683 492.494
426.016 462.453
459.775 417.271
508.718 359.367
543.516 265.922
518.367 162.004
519.433 85.741
487.812 38.209
450.431 -29.254
369.057 -92.772
263.361 -98.28
181.801 -119.118
121.116 -110.231
156.695 -172.296
2.943 -191.724
-88.597 -151.58
-120.963 -98.056
-155.462 50.692
-164.41 139.304
-237.118 296.072
-236.864 393.033
-179.297 450.876
-46.771 504.25
37.186 549.859
156.707 651.562
246.827 679.267
315.73 640.777
403.263 534.947
475.908 474.508
604.025 395.378
655.576 315.28
645.72 244.473
573.875 131.63
550.967 41.209
516.367 -108.122
455.323 -178.342
394.086 -194.447
256.878 -164.498
246.516 -237.31
197.866 -256.62
-203.511 38.81
-231.483 75.422
-66.284 550.976
-26.085 583.859
446.515 569.279
489.119 543.667
630.38 95.159
625.806 50.953
320.732 -228.123
235.568 -280.01
103.585 -235.832
-175.963 -35.693
-241.394 38.681
-244.32 182.197
-132.078 518.371
-66.935 591.547
55.107 627.489
392.724 616.934
483.476 583.46
552.39 482.818
650.664 165.628
657.587 70.034
584.965 -31.31
