177.997 242.831
229.186 247.984
249.797 200.669
211.531 167.29
167.47 193.102
131.706 228.851
201.743 287.106
279.919 238.793
257.61 150.846
167.245 145.621
98.175 126.582
75.016 202.985
50.379 249.396
91.671 289.768
161.328 332.665
202.296 370.246
250.643 343.183
310.817 290.446
358.914 262.048
347.868 208.655
318.121 136.096
306.775 83.407
252.756 77.711
172.908 85.371
123.297 78.318
65.084 79.785
23.606 210.917
37.86 308.762
155.651 388.04
252.437 397.156
361.702 311.862
400.636 222.951
354.359 95.932
284.308 29.264
151.453 43.969
96.835 -26.726
28.658 23.29
-5.907 88.608
-43.329 138.249
-38.929 188.491
-52.261 243.916
-26.469 322.37
34.047 383.503
66.425 431.071
115.592 440.577
169.278 462.944
245.281 460.645
322.228 421.781
375.431 407.625
399.48 364.776
436.222 320.808
458.215 250.486
447.126 165.192
451.116 111.612
415.291 75.308
389.642 26.534
329.543 -18.286
251.345 -35.244
202.426 -53.565
153.57 -23.369
160.191 -90.505
29.527 -103.275
-30.522 -79.858
-58.698 -30.563
-60.826 79.064
-90.018 162.146
-140.451 289.254
-138.422 359.881
-93.128 397.699
11.427 432.121
80.143 480.545
180.056 554.893
245.395 579.563
296.749 544.415
359.476 458.001
427.227 409.252
526.222 339.352
570.652 286.25
554.121 227.417
493.185 142.328
469.902 60.52
431.943 -61.918
408.399 -106.741
350.908 -113.513
247.128 -85.837
225.883 -149.452
184.393 -154.208
-130.178 82.409
-144.411 121.671
-3.233 494.448
30.247 519.569
413.852 491.323
448.346 467.725
543.217 100.679
532.806 60.233
290.191 -144.702
208.411 -180.383
105.163 -139.533
-110.726 25.707
-164.313 92.247
-154.768 203.156
-57.147 456.808
-3.758 530.022
99.062 546.557
360.988 529.783
447.33 503.249
493.925 411.726
561.877 163.325
565.841 73.291
493.633 -4.889
