180.347 238.208
231.607 238.832
246.989 191.184
206.576 162.285
166.4 190.583
134.978 227.258
207.712 281.839
279.73 226.287
249.662 143.037
163.724 145.505
111.262 136.741
93.986 201.869
76.925 246.721
109.682 274.827
171.688 311.187
207.678 339.705
243.845 316.866
296.709 269.452
333.818 244.598
322.938 202.712
296.92 139.688
284.39 95.701
240.658 93.446
174.357 98.086
128.051 96.005
90.22 103.641
51.079 213.14
73.733 283.752
170.046 352.494
241.776 353.504
333.77 282.84
358.079 215.956
322.558 107.277
264.869 62.754
151.656 63.44
114.479 27.058
70.368 56.631
45.542 102.806
10.72 143.243
20.427 193.927
9.005 238.042
21.871 287.644
61.907 331.964
89.078 373.974
138.007 381.549
182.528 403.622
230.934 404.709
284.742 379.087
330.766 366.537
353.179 324.234
387.764 287.205
403.48 242.204
396.224 182.523
398.905 136.206
365.456 101.968
343.047 58.365
304.642 28.455
247.445 16.38
203.75 -0.249
159.894 25.244
161.454 -31.002
60.433 -41.053
18.627 -33.425
-1.101 10.569
-6.779 95.433
-32.974 173.771
-70.913 269.951
-78.845 313.507
-38.866 345.03
39.783 375.998
105.142 422.685
183.546 484.885
220.606 507.757
264.808 477.05
317.199 413.198
380.867 366.247
463.342 312.503
497.622 283.994
482.393 232.913
438.294 163.566
414.505 87.911
390.425 -7.68
373.779 -47.575
322.65 -50.583
242.243 -30.683
221.977 -86.035
180.292 -88.569
-67.084 98.931
-82.125 137.889
25.399 432.599
58.372 458.226
365.611 444.517
400.109 420.978
483.787 127.452
472.754 87.174
278.011 -78.737
202.878 -115.988
114.639 -72.697
-44.632 50.232
-101.414 108.059
-86.782 203.966
-17.222 394.382
24.249 468.103
117.528 479.71
316.291 472.74
399.058 456.489
438.197 371.947
494.667 183.275
505.99 99.722
438.015 34.107
