172.312 256.426
232.06 265.957
260.342 210.778
218.633 167.99
163.108 195.402
112.847 242.214
199.484 312.765
296.982 256.354
274.989 147.322
161.612 135.782
69.404 111.021
55.346 210.084
18.927 268.433
60.333 319.232
153.483 357.586
201.927 407.787
259.388 382.01
325.543 312.551
387.157 280.204
379.725 219.45
340.839 135.318
331.313 69.055
273.158 56.405
176.384 75.712
103.233 63.608
30.905 54.157
-13.658 221.084
-3.517 338.888
147.589 427.926
261.109 445.625
390.124 338.037
444.387 234.229
388.794 83.493
311.153 -0.635
138.6 6.791
60.268 -69.946
-22.324 -8.878
-57.283 79.255
-92.574 139.712
-99.275 193.755
-107.279 271.832
-77.854 366.364
3.39 429.179
50.494 483.404
100.768 497.754
167.412 522.755
260.492 521.872
347.728 464.209
413.187 442.564
442.1 400.307
485.234 346.954
515.545 261.272
492.951 159.818
496.447 93.918
463.159 52.453
432.886 -7.139
357.473 -65.214
255.871 -74.49
193.147 -97.212
138.253 -77.009
160.797 -142.901
11.923 -161.633
-74.826 -123.592
-108.211 -69.314
-108.988 65.754
-140.4 150.191
-206.013 302.378
-201.849 393.346
-148.442 444.252
-21.42 486.352
57.477 530.225
171.804 622.199
256.646 646.92
318.746 608.997
392.62 504.22
463.142 449.744
580.276 373.214
629.302 299.389
616.388 233.08
544.53 132.497
521.873 46.714
489.302 -89.911
436.253 -155.582
376.355 -168.648
252.998 -132.087
234.051 -206.02
193.272 -215.264
-181.545 61.965
-198.545 100.265
-38.708 541.165
0.404 568.725
444.78 539.048
482.082 513.694
598.649 91.311
589.738 50.335
305.909 -200.762
220.017 -238.682
106.771 -201.884
-160.845 -7.639
-216.354 69.438
-214.258 195.695
-101.835 509.269
-37.054 579.873
77.414 604.42
391.918 586.247
480.141 551.088
536.595 454.044
621.11 158.512
622.303 64.705
551.995 -22.13
