178.833 241.027
229.552 245.239
248.882 198.147
210.649 166.135
167.768 192.243
133.497 227.546
202.944 284.511
279.229 235.386
255.379 149.799
167.302 145.901
100.854 128.59
78.547 202.065
55.521 248.585
95.577 286.79
163.263 328.405
203.549 364.132
249.763 337.703
308.441 285.875
354.363 258.052
343.408 206.843
314.315 136.096
302.825 85.624
250.064 80.678
173.273 87.246
124.282 81.438
70.366 84.373
28.258 210.886
44.552 304.004
158.33 381.363
250.74 388.834
356.71 305.942
392.619 221.387
348.006 98.05
280.609 34.786
151.466 47.211
102.376 -18.052
37.9 30.042
4.956 89.771
-33.538 138.19
-27.996 188.327
-41.418 240.412
-17.421 315.374
38.575 374.367
69.517 420.599
119.331 429.193
171.097 451.305
242.714 449.936
315.974 414.476
367.024 400.928
390.46 356.943
426.488 314.279
447.786 248.791
438.336 167.758
442.186 116.107
406.153 80.274
380.824 32.729
325.154 -9.905
250.69 -26.928
203.265 -44.799
155.486 -14.754
160.216 -80.407
32.078 -91.538
-21.894 -72.045
-48.454 -23.884
-51.051 81.218
-80.177 163.965
-128.066 286.847
-127.889 351.866
-83.759 387.826
16.213 421.943
84.286 470.512
182.486 542.368
240.463 567.462
290.601 532.602
351.855 450.072
419.327 401.766
516.266 331.741
558.552 286.635
541.636 228.576
483.44 145.854
460.183 64.841
421.84 -56.344
402.217 -97.073
345.574 -103.03
246.18 -76.647
224.689 -138.655
183.142 -142.883
-119.398 85.236
-133.804 124.434
1.773 483.654
35.001 508.957
405.592 483.093
440.172 459.674
532.887 104.786
522.542 64.325
287.529 -133.626
206.825 -169.361
105.2 -127.816
-99.721 30.516
-153.577 94.922
-143.255 204.135
-50.126 445.553
0.976 519.171
102.529 535.189
353.009 519.742
438.997 495.179
484.882 404.418
550.239 166.634
555.558 77.436
483.317 0.208
