164.08 263.299
230.166 277.975
265.135 214.492
221.356 164.342
156.797 192.289
96.4 248.029
192.477 328.806
308.35 266.026
284.576 141.103
155.291 123.262
42.303 103.934
42.742 207.703
3.443 288.643
40.664 342.758
141.358 368.653
206.308 427.208
267.944 405.254
332.717 325.467
404.99 284.29
402.2 220.65
354.194 131.633
342.744 52.792
278.905 33.062
177.338 59.109
85.587 48.332
1.374 38.537
-41.569 237.341
-24.907 353.091
145.899 452.647
265.3 471.435
409.94 348.684
469.113 239.778
406.738 68.269
324.596 -25.194
120.79 -18.548
39.482 -95.778
-42.268 -31.79
-87.546 51.434
-113.671 140.892
-133.033 201.592
-136.291 284.496
-102.189 382.354
-22.075 445.208
33.275 501.652
89.767 520.734
162.327 550.628
263.932 551.439
352.652 494.649
426.677 463.75
460.887 418.367
510.201 360.136
545.275 266.304
520.226 162.331
520.786 84.963
489.36 36.951
451.47 -30.884
369.894 -94.548
264.253 -100.451
180.947 -120.421
119.818 -112.295
155.878 -174.2
1.65 -193.379
-90.085 -153.445
-122.318 -99.5
-159.152 50.051
-166.189 138.287
-238.929 295.227
-238.958 392.455
-181.2 450.619
-48.659 504.792
35.434 550.797
155.281 653.064
245.714 680.991
315.045 642.623
403.819 537.261
476.664 476.24
605.452 396.866
657.204 316.464
647.522 245.321
576.116 131.485
552.803 40.58
517.941 -109.47
456.564 -179.903
395.173 -196.105
257.015 -167.59
247.677 -239.374
196.983 -259.002
-205.43 37.557
-234.408 73.778
-68.309 551.267
-28.379 584.576
446.242 571.442
489.37 545.917
632.659 95.606
628.571 50.844
321.702 -229.911
236.229 -284.462
102.612 -237.634
-177.296 -37.166
-243.537 36.61
-246.286 181.105
-134.031 518.238
-69.342 591.802
53.208 628.655
392.264 618.85
483.289 585.894
553.34 484.846
652.539 166.242
660.378 70.523
586.957 -32.247
