178.073 242.674
229.186 247.757
249.695 200.471
211.449 167.21
167.504 193.03
131.874 228.732
201.815 286.835
279.817 238.52
257.401 150.797
167.272 145.669
98.406 126.76
75.3 202.909
50.804 249.298
92.019 289.5
161.464 332.305
202.376 369.731
250.566 342.696
310.608 290.084
358.548 261.705
347.505 208.489
317.808 136.078
306.458 83.595
252.511 77.969
172.928 85.514
123.391 78.568
65.529 80.165
24.016 210.899
38.413 308.376
155.842 387.49
252.318 396.472
361.331 311.409
399.982 222.812
353.822 96.117
283.98 29.683
151.459 44.248
97.342 -26.056
29.458 23.836
-5.006 88.675
-42.534 138.231
-38.042 188.463
-51.392 243.6
-25.722 321.79
34.414 382.768
66.661 430.227
115.862 439.665
169.386 462.013
245.083 459.757
321.733 421.196
374.751 407.099
398.749 364.168
435.435 320.331
457.363 250.334
446.412 165.369
450.395 111.957
414.546 75.694
388.918 27.026
329.162 -17.625
251.288 -34.596
202.518 -52.87
153.748 -22.666
160.204 -89.697
29.741 -102.335
-29.818 -79.23
-57.875 -30.017
-60.035 79.224
-89.234 162.295
-139.451 289.039
-137.557 359.24
-92.366 396.894
11.815 431.295
80.464 479.733
180.177 553.86
245.015 578.568
296.249 543.455
358.861 457.364
426.586 408.66
525.372 338.815
569.682 286.234
553.119 227.483
492.389 142.587
469.112 60.837
431.03 -61.586
407.952 -105.948
350.503 -112.655
247.059 -85.098
225.796 -148.581
184.301 -153.296
-129.32 82.65
-143.56 121.909
-2.827 493.578
30.627 518.71
413.184 490.662
447.682 467.079
542.377 100.972
531.972 60.525
289.988 -143.805
208.293 -179.494
105.162 -138.589
-109.862 26.124
-163.457 92.481
-153.843 203.235
-56.574 455.893
-3.375 529.143
99.322 545.628
360.341 528.967
446.655 502.6
493.18 411.152
560.942 163.561
565.005 73.587
492.768 -4.549
