182.882 231.975
224.642 231.975
237.547 192.258
203.762 167.712
169.976 192.258
149.096 220.998
203.762 260.715
258.428 220.998
237.547 156.734
169.977 156.734
128.215 156.734
115.311 196.452
102.406 236.168
136.191 260.715
169.976 285.262
203.762 309.808
237.547 285.261
271.332 260.715
305.118 236.168
292.212 196.452
279.308 156.734
266.404 117.017
224.642 117.017
182.882 117.017
141.12 117.017
107.335 127.995
81.525 207.429
102.406 271.692
169.976 320.785
237.547 320.786
305.118 271.692
325.998 207.429
300.188 127.995
245.523 88.278
162.001 88.278
128.215 63.731
94.43 88.278
81.525 127.995
60.645 156.734
60.645 192.258
47.74 231.975
60.645 271.692
94.43 296.239
115.311 324.978
149.096 335.956
182.882 360.502
224.642 360.502
258.428 335.956
292.212 324.978
313.093 296.239
346.878 271.692
359.784 231.975
346.879 192.258
346.879 156.734
325.998 127.995
313.093 88.278
279.308 63.731
237.547 63.731
203.762 52.754
169.976 63.732
169.977 28.208
115.311 24.014
73.549 24.014
60.645 63.731
47.74 117.017
26.86 181.281
5.979 231.976
-6.925 271.692
26.86 296.239
73.549 324.978
128.216 364.696
169.976 400.219
203.762 424.766
237.547 400.219
279.308 364.696
333.974 324.978
380.664 296.239
414.45 271.692
401.544 231.976
380.664 181.281
359.784 117.017
346.879 63.731
333.974 24.014
292.212 24.014
237.547 28.208
224.642 -11.53
182.882 -11.53
5.979 117.017
-6.925 156.734
60.645 364.696
94.43 389.242
313.093 389.242
346.879 364.695
414.45 156.734
401.545 117.017
258.428 -0.532
203.762 -40.27
149.096 -0.532
26.86 88.278
-27.806 127.995
-6.925 192.258
39.764 335.956
60.645 400.219
128.215 400.219
279.308 400.219
346.878 400.219
367.759 335.956
414.45 192.258
435.33 127.995
380.664 88.278
