170.329 259.398
232.128 270.1
262.288 212.058
219.864 166.844
161.125 194.696
107.08 245.687
198.319 318.62
301.317 259.569
278.384 145.73
159.141 131.579
58.748 107.022
52.117 210.438
13.205 276.755
52.56 329.182
150.742 361.663
203.774 415.228
262.629 390.687
328.405 316.697
393.572 282.144
387.527 220.43
345.457 134.289
335.879 64.286
276.183 49.389
176.732 70.96
96.047 58.911
22.426 47.479
-23.845 226.748
-12.123 345.717
147.088 437.078
263.151 455.255
396.987 342.126
453.296 236.174
395.284 79.295
316.433 -8.273
131.841 -2.804
52.218 -78.878
-30.312 -16.814
-66.392 71.025
-101.141 140.095
-111.897 195.866
-118.246 277.176
-87.837 374.246
-6.264 436.995
46.007 492.216
97.729 507.712
166.751 534.077
263.41 533.279
350.943 474.207
418.791 450.183
449.229 406.877
494.503 351.776
526.634 262.869
502.357 160.067
505.51 91.243
472.584 47.748
440.091 -15.037
361.892 -75.741
257.506 -82.153
189.033 -105.81
132.152 -90.673
160.535 -154.059
9.708 -173.713
-80.151 -134.21
-114.004 -79.861
-122.044 60.416
-149.906 146.334
-218.911 301.952
-216.085 395.643
-160.839 449.446
-31.346 497.32
51.444 538.862
167.546 634.774
254.61 660.457
319.317 622.002
397.277 515.149
468.581 458.905
589.929 381.366
639.842 304.865
628.081 236.903
555.129 132.14
532.995 44.986
500.16 -96.515
443.544 -164.197
383.292 -178.646
254.601 -142.074
237.683 -217.839
196.478 -229.947
-189.987 54.42
-209.548 92.091
-48.94 546.329
-7.996 575.605
446.932 550.148
485.799 524.464
610.377 92.026
602.614 50.45
311.425 -211.244
225.307 -251.859
107.435 -215.575
-167.357 -17.679
-225.482 59.899
-225.929 191.711
-113.155 515.378
-47.174 586.163
70.334 614.486
394.029 598.283
482.931 562.678
543.233 464.479
632.651 160.528
634.892 65.933
564.74 -25.028
