176.644 245.685
229.703 251.911
252.0 203.851
213.01 168.365
166.744 194.284
128.412 231.185
200.987 292.616
282.48 243.334
261.569 150.9
166.443 144.499
93.841 123.593
70.345 204.424
43.201 251.779
85.347 294.833
159.399 338.823
201.319 379.054
252.006 351.943
314.353 296.287
365.018 267.733
354.17 211.733
323.404 136.58
312.001 80.09
257.302 73.109
172.873 83.349
121.039 74.56
57.364 73.866
16.248 211.736
28.506 315.242
152.958 397.245
254.103 408.641
367.634 319.067
411.283 225.601
363.471 92.546
290.263 22.743
150.97 38.455
87.683 -37.099
15.059 15.286
-20.26 87.9
-56.132 138.984
-53.429 189.326
-66.15 249.818
-38.871 332.241
27.87 395.269
62.724 444.628
111.599 455.207
168.107 477.935
248.391 475.564
329.767 431.392
386.182 416.008
411.121 374.278
448.85 327.947
472.241 253.267
458.601 162.807
462.634 106.206
427.509 69.154
401.713 18.535
336.228 -29.019
252.178 -45.4
200.419 -64.598
150.214 -35.016
159.696 -103.406
25.739 -118.216
-41.957 -90.045
-71.794 -39.6
-73.563 76.716
-102.325 159.729
-156.601 292.954
-152.773 369.918
-105.711 410.619
4.869 445.519
74.996 493.534
178.738 571.774
250.906 595.918
304.484 560.095
369.131 468.49
437.364 418.797
540.214 347.403
586.124 287.28
570.162 226.872
506.094 138.509
482.667 55.901
447.845 -66.661
414.238 -119.738
356.571 -127.764
247.974 -97.764
226.934 -163.517
185.512 -168.83
-143.745 78.213
-158.006 117.467
-10.166 508.139
23.945 533.235
424.159 502.189
458.721 478.286
556.857 96.539
546.398 56.098
292.94 -159.26
209.88 -194.679
105.149 -154.734
-124.196 18.478
-177.887 88.028
-169.621 201.806
-66.704 471.44
-10.26 544.0
94.861 561.565
371.072 543.149
457.834 513.942
505.812 421.097
576.896 160.057
579.446 69.121
507.843 -9.659
