180.942 236.68
229.044 236.962
243.621 191.3
204.642 163.539
166.696 190.78
137.636 226.024
205.825 275.579
273.307 225.002
245.686 146.053
164.746 148.602
116.718 143.255
100.329 201.186
85.807 242.811
118.971 268.916
170.936 302.687
205.744 328.985
240.565 305.389
288.363 266.407
323.623 241.559
311.761 201.09
290.129 144.292
277.409 102.974
234.8 101.852
176.176 104.104
131.597 103.162
96.111 112.437
63.192 212.378
84.407 278.632
170.273 340.809
239.39 341.1
323.703 278.427
345.52 213.2
312.641 114.194
257.252 72.533
153.909 71.788
118.514 42.876
80.748 68.803
61.029 110.966
29.534 148.029
35.925 194.494
25.061 237.75
37.637 280.194
73.117 313.759
99.613 354.119
142.377 363.429
182.909 386.453
227.328 386.653
270.027 362.512
315.339 349.805
337.324 313.459
371.83 280.986
385.733 238.754
376.337 189.643
378.421 143.912
350.286 111.65
330.029 68.936
294.414 42.561
245.196 35.839
203.138 20.281
162.072 40.849
163.779 -7.969
82.285 -19.766
39.748 -15.377
22.237 26.903
12.877 102.561
-10.553 176.898
-44.843 253.572
-55.049 296.186
-17.156 325.864
50.693 355.922
114.313 398.634
174.092 454.879
212.276 479.818
253.533 450.705
301.726 396.477
361.349 349.541
432.695 310.928
469.072 282.088
454.23 234.053
417.821 171.147
392.636 99.65
377.335 18.448
362.087 -22.061
313.062 -24.158
240.747 -9.207
222.736 -60.348
181.005 -61.969
-41.743 104.675
-56.203 143.853
36.032 407.823
69.272 433.113
345.868 426.424
380.129 402.503
460.244 138.705
448.511 98.624
273.74 -51.35
202.987 -89.877
122.684 -46.892
-18.3 60.408
-75.935 114.313
-59.095 202.423
-0.669 370.903
35.248 443.341
125.52 453.074
299.739 449.538
379.454 438.036
416.174 355.695
467.375 189.594
481.961 110.592
415.713 49.39
