159.677 262.298
229.89 279.045
267.586 215.062
222.3 162.313
155.276 190.088
92.823 243.677
190.145 332.786
310.997 268.429
287.89 136.965
153.889 118.148
38.701 99.115
36.573 202.329
-2.386 286.805
37.962 342.485
137.528 372.852
206.722 432.162
269.994 410.292
334.765 329.384
409.673 284.704
408.237 219.972
357.993 130.204
343.71 46.462
278.749 24.641
178.04 52.395
82.803 43.001
-2.198 31.43
-49.224 235.998
-30.672 355.143
145.576 458.85
266.467 477.799
415.635 350.869
475.448 241.118
410.45 61.292
327.021 -33.331
116.884 -25.188
33.914 -102.24
-47.872 -37.861
-94.558 48.209
-122.353 138.941
-142.808 203.07
-143.982 285.547
-108.512 383.043
-30.253 446.784
27.967 504.171
86.529 525.179
160.048 556.446
262.816 557.923
352.271 504.093
428.965 469.331
465.159 422.614
516.134 363.546
552.038 268.249
528.22 164.269
525.259 81.255
494.812 30.886
455.154 -38.202
373.122 -102.302
267.178 -109.796
177.212 -125.511
114.065 -120.486
151.087 -182.029
-3.909 -200.149
-96.589 -161.607
-127.984 -105.369
-169.439 47.24
-174.073 134.348
-246.698 292.582
-248.348 390.41
-189.16 449.403
-56.625 507.219
28.413 554.861
149.274 658.964
240.836 687.795
311.799 650.024
405.845 547.403
479.789 483.724
610.915 403.292
663.355 321.71
654.524 249.502
586.086 130.935
559.603 36.659
523.289 -116.062
461.257 -187.495
398.106 -203.579
256.113 -180.631
250.28 -247.722
190.848 -265.73
-213.19 32.33
-246.905 69.301
-76.849 552.495
-37.975 587.897
444.864 581.004
490.476 556.14
642.335 98.498
639.809 48.568
323.995 -237.647
232.986 -303.458
97.849 -244.338
-182.676 -43.202
-256.438 27.659
-254.339 177.941
-142.032 517.395
-79.592 593.172
45.4 633.53
389.844 626.655
482.17 596.863
557.231 493.443
659.878 169.532
675.284 71.613
593.853 -37.434
