167.055 262.674
231.054 275.633
264.001 213.739
220.716 165.465
158.33 193.354
99.97 248.937
195.042 325.307
306.074 263.747
282.185 143.139
156.733 126.687
47.029 105.797
47.157 210.113
7.643 286.816
44.292 340.139
145.215 365.786
205.901 423.043
266.286 400.465
331.211 322.136
400.988 283.541
397.023 220.773
350.941 132.639
340.705 57.378
278.507 39.414
177.132 64.032
88.637 52.903
8.162 42.568
-35.289 235.293
-20.18 351.204
146.514 447.346
264.653 465.809
405.355 346.427
463.46 238.539
402.736 72.93
322.105 -18.653
124.185 -12.865
43.987 -90.001
-37.733 -26.427
-79.671 57.455
-108.983 141.543
-125.26 200.204
-130.026 283.02
-96.95 380.974
-15.591 443.364
38.191 499.085
92.993 516.619
164.293 545.342
264.482 545.344
352.627 486.965
424.176 459.001
456.842 414.337
504.771 357.281
538.832 264.972
513.583 161.247
515.63 87.568
483.545 41.259
447.582 -25.064
366.883 -88.047
261.144 -92.947
183.939 -115.434
124.368 -104.698
158.334 -167.13
5.711 -187.057
-85.501 -146.694
-118.344 -93.489
-144.709 53.066
-160.002 141.736
-232.291 298.275
-231.324 394.436
-174.306 451.292
-42.033 502.845
41.741 547.27
160.327 647.361
249.573 674.48
317.311 635.764
401.722 529.004
473.934 469.979
600.191 391.392
651.239 312.19
640.879 242.237
568.177 131.881
545.937 42.551
511.94 -104.744
451.958 -174.355
390.986 -190.082
256.279 -156.955
243.4 -231.837
198.834 -249.282
-199.068 42.977
-224.237 80.265
-61.079 550.092
-20.262 581.941
447.073 563.678
488.425 537.924
624.485 94.043
618.783 50.925
317.975 -223.429
232.711 -269.888
105.49 -230.552
-173.063 -31.023
-236.335 44.865
-239.128 185.18
-126.792 518.345
-60.827 590.756
59.993 624.292
393.683 611.791
483.787 577.244
549.902 477.479
645.629 164.028
650.682 68.657
579.38 -29.209
