179.851 238.5
232.017 239.846
248.215 192.028
207.996 162.44
166.757 190.609
134.605 226.802
207.475 283.526
281.049 227.691
251.633 143.555
164.372 144.694
107.82 133.218
89.167 201.149
70.014 248.341
104.043 279.152
170.119 316.829
207.879 347.73
246.302 324.688
301.529 273.299
340.899 247.94
330.35 203.594
302.5 137.521
290.302 91.668
244.119 88.443
173.909 94.089
126.564 90.92
84.726 96.991
41.658 212.467
64.448 289.152
167.484 362.197
244.127 364.191
341.171 288.485
368.949 217.714
330.308 103.565
270.561 53.977
151.244 57.806
111.631 12.998
60.854 47.607
33.014 97.444
-3.561 140.392
6.384 191.79
-6.075 236.781
9.039 295.192
53.971 345.939
82.161 389.081
133.219 395.828
179.82 417.604
234.208 419.014
295.668 390.815
342.854 378.054
365.261 333.554
399.916 294.028
417.66 244.452
410.709 177.188
413.759 129.86
378.133 94.996
354.271 50.428
312.212 16.696
249.02 1.702
203.976 -15.539
158.845 12.345
160.573 -47.848
46.117 -56.568
4.024 -46.564
-17.593 -1.255
-21.392 90.2
-48.733 170.688
-89.741 281.989
-96.063 326.376
-54.279 359.316
32.051 391.257
98.823 439.306
188.992 505.782
226.896 528.448
273.641 495.921
329.127 425.238
394.684 377.691
484.235 314.463
518.5 285.332
502.621 231.525
453.476 157.586
430.053 79.648
399.63 -26.217
382.399 -65.596
329.479 -69.249
243.488 -46.67
222.2 -104.302
180.546 -107.303
-85.124 94.408
-100.203 133.353
17.906 450.503
50.775 476.267
380.071 457.261
414.71 433.933
500.588 119.342
489.935 78.962
280.627 -98.015
203.438 -134.468
109.844 -91.488
-63.747 43.709
-119.464 103.503
-106.61 206.413
-28.333 411.912
16.611 486.004
114.119 499.766
329.174 488.693
413.444 469.435
455.55 381.976
513.777 177.644
523.051 91.821
453.599 22.149
