182.008 233.571
225.895 233.638
239.401 191.788
203.883 166.188
168.59 191.877
145.052 222.593
204.028 265.734
263.386 222.524
240.24 153.088
167.716 153.647
124.254 152.199
109.644 198.086
96.602 238.188
130.681 263.193
169.897 291.308
203.972 316.171
238.093 291.697
277.17 262.831
311.138 238.166
298.34 198.124
283.024 152.248
270.001 112.149
227.911 111.948
180.016 112.296
137.599 112.216
103.217 122.795
75.254 209.236
96.208 274.275
169.814 327.438
237.882 327.496
311.215 273.898
332.361 209.376
304.22 123.099
249.206 82.923
158.673 82.849
124.101 57.157
89.747 82.021
75.082 122.158
50.307 153.476
52.192 193.052
40.221 234.163
53.236 274.577
87.24 301.117
109.545 333.826
146.796 344.515
182.646 368.68
225.084 368.671
260.952 344.394
298.876 333.234
320.471 301.548
354.629 274.684
367.758 234.242
355.792 192.494
356.926 152.988
333.55 122.746
318.327 81.942
283.891 56.965
240.487 55.263
203.41 42.032
166.881 55.763
167.932 16.116
105.667 8.582
63.056 9.576
48.258 50.663
36.042 111.615
14.338 179.483
-11.571 236.454
-24.452 278.923
11.245 305.375
65.31 334.178
123.039 375.459
168.503 418.238
205.207 444.238
241.674 417.973
285.444 375.403
342.403 333.243
397.078 303.501
433.338 276.643
419.543 233.696
392.875 178.804
370.386 111.668
358.863 50.092
344.672 8.058
299.724 7.656
238.921 15.736
224.318 -28.204
182.557 -28.438
-10.32 112.274
-23.42 151.929
51.369 378.557
85.128 403.156
323.265 402.425
357.102 377.894
430.201 151.393
417.48 111.573
264.989 -17.499
203.601 -57.062
140.715 -16.886
12.325 77.038
-44.159 123.085
-25.002 195.107
24.188 345.839
51.317 414.108
126.036 418.281
283.755 418.205
357.094 413.461
384.246 343.546
432.659 193.46
451.309 122.667
393.175 74.887
