173.032 254.875
231.849 263.898
259.236 210.086
217.837 168.433
163.851 195.609
115.508 240.406
199.821 309.876
294.722 254.706
273.17 147.958
162.608 137.683
74.126 113.314
57.196 209.518
22.216 264.991
64.24 314.816
154.529 355.266
201.293 403.847
257.923 377.672
323.985 310.458
383.893 278.975
375.844 218.745
338.405 135.73
328.7 71.05
271.234 59.392
175.964 77.618
106.606 65.676
34.692 57.638
-8.727 218.975
1.076 335.382
148.023 423.36
259.964 440.579
386.709 335.788
439.779 233.212
385.386 85.151
308.33 3.025
141.629 11.947
64.143 -65.26
-17.683 -4.896
-52.706 81.885
-87.805 139.697
-92.649 193.015
-101.58 268.839
-72.52 361.726
7.596 424.814
52.493 478.472
102.259 492.273
167.566 516.731
258.737 515.781
345.731 459.291
410.051 438.702
438.271 396.885
480.397 344.438
509.716 260.404
488.155 159.87
491.764 95.288
458.275 54.704
428.983 -3.329
354.935 -59.87
255.275 -70.657
194.601 -92.735
140.559 -70.3
160.495 -137.286
13.463 -155.562
-71.14 -118.421
-104.031 -64.615
-103.644 67.92
-135.211 151.959
-199.176 301.784
-194.539 391.183
-142.094 440.6
-16.951 480.718
60.256 525.524
173.496 615.471
257.035 639.857
317.853 602.203
389.974 498.853
460.106 445.178
575.123 369.227
623.718 296.905
610.248 231.426
539.175 132.823
516.256 47.604
483.685 -86.565
432.676 -151.033
373.013 -163.36
252.131 -127.457
232.626 -200.026
191.682 -208.275
-176.732 64.913
-192.981 103.53
-33.898 537.722
4.281 564.627
443.089 533.536
479.74 508.387
592.736 91.266
583.392 50.471
303.403 -195.31
217.828 -232.321
106.326 -195.054
-156.54 -3.302
-211.386 73.06
-208.162 197.129
-96.293 505.139
-32.439 575.886
80.546 598.916
390.19 580.084
478.14 545.418
532.92 448.946
615.122 157.848
616.078 64.448
545.58 -20.682
