169.856 259.951
232.065 270.931
262.621 212.318
220.043 166.62
160.69 194.526
105.926 246.299
197.973 319.754
302.119 260.209
279.013 145.365
158.677 130.785
56.651 106.575
51.429 210.433
12.2 278.479
51.139 331.181
150.061 362.372
204.197 416.586
263.285 392.35
328.914 317.526
394.797 282.441
389.052 220.549
346.336 134.054
336.697 63.255
276.656 47.885
176.776 69.955
94.691 58.013
20.44 46.472
-25.796 228.055
-13.657 347.006
147.037 438.837
263.492 457.04
398.331 342.865
454.978 236.548
396.508 78.364
317.405 -9.839
130.504 -4.49
50.797 -80.67
-31.598 -18.404
-68.316 68.955
-102.628 140.268
-114.189 196.434
-120.271 278.142
-89.625 375.535
-8.298 438.347
44.999 493.705
97.116 509.448
166.54 536.133
263.84 535.361
351.428 476.18
419.78 451.632
450.54 408.114
496.237 352.682
528.692 263.178
504.162 160.18
507.214 90.709
474.375 46.785
441.396 -16.611
362.7 -77.745
257.971 -83.733
188.215 -107.404
130.893 -93.099
160.335 -156.211
9.244 -176.001
-80.997 -136.267
-114.804 -82.064
-125.157 59.263
-151.61 145.585
-221.253 301.618
-218.738 395.777
-163.143 450.126
-33.398 499.256
50.157 540.446
166.603 637.058
254.021 662.979
319.24 624.395
398.093 517.306
469.542 460.68
591.697 382.966
641.787 305.995
630.251 237.714
557.188 132.101
535.13 44.638
502.186 -97.797
444.955 -165.817
384.637 -180.509
254.937 -144.206
238.551 -220.116
197.078 -232.968
-191.492 52.728
-211.736 90.297
-50.976 547.098
-9.737 576.774
447.168 552.307
486.379 526.58
612.645 92.261
605.156 50.516
312.558 -213.234
226.509 -254.537
107.372 -218.151
-168.36 -19.788
-227.191 57.723
-228.117 190.782
-115.418 516.266
-49.268 587.131
68.859 616.299
394.23 600.557
483.287 564.962
544.417 466.53
634.817 161.017
637.374 66.279
567.178 -25.622
