168.406 261.576
231.632 273.526
263.423 213.103
220.432 166.005
159.379 193.951
102.56 248.038
196.583 322.942
304.377 262.131
280.756 144.217
157.53 128.577
51.014 105.998
49.395 210.421
9.828 283.582
47.166 336.62
147.622 364.19
205.406 420.222
265.091 397.019
330.243 319.998
398.257 283.104
393.468 220.755
348.854 133.308
338.983 60.139
277.822 43.361
176.956 66.897
91.111 55.41
13.957 44.213
-31.124 232.298
-17.33 349.484
146.902 443.701
264.201 461.944
402.217 344.872
459.694 237.663
399.962 75.533
320.087 -14.559
126.824 -9.12
46.96 -85.865
-35.029 -22.892
-74.316 62.659
-106.374 141.139
-120.429 198.613
-125.772 281.121
-93.761 379.022
-12.033 441.442
41.372 496.924
95.032 513.567
165.429 541.447
264.438 541.005
352.29 482.039
422.319 455.736
454.081 411.583
501.019 355.262
534.385 264.15
509.327 160.691
511.946 89.07
479.464 43.859
444.904 -21.224
364.986 -83.474
259.54 -88.577
185.874 -111.874
127.292 -99.595
159.432 -162.272
7.554 -182.302
-83.397 -142.077
-116.797 -88.448
-135.294 55.884
-156.231 143.604
-227.572 300.083
-225.946 395.41
-169.474 451.213
-37.982 501.443
45.711 544.504
163.375 643.036
251.8 669.607
318.425 630.839
400.184 523.679
472.044 465.803
596.5 387.623
647.111 309.365
636.23 240.164
563.169 132.003
541.153 43.568
507.701 -101.595
448.859 -170.532
388.208 -185.84
255.744 -150.858
241.086 -226.641
198.446 -241.928
-195.629 47.505
-218.299 84.954
-56.415 549.03
-15.296 579.902
447.317 558.562
487.644 532.772
619.151 93.14
612.568 50.754
315.594 -218.926
229.949 -262.493
106.622 -225.19
-170.997 -25.971
-232.128 50.961
-234.269 187.866
-121.777 517.854
-55.45 589.502
64.205 620.992
394.19 606.862
483.778 571.665
547.533 472.542
640.861 162.6
644.609 67.485
574.01 -27.489
