171.059 258.473
232.167 268.764
261.704 211.645
219.526 167.225
161.822 194.951
108.97 244.635
198.786 316.731
299.965 258.535
277.326 146.291
159.958 132.93
62.259 108.065
53.158 210.427
14.922 273.937
54.989 325.883
151.741 360.44
203.093 412.919
261.546 387.91
327.526 315.357
391.535 281.594
385.021 220.181
344.002 134.65
334.496 65.921
275.33 51.78
176.668 72.576
98.356 60.434
25.408 49.418
-20.579 224.723
-9.484 343.55
147.189 434.146
262.541 452.244
394.78 340.869
450.485 235.557
393.246 80.76
314.795 -5.758
134.058 0.111
54.699 -75.983
-28.017 -14.218
-63.375 74.171
-98.559 139.892
-107.989 195.061
-114.815 275.552
-84.766 371.959
-2.97 434.64
47.555 489.575
98.702 504.69
167.022 530.566
262.579 529.742
350.029 470.98
417.087 447.764
447.014 404.809
491.591 350.261
523.167 262.366
499.365 159.93
502.653 92.104
469.607 49.296
437.867 -12.469
360.539 -72.407
256.857 -79.638
190.417 -103.124
134.228 -86.441
160.76 -150.492
10.389 -169.873
-78.675 -130.798
-112.5 -76.312
-117.336 62.27
-147.004 147.589
-214.916 302.344
-211.62 395.221
-156.943 448.114
-28.016 493.91
53.464 536.161
169.025 630.883
255.441 656.213
319.307 617.938
395.87 511.62
466.925 455.97
586.933 378.734
636.558 303.044
624.425 235.61
551.738 132.221
529.451 45.544
496.744 -94.412
441.198 -161.503
381.043 -175.528
254.063 -138.717
236.355 -214.077
195.45 -225.099
-187.433 57.077
-206.001 94.932
-45.599 544.932
-5.226 573.582
446.413 546.587
484.741 520.992
606.63 91.707
598.453 50.366
309.575 -207.939
223.435 -247.538
107.351 -211.231
-165.556 -14.282
-222.642 63.287
-222.273 193.146
-109.502 513.75
-43.812 584.394
72.725 611.384
393.545 594.48
482.209 558.934
541.204 461.108
629.022 159.788
630.829 65.438
560.678 -24.085
