166.576 262.916
230.864 276.201
264.182 213.912
220.815 165.28
158.021 193.161
99.233 249.016
194.539 325.991
306.546 264.217
282.625 142.788
156.479 126.076
45.973 105.635
46.386 209.864
6.912 287.504
43.504 340.936
144.455 366.3
205.992 423.867
266.612 401.438
331.497 322.786
401.784 283.677
398.059 220.762
351.57 132.439
341.167 56.514
278.645 38.199
177.173 63.109
87.979 52.053
6.528 41.976
-36.516 235.979
-21.053 351.642
146.376 448.396
264.777 466.936
406.27 346.881
464.574 238.788
403.548 72.084
322.651 -19.907
123.478 -13.987
43.113 -91.187
-38.564 -27.471
-81.294 56.021
-109.758 141.55
-126.713 200.579
-131.265 283.445
-97.923 381.383
-16.762 443.821
37.225 499.652
92.354 517.476
163.923 546.432
264.425 546.587
352.671 488.456
424.695 459.954
457.647 415.144
505.86 357.863
540.122 265.225
514.87 161.438
516.694 87.094
484.733 40.454
448.369 -26.204
367.466 -89.36
261.707 -94.342
183.363 -116.47
123.495 -106.217
157.944 -168.56
5.051 -188.387
-86.229 -148.039
-118.915 -94.863
-147.674 52.309
-161.164 141.115
-233.63 297.681
-232.855 394.071
-175.688 451.214
-43.29 503.231
40.519 548.015
159.366 648.557
248.853 675.838
316.915 637.166
402.154 530.608
474.478 471.216
601.253 392.495
652.434 313.034
642.22 242.854
569.703 131.831
547.334 42.216
513.175 -105.664
452.882 -175.452
391.836 -191.294
256.45 -158.918
244.206 -233.345
198.747 -251.395
-200.182 41.707
-226.139 78.882
-62.487 550.351
-21.806 582.487
446.948 565.201
488.626 539.474
626.082 94.339
620.669 50.961
318.721 -224.725
233.554 -272.407
105.058 -232.066
-173.755 -32.424
-237.657 43.07
-240.552 184.357
-128.252 518.392
-62.469 591.027
58.687 625.199
393.461 613.216
483.733 578.922
550.586 478.941
647.019 164.465
652.527 69.031
580.941 -29.749
