175.375 248.703
230.521 255.861
254.462 206.446
214.479 168.897
165.883 195.153
124.56 233.939
200.631 298.523
286.093 247.478
265.56 150.033
165.374 142.964
88.638 120.731
65.853 206.104
36.193 255.211
78.654 300.634
157.84 344.715
200.779 387.559
253.53 360.675
317.631 301.456
371.135 272.367
360.986 214.595
328.423 136.679
317.355 77.149
262.098 68.767
173.587 81.946
117.457 71.718
49.718 68.923
8.515 213.409
19.404 321.703
150.925 405.933
255.699 419.633
373.661 325.351
421.037 228.409
371.281 89.87
296.415 16.593
149.5 31.15
78.985 -46.343
2.824 9.138
-32.467 87.403
-67.522 139.976
-66.783 190.617
-78.492 256.203
-50.457 342.053
21.677 405.76
59.425 456.744
108.287 468.374
167.732 491.505
251.531 489.7
335.894 440.548
395.294 423.622
421.191 382.419
460.078 333.871
485.293 256.007
468.807 161.207
472.758 101.786
438.246 63.829
411.849 11.142
342.878 -39.149
253.056 -54.327
198.376 -74.401
146.994 -46.321
159.461 -115.006
21.733 -131.349
-52.316 -99.448
-83.347 -47.986
-84.634 74.664
-113.292 157.559
-171.25 296.442
-166.478 378.315
-117.658 421.907
-1.766 457.733
70.223 505.012
177.661 587.128
254.569 611.044
310.501 574.547
377.205 478.466
445.977 427.588
552.832 354.474
599.74 289.392
584.427 227.262
517.575 135.711
494.112 52.27
460.722 -73.127
419.789 -131.227
361.453 -140.627
248.911 -108.391
228.15 -176.171
186.804 -182.058
-155.627 74.142
-170.179 113.289
-17.314 519.648
17.798 545.008
432.275 512.492
467.203 488.211
569.173 93.565
558.856 53.08
295.562 -172.208
211.527 -207.567
105.35 -168.506
-135.909 11.427
-189.84 83.704
-183.032 200.463
-76.065 484.161
-16.908 556.053
90.68 574.944
379.169 555.615
466.289 524.162
516.022 430.037
590.35 158.018
591.854 66.224
520.565 -14.023
