167.811 262.133
231.379 274.535
263.693 213.408
220.561 165.764
158.886 193.683
101.327 248.556
195.898 324.068
305.191 262.889
281.419 143.729
157.159 127.718
49.069 105.935
48.415 210.352
8.851 285.249
45.779 338.41
146.531 364.916
205.684 421.555
265.675 398.67
330.701 320.988
399.547 283.309
395.144 220.777
349.826 132.997
339.818 58.874
278.183 41.543
177.044 65.605
89.901 54.305
11.24 43.478
-33.087 233.805
-18.659 350.333
146.743 445.434
264.422 463.768
403.695 345.607
461.463 238.08
401.267 74.358
321.061 -16.451
125.537 -10.867
45.557 -87.825
-36.289 -24.556
-76.785 60.186
-107.623 141.386
-122.696 199.408
-127.785 282.09
-95.249 380.045
-13.631 442.413
39.899 497.984
94.106 515.026
164.919 543.316
264.505 543.067
352.485 484.329
423.211 457.276
455.386 412.88
502.793 356.218
536.489 264.531
511.308 160.934
513.69 88.384
481.388 42.663
446.167 -23.021
365.863 -85.641
260.239 -90.566
184.968 -113.551
125.922 -101.985
158.956 -164.552
6.753 -184.578
-84.338 -144.256
-117.486 -90.862
-139.569 54.541
-157.978 142.767
-229.827 299.282
-228.514 395.012
-171.775 451.323
-39.845 502.125
43.883 545.852
161.985 645.12
250.797 671.947
317.947 633.185
400.921 526.158
472.942 467.76
598.253 389.396
649.067 310.682
638.433 241.13
565.493 131.952
543.408 43.11
509.703 -103.079
450.309 -172.343
389.498 -187.854
255.991 -153.623
242.102 -229.098
198.737 -245.398
-197.203 45.375
-220.994 82.774
-58.582 549.57
-17.577 580.902
447.238 560.957
488.032 535.173
621.643 93.543
615.455 50.84
316.69 -221.061
231.224 -265.782
106.144 -227.744
-171.94 -28.37
-234.06 48.135
-236.558 186.632
-124.144 518.155
-57.938 590.158
62.271 622.588
394.0 609.195
483.821 574.265
548.658 474.854
643.111 163.256
647.429 68.013
576.545 -28.278
