175.044 249.59
230.745 257.005
255.165 207.079
214.925 168.955
165.628 195.33
123.365 234.807
200.541 300.179
287.254 248.595
266.674 149.739
165.04 142.413
86.927 119.844
64.575 206.628
34.193 256.361
76.668 302.43
157.407 346.33
200.7 389.937
254.031 363.123
318.543 302.836
372.919 273.501
363.034 215.326
329.846 136.624
318.961 76.358
263.477 67.553
173.902 81.545
116.192 70.966
47.567 67.51
6.234 214.032
16.801 323.569
150.418 408.378
256.221 422.704
375.455 327.005
423.75 229.188
373.358 89.238
298.17 14.778
148.82 28.722
76.669 -48.944
-0.409 7.401
-35.591 87.03
-70.505 139.918
-70.411 190.936
-81.86 257.975
-53.692 344.836
19.835 408.596
58.496 460.023
107.398 471.961
167.697 495.227
252.497 493.599
337.47 443.162
397.651 425.755
423.843 384.596
463.112 335.455
488.901 256.745
471.612 160.89
475.524 100.698
441.171 62.44
414.482 9.09
344.738 -42.045
253.336 -56.758
197.839 -77.086
146.124 -49.595
159.498 -118.21
20.518 -134.896
-55.209 -102.069
-86.527 -50.29
-87.19 73.869
-116.524 156.863
-175.301 297.386
-170.38 380.47
-121.058 424.882
-3.746 461.094
68.864 508.104
177.266 591.325
255.305 615.232
311.92 578.556
379.274 481.308
448.216 430.063
556.219 356.487
603.379 290.206
588.283 227.588
520.723 135.101
497.28 51.422
464.106 -75.063
421.471 -134.281
362.91 -144.084
249.261 -111.258
228.617 -179.639
187.302 -185.738
-158.812 73.009
-173.554 112.085
-19.467 522.608
16.001 548.101
434.234 515.426
469.326 491.026
572.574 92.957
562.335 52.45
296.435 -175.692
212.156 -211.119
105.441 -172.312
-139.076 9.428
-193.071 82.405
-186.723 200.141
-78.792 487.507
-18.908 559.213
89.408 578.557
381.147 559.109
468.37 527.093
518.685 432.618
594.011 157.687
595.306 65.659
524.108 -15.13
