181.043 236.463
228.751 236.708
243.232 191.308
204.552 163.741
166.825 190.877
138.164 225.799
205.636 274.749
272.518 224.817
245.203 146.647
164.937 148.989
117.361 144.019
101.081 201.025
86.794 242.369
120.085 268.347
170.839 301.707
205.551 327.817
240.29 304.128
287.428 266.079
322.482 241.269
310.498 200.851
289.48 144.953
276.708 103.784
234.155 102.775
176.45 104.803
132.062 103.963
96.745 113.382
64.459 212.226
85.504 278.235
170.267 339.554
239.216 339.829
322.547 277.932
344.289 212.858
311.823 114.966
256.468 73.49
154.245 72.745
118.977 44.438
81.764 70.097
62.599 111.931
31.551 148.612
37.497 194.452
26.645 237.622
39.262 279.573
74.439 312.098
100.719 352.09
142.836 361.559
182.937 384.687
227.047 384.814
268.768 360.704
313.742 348.085
335.675 312.286
370.16 280.301
383.907 238.348
374.223 190.255
376.265 144.72
348.735 112.71
328.881 70.133
293.348 43.945
244.862 37.813
203.127 22.41
162.361 42.447
164.072 -5.647
84.576 -17.285
42.03 -13.261
24.751 28.835
15.009 103.365
-8.079 177.214
-41.908 251.947
-52.356 294.394
-14.648 323.859
51.971 353.808
115.281 396.208
173.25 451.453
211.531 476.653
252.393 447.774
300.109 394.578
359.419 347.832
429.307 310.48
465.862 281.689
451.109 234.09
415.573 171.933
390.358 100.871
375.887 21.615
360.614 -19.355
311.869 -21.274
240.599 -6.872
222.862 -57.464
181.127 -58.952
-38.912 105.324
-53.261 144.543
37.307 405.122
70.586 430.357
343.744 424.334
377.972 400.356
457.593 139.934
445.765 99.88
273.16 -48.294
203.02 -86.929
124.11 -44.21
-15.443 61.713
-73.075 115.058
-56.062 202.196
1.331 368.426
36.58 440.64
126.085 450.156
298.052 446.875
377.353 435.893
413.615 354.249
464.303 190.159
479.245 111.769
413.466 51.324
