169.178 260.74
231.905 272.142
263.024 212.682
220.245 166.323
160.064 194.276
104.309 247.167
197.389 321.312
303.214 261.104
279.847 144.841
158.087 129.728
53.888 106.177
50.553 210.43
11.088 280.988
49.193 333.86
148.983 363.229
204.86 418.343
264.196 394.627
329.578 318.677
396.457 282.786
391.151 220.675
347.528 133.715
337.79 61.806
277.243 45.775
176.845 68.548
92.921 56.797
17.507 45.292
-28.365 230.077
-15.456 348.223
147.025 441.213
263.86 459.392
400.177 343.834
457.236 237.079
398.155 77.051
318.696 -12.036
128.715 -6.713
48.938 -83.136
-33.267 -20.56
-71.078 66.027
-104.503 140.703
-117.227 197.462
-122.929 279.621
-91.655 377.331
-10.0 439.917
43.328 495.325
96.196 511.47
166.059 538.739
264.205 538.084
351.906 478.936
421.027 453.592
452.249 409.773
498.535 353.918
531.431 263.635
506.616 160.4
509.492 89.959
476.797 45.432
443.107 -18.78
363.789 -80.465
258.678 -85.973
187.11 -109.544
129.18 -96.253
159.971 -159.113
8.51 -179.048
-82.14 -139.044
-115.809 -85.087
-129.796 57.697
-153.835 144.676
-224.329 301.011
-222.259 395.745
-166.196 450.807
-35.517 500.39
48.117 542.482
165.157 639.997
253.048 666.226
318.943 627.504
399.12 520.308
470.763 463.11
594.02 385.175
644.355 307.577
633.129 238.859
560.015 132.059
538.011 44.151
504.864 -99.572
446.84 -168.037
386.392 -183.037
255.362 -147.261
239.759 -223.219
197.815 -237.179
-193.478 50.329
-214.787 87.835
-53.503 548.13
-12.295 578.369
447.314 555.273
487.034 529.502
615.734 92.647
608.653 50.628
314.053 -215.942
228.169 -258.251
107.12 -221.563
-169.662 -22.691
-229.528 54.636
-231.075 189.463
-118.473 517.195
-52.131 588.386
66.732 618.634
394.304 603.588
483.598 568.124
545.935 469.37
637.717 161.741
640.786 66.819
570.46 -26.469
