179.676 238.66
231.777 240.513
248.47 192.917
208.649 162.966
167.075 190.774
134.695 226.54
206.835 283.689
280.788 228.793
252.378 144.653
165.072 144.804
106.394 132.056
86.935 200.896
66.894 248.669
102.07 281.019
168.881 319.373
207.37 351.303
247.289 327.768
303.319 275.627
343.92 249.874
333.367 204.086
305.154 136.968
293.105 90.211
245.479 86.576
173.877 92.41
126.117 88.725
81.825 94.1
37.884 212.038
60.066 292.211
165.821 366.501
245.427 369.445
344.489 291.789
374.12 218.492
334.071 102.244
272.987 49.745
151.316 55.334
110.165 5.9
55.971 43.739
27.061 95.345
-10.265 139.422
-1.12 190.53
-14.017 236.455
3.151 299.452
50.49 352.393
79.126 395.99
130.471 402.737
178.072 424.483
235.933 425.742
300.411 396.091
348.231 383.195
370.709 338.29
405.504 297.904
424.237 245.419
417.068 174.961
420.281 126.935
384.227 91.89
359.9 46.784
315.411 10.987
249.531 -4.902
203.952 -22.339
158.33 6.168
160.386 -55.303
41.373 -64.001
-1.977 -52.445
-24.539 -6.639
-28.014 87.928
-55.872 169.017
-98.169 284.74
-103.604 332.105
-61.071 365.603
28.567 398.099
95.77 446.506
190.23 514.651
229.557 537.641
277.39 504.279
334.332 430.694
400.49 382.898
492.787 316.248
527.708 286.092
511.486 231.028
460.249 154.957
436.863 76.234
403.964 -34.03
386.551 -73.155
332.811 -77.215
244.049 -53.676
222.521 -112.236
180.883 -115.447
-92.945 92.229
-107.928 131.212
14.449 458.217
47.316 483.981
386.162 462.981
420.843 439.715
507.965 115.952
497.449 75.536
281.903 -106.313
203.912 -142.496
108.012 -99.708
-72.004 40.752
-127.263 101.41
-115.131 206.658
-33.224 419.574
13.152 493.717
112.431 508.384
334.715 495.683
419.513 475.214
462.962 386.427
522.072 175.17
530.521 88.508
460.254 16.809
