180.528 237.851
230.824 238.323
245.919 191.213
205.829 162.652
166.379 190.644
135.578 227.083
207.139 280.074
277.838 225.919
248.373 143.788
163.902 146.458
113.126 138.931
96.221 201.884
80.152 245.459
112.863 272.654
171.622 308.286
207.028 335.84
242.538 312.799
293.83 268.258
330.191 243.421
319.015 202.295
294.392 141.207
281.758 98.157
238.676 96.343
174.855 100.163
129.144 98.541
92.431 106.846
55.598 213.094
77.783 281.666
170.405 348.129
240.74 348.818
330.177 281.086
353.22 215.099
318.966 109.594
262.085 66.55
152.265 66.327
115.864 32.959
74.234 61.038
51.2 105.646
17.455 144.796
26.206 194.376
15.114 238.242
27.682 284.734
65.792 325.307
92.631 366.703
139.676 374.904
182.902 397.286
229.448 398.052
279.135 373.24
324.995 360.592
347.332 320.307
381.923 284.846
396.883 241.084
389.039 185.259
391.491 139.096
359.829 105.456
338.18 62.203
300.929 33.716
246.642 23.435
203.522 7.176
160.576 30.957
162.21 -22.625
68.485 -33.669
26.166 -27.06
7.276 16.284
0.281 97.979
-25.181 174.943
-61.66 263.784
-70.394 307.124
-31.294 337.956
43.555 368.646
108.229 414.093
180.13 474.374
217.406 497.735
260.493 467.697
311.439 407.315
373.642 360.328
452.564 312.184
487.418 283.571
472.343 233.572
430.93 166.403
406.594 92.228
385.965 1.657
369.786 -38.421
319.417 -41.167
241.662 -22.939
222.135 -76.926
180.433 -79.174
-58.077 101.008
-72.976 140.022
29.032 423.649
62.087 449.171
358.382 438.204
392.797 414.544
475.437 131.544
464.183 91.327
276.623 -69.027
202.831 -106.748
117.031 -63.29
-35.151 53.619
-92.375 110.262
-76.901 203.01
-11.548 385.777
27.996 459.157
119.931 469.892
310.062 464.638
391.871 450.058
430.071 366.134
485.011 185.815
497.487 103.691
429.855 39.516
