179.43 239.547
230.71 242.625
248.678 195.477
209.868 164.599
167.719 191.421
134.579 226.663
204.889 283.634
279.739 231.928
253.844 147.62
166.634 145.492
103.486 130.212
82.42 201.214
60.786 248.596
98.787 284.24
165.942 324.266
205.439 358.141
248.866 333.026
306.285 280.936
349.602 254.184
338.84 205.364
310.292 136.39
298.535 87.704
247.918 83.359
173.732 89.426
125.196 84.684
75.676 88.795
32.344 211.268
51.538 298.746
161.936 374.453
248.413 380.029
351.001 299.179
384.275 219.991
341.689 99.963
277.266 41.38
151.474 50.665
106.608 -7.808
46.326 36.485
15.338 91.863
-23.202 138.42
-16.206 188.738
-29.53 237.702
-8.121 308.197
43.815 364.662
73.506 409.484
124.423 416.954
174.297 438.77
239.693 438.938
309.181 406.296
358.456 393.135
381.327 348.22
416.652 306.486
437.054 247.237
428.961 170.957
432.544 121.119
396.346 85.689
371.424 39.338
320.967 -0.504
250.215 -17.333
203.701 -35.01
156.998 -5.571
160.209 -69.355
35.091 -78.967
-12.945 -63.515
-37.605 -16.587
-40.741 83.94
-69.438 165.964
-114.78 285.193
-116.988 343.315
-73.706 377.811
21.716 411.234
89.432 459.971
187.904 530.17
235.033 554.766
284.492 520.037
343.992 441.345
411.082 393.275
506.852 322.751
545.095 287.208
528.195 229.984
473.135 149.983
449.829 69.946
413.117 -47.539
395.07 -86.726
339.696 -91.782
245.175 -66.627
223.519 -127.026
181.922 -130.738
-107.65 88.146
-122.335 127.241
7.506 472.435
40.521 498.008
397.095 474.078
431.776 450.815
521.869 109.773
511.528 69.31
284.78 -121.662
205.275 -157.507
105.756 -115.29
-87.455 35.079
-141.897 97.588
-130.836 205.244
-42.583 433.987
6.414 507.942
107.46 523.658
344.856 509.037
430.445 486.314
475.752 395.926
537.703 170.547
544.543 82.425
472.918 7.165
