168.503 261.476
231.671 273.355
263.376 213.051
220.41 166.044
159.462 193.994
102.773 247.939
196.691 322.747
304.236 262.004
280.644 144.297
157.594 128.72
51.356 106.01
49.549 210.425
9.988 283.278
47.408 336.296
147.798 364.07
205.349 419.994
264.987 396.733
330.163 319.833
398.037 283.067
393.183 220.748
348.69 133.36
338.838 60.349
277.755 43.663
176.941 67.107
91.324 55.587
14.408 44.338
-30.788 232.031
-17.104 349.334
146.923 443.401
264.162 461.633
401.966 344.746
459.393 237.591
399.74 75.725
319.918 -14.243
127.05 -8.824
47.2 -85.53
-34.815 -22.608
-73.907 63.078
-106.155 141.09
-120.042 198.473
-125.427 280.946
-93.507 378.832
-11.773 441.266
41.617 496.737
95.183 513.315
165.511 541.122
264.418 540.651
352.25 481.654
422.164 455.474
453.858 411.362
500.716 355.098
534.026 264.086
508.993 160.653
511.648 89.183
479.136 44.057
444.687 -20.921
364.839 -83.105
259.429 -88.249
186.027 -111.589
127.524 -99.188
159.506 -161.885
7.68 -181.909
-83.241 -141.706
-116.68 -88.036
-134.595 56.11
-155.937 143.74
-227.182 300.209
-225.503 395.466
-169.078 451.18
-37.672 501.322
46.014 544.266
163.602 642.673
251.962 669.201
318.498 630.435
400.057 523.261
471.889 465.472
596.199 387.322
646.776 309.143
635.853 240.002
562.778 132.011
540.769 43.643
507.358 -101.344
448.613 -170.224
387.99 -185.495
255.701 -150.403
240.921 -226.222
198.381 -241.34
-195.365 47.861
-217.856 85.317
-56.052 548.93
-14.918 579.724
447.324 558.157
487.574 532.368
618.73 93.076
612.083 50.739
315.409 -218.561
229.733 -261.958
106.694 -224.752
-170.837 -25.565
-231.806 51.428
-233.879 188.069
-121.373 517.789
-55.035 589.379
64.525 620.713
394.213 606.463
483.764 571.227
547.34 472.151
640.477 162.491
644.136 67.4
573.577 -27.359
