180.404 238.131
231.431 238.698
246.725 191.174
206.373 162.367
166.386 190.602
135.119 227.244
207.6 281.421
279.282 226.174
249.328 143.189
163.744 145.74
111.776 137.331
94.624 201.909
77.85 246.399
110.562 274.221
171.735 310.388
207.523 338.604
243.481 315.723
295.931 269.075
332.8 244.244
321.843 202.601
296.195 140.094
283.629 96.362
240.123 94.236
174.479 98.664
128.334 96.718
90.871 104.552
52.374 213.162
74.913 283.139
170.228 351.212
241.479 352.145
332.746 282.275
356.671 215.718
321.545 107.896
264.081 63.865
151.801 64.241
114.861 28.762
71.489 57.879
47.159 103.6
12.626 143.673
22.104 194.095
10.793 238.145
23.542 286.796
63.005 330.096
90.053 371.92
138.52 379.663
182.716 401.808
230.511 402.811
283.181 377.449
329.115 364.891
351.52 323.091
386.109 286.478
401.592 241.893
394.199 183.296
396.819 137.042
363.831 102.949
341.644 59.454
303.592 29.969
247.212 18.378
203.69 1.847
160.071 26.876
161.652 -28.648
62.718 -38.982
20.729 -31.619
1.247 12.187
-4.784 96.157
-30.795 174.121
-68.303 268.196
-76.461 311.702
-36.74 343.028
40.846 373.914
105.995 420.309
182.647 481.942
219.698 504.904
263.564 474.416
315.555 411.537
378.848 364.614
460.33 312.381
494.73 283.864
479.562 233.115
436.208 164.381
412.291 89.123
389.179 -5.047
372.649 -45.0
321.747 -47.935
242.075 -28.488
222.008 -83.472
180.319 -85.929
-64.55 99.527
-79.558 138.499
26.42 430.08
59.415 455.68
363.563 442.742
398.036 419.172
481.437 128.609
470.345 88.348
277.634 -76.008
202.854 -113.39
115.323 -70.049
-41.957 51.169
-98.873 108.685
-84.001 203.656
-15.641 391.946
25.299 465.586
118.111 476.926
314.509 470.469
397.02 454.681
435.84 370.394
491.96 184.022
503.599 100.846
435.74 35.674
