168.211 261.769
231.552 273.867
263.515 213.206
220.475 165.925
159.213 193.864
102.142 248.227
196.361 323.326
304.654 262.386
280.978 144.056
157.403 128.292
50.346 105.976
49.079 210.408
9.507 284.167
46.692 337.246
147.264 364.431
205.51 420.673
265.293 397.582
330.398 320.328
398.693 283.174
394.033 220.765
349.18 133.205
339.268 59.72
277.95 42.756
176.985 66.472
90.694 55.05
13.051 43.967
-31.787 232.82
-17.778 349.777
146.854 444.29
264.278 462.561
402.715 345.121
460.29 237.804
400.401 75.146
320.419 -15.19
126.382 -9.706
46.486 -86.527
-35.453 -23.454
-75.136 61.826
-106.803 141.23
-121.195 198.887
-126.453 281.461
-94.263 379.387
-12.558 441.782
40.881 497.29
94.728 514.063
165.262 542.084
264.47 541.704
352.363 482.806
422.623 456.256
454.522 412.021
501.619 355.585
535.097 264.277
509.991 160.77
512.536 88.843
480.113 43.461
445.331 -21.827
365.28 -84.206
259.766 -89.236
185.569 -112.44
126.831 -100.4
159.28 -163.039
7.295 -183.076
-83.708 -142.813
-117.028 -89.266
-136.704 55.433
-156.816 143.329
-228.34 299.825
-226.82 395.289
-170.255 451.266
-38.601 501.679
45.103 544.968
162.916 643.748
251.471 670.405
318.273 631.635
400.435 524.51
472.349 466.461
597.094 388.22
647.773 309.806
636.976 240.487
563.947 131.987
541.914 43.417
508.378 -102.094
449.347 -171.144
388.642 -186.521
255.828 -151.772
241.418 -227.471
198.562 -243.096
-196.155 46.793
-219.189 84.228
-57.14 549.221
-16.054 580.248
447.298 559.367
487.779 533.577
619.988 93.271
613.535 50.783
315.961 -219.648
230.376 -263.572
106.471 -226.056
-171.314 -26.779
-232.772 50.023
-235.042 187.457
-122.576 517.971
-56.28 589.737
63.563 621.539
394.136 607.651
483.8 572.537
547.915 473.319
641.621 162.817
645.553 67.659
574.866 -27.751
