170.882 258.709
232.161 269.101
261.854 211.749
219.616 167.128
161.649 194.887
108.493 244.908
198.675 317.205
300.309 258.797
277.596 146.154
159.748 132.584
61.368 107.769
52.902 210.436
14.478 274.645
54.365 326.716
151.499 360.761
203.246 413.513
261.811 388.61
327.749 315.695
392.052 281.739
385.654 220.249
344.372 134.561
334.852 65.515
275.555 51.185
176.685 72.171
97.766 60.044
24.683 48.897
-21.411 225.22
-10.167 344.107
147.15 434.884
262.699 453.016
395.338 341.193
451.201 235.712
393.765 80.399
315.215 -6.389
133.497 -0.645
54.053 -76.71
-28.623 -14.87
-64.125 73.413
-99.23 139.936
-108.996 195.253
-115.694 275.973
-85.559 372.563
-3.79 435.257
47.183 490.27
98.448 505.479
166.959 531.468
262.799 530.651
350.271 471.797
417.527 448.38
447.581 405.337
492.335 350.648
524.053 262.492
500.125 159.959
503.382 91.887
470.365 48.908
438.439 -13.117
360.885 -73.256
257.008 -80.267
190.063 -103.812
133.704 -87.54
160.715 -151.398
10.222 -170.852
-79.063 -131.665
-112.907 -77.199
-118.48 61.81
-147.754 147.272
-215.943 302.269
-212.764 395.357
-157.941 448.483
-28.85 494.812
52.963 536.834
168.655 631.881
255.245 657.296
319.324 618.979
396.234 512.514
467.352 456.715
587.701 379.401
637.399 303.501
625.36 235.932
552.597 132.198
530.352 45.404
497.617 -94.946
441.793 -162.191
381.614 -176.325
254.195 -139.552
236.677 -215.032
195.712 -226.313
-188.09 56.421
-206.895 94.229
-46.446 545.312
-5.928 574.108
446.558 547.491
485.02 521.871
607.581 91.78
599.505 50.384
310.038 -208.781
223.894 -248.623
107.391 -212.341
-166.034 -15.131
-223.367 62.454
-223.208 192.797
-110.422 514.192
-44.656 584.863
72.132 612.174
393.684 595.45
482.406 559.881
541.726 461.961
629.949 159.968
631.856 65.555
561.712 -24.321
