79.726 164.003 76.838 144.257 92.804 156.164 95.697 175.877 
111.368 163.686 122.241 146.977 126.368 166.468 115.494 183.172 
134.818 187.962 154.569 185.336 142.467 201.146 122.689 203.765 
135.062 219.311 150.453 231.939 130.662 233.91 115.248 221.289 
113.512 241.062 115.808 260.856 100.176 248.487 97.884 228.692 
82.103 240.818 70.022 256.658 67.348 236.91 79.435 221.064 
59.808 217.933 40.066 220.599 52.144 204.755 71.887 202.099 
60.309 185.923 44.834 173.352 64.63 171.3 80.135 183.839 
48.516 159.627 51.065 139.873 70.861 142.463 68.269 162.188 
88.417 136.765 102.281 122.457 116.601 136.323 102.721 150.63 
140.971 152.952 160.809 154.789 158.972 174.628 139.132 172.793 
162.278 199.558 175.113 214.777 159.879 227.617 147.065 212.389 
146.225 246.403 143.882 266.205 124.083 263.926 126.402 244.071 
101.742 268.408 86.047 280.692 73.749 264.988 89.439 252.703 
54.076 251.742 34.29 249.482 36.57 229.68 56.343 231.918 
32.254 205.738 19.574 190.368 34.944 177.69 47.623 193.061 
20.004 164.597 21.438 144.726 36.507 131.678 35.073 151.55 
63.042 124.176 78.613 111.789 98.42 114.033 82.834 126.375 
133.679 126.045 153.458 128.475 165.728 144.177 145.949 141.748 
178.825 175.165 190.967 190.974 188.381 210.749 176.237 194.939 
174.674 240.88 171.909 260.647 156.005 272.766 158.729 252.976 
125.711 283.799 109.639 295.588 89.945 292.554 106.018 280.764 
60.064 279.46 40.389 276.24 28.763 260.063 48.433 263.285 
16.699 229.925 4.867 213.874 7.834 194.155 19.671 210.207 
-6.231 208.379 -26.145 209.329 -27.114 189.465 -7.192 188.473 
16.86 164.17 -2.433 169.176 -7.43 149.892 11.85 144.881 
18.131 139.658 3.404 126.255 16.763 111.5 31.549 124.919 
60.762 120.642 44.056 109.596 55.173 92.869 71.766 104.053 
92.518 94.986 92.059 75.064 111.978 74.605 112.422 94.52 
135.198 120.226 131.39 100.687 150.929 96.843 154.764 116.39 
170.482 124.695 184.15 110.256 198.628 123.892 184.967 138.369 
183.247 172.601 194.27 156.014 210.867 167.034 199.865 183.619 
204.718 199.188 224.637 198.673 225.155 218.595 205.236 219.113 
178.753 241.952 198.266 237.761 202.42 257.249 182.943 261.434 
176.042 273.523 190.572 287.109 176.962 301.697 162.422 288.076 
127.409 286.667 144.518 296.865 134.332 313.968 117.198 303.8 
104.159 306.536 105.003 326.45 85.094 327.297 84.251 307.383 
59.481 282.371 65.157 301.458 46.062 307.147 40.381 288.095 
28.954 280.096 15.577 294.88 0.803 281.512 14.18 266.728 
13.987 231.609 4.608 249.199 -12.979 239.801 -3.586 222.241 
