112.738 304.98
269.027 322.267
337.275 182.023
224.888 69.715
80.354 145.623
75.971 295.826
248.875 354.424
361.019 211.431
260.341 57.298
78.565 108.087
37.092 100.226
27.897 158.644
9.871 258.882
56.44 332.732
110.821 359.23
195.312 404.27
277.495 384.902
320.126 340.895
388.827 279.968
399.51 194.277
372.134 140.158
338.032 54.908
256.636 15.073
197.481 23.181
100.382 31.34
22.219 67.966
-13.239 231.887
21.268 337.729
162.573 418.103
270.807 419.832
391.239 315.418
430.151 212.26
372.316 64.255
283.85 -8.509
119.672 1.496
79.158 -22.001
17.863 24.283
-16.512 97.069
-33.236 128.437
-41.169 209.373
-46.781 262.696
-21.339 329.698
38.919 382.861
63.346 408.686
133.886 437.699
181.135 458.882
250.055 456.999
319.976 416.522
352.174 401.51
400.575 347.72
436.435 310.843
458.039 243.842
443.961 164.757
439.501 129.515
405.098 65.653
382.538 18.921
323.225 -25.015
243.331 -37.459
208.393 -43.985
132.011 -30.448
140.108 -65.762
56.245 -56.95
11.682 -50.345
-7.828 -8.77
-51.504 90.878
-72.09 190.847
-87.385 272.51
-94.67 316.189
-60.055 345.939
21.936 414.21
107.09 462.047
176.875 500.431
215.665 521.974
254.283 498.796
344.283 442.612
415.947 380.432
474.78 327.385
507.932 297.181
498.872 253.246
476.153 149.61
441.097 61.427
409.411 -13.071
390.572 -54.275
345.892 -60.263
238.7 -72.716
211.227 -111.688
161.343 -102.89
-96.53 107.626
-101.655 160.074
21.824 461.163
69.019 482.451
388.446 458.634
423.492 422.647
505.712 112.743
483.398 68.252
254.798 -105.486
188.754 -140.267
125.958 -99.549
-78.67 65.897
-130.391 121.165
-109.729 195.264
-10.384 431.557
24.266 497.388
100.593 500.169
350.066 478.641
423.379 468.39
449.715 397.901
511.974 155.346
526.278 82.88
468.381 35.665
