161.92 616.379 203.682 629.946 203.679 586.036 161.918 572.469 
203.861 629.959 245.622 616.388 245.62 572.478 203.859 586.049 
203.923 630.109 229.733 665.631 271.494 652.061 245.683 616.538 
177.947 665.768 203.759 701.291 229.566 665.766 203.756 630.243 
136.046 652.07 177.807 665.638 203.616 630.113 161.855 616.545 
135.846 651.802 161.654 616.277 161.652 572.367 135.844 607.892 
162.105 572.212 203.866 585.779 245.627 572.209 203.865 558.641 
245.912 616.383 271.722 651.906 271.721 607.996 245.911 572.473 
203.919 701.57 245.68 688.001 271.489 652.476 229.728 666.046 
135.905 652.322 161.717 687.844 203.479 701.411 177.667 665.888 
94.141 665.935 119.959 701.453 161.717 687.875 135.899 652.357 
94.015 665.426 135.777 651.86 135.781 607.95 94.019 621.516 
68.187 586.0 93.999 621.521 135.759 607.949 109.945 572.427 
109.969 572.448 135.784 607.968 161.589 572.44 135.774 536.92 
136.231 536.663 162.04 572.188 203.802 558.62 177.993 523.095 
178.008 523.066 203.82 558.589 229.627 523.064 203.817 487.541 
203.781 558.645 245.544 572.208 271.348 536.68 229.584 523.117 
245.942 572.498 271.751 608.022 297.561 572.498 271.751 536.974 
271.745 608.004 313.506 621.574 339.317 586.05 297.556 572.481 
271.745 651.91 313.508 665.471 313.5 621.561 271.736 608.0 
245.735 687.857 287.494 701.433 313.309 665.913 271.55 652.337 
245.766 731.915 287.527 745.483 287.526 701.573 245.765 688.005 
203.965 745.467 245.723 731.888 245.713 687.978 203.955 701.557 
161.732 731.799 203.492 745.372 203.495 701.462 161.735 687.889 
120.012 745.364 161.771 731.79 161.767 687.88 120.007 701.454 
94.195 709.96 120.016 745.477 120.003 701.567 94.183 666.05 
68.204 629.947 94.006 665.476 94.015 621.566 68.212 586.037 
68.31 585.905 110.065 572.323 135.864 536.791 94.107 550.373 
136.195 536.676 177.958 523.113 203.773 487.593 162.01 501.156 
203.915 487.527 229.733 523.045 271.497 536.605 245.679 501.087 
271.791 536.97 297.596 572.497 339.356 586.071 313.55 550.544 
313.508 665.632 339.31 630.102 339.301 586.192 313.498 621.722 
287.553 745.42 313.367 709.899 313.373 665.989 287.559 701.51 
204.017 745.528 245.782 759.085 287.539 745.505 245.775 731.947 
119.955 745.391 161.715 758.963 203.477 745.398 161.717 731.825 
94.085 781.046 135.844 794.622 161.66 759.102 119.901 745.526 
68.257 745.47 94.081 780.983 119.876 745.447 94.05 709.935 
68.098 745.482 93.894 709.949 93.878 666.039 68.082 701.572 
26.12 687.711 67.884 701.271 93.686 665.742 51.922 652.181 
26.275 616.447 52.08 651.974 93.839 665.548 68.035 630.021 
26.317 616.327 68.075 629.904 68.084 585.994 26.326 572.417 
26.373 572.374 68.139 585.93 93.937 550.397 52.171 536.842 
52.137 536.684 93.901 550.242 135.659 536.663 93.895 523.104 
94.13 522.928 135.892 536.493 135.888 492.583 94.126 479.018 
136.062 536.62 161.875 501.098 161.878 457.188 136.065 492.71 
162.02 500.948 203.783 487.386 203.79 443.476 162.026 457.038 
203.878 487.408 245.642 500.969 245.633 457.059 203.87 443.498 
245.78 500.92 271.595 536.44 271.587 492.53 245.772 457.01 
271.763 536.548 313.523 522.976 313.52 479.066 271.76 492.638 
271.787 536.807 313.547 550.378 355.309 536.811 313.549 523.24 
313.643 550.475 339.45 586.002 381.212 572.437 355.406 536.91 
339.448 629.999 381.206 616.42 381.195 572.51 339.438 586.089 
313.726 665.641 355.485 652.064 381.288 616.535 339.53 630.112 
313.739 665.844 339.55 701.367 381.311 687.798 355.5 652.274 
313.542 709.991 339.349 745.517 339.353 701.607 313.546 666.081 
287.63 745.557 313.429 781.088 339.249 745.572 313.45 710.04 
245.827 759.189 271.642 794.709 313.4 781.133 287.586 745.613 
203.978 745.731 229.794 781.25 271.557 794.811 245.742 759.292 
177.911 781.237 203.718 816.763 229.53 781.241 203.724 745.715 
135.98 794.632 177.744 781.072 203.563 745.555 161.799 759.114 
136.044 794.883 161.856 830.406 203.616 816.835 177.805 781.312 
93.906 825.504 135.667 839.075 135.669 795.165 93.909 781.594 
51.893 839.052 93.654 825.482 93.652 781.572 51.892 795.142 
25.966 759.421 51.778 794.942 93.538 781.369 67.725 745.848 
26.102 731.815 67.86 745.392 67.868 701.482 26.109 687.905 
0.239 652.098 26.058 687.616 51.858 652.086 26.041 616.568 
-16.018 629.886 25.744 616.321 25.749 572.411 -16.014 585.976 
-41.894 550.212 -16.083 585.736 25.678 572.166 -0.133 536.643 
0.056 536.477 25.87 571.998 51.675 536.472 25.863 500.95 
52.12 536.457 93.883 522.892 93.887 478.982 52.124 492.547 
94.131 478.902 135.894 492.465 161.699 456.937 119.935 443.374 
136.044 420.989 161.851 456.515 203.614 442.949 177.806 407.423 
178.026 407.297 203.836 442.821 229.645 407.297 203.836 371.773 
204.069 442.929 245.83 456.497 271.638 420.971 229.876 407.404 
245.929 456.96 271.737 492.485 313.498 478.917 287.691 443.392 
313.666 523.003 355.428 536.568 355.424 492.658 313.662 479.093 
355.882 536.607 381.69 572.132 407.502 536.61 381.694 501.084 
381.896 572.277 423.657 585.846 449.467 550.322 407.706 536.753 
381.804 616.422 423.566 629.989 423.564 586.079 381.802 572.512 
355.633 652.204 381.439 687.731 407.253 652.21 381.447 616.683 
339.606 745.404 381.365 731.829 381.359 687.919 339.6 701.494 
313.82 781.525 355.581 795.094 381.391 759.57 339.63 746.001 
313.755 825.652 355.516 839.219 355.515 795.309 313.754 781.742 
271.776 839.179 313.536 825.606 313.532 781.696 271.772 795.269 
203.829 816.911 245.589 830.484 271.401 794.962 229.642 781.389 
203.758 861.185 245.523 874.659 245.51 830.749 203.745 817.193 
161.945 874.592 203.709 861.116 203.721 817.124 161.956 830.682 
-15.931 745.354 25.825 731.77 25.809 687.86 -15.947 701.444 
-41.736 665.824 -15.936 701.355 25.829 687.797 0.028 652.266 
26.242 456.797 52.056 492.317 93.815 478.742 68.0 443.222 
68.097 443.216 93.902 478.743 119.717 443.223 93.912 407.695 
287.922 443.243 313.735 478.764 339.541 443.238 313.728 407.716 
313.74 478.835 355.5 492.409 381.314 456.888 339.555 443.314 
381.643 687.881 423.406 701.443 449.21 665.915 407.447 652.353 
381.616 731.828 423.375 745.403 423.381 701.493 381.621 687.918 
245.962 874.641 271.773 839.119 271.776 795.209 245.965 830.731 
161.979 874.716 203.74 888.285 245.501 874.716 203.74 861.229 
135.663 839.102 161.477 874.624 161.472 830.714 135.659 795.192 
-15.773 745.839 25.987 759.409 67.749 745.841 25.988 732.271 
-41.824 709.763 -16.013 745.286 -16.015 701.376 -41.826 665.853 
-41.875 665.434 -0.115 651.861 25.691 616.334 -16.068 629.907 
25.855 500.929 51.662 536.454 51.664 492.544 25.856 457.019 
26.319 456.694 68.078 443.124 93.888 407.6 52.127 421.169 
94.267 407.416 120.079 442.939 161.841 456.505 136.029 420.983 
245.91 456.387 287.671 442.819 313.481 407.295 271.72 420.864 
313.871 407.702 339.681 443.226 381.442 456.795 355.632 421.271 
355.882 536.659 381.69 501.134 381.688 457.224 355.88 492.749 
381.806 616.436 407.616 651.96 449.377 665.53 423.567 630.005 
423.519 745.575 449.329 710.05 449.328 666.14 423.518 701.665 
339.633 746.022 381.394 759.592 423.155 746.024 381.394 732.454 
