161.543 217.517 203.306 203.954 203.3 247.864 161.537 261.427 
204.285 203.94 246.048 217.502 246.056 261.412 204.292 247.85 
204.591 202.984 230.39 167.453 272.155 181.01 246.356 216.541 
177.978 166.904 203.783 131.376 229.597 166.896 203.794 202.424 
135.421 181.062 177.183 167.497 202.99 203.024 161.227 216.589 
134.15 182.056 159.96 217.58 159.961 261.49 134.15 225.966 
162.102 262.95 203.863 249.382 245.624 262.951 203.863 276.52 
247.701 217.464 273.51 181.94 273.51 225.85 247.701 261.374 
204.99 130.4 246.755 143.957 272.573 179.474 230.809 165.916 
134.862 179.556 160.675 144.034 202.437 130.469 176.624 165.991 
92.957 165.813 118.802 130.314 160.549 143.925 134.704 179.423 
92.205 168.486 133.974 182.031 133.999 225.941 92.23 212.396 
66.389 247.955 92.205 212.436 133.963 226.013 108.146 261.532 
108.184 261.558 134.018 226.051 159.804 261.592 133.971 297.099 
136.232 298.607 162.032 263.076 203.797 276.633 177.997 312.164 
178.051 312.193 203.875 276.679 229.67 312.213 203.847 347.727 
203.89 276.668 245.662 263.132 271.442 298.677 229.67 312.212 
247.818 261.453 273.615 225.92 299.437 261.435 273.639 296.968 
273.662 225.883 315.424 212.318 341.231 247.845 299.469 261.41 
273.695 181.926 315.466 168.389 315.432 212.299 273.661 225.836 
246.932 143.898 288.681 130.292 314.521 165.794 272.772 179.399 
246.908 99.863 288.673 86.308 288.659 130.218 246.893 143.773 
205.112 86.246 246.86 99.854 246.819 143.764 205.071 130.156 
160.63 99.969 202.38 86.367 202.415 130.277 160.665 143.879 
118.835 86.373 160.59 99.962 160.569 143.872 118.814 130.283 
92.995 121.86 118.839 86.36 118.797 130.27 92.954 165.77 
66.34 204.023 92.114 168.473 92.158 212.383 66.384 247.933 
66.454 247.977 108.194 261.606 133.953 297.167 92.212 283.538 
136.184 298.725 177.961 312.245 203.813 347.738 162.036 334.219 
203.867 347.713 229.716 312.218 271.493 298.697 245.643 334.191 
273.718 297.03 299.502 261.488 341.254 247.889 315.469 283.431 
315.462 168.329 341.236 203.879 341.191 247.789 315.417 212.239 
288.694 86.334 314.539 121.832 314.582 165.742 288.738 130.244 
205.136 86.198 246.91 72.668 288.658 86.276 246.884 99.806 
118.846 86.373 160.597 72.775 202.368 86.315 160.616 99.913 
92.711 50.265 134.436 36.588 160.338 72.046 118.612 85.722 
66.635 85.857 92.539 50.402 118.254 85.995 92.349 121.45 
65.953 86.361 91.72 121.915 91.669 165.825 65.902 130.271 
23.124 144.625 64.887 131.062 90.691 166.59 48.928 180.153 
23.59 216.908 49.37 181.363 91.119 167.759 65.34 203.305 
23.83 217.677 65.565 204.028 65.649 247.938 23.914 261.587 
24.025 261.873 65.814 248.392 91.548 283.971 49.758 297.451 
50.023 298.254 91.796 284.723 133.545 298.33 91.771 311.861 
92.251 313.059 134.016 299.502 134.003 343.412 92.239 356.969 
135.16 299.475 160.986 334.987 161.007 378.897 135.18 343.385 
161.796 335.026 203.573 348.546 203.625 392.456 161.848 378.936 
204.106 348.524 245.886 335.014 245.824 378.924 204.044 392.434 
246.794 334.997 272.627 299.491 272.597 343.401 246.764 378.907 
273.712 299.444 315.47 313.021 315.462 356.931 273.704 343.354 
274.091 298.21 315.845 284.619 357.613 298.166 315.859 311.757 
316.109 283.887 341.878 248.333 383.654 261.853 357.886 297.407 
342.068 203.915 383.812 217.536 383.758 261.446 342.014 247.825 
316.533 167.573 358.284 181.172 384.068 216.715 342.317 203.116 
316.85 166.473 342.653 130.944 384.417 144.505 358.614 180.034 
315.792 121.768 341.572 86.222 341.609 130.132 315.829 165.678 
289.294 85.869 315.037 50.297 340.913 85.773 315.169 121.345 
247.145 71.945 273.007 36.46 314.748 50.091 288.886 85.577 
204.732 85.029 230.569 49.526 272.341 35.99 246.504 71.494 
177.892 48.893 203.683 13.355 229.511 48.865 203.721 84.403 
135.138 36.093 176.914 49.616 202.764 85.111 160.988 71.588 
135.538 34.832 161.393 -0.659 203.136 12.963 177.281 48.454 
91.4 3.19 133.114 -10.524 133.267 33.386 91.553 47.1 
48.376 -10.334 90.137 3.235 90.137 47.145 48.376 33.576 
22.041 70.191 47.983 34.765 89.693 48.49 63.75 83.917 
22.859 100.042 64.597 86.402 64.672 130.312 22.934 143.952 
-3.306 180.553 22.565 145.073 48.313 180.641 22.444 216.121 
-21.39 204.379 20.411 217.825 20.539 261.735 -21.261 248.288 
-47.438 285.089 -21.629 249.565 20.132 263.134 -5.677 298.658 
-4.552 299.488 21.316 264.007 47.067 299.573 21.199 335.054 
49.659 299.539 91.431 313.073 91.467 356.983 49.695 343.449 
92.449 357.629 134.224 344.102 159.998 379.652 118.223 393.179 
135.194 417.631 160.962 382.077 202.739 395.597 176.971 431.151 
178.177 431.97 203.986 396.446 229.796 431.97 203.987 467.494 
205.206 395.56 246.981 382.034 272.753 417.584 230.979 431.111 
247.708 379.561 273.499 344.023 315.267 357.57 289.477 393.108 
316.276 313.006 358.047 299.468 358.014 343.378 316.243 356.916 
360.612 299.215 386.388 263.667 412.232 299.166 386.455 334.715 
387.565 262.769 429.326 249.2 455.136 284.724 413.375 298.293 
387.136 217.413 428.916 203.904 428.854 247.814 387.074 261.323 
359.211 180.456 384.996 144.914 410.831 180.419 385.047 215.962 
342.919 86.278 384.671 99.875 384.641 143.785 342.889 130.188 
317.634 48.182 359.37 34.536 385.245 70.012 343.51 83.658 
317.15 2.888 358.911 -10.682 358.912 33.228 317.151 46.798 
273.978 -10.714 315.718 2.919 315.651 46.829 273.91 33.196 
204.273 12.898 246.014 -0.732 271.875 34.754 230.133 48.384 
203.76 -32.761 245.547 -46.169 245.464 -2.259 203.677 11.231 
161.82 -46.16 203.604 -32.743 203.678 11.249 161.894 -2.25 
-20.543 86.442 21.184 100.115 21.075 144.025 -20.652 130.352 
-46.44 166.111 -20.699 130.537 21.088 144.024 -4.652 179.599 
23.401 380.474 49.246 344.976 90.994 358.587 65.148 394.085 
65.315 394.187 91.089 358.637 116.934 394.134 91.161 429.685 
290.799 394.008 316.63 358.5 342.418 394.04 316.585 429.548 
316.737 358.402 358.485 344.795 384.328 380.295 342.58 393.903 
386.314 143.904 428.093 130.391 453.855 165.949 412.076 179.463 
386.231 99.864 427.981 86.262 428.016 130.172 386.265 143.774 
248.161 -46.264 273.936 -10.715 273.894 33.195 248.119 -2.354 
161.929 -46.473 203.69 -60.043 245.451 -46.474 203.691 -32.987 
133.371 -10.544 159.157 -46.085 159.187 -2.175 133.4 33.366 
-19.802 83.88 21.973 70.353 63.72 83.965 21.945 97.491 
-46.719 121.987 -20.909 86.463 -20.909 130.373 -46.719 165.897 
-47.157 168.622 -5.388 182.167 20.442 217.676 -21.327 204.131 
21.282 335.116 47.119 299.612 47.084 343.522 21.247 379.026 
23.339 380.795 65.099 394.364 90.909 429.889 49.148 416.319 
93.311 431.162 119.096 395.62 160.848 382.023 135.062 417.564 
247.029 382.086 288.783 395.677 314.573 431.215 272.819 417.624 
316.906 429.748 342.716 394.224 384.477 380.655 358.667 416.179 
360.398 299.375 386.229 334.884 386.254 378.794 360.424 343.285 
387.14 217.385 412.958 181.867 454.722 168.308 428.904 203.826 
428.396 86.206 454.205 121.73 454.205 165.64 428.395 130.116 
343.581 83.816 385.342 70.246 427.103 83.814 385.342 97.384 
