147.661 241.751 132.902 283.106 176.794 284.364 191.554 243.009 
221.332 244.126 204.895 284.843 238.541 313.058 254.977 272.34 
230.505 213.498 265.095 240.545 301.508 216.005 266.917 188.958 
197.534 154.75 209.62 196.965 246.033 172.426 233.948 130.212 
129.593 167.949 138.949 210.851 182.642 215.21 173.286 172.309 
95.472 204.704 81.265 246.253 94.194 288.217 108.4 246.668 
151.009 319.907 187.926 343.683 231.767 341.219 194.85 317.443 
297.992 259.774 287.074 302.305 320.905 274.314 331.824 231.783 
263.364 104.554 274.511 147.026 308.493 174.834 297.346 132.362 
114.106 131.605 157.927 134.405 195.024 110.912 151.204 108.113 
6.691 91.316 32.704 126.692 74.387 112.885 48.374 77.509 
39.525 170.069 14.437 206.106 40.958 241.102 66.046 205.065 
-34.384 286.138 -0.419 313.966 36.543 290.262 2.577 262.434 
17.175 329.67 21.109 373.404 61.487 356.148 57.552 312.414 
104.635 364.294 135.249 395.772 174.647 376.384 144.033 344.906 
182.665 419.556 193.198 462.184 230.484 438.994 219.952 396.366 
242.34 383.838 251.654 426.748 295.344 431.148 286.029 388.238 
309.875 316.815 319.385 359.683 357.216 337.391 347.705 294.523 
379.633 261.902 390.478 304.452 434.297 307.286 423.451 264.736 
390.657 198.866 374.98 239.882 418.833 242.117 434.51 201.101 
330.468 106.24 337.756 149.541 381.19 155.989 373.902 112.688 
329.114 28.825 313.835 69.991 357.708 71.801 372.986 30.634 
275.255 -5.622 253.223 32.361 282.539 65.052 304.571 27.069 
169.379 31.981 143.841 67.701 185.704 80.951 211.242 45.231 
76.448 11.432 59.138 51.786 92.167 80.72 109.478 40.366 
-7.271 23.946 -36.553 56.668 6.37 47.407 35.651 14.686 
-57.259 231.95 -60.617 275.731 -32.167 242.284 -28.81 198.503 
-44.295 315.685 -39.757 359.359 -10.414 392.026 -14.952 348.35 
110.908 432.318 138.313 466.627 180.65 478.275 153.245 443.967 
224.816 482.536 268.454 487.414 306.625 465.71 262.987 460.832 
379.296 375.346 420.581 360.392 445.193 324.028 403.907 338.981 
479.634 199.366 458.519 237.866 464.066 281.424 485.181 242.924 
399.647 24.797 395.244 68.485 417.362 106.418 421.764 62.729 
292.324 -53.731 317.463 -17.729 358.962 -3.38 333.823 -39.381 
78.724 -31.807 115.735 -8.179 159.566 -10.819 122.555 -34.446 
23.551 -131.304 13.331 -88.6 50.787 -65.684 61.007 -108.388 
-61.473 -54.021 -71.656 -11.309 -27.886 -14.824 -17.704 -57.537 
-108.842 12.04 -103.006 55.561 -72.704 87.339 -78.541 43.819 
-138.843 112.125 -137.247 156.005 -95.02 168.047 -96.616 124.166 
-177.483 191.278 -140.641 215.168 -96.793 212.84 -133.635 188.95 
-140.904 259.078 -174.884 286.89 -137.933 310.612 -103.954 282.8 
-122.222 351.615 -127.404 395.217 -87.535 413.619 -82.354 370.017 
-66.758 452.302 -23.4 459.243 15.757 439.373 -27.601 432.432 
14.069 483.25 4.19 526.034 47.933 522.209 57.813 479.425 
97.101 481.783 75.104 519.786 79.646 563.461 101.643 525.458 
161.107 517.597 135.578 553.323 161.666 588.642 187.195 552.917 
256.079 529.544 229.542 564.528 271.014 578.955 297.551 543.971 
339.52 494.795 341.14 538.675 365.621 502.223 364.001 458.343 
413.688 433.42 404.086 476.267 441.869 498.64 451.471 455.792 
424.282 404.147 457.592 432.756 501.357 436.322 468.047 407.713 
478.333 352.835 506.502 386.518 547.242 370.136 519.072 336.452 
549.685 231.525 522.523 266.026 546.941 302.52 574.104 268.02 
490.236 137.755 515.327 173.791 556.807 188.196 531.716 152.161 
487.438 84.422 523.647 109.262 558.46 82.502 522.252 57.662 
481.424 25.964 465.478 66.876 502.426 43.15 518.372 2.238 
433.543 -50.621 430.089 -6.847 472.788 -17.089 476.242 -60.863 
339.179 -112.849 360.345 -74.377 403.474 -82.619 382.308 -121.091 
232.676 -78.81 274.007 -93.638 298.727 -129.928 257.397 -115.1 
156.681 -134.858 162.498 -91.335 202.093 -110.317 196.276 -153.84 
101.829 -154.552 104.854 -110.746 133.049 -77.084 130.024 -120.89 
120.528 -189.06 145.715 -153.092 187.706 -165.932 162.519 -201.9 
-13.041 -218.929 -31.982 -179.314 11.547 -173.542 30.488 -213.156 
-119.492 -180.308 -109.93 -137.452 -66.216 -133.303 -75.778 -176.159 
-152.555 -124.114 -140.859 -81.79 -96.993 -79.836 -108.689 -122.16 
-180.32 28.619 -192.428 70.827 -148.545 69.299 -136.436 27.092 
-186.847 117.458 -195.616 160.484 -151.987 155.528 -143.217 112.503 
-256.832 261.496 -265.626 304.516 -227.429 326.174 -218.635 283.153 
-277.883 396.252 -239.201 417.032 -207.484 386.665 -246.166 365.885 
-200.82 430.066 -212.095 472.504 -168.251 470.114 -156.974 427.677 
-65.17 472.781 -75.961 515.345 -38.815 538.76 -28.024 496.197 
4.763 530.233 16.265 572.61 60.122 574.766 48.62 532.389 
117.902 662.456 157.718 680.971 187.631 648.825 147.815 630.311 
218.147 680.396 238.802 719.146 269.271 687.528 248.618 648.779 
296.055 615.025 291.394 658.686 331.479 676.61 336.14 632.949 
369.529 545.958 408.063 567.011 439.992 536.868 401.458 515.815 
463.25 458.138 448.866 499.625 492.767 500.485 507.152 458.998 
582.257 396.633 604.001 434.781 633.563 402.313 611.819 364.164 
627.321 304.681 649.916 342.332 692.706 332.477 670.111 294.827 
644.64 221.754 616.069 255.098 656.609 271.967 685.18 238.623 
554.807 126.259 573.371 166.052 605.48 136.101 586.916 96.308 
548.732 4.435 530.579 44.417 562.995 74.037 581.148 34.055 
487.613 -125.575 510.623 -88.176 553.302 -98.503 530.292 -135.902 
436.944 -196.846 439.387 -153.004 480.328 -168.876 477.885 -212.718 
404.811 -233.73 371.617 -204.986 388.696 -164.534 421.891 -193.278 
229.949 -196.225 240.184 -153.525 283.958 -150.065 273.723 -192.765 
233.504 -263.435 221.204 -221.198 265.093 -222.55 277.37 -264.709 
191.089 -297.759 169.115 -259.743 198.48 -227.097 220.495 -265.184 
-219.42 1.515 -233.431 43.13 -198.182 69.315 -184.172 27.7 
-274.704 65.202 -244.112 96.702 -204.7 77.342 -235.292 45.842 
-104.936 564.754 -62.433 575.777 -38.814 538.76 -81.318 527.737 
-57.144 578.661 -42.337 620.0 -7.597 593.144 -22.404 551.805 
419.912 575.917 446.529 610.84 471.518 574.734 444.9 539.811 
460.382 530.139 475.395 571.403 519.278 569.877 504.266 528.613 
605.469 79.551 624.407 119.167 667.936 113.398 648.998 73.782 
618.417 29.416 604.685 71.123 648.595 71.295 662.327 29.587 
328.49 -274.529 309.602 -234.889 317.62 -191.718 336.508 -231.357 
197.243 -307.82 231.262 -280.097 275.071 -277.508 241.081 -305.308 
90.187 -249.198 74.132 -208.329 111.144 -231.956 127.199 -272.825 
-205.131 -72.779 -190.38 -31.421 -154.137 -6.631 -168.888 -47.99 
-258.355 24.115 -274.984 64.755 -237.644 41.651 -221.014 1.012 
-257.869 138.401 -263.033 182.007 -241.58 220.32 -236.417 176.714 
-147.514 508.817 -165.454 548.896 -127.383 527.016 -109.444 486.938 
-104.935 564.749 -82.566 602.534 -42.259 619.954 -64.629 582.169 
8.275 634.085 50.994 644.243 91.526 627.351 48.807 617.193 
368.942 586.951 379.91 629.468 413.776 657.418 402.807 614.901 
446.528 610.84 489.565 602.124 519.259 569.777 476.223 578.493 
561.888 447.211 541.642 486.175 548.165 529.598 568.411 490.634 
615.601 178.829 659.482 180.43 695.924 155.932 652.043 154.331 
662.405 29.605 652.183 72.308 669.014 112.865 679.236 70.161 
553.765 -54.596 583.545 -22.327 626.604 -13.725 596.825 -45.994 
