147.416 241.62 132.486 282.914 176.373 284.352 191.302 243.058 
221.444 244.174 204.847 284.827 238.381 313.174 254.978 272.521 
230.686 213.447 265.206 240.584 301.682 216.139 267.162 189.002 
197.628 154.552 209.625 196.791 246.089 172.328 234.092 130.089 
129.56 167.706 138.77 210.64 182.448 215.147 173.238 172.214 
95.309 204.38 81.0 245.893 93.826 287.889 108.134 246.375 
150.863 320.092 187.71 343.975 231.558 341.638 194.711 317.755 
298.216 259.911 287.15 302.404 321.078 274.531 332.144 232.038 
263.71 104.198 274.739 146.7 308.644 174.602 297.615 132.1 
113.946 131.041 157.754 134.043 194.959 110.723 151.152 107.721 
6.463 90.809 32.323 126.297 74.065 112.669 48.205 77.181 
39.228 169.66 13.976 205.582 40.337 240.699 65.589 204.777 
-34.824 286.05 -0.815 313.825 36.11 290.063 2.101 262.288 
16.997 329.596 20.837 373.338 61.252 356.169 57.412 312.427 
104.364 364.505 134.886 396.072 174.34 376.799 143.818 345.232 
182.711 419.904 193.21 462.541 230.514 439.381 220.017 396.744 
242.559 384.148 251.761 427.082 295.438 431.598 286.236 388.663 
310.058 317.035 319.44 359.931 357.338 337.752 347.955 294.856 
380.016 261.9 390.801 304.465 434.615 307.362 423.83 264.796 
391.179 198.779 375.372 239.746 419.218 242.119 435.024 201.153 
330.838 106.056 337.982 149.38 381.394 155.974 374.25 112.649 
329.237 28.338 313.886 69.477 357.756 71.364 373.106 30.225 
275.403 -6.255 253.202 31.629 282.372 64.45 304.573 26.566 
169.572 31.444 143.827 67.014 185.612 80.508 211.358 44.937 
76.187 11.054 58.933 51.432 92.003 80.319 109.257 39.941 
-7.471 23.382 -36.891 55.979 6.07 46.901 35.49 14.304 
-57.82 231.836 -61.211 275.615 -32.736 242.19 -29.344 198.411 
-44.679 315.806 -40.2 359.486 -10.901 392.192 -15.381 348.511 
110.86 432.826 138.307 467.102 180.658 478.698 153.211 444.423 
224.884 482.928 268.513 487.892 306.726 466.263 263.098 461.299 
379.728 375.525 421.007 360.554 445.603 324.179 404.324 339.15 
480.217 199.494 459.001 237.939 464.434 281.511 485.65 243.067 
399.943 24.289 395.531 67.977 417.64 105.915 422.052 62.227 
292.581 -54.435 317.612 -18.358 359.067 -3.883 334.037 -39.961 
78.447 -32.369 115.415 -8.675 159.251 -11.236 122.282 -34.93 
23.053 -131.751 12.94 -89.021 50.453 -66.199 60.566 -108.929 
-61.874 -54.489 -72.095 -11.785 -28.322 -15.261 -18.102 -57.966 
-109.184 11.718 -103.551 55.265 -73.398 87.184 -79.031 43.637 
-139.401 111.901 -137.942 155.786 -95.753 167.96 -97.212 124.075 
-178.118 191.011 -141.493 215.233 -97.626 213.301 -134.251 189.079 
-141.478 259.143 -175.449 286.965 -138.491 310.676 -104.52 282.855 
-122.639 351.625 -127.905 395.218 -88.072 413.697 -82.807 370.104 
-67.37 452.42 -24.011 459.354 15.144 439.478 -28.216 432.544 
13.755 483.366 3.698 526.108 47.457 522.465 57.514 479.722 
97.057 482.155 74.878 520.052 79.21 563.748 101.389 525.851 
161.137 518.03 135.409 553.613 161.299 589.078 187.028 553.495 
256.077 530.004 229.429 564.904 270.856 579.462 297.503 544.563 
339.496 495.489 341.105 539.37 365.595 502.924 363.986 459.043 
413.965 433.786 404.231 476.604 441.945 499.093 451.679 456.275 
424.673 404.312 457.868 433.055 501.619 436.797 468.424 408.054 
478.829 352.888 506.807 386.73 547.639 370.578 519.66 336.736 
550.31 231.67 523.042 266.087 547.349 302.656 574.616 268.239 
490.828 137.886 515.914 173.924 557.393 188.335 532.306 152.296 
487.781 84.001 523.888 108.988 558.81 82.369 522.703 57.382 
481.879 25.476 465.771 66.325 502.813 42.746 518.921 1.897 
433.913 -51.265 430.222 -7.511 472.976 -17.522 476.666 -61.277 
339.463 -113.506 360.529 -74.979 403.68 -83.108 382.614 -121.635 
232.858 -79.568 274.216 -94.321 299.003 -130.565 257.645 -115.812 
156.483 -135.38 162.013 -91.819 201.732 -110.54 196.203 -154.1 
101.532 -155.212 104.407 -111.396 132.487 -77.638 129.612 -121.454 
120.15 -189.568 145.414 -153.654 187.378 -166.583 162.114 -202.497 
-13.326 -219.505 -32.501 -180.003 10.994 -173.973 30.168 -213.475 
-120.013 -180.87 -110.382 -138.029 -66.662 -133.951 -76.293 -176.791 
-152.939 -124.598 -141.298 -82.259 -97.434 -80.248 -109.076 -122.587 
-181.017 28.355 -193.261 70.523 -149.372 69.137 -137.128 26.969 
-187.385 117.112 -196.257 160.116 -152.616 155.265 -143.743 112.261 
-257.32 261.243 -266.227 304.241 -228.086 325.998 -219.18 283.001 
-278.574 396.028 -239.931 416.879 -208.158 386.569 -246.802 365.719 
-201.385 429.953 -212.717 472.376 -168.869 470.044 -157.537 427.622 
-65.759 472.959 -76.555 515.521 -39.412 538.941 -28.616 496.379 
4.284 530.478 15.7 572.878 59.553 575.123 48.137 532.723 
117.437 662.812 157.207 681.424 187.199 649.352 147.428 630.739 
217.792 680.849 238.362 719.643 268.9 688.092 248.331 649.298 
295.906 615.525 291.115 659.173 331.147 677.217 335.937 633.569 
369.675 546.643 408.17 567.767 440.155 537.683 401.659 516.559 
463.535 458.654 449.05 500.106 492.95 501.073 507.435 459.621 
582.679 397.042 604.33 435.243 633.971 402.847 612.319 364.646 
627.811 305.021 650.353 342.703 693.157 332.91 670.615 295.227 
645.238 222.036 616.577 255.303 657.072 272.281 685.733 239.015 
555.547 126.157 574.026 165.99 606.199 136.107 587.72 96.274 
549.319 4.144 531.084 44.089 563.439 73.775 581.673 33.83 
488.051 -126.132 510.975 -88.681 553.677 -98.91 530.753 -136.361 
437.303 -197.416 439.718 -153.572 480.669 -169.417 478.255 -213.26 
405.083 -234.271 371.852 -205.57 388.879 -165.096 422.111 -193.797 
229.91 -197.227 240.11 -154.519 283.881 -151.023 273.681 -193.731 
233.697 -264.048 221.434 -221.8 265.322 -223.19 277.562 -265.36 
190.529 -298.258 168.667 -260.177 198.129 -227.617 220.031 -265.769 
-219.78 1.05 -234.053 42.575 -198.971 68.982 -184.697 27.457 
-275.61 64.612 -245.22 96.306 -205.686 77.197 -236.076 45.503 
-105.605 564.752 -63.133 575.893 -39.412 538.941 -81.885 527.8 
-57.826 578.803 -43.188 620.202 -8.339 593.487 -22.977 552.089 
419.807 576.594 446.388 611.544 471.414 575.464 444.833 540.513 
460.568 530.73 475.359 572.075 519.251 570.784 504.459 529.439 
606.214 79.691 625.086 119.339 668.625 113.644 649.754 73.995 
619.426 29.169 605.4 70.779 649.307 71.26 663.333 29.651 
328.905 -275.073 309.794 -235.54 317.568 -192.324 336.68 -231.857 
196.986 -309.138 231.102 -281.535 274.92 -279.1 240.833 -306.78 
89.813 -249.678 73.827 -208.782 110.799 -232.471 126.785 -273.367 
-205.24 -73.458 -190.842 -31.976 -154.811 -6.878 -169.209 -48.361 
-259.251 23.374 -276.022 63.955 -238.601 40.982 -221.83 0.401 
-258.529 138.15 -263.632 181.763 -242.127 220.046 -237.023 176.433 
-148.077 508.718 -166.167 548.728 -128.015 526.992 -109.925 486.981 
-105.604 564.747 -83.359 602.605 -43.109 620.156 -65.355 582.299 
7.686 634.369 50.386 644.607 90.948 627.791 48.248 617.553 
368.913 587.438 379.701 630.002 413.447 658.096 402.66 615.532 
446.387 611.545 489.448 602.948 519.232 570.683 476.171 579.28 
562.273 447.863 541.939 486.781 548.363 530.219 568.698 491.301 
616.103 178.886 659.977 180.675 696.523 156.334 652.65 154.545 
663.544 29.7 653.228 72.381 669.97 112.975 680.286 70.294 
554.315 -55.005 584.063 -22.707 627.114 -14.063 597.366 -46.361 
