150.125 242.493 136.952 284.38 180.861 283.964 194.033 242.076 
220.553 243.07 205.724 284.4 240.45 311.275 255.278 269.945 
229.061 213.904 264.357 240.026 300.106 214.529 264.81 188.408 
196.61 156.565 209.611 198.506 245.482 173.181 232.481 131.24 
130.109 170.056 140.925 212.614 184.741 215.478 173.925 172.921 
97.367 207.061 84.272 248.972 98.313 290.577 111.409 248.665 
152.877 317.801 190.442 340.538 234.197 336.853 196.632 314.116 
295.738 258.221 286.231 301.089 319.119 271.996 328.626 229.128 
259.965 107.568 272.32 149.703 307.083 176.529 294.728 134.394 
115.979 136.934 159.881 137.781 195.896 112.661 151.994 111.814 
9.763 95.902 37.445 129.988 78.416 114.194 50.734 80.108 
42.278 173.631 18.987 210.855 47.193 244.508 70.483 207.284 
-30.086 285.831 3.487 314.131 40.777 290.947 7.204 262.646 
19.586 329.406 24.595 373.029 64.536 354.786 59.527 311.162 
107.777 362.422 139.36 392.928 178.133 372.318 146.55 341.812 
182.11 416.048 193.176 458.541 230.169 434.885 219.103 392.393 
240.105 380.364 250.582 423.005 294.375 426.217 283.898 383.576 
308.097 314.5 318.897 357.06 356.038 333.636 345.236 291.075 
375.618 261.735 387.171 304.098 431.031 306.202 419.478 263.839 
385.308 199.539 370.896 241.017 414.797 241.907 429.209 200.429 
326.66 108.016 335.353 151.057 378.974 156.089 370.281 113.048 
327.284 33.564 312.796 75.015 356.695 75.985 371.183 34.534 
273.522 0.653 253.305 39.632 284.129 70.905 304.346 31.925 
167.591 37.299 144.299 74.522 186.897 85.172 210.19 47.949 
79.189 15.593 61.567 55.812 94.371 85.0 111.994 44.782 
-3.567 29.1 -31.547 62.94 10.981 52.009 38.961 18.169 
-51.476 231.79 -54.754 275.577 -26.365 242.079 -23.087 198.292 
-40.421 314.515 -35.147 358.107 -5.258 390.273 -10.532 346.681 
111.589 426.941 138.485 461.649 180.646 473.92 153.749 439.211 
224.304 478.401 268.038 482.337 305.731 459.815 261.998 455.879 
374.96 373.26 416.317 358.505 441.103 322.258 399.746 337.014 
473.398 198.034 453.356 237.104 460.107 280.492 480.149 241.422 
396.07 29.562 391.862 73.27 414.148 111.104 418.356 67.396 
289.63 -46.648 315.757 -11.357 357.639 1.837 331.511 -33.454 
81.582 -26.015 118.972 -2.992 162.754 -6.344 125.364 -29.367 
28.704 -126.61 17.288 -84.21 54.085 -60.25 65.501 -102.65 
-57.37 -48.854 -66.874 -5.985 -23.166 -10.194 -13.663 -53.063 
-104.37 16.865 -96.315 60.03 -64.427 90.217 -72.482 47.052 
-134.766 114.583 -130.892 158.321 -88.096 168.152 -91.971 124.413 
-170.82 194.158 -131.922 214.531 -88.479 208.149 -127.377 187.776 
-135.288 258.312 -169.123 286.3 -132.05 309.83 -98.215 281.843 
-118.129 351.475 -122.065 395.208 -81.687 412.464 -77.752 368.731 
-60.487 450.917 -17.149 457.981 22.064 438.222 -21.274 431.158 
17.601 481.904 9.501 525.061 53.048 519.428 61.148 476.272 
97.668 477.84 77.694 516.944 84.52 560.321 104.494 521.217 
160.711 513.043 137.42 550.267 165.624 583.921 188.915 546.697 
255.881 524.531 230.617 560.445 272.581 573.374 297.845 537.46 
339.635 487.718 341.361 531.595 365.754 495.083 364.028 451.207 
410.604 429.618 402.298 472.735 440.739 493.959 449.045 450.841 
420.024 402.258 454.513 429.436 498.39 431.152 463.901 403.974 
473.05 352.383 503.172 384.332 542.866 365.556 512.744 333.608 
542.794 230.208 516.803 265.599 542.431 301.255 568.422 265.863 
484.104 136.667 509.242 172.67 550.74 187.022 525.603 151.019 
483.263 88.361 520.347 111.876 554.17 83.874 517.087 60.36 
476.135 30.702 461.995 72.273 497.869 46.953 512.01 5.382 
429.32 -44.025 428.424 -0.124 470.453 -12.839 471.348 -56.74 
336.015 -105.949 358.397 -68.171 401.241 -77.783 378.86 -115.561 
230.191 -71.238 271.338 -86.567 295.617 -123.154 254.469 -107.825 
158.763 -129.181 167.427 -86.134 205.689 -107.676 197.027 -150.723 
104.553 -147.213 109.402 -103.571 138.976 -71.114 134.127 -114.756 
123.573 -183.149 148.463 -146.975 190.558 -159.467 165.669 -195.642 
-10.191 -212.7 -26.504 -171.933 17.309 -169.016 33.622 -209.783 
-113.949 -174.781 -105.439 -131.704 -61.84 -126.485 -70.35 -169.563 
-148.824 -118.488 -135.747 -76.57 -91.841 -76.054 -104.917 -117.971 
-170.167 31.412 -180.483 74.092 -136.703 70.715 -126.387 28.034 
-181.539 121.33 -188.951 164.61 -145.499 158.285 -138.087 115.005 
-251.834 264.606 -259.362 307.866 -220.545 328.393 -213.017 285.133 
-270.873 398.911 -231.726 418.801 -200.712 387.717 -239.859 367.827 
-194.977 431.25 -205.49 473.883 -161.695 470.707 -151.182 428.074 
-59.079 471.018 -69.764 513.608 -32.561 536.932 -21.875 494.342 
9.929 527.727 22.356 569.842 66.25 571.038 53.823 528.923 
122.769 658.546 163.075 675.967 192.099 643.016 151.792 625.596 
221.746 675.405 243.298 713.662 273.023 681.344 251.473 643.086 
297.321 609.65 294.142 653.445 334.811 670.001 337.99 626.207 
367.827 538.944 406.729 559.309 438.118 528.604 399.216 508.239 
460.214 452.848 446.929 494.7 490.839 494.402 504.124 452.55 
577.57 392.459 600.327 430.012 629.01 396.764 606.253 359.212 
621.833 301.294 645.016 338.585 687.646 328.062 664.464 290.77 
638.049 219.128 610.502 253.322 651.535 268.954 679.082 234.76 
547.319 127.246 566.623 166.686 598.167 136.14 578.864 96.701 
541.936 6.905 524.874 47.365 558.081 76.095 575.143 35.635 
482.376 -120.209 506.265 -83.366 548.687 -94.7 524.798 -131.543 
432.895 -191.411 435.617 -147.586 476.457 -163.718 473.734 -207.544 
401.06 -228.317 368.278 -199.102 385.933 -158.897 418.714 -188.112 
229.464 -185.672 240.272 -143.113 284.088 -140.241 273.28 -182.8 
230.286 -256.855 217.611 -214.728 261.511 -215.69 274.162 -257.738 
194.173 -290.574 172.55 -252.357 202.215 -219.983 223.878 -258.272 
-215.339 6.36 -226.649 48.789 -189.792 72.656 -178.482 30.228 
-265.405 73.197 -232.276 102.017 -194.63 79.416 -227.758 50.596 
-97.959 564.695 -55.175 574.571 -32.56 536.932 -75.345 527.056 
-49.955 577.249 -33.516 617.966 0.128 589.75 -16.31 549.033 
420.848 568.975 447.737 603.688 472.443 567.388 445.553 532.674 
458.573 524.185 475.662 564.633 519.412 560.879 502.322 520.431 
597.683 78.588 617.346 117.85 660.762 111.281 641.099 72.02 
607.923 31.12 597.083 73.671 640.901 70.831 651.741 28.28 
323.303 -268.86 306.671 -228.222 317.102 -185.569 333.734 -226.208 
196.338 -293.4 230.059 -265.314 273.837 -262.257 240.147 -290.419 
93.684 -243.645 77.009 -203.024 114.376 -226.086 131.051 -266.706 
-204.693 -64.571 -184.959 -25.345 -145.938 -5.209 -165.672 -44.435 
-251.219 31.653 -265.396 73.211 -229.498 47.923 -215.321 6.365 
-251.028 141.723 -256.649 185.272 -235.599 223.807 -229.978 180.259 
-141.457 509.673 -157.896 550.39 -120.665 527.112 -104.225 486.396 
-98.019 564.958 -74.327 601.928 -33.43 617.911 -57.122 580.941 
14.545 631.226 57.489 640.386 97.616 622.555 54.671 613.395 
368.983 581.744 381.829 623.733 416.902 650.152 404.056 608.163 
447.73 603.684 490.531 593.874 519.39 560.779 476.59 570.59 
557.669 440.419 538.469 479.909 546.149 523.143 565.348 483.653 
610.043 178.414 653.952 178.2 689.35 152.217 645.441 152.432 
651.643 28.259 642.715 71.252 660.763 111.281 669.691 68.288 
547.222 -50.815 577.43 -18.947 620.6 -10.921 590.392 -42.789 
