156.289 233.575 148.312 276.755 191.843 270.998 199.82 227.818 
216.921 228.049 207.789 270.998 245.814 292.956 254.947 250.007 
222.008 213.034 260.369 234.401 292.544 204.521 254.183 183.153 
191.032 164.008 209.638 203.781 241.714 173.795 223.109 134.022 
134.212 177.632 151.727 217.898 195.434 213.683 177.919 173.418 
113.528 196.243 106.135 239.527 125.596 278.889 132.989 235.606 
158.797 299.911 198.539 318.582 241.666 310.328 201.924 291.656 
278.631 246.167 273.546 289.782 303.295 257.486 308.381 213.871 
242.065 117.826 259.936 157.934 297.97 179.878 280.099 139.769 
126.85 159.523 170.188 152.457 201.096 121.267 157.758 128.333 
45.515 116.997 81.097 142.726 116.563 116.835 80.98 91.106 
50.484 174.204 35.97 215.646 70.899 242.256 85.413 200.814 
-7.461 260.786 28.431 286.079 63.579 259.759 27.686 234.465 
46.052 300.02 59.108 341.945 94.946 316.573 81.891 274.649 
120.528 352.262 156.925 376.825 191.534 349.8 155.137 325.237 
175.708 390.759 192.049 431.515 225.76 403.38 209.42 362.624 
225.904 351.311 241.856 392.22 285.694 389.69 269.741 348.78 
296.211 300.82 313.023 341.384 346.406 312.859 329.594 272.295 
348.251 257.826 364.84 298.482 408.633 295.268 392.044 254.612 
352.249 198.022 342.957 240.938 386.643 236.514 395.936 193.598 
304.464 116.855 320.096 157.888 363.951 155.7 348.319 114.667 
306.638 54.776 297.678 97.762 341.329 93.0 350.289 50.014 
254.597 30.66 243.581 73.166 280.602 96.778 291.618 54.272 
158.692 60.038 147.488 102.495 191.329 100.03 202.532 57.574 
99.962 35.114 87.364 77.178 123.477 102.158 136.075 60.094 
32.154 52.712 9.314 90.214 49.836 73.3 72.676 35.798 
-13.616 211.243 -16.377 255.066 11.615 221.236 14.376 177.413 
-14.586 294.879 -2.399 337.064 32.257 364.028 20.069 321.843 
115.409 391.127 141.005 426.806 182.683 440.627 157.088 404.948 
219.001 446.765 262.857 444.577 297.05 417.029 253.194 419.217 
347.666 356.752 389.219 342.559 414.494 306.652 372.941 320.845 
432.022 189.611 418.37 231.345 431.856 273.133 445.508 231.399 
368.819 47.013 366.413 90.857 390.237 127.741 392.643 83.897 
265.939 -9.384 297.47 21.176 340.942 27.366 309.411 -3.194 
104.493 14.537 143.858 33.991 187.14 26.59 147.775 7.137 
54.718 -89.086 46.715 -45.911 85.303 -24.958 93.306 -68.133 
-32.972 -9.443 -25.122 33.759 13.541 12.942 5.689 -30.26 
-66.078 49.589 -56.28 92.392 -23.195 121.262 -32.993 78.459 
-110.471 122.542 -91.806 162.286 -48.238 156.815 -66.903 117.071 
-120.871 205.878 -76.978 204.67 -42.178 177.892 -86.072 179.1 
-102.901 240.111 -124.047 278.594 -80.913 286.813 -59.767 248.33 
-89.905 329.792 -80.537 372.691 -36.842 377.036 -46.211 334.138 
-27.737 419.992 14.89 430.53 55.57 414.0 12.943 403.462 
35.712 453.163 32.877 496.981 75.427 486.137 78.262 442.319 
99.489 441.11 91.295 484.248 110.024 523.965 118.217 480.826 
153.719 473.629 143.913 516.43 181.59 538.982 191.395 496.181 
241.985 483.209 225.457 523.89 269.254 527.038 285.782 486.358 
328.967 447.184 329.437 491.092 354.864 455.293 354.394 411.386 
386.168 401.731 382.099 445.452 422.423 462.832 426.492 419.111 
389.942 386.463 429.991 404.469 472.974 395.497 432.926 377.491 
436.801 344.474 475.228 365.722 507.311 335.742 468.884 314.494 
491.877 224.104 474.46 264.412 507.412 293.433 524.83 253.125 
446.962 134.728 471.772 170.957 513.139 185.684 488.329 149.455 
449.096 105.259 489.271 122.98 518.541 90.248 478.365 72.526 
437.333 53.414 434.479 97.231 462.543 63.459 465.397 19.642 
397.433 -4.825 411.515 36.765 446.719 10.519 432.635 -31.071 
314.868 -54.938 347.318 -25.356 385.479 -47.076 353.029 -76.658 
221.043 -38.642 262.485 -53.158 287.479 -89.259 246.038 -74.744 
170.553 -87.676 192.703 -49.762 221.916 -82.543 199.767 -120.458 
114.813 -90.279 133.55 -50.567 172.05 -29.453 153.313 -69.165 
124.552 -131.737 157.066 -102.226 195.181 -124.03 162.666 -153.541 
-3.282 -161.697 -5.619 -117.849 36.805 -129.176 39.142 -173.024 
-91.574 -132.242 -79.79 -89.943 -35.919 -88.08 -47.704 -130.379 
-121.725 -81.73 -113.589 -38.581 -70.037 -32.985 -78.173 -76.135 
-110.373 50.546 -123.116 92.566 -79.215 91.701 -66.471 49.681 
-149.283 143.079 -141.744 186.337 -102.933 165.799 -110.471 122.542 
-210.304 272.671 -207.26 316.476 -164.658 327.117 -167.702 283.313 
-215.876 398.419 -173.713 410.683 -149.02 374.374 -191.182 362.11 
-152.454 418.149 -152.493 462.06 -110.72 448.527 -110.681 404.618 
-27.9 440.384 -32.48 484.055 7.638 501.906 12.218 458.235 
33.673 499.728 51.941 539.658 95.562 534.623 77.293 494.693 
142.877 617.409 185.582 627.625 208.495 590.167 165.79 579.951 
230.944 627.903 256.87 663.342 282.562 627.734 256.637 592.295 
290.29 565.58 297.272 608.931 340.659 615.687 333.677 572.336 
350.662 499.001 391.525 515.072 419.436 481.174 378.572 465.104 
436.21 419.506 429.576 462.912 472.908 455.809 479.542 412.403 
540.346 364.668 568.668 398.225 591.83 360.92 563.509 327.364 
580.029 282.789 606.387 317.908 647.932 303.693 621.575 268.574 
587.85 206.203 568.053 245.397 611.446 252.113 631.243 212.919 
504.408 131.822 527.594 169.112 555.894 135.538 532.709 98.248 
492.477 16.798 483.297 59.737 521.298 81.737 530.478 38.798 
439.307 -87.974 469.024 -55.647 508.952 -73.92 479.235 -106.247 
404.295 -155.509 409.829 -111.949 449.547 -130.673 444.013 -174.233 
369.725 -189.627 341.959 -155.61 365.731 -118.691 393.497 -152.708 
220.139 -138.009 237.237 -97.565 280.985 -101.329 263.888 -141.773 
212.359 -208.526 205.022 -165.151 248.461 -171.565 255.784 -214.86 
173.436 -228.797 166.104 -185.504 205.013 -165.152 212.359 -208.526 
-187.225 39.195 -189.95 83.02 -149.111 99.154 -146.387 55.329 
-217.927 116.864 -177.094 133.013 -149.117 99.169 -189.95 83.02 
-59.454 543.985 -16.906 554.831 6.558 517.715 -35.991 506.869 
-15.498 555.683 8.576 592.405 36.062 558.162 11.989 521.439 
413.521 524.684 439.591 560.016 465.138 524.303 439.067 488.97 
441.94 486.939 465.807 523.797 508.236 512.489 484.369 475.631 
549.953 78.248 573.048 115.594 615.703 105.17 592.608 67.824 
553.283 34.382 549.931 78.164 592.606 67.822 595.958 24.04 
291.486 -226.861 286.274 -183.262 307.684 -144.925 312.896 -188.525 
173.433 -228.791 212.359 -208.527 255.784 -214.859 216.872 -235.204 
95.672 -192.843 78.03 -152.633 115.938 -174.794 133.58 -215.004 
-189.939 -0.335 -149.487 16.746 -106.721 6.788 -147.173 -10.293 
-215.19 73.047 -217.917 116.872 -189.951 83.02 -187.223 39.195 
-212.054 159.581 -210.44 203.462 -183.343 238.013 -184.957 194.133 
-99.577 490.998 -105.898 534.451 -75.244 503.012 -68.923 459.559 
-59.454 543.984 -33.278 579.239 8.622 592.373 -17.556 557.119 
45.188 601.114 89.086 602.162 125.216 577.208 81.319 576.159 
356.065 540.968 376.985 579.574 416.602 598.51 395.682 559.904 
439.57 560.001 481.623 547.367 508.22 512.428 466.166 525.062 
524.765 398.977 512.696 441.195 527.748 482.445 539.817 440.226 
568.382 177.635 611.473 169.19 641.37 137.031 598.28 145.475 
595.909 24.034 592.614 67.821 615.686 105.181 618.98 61.395 
495.571 -32.099 530.393 -5.35 574.288 -4.179 539.465 -30.927 
