159.946 222.202 157.671 266.053 200.079 254.665 202.354 210.814 
212.143 210.047 210.65 253.932 251.925 268.914 253.419 225.029 
214.016 202.167 255.614 216.228 281.84 181.011 240.242 166.95 
181.723 161.738 206.841 197.755 233.333 162.737 208.216 126.721 
133.497 177.628 157.188 214.599 199.67 203.493 175.979 166.522 
123.141 186.872 121.562 230.753 146.078 267.183 147.657 223.301 
165.99 282.341 207.463 296.769 249.495 284.063 208.022 269.636 
268.113 222.718 267.485 266.624 293.799 231.473 294.428 187.567 
217.986 117.568 242.766 153.817 284.121 168.578 259.341 132.329 
129.599 168.463 171.695 155.972 198.409 121.123 156.313 133.614 
74.138 141.598 114.244 159.475 143.64 126.856 103.534 108.979 
71.956 171.294 68.879 215.096 109.586 231.558 112.663 187.756 
37.662 255.83 78.03 273.105 106.934 240.05 66.565 222.775 
80.078 274.79 101.645 313.038 131.357 280.707 109.789 242.458 
136.559 324.306 177.611 339.891 205.118 305.664 164.067 290.08 
182.277 343.164 205.34 380.53 233.749 347.049 210.687 309.683 
212.872 308.29 235.389 345.987 278.199 336.22 255.682 298.523 
274.304 270.816 298.699 307.325 325.883 272.842 301.488 236.332 
305.728 233.329 328.931 270.608 371.556 260.06 348.352 222.781 
308.466 186.455 304.871 230.218 347.603 220.114 351.198 176.351 
267.377 125.536 291.498 162.227 333.847 150.625 309.727 113.934 
268.42 76.394 265.645 120.217 308.18 109.314 310.956 65.492 
224.295 59.78 221.144 103.577 261.823 120.108 264.974 76.311 
153.759 79.324 151.895 123.195 194.195 111.41 196.058 67.54 
108.782 62.042 104.766 105.768 145.112 123.099 149.127 79.373 
74.559 93.069 67.906 136.472 98.8 105.268 105.452 61.865 
31.724 208.781 32.445 252.685 57.667 216.742 56.946 172.838 
36.262 259.565 58.621 297.356 98.923 314.787 76.563 276.996 
133.907 335.639 160.926 370.252 203.13 382.374 176.111 347.76 
207.734 382.421 250.41 372.08 278.856 338.63 236.18 348.971 
305.65 311.813 347.028 297.117 371.866 260.907 330.488 275.602 
355.689 176.493 352.069 220.253 374.861 257.785 378.482 214.024 
313.58 65.335 314.903 109.225 341.77 143.955 340.448 100.065 
227.339 51.359 266.896 70.42 310.103 62.59 270.546 43.529 
109.501 59.597 151.251 73.201 193.023 59.667 151.273 46.063 
80.568 2.691 101.497 41.292 144.677 33.316 123.748 -5.285 
38.518 49.091 62.296 86.005 90.056 51.983 66.277 15.069 
28.197 58.341 24.045 102.055 46.379 139.86 50.531 96.147 
-32.608 130.434 -6.636 165.839 35.062 152.079 9.091 116.674 
-21.268 218.655 19.857 203.266 44.082 166.644 2.957 182.033 
-20.464 220.652 -23.501 264.457 19.098 253.808 22.135 210.004 
-18.459 276.561 1.831 315.501 45.136 308.237 24.846 269.296 
14.798 339.979 56.122 354.828 98.281 342.551 56.957 327.703 
63.35 369.158 63.851 413.065 105.454 399.02 104.953 355.113 
121.172 351.597 122.194 395.495 148.824 430.409 147.802 386.51 
159.28 384.665 160.45 428.559 202.558 441.011 201.388 397.116 
214.077 396.74 209.019 440.358 252.065 431.69 257.123 388.072 
279.329 382.536 278.478 426.438 304.971 391.421 305.822 347.519 
317.775 345.755 318.15 389.663 360.025 402.875 359.65 358.967 
319.551 331.371 361.644 343.873 403.046 329.245 360.953 316.744 
362.581 303.824 404.851 315.716 429.223 279.19 386.953 267.298 
395.639 212.695 390.387 256.29 430.225 274.757 435.477 231.162 
373.203 153.042 397.615 189.541 438.818 204.721 414.406 168.222 
375.186 143.023 416.977 156.5 442.708 120.919 400.917 107.442 
360.707 93.798 363.177 137.638 386.948 100.718 384.477 56.878 
324.58 53.372 350.843 88.562 376.195 52.709 349.931 17.52 
274.819 27.046 314.382 46.095 344.723 14.355 305.16 -4.694 
213.361 29.022 255.858 17.972 283.743 -15.946 241.246 -4.897 
178.171 -9.298 205.621 24.975 229.733 -11.722 202.284 -45.995 
123.747 -5.286 151.991 28.336 194.602 38.936 166.359 5.314 
125.981 -35.069 166.042 -17.091 195.52 -49.635 155.46 -67.614 
26.454 -61.855 35.391 -18.865 73.516 -40.65 64.579 -83.64 
-17.984 -65.748 -8.321 -22.914 35.402 -18.867 25.74 -61.701 
-47.402 -2.86 -16.281 28.117 22.797 8.092 -8.324 -22.886 
-37.592 76.919 -37.188 120.827 4.446 106.874 4.042 62.966 
-69.18 168.748 -47.767 207.083 -17.926 174.872 -39.338 136.537 
-110.837 255.666 -100.178 298.263 -56.372 301.289 -67.031 258.692 
-123.346 335.622 -80.71 346.124 -57.546 308.821 -100.182 298.318 
-74.489 349.33 -56.636 389.448 -24.0 360.072 -41.852 319.955 
12.368 358.524 14.432 402.386 56.785 413.977 54.721 370.116 
67.701 421.444 91.848 458.119 134.189 446.487 110.043 409.813 
155.665 514.888 198.968 522.164 219.269 483.229 175.966 475.953 
199.097 522.231 225.631 557.217 250.705 521.17 224.171 486.184 
239.162 473.661 259.112 512.777 302.478 505.89 282.528 466.774 
291.83 433.318 333.997 445.567 358.677 409.25 316.51 397.0 
369.942 358.096 368.473 401.981 410.665 389.817 412.134 345.931 
451.997 316.733 481.944 348.846 503.232 310.441 473.285 278.328 
477.729 274.477 504.194 309.516 545.696 295.175 519.232 260.136 
477.823 213.684 470.943 257.052 514.314 250.194 521.195 206.827 
422.707 160.009 449.164 195.053 474.318 159.061 447.86 124.017 
405.479 52.592 403.495 96.457 444.601 111.899 446.584 68.034 
361.584 -26.505 392.052 5.115 431.54 -14.09 401.072 -45.71 
357.901 -74.01 360.011 -30.15 401.071 -45.71 398.962 -89.569 
313.587 -96.096 303.308 -53.407 340.732 -30.439 351.011 -73.128 
209.268 -52.349 235.156 -16.883 276.886 -30.544 250.998 -66.011 
202.242 -115.027 199.23 -71.138 241.822 -81.815 244.829 -125.622 
161.503 -131.343 158.495 -87.536 199.229 -71.139 202.242 -115.027 
-98.538 66.064 -100.997 109.905 -60.062 125.792 -57.602 81.951 
-128.759 143.928 -87.824 159.816 -60.064 125.794 -100.999 109.906 
-13.776 454.507 27.475 469.551 54.531 434.967 13.279 419.922 
27.476 469.552 52.004 505.973 79.063 471.39 54.535 434.97 
349.657 452.223 374.248 488.601 401.247 453.971 376.655 417.593 
376.655 417.592 401.247 453.971 443.443 441.825 418.852 405.446 
461.991 109.154 485.868 146.006 528.294 134.686 504.417 97.835 
464.337 65.305 461.991 109.153 504.417 97.834 506.763 53.987 
266.876 -131.545 266.854 -87.635 292.646 -52.098 292.668 -96.008 
161.503 -131.342 202.242 -115.026 244.829 -125.622 204.095 -142.019 
99.394 -91.914 91.258 -48.764 123.203 -78.891 131.339 -122.041 
-98.676 53.207 -55.172 59.169 -16.473 38.421 -59.976 32.459 
-126.298 100.086 -128.758 143.927 -100.998 109.905 -98.538 66.064 
-128.895 175.349 -110.083 215.025 -71.543 236.067 -90.355 196.39 
-37.586 401.827 -38.307 445.731 -11.918 410.636 -11.197 366.731 
-13.776 454.506 10.753 490.926 52.004 505.972 27.475 469.552 
79.69 515.296 122.33 504.81 150.663 471.264 108.023 481.75 
291.909 458.085 316.739 494.3 358.114 509.003 333.284 472.788 
374.248 488.601 416.445 476.454 443.443 441.824 401.247 453.971 
439.29 338.418 436.802 382.257 460.557 419.187 463.046 375.348 
473.077 202.954 515.247 190.715 542.17 156.027 500.0 168.266 
506.762 53.987 504.417 97.835 528.294 134.686 530.638 90.839 
407.052 22.358 447.428 39.617 490.238 29.848 449.862 12.588 
