156.884 231.361 149.649 274.671 193.075 268.168 200.31 224.858 
215.708 225.067 207.42 268.188 245.869 289.396 254.157 246.275 
220.134 212.203 258.94 232.752 290.473 202.196 251.668 181.647 
189.569 164.641 209.068 203.984 240.46 173.282 220.962 133.939 
134.546 178.069 153.014 217.906 196.608 212.653 178.14 172.815 
116.328 193.777 109.738 237.19 129.924 276.185 136.514 232.772 
159.018 295.883 199.022 313.989 242.027 305.123 202.024 287.018 
275.081 243.319 270.58 286.997 299.895 254.306 304.395 210.627 
238.237 119.304 257.022 158.992 295.548 180.059 276.764 140.371 
128.234 162.153 171.425 154.236 201.714 122.444 158.523 130.361 
51.067 120.656 87.297 145.465 122.087 118.675 85.857 93.866 
53.112 173.023 39.832 214.877 75.534 240.44 88.813 198.586 
-1.695 258.112 34.898 282.381 69.288 255.078 32.694 230.809 
51.587 295.262 65.911 336.771 100.962 310.321 86.637 268.813 
121.87 348.933 158.983 372.4 192.771 344.355 155.657 320.888 
175.511 384.73 192.881 425.059 225.867 396.077 208.499 355.749 
223.822 345.081 240.675 385.628 284.446 382.127 267.592 341.581 
293.476 297.743 311.343 337.854 343.969 308.467 326.102 268.356 
342.62 255.762 360.228 295.987 403.925 291.672 386.318 251.447 
345.902 196.531 337.383 239.607 380.983 234.398 389.502 191.322 
299.798 118.114 316.689 158.645 360.456 155.104 343.565 114.573 
301.493 57.502 293.544 100.687 337.071 94.902 345.021 51.718 
249.823 34.632 240.004 77.43 277.673 99.994 287.493 57.196 
156.914 62.09 147.304 104.935 191.023 100.835 200.633 57.989 
103.282 37.622 91.812 80.008 128.578 104.014 140.049 61.629 
37.809 57.378 16.823 95.948 56.472 77.08 77.459 38.51 
-6.865 209.239 -9.369 253.077 18.424 219.083 20.929 175.244 
-8.31 290.192 5.32 331.933 40.882 357.69 27.251 315.949 
116.669 384.131 142.286 419.795 183.973 433.59 158.356 397.927 
217.72 439.224 261.501 435.852 294.937 407.39 251.157 410.762 
342.379 352.348 383.943 338.188 409.247 302.302 367.682 316.462 
422.975 187.598 410.722 229.764 425.593 271.079 437.847 228.914 
362.619 48.87 360.687 92.738 384.909 129.363 386.84 85.495 
260.315 -2.456 293.034 26.827 336.717 31.286 303.998 2.003 
107.224 23.1 147.004 41.692 190.115 33.352 150.335 14.76 
58.191 -80.068 53.982 -36.36 94.25 -18.85 98.459 -62.558 
-25.254 -1.87 -13.317 40.386 23.182 15.975 11.245 -26.281 
-56.108 50.236 -48.125 93.414 -16.289 123.654 -24.271 80.476 
-102.936 124.164 -82.524 163.041 -39.242 155.642 -59.653 116.765 
-109.253 208.039 -65.59 203.384 -33.002 173.955 -76.665 178.609 
-95.174 235.832 -113.481 275.744 -69.865 280.821 -51.559 240.909 
-81.94 323.038 -70.567 365.449 -26.716 367.738 -38.09 325.326 
-22.234 411.418 20.202 422.7 61.165 406.883 18.729 395.602 
38.297 444.368 35.882 488.211 78.326 476.959 80.741 433.116 
99.974 431.536 93.86 475.018 114.473 513.79 120.587 470.307 
152.259 463.959 144.445 507.169 183.125 527.952 190.939 484.743 
238.151 473.039 223.341 514.376 267.232 515.687 282.042 474.35 
324.856 439.529 325.001 483.439 350.692 447.83 350.547 403.92 
379.576 395.868 376.086 439.639 416.636 456.484 420.126 412.713 
382.7 382.081 423.402 398.556 466.015 387.96 425.313 371.485 
428.677 341.679 468.003 361.213 498.733 329.848 459.408 310.314 
480.294 222.606 464.702 263.654 498.923 291.168 514.515 250.119 
439.159 135.247 463.85 171.558 505.169 186.42 480.477 150.11 
441.493 108.655 481.998 125.61 510.64 92.327 470.135 75.372 
428.964 57.616 427.727 101.508 454.527 66.726 455.764 22.833 
389.996 2.259 406.146 43.091 439.989 15.113 423.838 -25.719 
309.634 -44.613 343.655 -16.851 380.57 -40.627 346.55 -68.389 
219.896 -32.296 261.496 -46.35 286.889 -82.172 245.289 -68.118 
171.972 -79.169 195.594 -42.153 223.497 -76.057 199.876 -113.072 
116.12 -79.47 136.458 -40.553 175.785 -21.023 155.448 -59.94 
124.058 -121.102 157.867 -93.083 194.962 -116.579 161.154 -144.598 
-0.729 -150.588 -0.368 -106.679 41.28 -120.591 40.919 -164.5 
-84.772 -123.11 -70.688 -81.52 -26.781 -82.063 -40.865 -123.653 
-111.861 -76.264 -105.69 -32.79 -62.437 -25.225 -68.608 -68.699 
-104.042 53.735 -115.175 96.21 -71.338 93.673 -60.205 51.198 
-140.808 146.385 -131.377 189.271 -93.506 167.05 -102.935 124.164 
-200.268 271.533 -195.011 315.127 -151.926 323.599 -157.183 280.004 
-204.218 393.873 -161.717 404.906 -138.089 367.894 -180.591 356.861 
-143.428 411.478 -140.974 455.32 -100.037 439.437 -102.491 395.596 
-22.811 431.529 -26.102 475.316 14.524 491.977 17.816 448.191 
37.143 492.191 56.595 531.557 100.045 525.223 80.594 485.856 
144.801 606.757 187.796 615.673 209.563 577.538 166.568 568.621 
229.631 616.592 256.174 651.572 281.239 615.519 254.697 580.539 
285.929 555.416 294.8 598.421 338.441 603.272 329.57 560.268 
345.457 491.426 386.614 506.729 413.886 472.316 372.729 457.012 
429.851 412.866 424.306 456.424 467.446 448.238 472.992 404.68 
531.193 359.421 560.365 392.24 582.563 354.354 553.391 321.535 
569.995 280.393 596.833 315.147 638.179 300.363 611.341 265.609 
576.287 205.223 558.148 245.212 601.785 250.105 619.923 210.116 
495.569 133.57 519.387 170.459 547.111 136.408 523.294 99.519 
482.478 19.264 474.654 62.472 513.33 83.264 521.153 40.056 
429.749 -81.426 460.421 -50.005 499.783 -69.465 469.111 -100.887 
399.025 -146.997 405.123 -103.513 444.595 -122.75 438.497 -166.234 
363.751 -180.277 337.398 -145.154 362.658 -109.237 389.011 -144.36 
218.302 -129.105 236.774 -89.27 280.368 -94.529 261.896 -134.364 
210.303 -198.456 203.833 -154.943 247.135 -162.222 253.594 -205.654 
170.983 -217.943 164.519 -174.512 203.828 -154.943 210.303 -198.456 
-178.928 43.079 -181.009 86.94 -139.938 102.473 -137.857 58.612 
-208.483 121.194 -167.416 136.738 -139.942 102.484 -181.009 86.94 
-53.23 535.465 -10.972 547.394 13.431 510.889 -28.828 498.961 
-10.157 547.924 14.574 584.208 41.44 549.476 16.709 513.192 
408.794 515.93 434.497 551.531 460.413 516.084 434.71 480.483 
436.401 479.292 460.8 515.799 503.061 503.876 478.662 467.368 
540.26 79.654 563.656 116.812 606.225 106.044 582.829 68.886 
543.214 35.789 540.244 79.599 582.827 68.886 585.798 25.076 
287.447 -217.112 283.379 -173.391 305.787 -135.629 309.854 -179.35 
170.98 -217.94 210.303 -198.457 253.594 -205.654 214.283 -225.218 
95.167 -181.902 78.25 -141.382 115.754 -164.22 132.671 -204.74 
-181.437 7.817 -140.089 22.596 -97.95 10.249 -139.298 -4.53 
-206.393 77.34 -208.475 121.201 -181.01 86.94 -178.928 43.079 
-203.629 161.571 -199.954 205.328 -171.262 238.567 -174.937 194.811 
-91.691 482.545 -96.601 526.179 -66.981 493.764 -62.071 450.13 
-53.23 535.465 -27.225 570.846 14.61 584.183 -11.396 548.803 
49.586 592.624 93.493 592.117 128.717 565.899 84.81 566.406 
350.552 531.782 372.417 569.86 412.489 587.814 390.624 549.736 
434.479 551.518 476.511 538.814 503.05 503.831 461.017 516.535 
516.463 391.461 505.66 434.021 521.938 474.803 532.74 432.243 
558.704 178.761 601.592 169.339 630.751 136.509 587.864 145.93 
585.758 25.072 582.831 68.884 606.215 106.05 609.142 62.238 
485.044 -28.104 520.66 -2.421 564.57 -2.578 528.954 -28.261 
