146.824 241.26 131.465 282.397 175.334 284.292 190.693 243.156 
221.744 244.267 204.75 284.755 238.004 313.429 254.999 272.941 
231.164 213.315 265.507 240.677 302.142 216.47 267.799 189.108 
197.85 154.043 209.63 196.343 246.219 172.068 234.44 129.768 
129.49 167.059 138.337 210.069 181.975 214.946 173.128 171.936 
94.915 203.538 80.36 244.966 92.935 287.037 107.491 245.609 
150.525 320.522 187.197 344.673 231.061 342.657 194.389 318.506 
298.771 260.25 287.337 302.645 321.506 275.067 332.94 232.672 
264.576 103.249 275.307 145.827 309.015 173.967 298.285 131.388 
113.586 129.614 157.355 133.124 194.829 110.237 151.059 106.727 
5.948 89.544 31.444 125.294 73.323 112.093 47.827 76.343 
38.471 168.638 12.826 204.281 38.799 239.685 64.444 204.042 
-35.923 285.781 -1.805 313.421 35.026 289.513 0.907 261.873 
16.596 329.369 20.204 373.131 60.709 356.177 57.101 312.415 
103.716 365.038 134.009 396.825 173.602 377.837 143.309 346.05 
182.798 420.773 193.225 463.428 230.569 440.33 220.143 397.676 
243.09 384.888 252.014 427.881 295.661 432.678 286.737 389.685 
310.518 317.58 319.582 360.544 357.643 338.646 348.577 295.682 
380.955 261.873 391.598 304.474 435.403 307.516 424.759 264.915 
392.467 198.537 376.335 239.376 420.161 242.098 436.292 201.259 
331.748 105.578 338.525 148.962 381.879 155.922 375.102 112.539 
329.487 27.103 313.962 68.177 357.823 70.249 373.348 29.175 
275.754 -7.852 253.143 29.789 281.956 62.925 304.566 25.283 
170.066 30.087 143.819 65.289 185.409 79.374 211.656 44.172 
75.551 10.129 58.453 50.573 91.635 79.332 108.733 38.887 
-7.906 21.975 -37.674 54.255 5.382 45.637 35.15 13.358 
-59.214 231.488 -62.719 275.258 -34.157 241.907 -30.653 198.137 
-45.63 316.13 -41.285 359.825 -12.087 392.62 -16.432 348.925 
110.74 434.062 138.283 468.26 180.667 479.737 153.124 445.539 
225.067 483.894 268.672 489.068 306.989 467.623 263.384 462.449 
380.809 375.948 422.074 360.938 446.636 324.54 405.371 339.55 
481.635 199.797 460.175 238.106 465.33 281.712 486.79 243.404 
400.626 22.986 396.197 66.672 418.292 104.618 422.721 60.932 
293.225 -56.195 317.972 -19.922 359.313 -5.123 334.566 -41.395 
77.765 -33.766 114.625 -9.904 158.472 -12.265 121.611 -36.127 
21.827 -132.857 11.971 -90.067 49.621 -67.471 59.477 -110.261 
-62.862 -55.608 -73.139 -12.918 -29.362 -16.336 -19.086 -59.026 
-109.966 10.996 -104.839 54.605 -75.059 86.873 -80.186 43.263 
-140.88 111.374 -139.713 155.269 -97.605 167.722 -98.773 123.828 
-179.669 190.396 -143.59 215.425 -99.691 214.466 -135.77 189.438 
-142.926 259.33 -176.865 287.191 -139.88 310.86 -105.941 282.999 
-123.677 351.671 -129.127 395.241 -89.372 413.887 -83.923 370.317 
-68.878 452.721 -25.516 459.637 13.63 439.744 -29.732 432.828 
12.989 483.649 2.494 526.287 46.288 523.092 56.783 480.455 
96.946 483.072 74.326 520.707 78.147 564.451 100.768 526.816 
161.196 519.094 134.99 554.326 160.4 590.137 186.606 554.905 
256.051 531.125 229.138 565.82 270.452 580.695 297.365 545.999 
339.419 497.226 341.001 541.108 365.514 504.677 363.931 460.795 
414.619 434.708 404.56 477.451 442.101 500.226 452.161 457.484 
425.607 404.706 458.518 433.774 502.23 437.947 469.319 408.878 
480.034 353.047 507.544 387.271 548.594 371.683 521.084 337.459 
551.798 232.051 524.278 266.268 548.316 303.014 575.836 268.797 
492.3 138.252 517.381 174.295 558.857 188.712 533.776 152.669 
488.573 82.933 524.412 108.304 559.616 82.059 523.777 56.688 
482.943 24.249 466.447 64.942 503.712 41.717 520.208 1.023 
434.795 -52.868 430.53 -9.166 473.412 -18.615 477.676 -62.317 
340.147 -115.128 360.978 -76.474 404.177 -84.341 383.346 -122.995 
233.247 -81.458 274.681 -95.997 299.655 -132.113 258.222 -117.574 
156.002 -136.661 160.82 -93.016 200.839 -111.085 196.022 -154.73 
100.773 -156.811 103.303 -112.974 131.117 -78.996 128.587 -122.833 
119.16 -190.79 144.647 -155.033 186.53 -168.223 161.043 -203.98 
-14.021 -220.915 -33.748 -181.686 9.657 -175.047 29.385 -214.276 
-121.265 -182.286 -111.493 -139.477 -67.759 -135.542 -77.531 -178.351 
-153.895 -125.752 -142.32 -83.395 -98.46 -81.314 -110.034 -123.672 
-182.567 27.694 -195.103 69.777 -151.206 68.695 -138.67 26.613 
-188.736 116.292 -197.85 159.246 -154.182 154.64 -145.068 111.687 
-258.549 260.688 -267.719 303.63 -229.712 325.621 -220.543 282.679 
-280.327 395.519 -241.77 416.529 -209.873 386.351 -248.431 365.341 
-202.789 429.685 -214.246 472.074 -170.392 469.872 -158.934 427.483 
-67.211 473.405 -78.024 515.963 -40.89 539.397 -30.077 496.839 
3.112 531.085 14.317 573.541 58.158 576.004 46.953 533.547 
116.289 663.673 155.948 682.521 186.129 650.627 146.47 631.779 
216.906 681.945 237.269 720.848 267.975 689.459 247.612 650.556 
295.515 616.749 290.412 660.361 330.314 678.69 335.416 635.078 
370.015 548.355 408.413 569.655 440.536 539.719 402.138 518.418 
464.229 459.947 449.498 501.313 493.391 502.54 508.122 461.174 
583.682 398.083 605.113 436.408 634.94 404.183 613.509 365.858 
628.968 305.885 651.384 343.643 694.221 333.992 671.804 296.234 
646.672 222.786 617.798 255.868 658.184 273.105 687.057 240.023 
557.414 125.913 575.66 165.853 608.007 136.158 589.761 96.218 
550.704 3.373 532.294 43.237 564.519 73.064 582.928 33.2 
489.081 -127.547 511.79 -89.965 554.55 -99.948 531.841 -137.53 
438.172 -198.867 440.513 -155.019 481.491 -170.795 479.15 -214.643 
405.683 -235.63 372.363 -207.031 389.265 -166.505 422.585 -195.103 
229.74 -199.665 239.876 -156.941 283.641 -153.378 273.506 -196.102 
234.07 -265.542 221.894 -223.269 265.78 -224.75 277.932 -266.945 
188.999 -299.359 167.5 -261.072 197.27 -228.794 218.808 -267.152 
-220.649 -0.111 -235.552 41.193 -200.876 68.13 -185.972 26.827 
-277.85 63.387 -247.873 95.473 -208.094 76.879 -238.071 44.793 
-107.26 564.75 -64.865 576.184 -40.889 539.397 -83.285 527.963 
-59.512 579.162 -45.3 620.709 -10.178 594.355 -24.39 552.808 
419.538 578.283 446.018 613.31 471.148 577.302 444.667 542.275 
461.037 532.226 475.266 573.767 519.17 573.071 504.941 531.53 
608.055 80.125 626.772 119.847 670.333 114.321 651.616 74.6 
621.866 28.476 607.129 69.839 651.022 71.073 665.759 29.71 
329.861 -276.415 310.193 -237.156 317.357 -193.835 337.024 -233.094 
196.063 -312.251 230.472 -285.013 274.313 -283.046 239.933 -310.361 
88.884 -250.839 73.073 -209.874 109.943 -233.722 125.754 -274.687 
-205.548 -75.081 -191.938 -33.334 -156.388 -7.559 -169.999 -49.307 
-261.703 21.549 -278.704 62.034 -241.153 39.274 -224.152 -1.212 
-260.164 137.628 -265.098 181.26 -243.443 219.459 -238.509 175.827 
-149.454 508.467 -167.914 548.308 -129.562 526.926 -111.102 487.085 
-107.258 564.743 -85.324 602.782 -45.22 620.664 -67.155 582.625 
6.238 635.081 48.894 645.502 89.528 628.86 46.873 618.439 
368.817 588.636 379.163 631.309 412.616 659.751 402.27 617.078 
446.018 613.31 489.138 605.022 519.152 572.97 476.031 581.259 
563.196 449.485 542.656 488.295 548.851 531.766 569.391 492.956 
617.313 179.071 661.164 181.337 697.973 157.396 654.122 155.129 
666.537 29.895 656.008 72.524 672.547 113.2 683.076 70.571 
555.601 -56.051 585.282 -23.691 628.315 -14.958 598.634 -47.317 
