155.443 236.329 146.46 279.311 190.114 274.572 199.097 231.591 
218.3 231.856 208.104 274.566 245.573 297.461 255.769 254.751 
224.278 213.59 262.008 236.051 295.029 207.108 257.298 184.647 
192.979 162.547 210.248 202.919 243.307 174.019 226.038 133.647 
133.599 176.514 149.765 217.34 193.588 214.581 177.422 173.755 
109.598 199.602 101.07 242.676 119.49 282.536 128.018 239.462 
158.383 304.923 197.752 324.369 241.033 316.961 201.663 297.515 
283.338 249.432 277.433 292.944 307.785 261.212 313.689 217.701 
246.794 115.925 263.516 156.526 300.91 179.544 284.188 138.943 
124.48 154.797 168.041 149.278 200.04 119.209 156.478 124.727 
36.946 110.812 71.226 138.252 107.917 114.13 73.637 86.689 
47.703 175.33 31.475 216.131 65.265 244.173 81.493 203.372 
-14.545 265.451 20.422 292.008 56.486 266.958 21.518 240.4 
38.723 307.116 50.024 349.547 86.887 325.688 75.586 283.257 
118.635 356.022 154.068 381.956 189.683 356.272 154.249 330.337 
176.688 398.215 191.723 439.471 226.313 412.424 211.28 371.168 
229.125 359.226 243.883 400.581 287.775 399.325 273.018 357.969 
299.691 304.369 315.114 345.481 349.448 318.108 334.024 276.996 
355.512 259.796 370.824 300.95 414.696 299.105 399.384 257.951 
360.547 199.37 350.229 242.05 394.009 238.674 404.327 195.994 
310.349 115.023 324.377 156.631 368.284 156.147 354.256 114.538 
312.96 50.69 302.646 93.371 346.425 89.991 356.74 47.31 
260.393 24.742 247.574 66.739 283.555 91.908 296.374 49.911 
161.044 56.018 147.322 97.73 191.232 97.89 204.953 56.179 
94.948 30.982 80.711 72.52 115.817 98.896 130.054 57.358 
25.049 45.591 0.131 81.747 41.542 67.143 66.459 30.987 
-23.107 214.615 -26.198 258.416 2.048 224.797 5.139 180.996 
-22.529 301.127 -12.191 343.802 21.257 372.251 10.918 329.575 
114.186 400.328 139.815 435.983 181.507 449.764 155.877 414.109 
220.887 455.997 264.792 455.3 299.901 428.93 255.997 429.627 
354.58 361.718 396.12 347.488 421.363 311.558 379.823 325.789 
443.279 191.871 427.939 233.015 439.713 275.317 455.053 234.173 
376.433 44.081 373.504 87.893 396.887 125.06 399.815 81.247 
272.775 -18.413 302.859 13.572 345.997 21.766 315.914 -10.219 
99.417 2.794 138.197 23.39 181.677 17.258 142.897 -3.338 
50.555 -100.396 38.509 -58.17 74.945 -33.665 86.991 -75.891 
-40.599 -21.138 -39.728 22.763 1.756 8.369 0.885 -35.533 
-77.058 45.883 -65.827 88.333 -31.79 116.074 -43.021 73.624 
-119.495 120.505 -103.546 161.416 -59.709 158.889 -75.658 117.978 
-135.796 202.708 -92.05 206.495 -54.433 183.845 -98.179 180.058 
-112.093 245.564 -137.296 281.52 -95.311 294.379 -70.108 258.423 
-99.365 338.102 -92.955 381.541 -49.661 388.868 -56.07 345.429 
-35.493 430.43 7.368 439.971 47.651 422.496 4.79 412.955 
32.139 463.574 28.699 507.349 71.395 497.093 74.834 453.318 
99.191 452.652 88.163 495.155 104.223 536.023 115.252 493.52 
155.883 485.422 143.134 527.44 179.157 552.549 191.906 510.531 
246.986 495.438 228.26 535.155 271.82 540.691 290.546 500.974 
333.506 457.193 334.456 501.092 359.49 465.018 358.541 421.119 
393.642 409.275 388.82 452.919 428.838 470.993 433.66 427.348 
398.513 391.333 437.492 411.549 480.91 404.993 441.93 384.777 
446.737 347.395 483.67 371.145 517.671 343.359 480.738 319.609 
506.163 225.675 486.423 264.897 517.626 295.792 537.366 256.569 
456.743 134.5 481.706 170.624 523.135 185.176 498.172 149.052 
458.586 101.288 498.241 120.146 528.43 88.26 488.775 69.402 
447.797 48.144 442.456 91.728 472.396 59.607 477.737 16.023 
406.443 -14.2 417.415 28.317 454.461 4.743 443.488 -37.774 
321.003 -68.468 351.097 -36.491 390.807 -55.231 360.713 -87.207 
222.621 -46.337 263.863 -61.41 288.369 -97.845 247.126 -82.773 
168.665 -98.664 188.255 -59.366 219.575 -90.141 199.986 -129.439 
113.241 -104.99 129.294 -64.119 166.304 -40.489 150.251 -81.36 
125.621 -145.42 156.23 -113.936 195.631 -133.318 165.023 -164.801 
-5.78 -175.677 -11.749 -132.174 31.469 -139.941 37.438 -183.443 
-98.689 -144.415 -90.095 -101.354 -46.486 -96.221 -55.08 -139.281 
-133.072 -88.919 -122.085 -46.406 -78.257 -43.719 -89.245 -86.232 
-121.033 46.465 -134.065 88.397 -90.159 87.833 -77.127 45.901 
-159.553 138.491 -154.826 182.146 -114.769 164.16 -119.495 120.505 
-222.673 273.365 -222.577 317.275 -180.787 330.753 -180.882 286.843 
-231.156 402.648 -189.551 416.689 -163.34 381.46 -204.945 367.419 
-164.158 425.362 -167.38 469.154 -124.736 458.686 -121.513 414.894 
-35.044 451.341 -41.438 494.783 -2.098 514.288 4.296 470.846 
29.024 508.618 45.673 549.25 89.461 545.971 72.812 505.34 
139.556 630.235 181.799 642.22 206.251 605.748 164.008 593.763 
231.136 641.924 256.161 678.005 282.743 643.056 257.72 606.975 
294.543 578.263 298.997 621.946 341.919 631.208 337.465 587.525 
356.366 508.817 396.782 525.982 425.595 492.848 385.179 475.683 
443.559 428.079 435.398 471.224 478.953 465.652 487.114 422.507 
551.263 371.638 578.355 406.194 602.848 369.75 575.756 335.194 
592.069 286.687 617.733 322.316 659.549 308.918 633.885 273.289 
602.022 208.447 580.104 246.496 623.063 255.584 644.981 217.535 
515.473 130.215 537.76 168.048 566.855 135.161 544.568 97.327 
505.377 14.194 494.308 56.686 531.3 80.344 542.369 37.852 
451.284 -96.298 479.608 -62.744 520.272 -79.313 491.948 -112.867 
411.596 -165.561 416.34 -121.908 456.39 -139.909 451.646 -183.562 
377.972 -200.665 348.573 -168.049 370.508 -130.011 399.907 -162.627 
222.919 -148.886 238.135 -107.697 282.01 -109.441 266.794 -150.63 
215.839 -221.446 206.798 -178.393 250.456 -183.089 259.481 -226.062 
177.752 -243.248 168.705 -200.28 206.775 -178.398 215.838 -221.446 
-196.822 33.406 -200.691 77.146 -160.288 94.342 -156.419 50.602 
-229.712 110.173 -189.392 127.562 -160.394 94.589 -200.714 77.2 
-68.198 553.296 -25.309 562.707 -3.104 524.825 -45.994 515.414 
-22.849 564.044 -0.088 601.595 28.591 568.344 5.83 530.793 
417.96 536.089 444.476 571.089 469.569 535.055 443.052 500.055 
447.863 496.66 470.704 534.162 513.429 524.028 490.588 486.526 
562.271 77.277 584.773 114.984 627.587 105.237 605.086 67.53 
566.395 33.312 562.212 77.022 605.076 67.493 609.258 23.782 
298.261 -238.665 290.891 -195.378 310.371 -156.026 317.741 -199.313 
177.745 -243.237 215.839 -221.449 259.481 -226.058 221.404 -247.926 
96.519 -206.789 78.12 -166.919 116.44 -188.36 134.839 -228.229 
-199.272 -12.448 -160.671 8.483 -117.14 2.728 -155.74 -18.203 
-225.732 66.452 -229.702 110.182 -200.786 77.137 -196.817 33.407 
-222.323 156.607 -223.444 200.503 -198.55 236.675 -197.429 192.779 
-110.164 500.106 -118.758 543.166 -86.496 513.38 -77.902 470.32 
-68.198 553.296 -41.952 588.499 -0.027 601.552 -26.273 566.349 
38.881 611.031 82.68 614.159 119.953 590.945 76.154 587.818 
361.749 552.454 381.16 591.84 420.016 612.293 400.604 572.907 
444.452 571.072 486.585 558.709 513.406 523.941 471.272 536.304 
534.539 409.062 520.74 450.747 534.078 492.582 547.878 450.897 
580.14 177.014 623.511 170.157 654.569 139.116 611.198 145.973 
609.199 23.775 605.141 67.497 627.558 105.254 631.616 61.532 
509.217 -36.818 542.888 -8.634 586.695 -5.624 553.024 -33.808 
