159.802 223.103 155.852 266.835 198.665 257.078 202.615 213.346 
211.921 213.178 208.046 256.917 248.446 274.118 252.322 230.38 
214.262 205.238 255.017 221.583 283.155 187.874 242.4 171.529 
184.471 163.439 207.72 200.689 235.962 167.068 212.715 129.817 
135.32 177.37 157.364 215.346 200.293 206.116 178.249 168.14 
124.367 186.376 121.066 230.162 144.132 267.526 147.433 223.74 
162.329 281.729 203.369 297.345 245.749 285.855 204.709 270.24 
266.705 228.584 264.873 272.456 292.141 238.039 293.973 194.167 
222.729 121.444 245.572 158.944 286.095 175.855 263.252 138.355 
131.792 168.156 174.304 157.164 202.237 123.284 159.724 134.276 
67.214 134.513 105.984 155.128 137.571 124.626 98.801 104.01 
64.632 169.893 57.79 213.267 96.926 233.178 103.769 189.804 
23.581 254.554 62.977 273.943 93.592 242.466 54.195 223.077 
72.128 280.773 91.343 320.256 122.956 289.782 103.742 250.298 
129.983 333.125 169.974 351.26 199.579 318.831 159.589 300.696 
178.969 357.603 200.47 395.889 230.238 363.61 208.738 325.324 
217.333 319.331 237.971 358.089 281.209 350.437 260.571 311.679 
281.489 280.635 303.969 318.354 332.895 285.318 310.414 247.599 
319.278 241.007 340.838 279.26 383.881 270.576 362.321 232.323 
321.879 188.308 316.461 231.882 359.577 223.57 364.995 179.995 
279.535 121.849 301.54 159.847 344.478 150.661 322.473 112.663 
281.078 69.703 276.761 113.4 319.654 104.003 323.971 60.306 
231.636 51.146 226.154 94.712 265.894 113.388 271.376 69.822 
154.204 71.412 150.077 115.128 192.928 105.544 197.056 61.828 
108.256 51.89 101.984 95.35 141.378 114.745 147.65 71.285 
62.044 79.629 50.868 122.093 84.87 94.308 96.046 51.844 
17.838 206.684 17.214 250.589 43.525 215.436 44.149 171.53 
19.143 271.39 38.955 310.576 78.017 330.633 58.204 291.446 
126.118 353.436 152.626 388.443 194.647 401.183 168.139 366.177 
212.9 403.95 256.014 395.629 286.003 363.555 242.888 371.877 
320.172 327.344 361.595 312.776 386.544 276.642 345.121 291.21 
380.615 179.411 374.421 222.882 394.963 261.691 401.156 218.22 
330.861 59.66 331.498 103.566 357.82 138.711 357.183 94.806 
238.0 28.96 275.542 51.735 319.301 48.093 281.759 25.319 
109.765 47.116 150.812 62.712 193.187 51.202 152.14 35.606 
77.144 -34.323 88.983 7.96 132.856 9.767 121.017 -32.517 
17.181 31.524 39.66 69.243 68.587 36.208 46.107 -1.511 
-0.12 50.653 -1.98 94.524 22.301 131.11 24.161 87.239 
-60.694 125.411 -36.936 162.338 5.526 151.153 -18.232 114.226 
-54.479 213.762 -13.032 199.259 11.973 163.166 -29.473 177.668 
-51.96 219.575 -60.961 262.553 -17.305 257.833 -8.304 214.856 
-42.849 293.551 -24.871 333.611 18.785 328.893 0.807 288.832 
-0.23 368.472 41.431 382.343 83.29 369.077 41.628 355.206 
50.975 398.806 50.564 442.714 92.45 429.536 92.861 385.628 
109.127 382.433 109.298 426.343 135.246 461.766 135.075 417.856 
152.86 414.67 151.544 458.56 192.879 473.374 194.195 429.484 
223.233 424.844 215.244 468.021 258.776 462.276 266.765 419.099 
299.244 405.42 298.615 449.325 324.931 414.175 325.56 370.269 
341.525 367.491 340.94 411.397 382.517 425.521 383.102 381.614 
343.356 352.721 385.385 365.436 426.861 351.019 384.832 338.304 
386.865 320.55 428.56 334.32 454.54 298.92 412.845 285.151 
426.618 215.641 418.12 258.721 456.466 280.115 464.964 237.035 
400.235 143.641 424.516 180.228 465.665 195.555 441.384 158.969 
402.662 129.324 444.145 143.721 470.656 108.716 429.173 94.32 
387.384 80.043 390.1 123.869 413.663 86.816 410.947 42.991 
349.68 34.817 372.992 72.027 401.177 38.357 377.864 1.147 
287.406 -0.741 325.471 21.149 358.051 -8.289 319.986 -30.178 
215.626 1.648 257.915 -10.173 285.178 -44.594 242.889 -32.772 
177.754 -38.367 204.718 -3.71 229.346 -40.063 202.383 -74.72 
122.198 -33.44 148.628 1.625 190.622 14.457 164.191 -20.607 
124.959 -69.595 163.455 -48.473 195.44 -78.558 156.943 -99.68 
10.301 -95.17 18.715 -52.073 57.102 -73.393 48.689 -116.489 
-47.645 -84.636 -29.406 -44.693 14.218 -49.697 -4.021 -89.64 
-72.723 -37.873 -55.34 2.45 -11.62 -1.622 -29.002 -41.945 
-64.841 66.112 -67.973 109.91 -25.351 99.354 -22.219 55.556 
-99.309 159.941 -81.098 199.896 -48.726 170.23 -66.935 130.274 
-148.688 264.212 -136.081 306.274 -92.182 307.281 -104.789 265.22 
-153.507 362.517 -110.265 370.148 -89.645 331.38 -132.887 323.75 
-102.331 373.417 -89.792 415.499 -53.645 390.569 -66.184 348.487 
-2.178 387.472 -1.22 431.372 40.827 444.027 39.869 400.127 
54.227 451.146 77.514 488.373 120.114 477.73 96.827 440.503 
154.364 552.289 197.924 557.824 216.65 518.107 173.09 512.571 
211.511 561.716 239.316 595.701 263.045 558.755 235.241 524.77 
257.147 506.156 273.059 547.081 316.899 544.593 300.987 503.668 
313.7 456.624 355.693 469.455 380.872 433.481 338.879 420.65 
394.5 380.7 392.282 424.554 434.675 413.112 436.894 369.258 
485.388 330.169 516.271 361.383 536.414 322.365 505.531 291.151 
516.621 277.846 544.144 312.06 585.188 296.458 557.666 262.243 
517.628 209.41 506.304 251.835 550.152 249.495 561.476 207.07 
451.7 148.323 477.621 183.767 503.32 148.162 477.399 112.719 
435.539 37.576 432.287 81.366 472.928 97.99 476.181 54.201 
381.618 -57.517 412.296 -26.1 451.655 -45.569 420.977 -76.985 
375.816 -104.173 380.182 -60.481 420.387 -78.135 416.021 -121.828 
334.089 -131.182 317.035 -90.72 350.247 -61.996 367.301 -102.459 
212.445 -83.699 236.302 -46.835 278.733 -58.134 254.876 -94.997 
204.62 -149.105 200.493 -105.307 243.342 -114.898 247.462 -158.615 
164.308 -166.452 160.188 -122.735 200.492 -105.308 204.619 -149.106 
-132.301 57.299 -134.149 101.17 -92.996 116.485 -91.148 72.614 
-161.433 135.576 -120.281 150.892 -92.998 116.486 -134.15 101.171 
-29.046 487.206 12.329 501.908 39.097 467.1 -2.278 452.398 
12.329 501.907 37.159 538.123 63.93 503.317 39.1 467.101 
374.896 476.983 399.412 513.411 426.482 478.838 401.965 442.409 
401.967 442.408 426.482 478.838 468.704 466.78 444.189 430.35 
493.549 94.532 517.023 131.641 559.57 120.783 536.095 83.674 
496.372 50.71 493.549 94.529 536.096 83.673 538.919 39.854 
273.797 -166.738 272.92 -122.837 298.015 -86.805 298.891 -130.706 
164.309 -166.451 204.62 -149.105 247.462 -158.615 207.158 -176.042 
94.408 -128.543 80.982 -86.736 116.418 -112.666 129.844 -154.473 
-133.466 42.196 -89.76 46.42 -51.918 24.147 -95.624 19.923 
-159.584 91.705 -161.433 135.576 -134.15 101.17 -132.301 57.299 
-159.68 170.278 -147.327 212.415 -112.567 239.244 -124.919 197.107 
-58.546 434.203 -60.066 478.087 -33.043 443.478 -31.523 399.594 
-29.046 487.205 -4.215 523.42 37.161 538.122 12.329 501.908 
67.831 547.054 111.274 540.667 142.667 509.965 99.223 516.352 
315.666 487.509 339.806 524.187 380.895 539.672 356.756 502.993 
399.411 513.411 441.633 501.352 468.704 466.779 426.482 478.838 
472.463 358.39 466.302 401.865 486.872 440.66 493.033 397.184 
508.103 191.811 550.466 180.26 577.95 146.015 535.587 157.565 
538.916 39.855 536.095 83.674 559.57 120.783 562.391 76.963 
436.405 -4.391 474.533 17.39 518.181 12.599 480.054 -9.181 
