151.98 241.73 140.174 284.023 184.046 282.181 195.851 239.888 
220.236 240.502 206.981 282.364 242.698 307.906 255.953 266.045 
228.088 214.022 264.124 239.112 299.121 212.594 263.086 187.503 
195.889 158.128 209.897 199.744 245.147 173.561 231.139 131.946 
130.922 172.076 143.283 214.21 187.175 215.474 174.813 173.339 
100.025 206.674 88.173 248.954 103.436 290.126 115.288 247.846 
155.224 315.308 193.406 336.993 237.042 332.094 198.86 310.409 
293.047 256.081 284.743 299.199 316.804 269.196 325.108 226.079 
256.535 110.194 270.249 151.908 305.863 177.593 292.149 135.88 
117.858 141.786 161.758 140.815 196.702 114.226 152.803 115.197 
14.937 98.633 44.376 131.212 84.459 113.28 55.019 80.701 
44.463 175.122 23.131 213.502 53.041 245.65 74.373 207.27 
-26.232 281.936 7.155 310.454 44.596 287.512 11.207 258.994 
23.332 325.931 29.834 369.358 69.126 349.755 62.624 306.329 
111.562 361.037 144.258 390.347 182.238 368.308 149.541 338.999 
181.378 412.21 193.344 454.459 229.826 430.023 217.861 387.775 
237.702 375.999 249.406 418.32 293.273 420.266 281.569 377.945 
306.298 311.831 318.4 354.04 354.804 329.486 342.701 287.277 
370.934 261.623 383.415 303.722 427.311 304.861 414.829 262.762 
379.22 200.04 366.056 241.931 409.965 241.505 423.128 199.614 
322.529 109.986 332.71 152.699 376.479 156.216 366.298 113.503 
324.343 38.441 310.84 80.224 354.75 80.154 368.253 38.372 
270.922 7.352 252.789 47.343 285.218 76.947 303.352 36.956 
165.783 42.804 145.032 81.501 188.247 89.279 208.999 50.581 
82.511 20.02 65.107 60.334 98.07 89.344 115.474 49.03 
4.573 32.462 -22.513 67.023 19.715 54.983 46.801 20.423 
-44.989 228.16 -48.331 271.943 -19.893 238.486 -16.552 194.703 
-36.701 312.611 -30.389 356.065 0.26 387.509 -6.053 344.055 
112.652 420.829 138.991 455.963 180.95 468.906 154.612 433.772 
223.897 473.53 267.719 476.313 304.806 452.807 260.984 450.024 
369.997 370.684 411.434 356.156 436.418 320.046 394.981 334.575 
466.275 196.532 447.424 236.19 455.484 279.354 474.335 239.696 
391.509 34.048 387.611 77.785 410.165 115.46 414.062 71.723 
286.056 -39.074 313.189 -4.55 355.432 7.433 328.299 -27.091 
85.216 -19.48 122.967 2.948 166.69 -1.097 128.94 -23.525 
34.48 -120.779 21.608 -78.798 57.556 -53.582 70.428 -95.563 
-53.162 -43.171 -62.248 -0.212 -18.583 -4.845 -9.497 -47.805 
-97.876 25.454 -87.509 68.122 -54.043 96.549 -64.41 53.88 
-132.729 116.592 -125.18 159.848 -81.708 166.035 -89.257 122.779 
-163.61 196.26 -122.889 212.689 -80.289 202.045 -121.01 185.616 
-129.562 256.09 -162.489 285.139 -124.686 307.478 -91.759 278.429 
-114.491 350.188 -116.221 394.064 -75.026 409.267 -73.297 365.391 
-54.427 448.045 -11.161 455.537 28.246 436.167 -15.02 428.675 
21.917 479.618 15.58 523.068 58.862 515.668 65.199 472.218 
98.516 472.99 80.915 513.218 90.322 556.109 107.922 515.881 
160.08 507.538 139.541 546.349 170.105 577.876 190.644 539.065 
255.072 518.363 231.419 555.357 273.912 566.421 297.565 529.426 
339.367 479.891 341.109 523.767 365.489 487.247 363.747 443.371 
406.974 425.025 399.857 468.354 438.866 488.513 445.984 445.183 
415.124 399.911 450.882 425.396 494.79 424.995 459.032 399.511 
466.946 351.608 499.088 381.524 537.473 360.2 505.331 330.284 
534.559 228.902 510.004 265.304 537.037 299.906 561.592 263.504 
477.323 135.687 502.476 171.68 543.98 186.014 518.827 150.021 
477.768 92.128 515.671 114.297 548.468 85.1 510.565 62.931 
469.472 35.524 457.552 77.785 492.036 50.601 503.956 8.34 
424.129 -36.516 426.359 7.337 467.377 -8.336 465.146 -52.19 
332.334 -97.467 356.463 -60.78 398.809 -72.391 374.681 -109.078 
227.444 -63.742 268.498 -79.321 292.553 -116.055 251.5 -100.476 
161.169 -122.24 172.547 -79.83 209.365 -103.757 197.987 -146.167 
107.119 -138.253 114.334 -94.94 145.63 -64.139 138.415 -107.453 
125.393 -174.953 151.017 -139.295 192.849 -152.646 167.225 -188.304 
-8.101 -204.746 -21.753 -163.012 22.157 -162.924 35.809 -204.658 
-108.962 -168.836 -102.401 -125.419 -59.082 -118.242 -65.642 -161.659 
-146.326 -110.488 -132.091 -68.95 -88.187 -69.653 -102.422 -111.192 
-155.27 35.689 -164.687 78.577 -120.987 74.28 -111.571 31.392 
-176.514 125.708 -181.267 169.36 -138.283 160.391 -133.53 116.739 
-245.872 268.247 -251.84 311.749 -212.311 330.868 -206.343 287.366 
-262.552 401.911 -222.768 420.495 -192.799 388.402 -232.583 369.818 
-188.238 432.073 -197.488 474.998 -153.807 470.531 -144.555 427.607 
-52.915 469.127 -63.038 511.854 -25.53 534.685 -15.407 491.958 
15.834 524.426 29.243 566.239 73.152 566.408 59.744 524.595 
128.06 653.338 168.915 669.43 196.845 635.548 155.99 619.455 
225.43 668.877 247.961 706.567 276.843 673.493 254.313 635.803 
298.112 603.059 296.784 646.949 338.115 661.775 339.444 617.885 
365.637 531.156 404.909 550.797 435.724 519.517 396.452 499.875 
456.692 446.827 444.726 489.075 488.604 487.4 500.57 445.152 
571.904 387.451 595.807 424.286 623.453 390.171 599.55 353.336 
615.285 297.451 639.129 334.323 681.565 323.04 657.72 286.168 
630.06 216.16 603.783 251.339 645.361 265.459 671.638 230.28 
539.215 128.024 559.29 167.076 590.228 135.916 570.152 96.864 
533.36 8.981 517.757 50.025 551.97 77.548 567.574 36.504 
475.527 -114.356 500.497 -78.236 542.564 -90.822 517.595 -126.942 
427.923 -185.394 431.048 -141.595 471.738 -158.102 468.613 -201.9 
395.907 -222.053 363.744 -192.159 382.235 -152.333 414.398 -182.226 
228.221 -174.948 239.74 -132.576 283.598 -130.439 272.079 -172.811 
226.115 -248.867 213.51 -206.719 257.408 -207.753 269.99 -249.822 
191.578 -279.048 173.358 -239.097 205.723 -209.422 223.978 -249.448 
-211.259 13.689 -220.214 56.676 -182.098 78.476 -173.143 35.489 
-255.599 84.456 -219.393 109.301 -184.576 82.544 -220.782 57.7 
-90.194 564.116 -47.171 572.892 -25.53 534.685 -68.554 525.91 
-42.089 575.352 -24.011 615.368 8.461 585.81 -9.617 545.794 
421.478 561.051 448.49 595.669 473.066 559.28 446.053 524.662 
456.644 517.51 475.654 557.092 519.173 551.245 500.163 511.663 
588.959 77.691 609.401 116.553 652.678 109.12 632.235 70.259 
596.866 31.963 588.553 75.078 632.128 69.661 640.441 26.545 
317.047 -262.115 302.759 -220.594 315.604 -178.606 329.892 -220.126 
191.607 -279.084 226.131 -251.992 269.979 -250.211 235.484 -277.38 
96.115 -235.86 78.759 -195.526 116.508 -217.955 133.864 -258.289 
-206.257 -50.92 -179.211 -16.328 -136.998 -4.239 -164.043 -38.831 
-244.914 41.875 -255.59 84.468 -221.917 56.285 -211.242 13.692 
-243.502 146.0 -249.141 189.547 -228.107 228.091 -222.468 184.544 
-134.097 509.768 -148.92 551.1 -112.634 526.374 -97.811 485.041 
-90.29 564.597 -65.349 600.736 -23.929 615.313 -48.871 579.174 
21.541 627.726 64.755 635.515 104.294 616.415 61.08 608.627 
368.531 575.389 383.337 616.727 419.614 641.468 404.808 600.129 
448.48 595.662 491.047 584.885 519.149 551.145 476.583 561.923 
552.684 432.561 534.796 472.662 543.895 515.619 561.783 475.518 
603.318 177.83 647.178 175.725 681.424 148.243 637.564 150.347 
640.348 26.528 633.072 69.831 652.638 109.141 659.914 65.838 
538.565 -47.095 569.511 -15.944 612.858 -8.932 581.911 -40.083 
