146.596 241.105 131.064 282.177 174.925 284.257 190.457 243.185 
221.873 244.292 204.721 284.714 237.863 313.518 255.016 273.096 
231.366 213.261 265.637 240.713 302.335 216.602 268.064 189.15 
197.933 153.835 209.628 196.159 246.266 171.957 234.572 129.633 
129.466 166.785 138.168 209.824 181.79 214.848 173.088 171.809 
94.762 203.192 80.111 244.586 92.589 286.686 107.24 245.292 
150.402 320.681 187.002 344.94 230.872 343.054 194.272 318.794 
298.99 260.384 287.41 302.739 321.674 275.28 333.255 232.925 
264.922 102.846 275.532 145.454 309.161 173.689 298.551 131.08 
113.457 129.036 157.21 132.75 194.79 110.037 151.037 106.324 
5.763 89.041 31.121 124.889 73.051 111.85 47.693 76.002 
38.162 168.23 12.366 203.764 38.19 239.278 63.986 203.744 
-36.361 285.659 -2.199 313.245 34.594 289.279 0.431 261.692 
16.453 329.266 19.969 373.036 60.51 356.166 56.993 312.397 
103.47 365.253 133.672 397.126 173.319 378.251 143.116 346.378 
182.821 421.121 193.225 463.781 230.581 440.704 220.178 398.044 
243.294 385.17 252.109 428.186 295.744 433.094 286.929 390.078 
310.702 317.796 319.64 360.787 357.765 339.0 348.825 296.009 
381.322 261.853 391.913 304.467 435.714 307.564 425.123 264.95 
392.974 198.429 376.712 239.216 420.528 242.078 436.79 201.291 
332.105 105.379 338.733 148.786 382.063 155.896 375.436 112.489 
329.562 26.6 313.971 67.649 357.828 69.792 373.42 28.744 
275.886 -8.498 253.117 29.048 281.789 62.304 304.558 24.759 
170.267 29.537 143.825 64.593 185.337 78.908 211.778 43.852 
75.305 9.763 58.275 50.236 91.505 78.939 108.534 38.466 
-8.064 21.416 -37.971 53.567 5.122 45.135 35.029 12.984 
-59.771 231.328 -63.332 275.093 -34.727 241.779 -31.166 198.014 
-46.004 316.271 -41.708 359.97 -12.546 392.799 -16.843 349.099 
110.691 434.542 138.269 468.711 180.665 480.145 153.086 445.976 
225.146 484.275 268.74 489.532 307.098 468.16 263.503 462.903 
381.242 376.107 422.502 361.083 447.051 324.677 405.791 339.701 
482.187 199.91 460.631 238.165 465.678 281.784 487.234 243.529 
400.874 22.449 396.442 66.135 418.534 104.082 422.965 60.396 
293.483 -56.898 318.111 -20.545 359.403 -5.611 334.775 -41.964 
77.499 -34.322 114.316 -10.392 158.167 -12.673 121.35 -36.603 
21.345 -133.294 11.588 -90.481 49.289 -67.972 59.047 -110.784 
-63.254 -56.037 -73.538 -13.349 -29.761 -16.759 -19.477 -59.448 
-110.254 10.735 -105.331 54.368 -75.703 86.775 -80.625 43.141 
-141.499 111.18 -140.43 155.076 -98.351 167.624 -99.42 123.727 
-180.273 190.176 -144.413 215.516 -100.507 214.937 -136.367 189.597 
-143.511 259.417 -177.434 287.298 -140.435 310.945 -106.512 283.064 
-124.087 351.698 -129.601 395.26 -89.874 413.965 -84.36 370.403 
-69.471 452.847 -26.108 459.754 13.034 439.853 -30.33 432.946 
12.69 483.762 2.023 526.356 45.829 523.339 56.496 480.744 
96.9 483.434 74.109 520.966 77.732 564.727 100.523 527.195 
161.214 519.512 134.824 554.607 160.048 590.55 186.437 555.455 
256.031 531.562 229.017 566.179 270.287 581.174 297.302 546.558 
339.382 497.922 340.953 541.804 365.474 505.379 363.903 461.497 
414.865 435.08 404.677 477.792 442.15 500.68 452.338 457.968 
425.963 404.857 458.762 434.052 502.457 438.392 469.658 409.197 
480.501 353.123 507.828 387.493 548.961 372.125 521.634 337.754 
552.363 232.211 524.747 266.35 548.682 303.164 576.297 269.025 
492.888 138.416 517.968 174.458 559.444 188.876 534.364 152.833 
488.862 82.498 524.587 108.03 559.909 81.944 524.184 56.412 
483.338 23.754 466.694 64.387 504.043 41.297 520.688 0.664 
435.132 -53.508 430.643 -9.828 473.573 -19.057 478.061 -62.737 
340.408 -115.77 361.152 -77.069 404.369 -84.839 383.625 -123.54 
233.376 -82.212 274.842 -96.656 299.899 -132.714 258.432 -118.271 
155.814 -137.167 160.351 -93.492 200.486 -111.304 195.949 -154.978 
100.465 -157.435 102.867 -113.59 130.582 -79.531 128.179 -123.376 
118.748 -191.261 144.336 -155.576 186.181 -168.884 160.593 -204.569 
-14.291 -221.468 -34.229 -182.345 9.141 -175.474 29.078 -214.596 
-121.745 -182.862 -111.937 -140.062 -68.2 -136.164 -78.008 -178.965 
-154.281 -126.188 -142.711 -83.83 -98.851 -81.745 -110.421 -124.103 
-183.127 27.436 -195.76 69.49 -151.861 68.509 -139.228 26.456 
-189.279 115.985 -198.483 158.92 -154.806 154.406 -145.601 111.472 
-259.046 260.499 -268.313 303.42 -230.357 325.497 -221.089 282.577 
-281.041 395.337 -242.514 416.403 -210.573 386.272 -249.1 365.206 
-203.346 429.583 -214.848 471.96 -170.992 469.804 -159.489 427.428 
-67.783 473.583 -78.604 516.139 -41.475 539.581 -30.654 497.026 
2.652 531.327 13.776 573.804 57.612 576.352 46.488 533.874 
115.836 664.008 155.453 682.946 185.706 651.121 146.09 632.183 
216.554 682.369 236.837 721.314 267.607 689.989 247.325 651.045 
295.352 617.227 290.131 660.825 329.982 679.263 335.204 635.665 
370.142 549.039 408.5 570.411 440.678 540.534 402.32 519.162 
464.499 460.466 449.673 501.797 493.563 503.125 508.389 461.794 
584.063 398.507 605.411 436.878 635.308 404.718 613.96 366.347 
629.402 306.237 651.771 344.023 694.619 334.425 672.25 296.639 
647.22 223.105 618.267 256.117 658.61 273.451 687.563 240.439 
558.169 125.819 576.313 165.806 608.736 136.194 590.592 96.207 
551.223 3.044 532.757 42.883 564.94 72.755 583.405 32.917 
489.467 -128.122 512.09 -90.488 554.873 -100.375 532.249 -138.008 
438.508 -199.459 440.819 -155.61 481.808 -171.358 479.497 -215.207 
405.892 -236.175 372.538 -207.617 389.392 -167.07 422.746 -195.628 
229.644 -200.611 239.763 -157.883 283.526 -154.304 273.408 -197.031 
234.176 -266.124 222.034 -223.841 265.918 -225.356 278.037 -267.56 
188.343 -299.746 167.017 -261.362 196.932 -229.219 218.298 -267.674 
-220.993 -0.564 -236.135 40.652 -201.615 67.79 -186.473 26.573 
-278.731 63.008 -248.877 95.208 -209.027 76.766 -238.881 44.566 
-107.915 564.75 -65.553 576.302 -41.475 539.581 -83.839 528.03 
-60.179 579.308 -46.141 620.914 -10.909 594.706 -24.947 553.101 
419.429 578.96 445.865 614.02 471.04 578.044 444.604 542.983 
461.227 532.832 475.227 574.451 519.135 573.997 505.135 532.378 
608.783 80.336 627.444 120.084 671.013 114.619 652.352 74.872 
622.801 28.165 607.794 69.431 651.678 70.952 666.685 29.686 
330.21 -276.945 310.321 -237.797 317.241 -194.436 337.129 -233.584 
195.587 -313.412 230.132 -286.347 273.982 -284.599 239.466 -311.742 
88.516 -251.289 72.777 -210.297 109.605 -234.209 125.345 -275.201 
-205.692 -75.694 -192.362 -33.856 -156.986 -7.844 -170.316 -49.682 
-262.767 20.858 -279.799 61.33 -242.23 38.598 -225.199 -1.874 
-260.813 137.465 -265.67 181.106 -243.948 219.267 -239.091 175.626 
-149.993 508.366 -168.598 548.139 -130.168 526.898 -111.563 487.125 
-107.913 564.743 -86.105 602.855 -46.06 620.869 -67.869 582.757 
5.671 635.366 48.31 645.854 88.97 629.276 46.331 618.788 
368.769 589.107 378.943 631.821 412.282 660.398 402.108 617.683 
445.864 614.02 489.009 605.859 519.117 573.896 475.972 582.057 
563.548 450.13 542.934 488.9 549.045 532.383 569.66 493.613 
617.778 179.163 661.619 181.623 698.534 157.845 654.693 155.385 
667.804 29.948 657.197 72.558 673.662 113.264 684.269 70.654 
556.078 -56.482 585.737 -24.101 628.764 -15.338 599.105 -47.718 
