160.79 219.313 160.384 263.221 202.269 250.039 202.675 206.131 
206.095 206.004 205.982 249.914 247.708 263.591 247.821 219.681 
207.038 202.608 248.837 216.058 274.545 180.46 232.745 167.011 
178.251 165.256 204.166 200.703 229.87 165.103 203.956 129.656 
134.094 180.248 159.594 215.995 201.472 202.789 175.972 167.042 
129.504 184.017 129.374 227.927 155.078 263.528 155.208 219.618 
162.717 269.108 204.437 282.805 246.239 269.363 204.52 255.667 
253.97 219.251 253.944 263.161 279.774 227.652 279.8 183.742 
208.341 126.014 234.14 161.545 275.898 175.125 250.098 139.594 
132.531 176.103 174.347 162.703 200.3 127.284 158.485 140.684 
87.62 159.379 129.108 173.76 155.606 138.745 114.117 124.365 
85.324 170.457 85.271 214.367 127.016 227.986 127.068 184.076 
58.937 250.41 100.583 264.325 126.688 229.017 85.041 215.101 
100.93 264.58 126.14 300.533 152.543 265.448 127.333 229.495 
136.337 306.256 178.075 319.893 203.943 284.411 162.205 270.774 
178.614 320.277 204.052 356.068 230.23 320.815 204.793 285.024 
205.128 284.787 230.352 320.73 272.329 307.847 247.106 271.905 
255.323 264.127 281.144 299.642 306.942 264.11 281.12 228.594 
281.674 228.189 307.236 263.892 349.09 250.614 323.528 214.911 
282.148 183.713 281.495 227.618 323.453 214.672 324.106 170.766 
251.687 138.384 277.529 173.884 319.278 160.275 293.435 124.775 
251.736 93.559 251.384 137.467 293.253 124.234 293.605 80.325 
209.727 79.441 209.151 123.347 250.731 137.462 251.306 93.556 
157.515 94.16 157.542 138.07 199.294 124.475 199.267 80.565 
114.954 79.968 114.284 123.873 155.832 138.079 156.503 94.174 
87.924 114.573 86.395 158.457 113.426 123.853 114.955 79.97 
58.126 206.438 58.842 250.342 84.068 214.401 83.352 170.497 
58.916 250.481 83.918 286.578 125.362 301.086 100.36 264.989 
135.847 307.85 162.108 343.042 204.039 356.076 177.778 320.885 
204.053 356.066 246.024 343.161 272.394 308.051 230.423 320.955 
281.826 300.131 323.502 286.302 349.09 250.618 307.414 264.447 
324.567 170.771 323.857 214.675 349.088 250.612 349.799 206.708 
293.679 80.326 294.153 124.233 320.344 159.477 319.87 115.569 
210.104 78.317 251.527 92.885 293.602 80.323 252.179 65.755 
115.004 79.81 156.983 92.691 198.515 78.437 156.536 65.556 
87.888 42.029 114.066 77.283 155.684 63.282 129.506 28.027 
61.058 76.946 85.932 113.131 112.66 78.292 87.786 42.107 
59.733 77.896 57.612 121.754 81.675 158.484 83.796 114.625 
9.425 141.005 35.589 176.269 77.212 162.282 51.048 127.018 
13.553 219.078 54.954 204.446 79.847 168.275 38.446 182.906 
14.149 220.666 14.734 264.572 56.311 250.448 55.726 206.542 
14.736 264.571 39.668 300.716 81.749 288.172 56.816 252.028 
40.721 303.808 82.287 317.963 124.234 304.984 82.669 290.828 
85.358 325.398 85.812 369.306 127.43 355.306 126.977 311.398 
132.023 311.055 132.476 354.963 158.651 390.218 158.198 346.311 
161.267 346.14 162.172 390.041 204.203 402.746 203.299 358.846 
205.007 358.841 204.205 402.744 246.207 389.94 247.009 346.038 
250.202 345.937 249.929 389.846 275.958 354.484 276.231 310.574 
282.979 309.994 283.356 353.903 325.232 367.112 324.855 323.204 
284.101 305.69 325.975 318.91 367.621 304.992 325.748 291.773 
326.631 288.351 368.673 301.023 393.716 264.954 351.674 252.283 
353.1 206.651 352.232 250.552 393.717 264.944 394.585 221.042 
328.604 167.517 354.078 203.283 395.709 217.245 370.235 181.479 
330.131 161.028 371.986 174.306 397.548 138.604 355.694 125.326 
326.269 115.017 326.852 158.923 352.188 123.059 351.605 79.153 
296.365 78.099 323.032 112.984 347.969 76.842 321.301 41.957 
253.232 62.317 294.662 76.865 321.3 41.958 279.87 27.41 
208.046 72.862 250.072 60.137 276.591 25.14 234.565 37.865 
177.453 35.099 203.803 70.224 229.066 34.309 202.716 -0.816 
130.288 27.399 157.403 61.937 199.64 73.942 172.525 39.404 
132.442 18.137 173.885 32.65 200.494 -2.28 159.051 -16.792 
76.067 -14.972 79.413 28.81 120.018 12.098 116.672 -31.685 
34.058 -27.75 34.886 16.152 76.895 28.931 76.067 -14.971 
4.768 48.579 44.529 67.212 74.536 35.155 34.775 16.522 
6.648 93.867 8.099 137.753 49.389 122.811 47.937 78.925 
-19.74 178.142 5.359 214.172 31.869 179.168 6.772 143.138 
-46.076 214.11 -42.873 257.903 -0.234 268.389 -3.437 224.596 
-69.101 295.495 -27.328 309.026 -1.55 273.479 -43.323 259.948 
-24.57 310.871 -0.523 347.611 26.987 313.388 2.942 276.648 
38.678 312.84 39.423 356.744 81.409 369.602 80.664 325.698 
86.596 371.45 112.048 407.232 153.943 394.083 128.492 358.302 
136.009 442.796 178.261 454.751 202.688 418.262 160.436 406.307 
181.488 456.714 207.336 492.21 233.107 456.659 207.261 421.162 
211.985 417.454 236.669 453.769 278.834 441.515 254.151 405.2 
256.815 393.999 298.721 407.113 324.143 371.311 282.237 358.196 
327.631 323.134 327.325 367.043 369.18 353.766 369.486 309.857 
383.033 307.547 409.829 342.333 434.633 306.099 407.837 271.313 
411.983 267.883 437.83 303.38 479.577 289.767 453.729 254.27 
411.213 218.31 409.888 262.2 452.04 249.897 453.365 206.007 
375.691 176.688 401.827 211.973 427.309 176.213 401.173 140.928 
356.821 78.888 356.454 122.797 398.1 136.715 398.468 92.806 
331.628 30.315 358.797 64.811 400.0 49.633 372.832 15.137 
330.051 -17.526 330.129 26.384 371.866 12.741 371.788 -31.169 
285.167 -33.143 282.802 10.703 323.771 26.502 326.137 -17.344 
205.757 -3.305 232.025 31.881 273.607 17.771 247.339 -17.415 
203.25 -54.949 202.577 -10.962 244.541 -23.891 245.212 -67.796 
161.699 -69.073 161.026 -25.168 202.574 -10.96 203.249 -54.947 
-41.648 80.389 -42.343 124.294 -0.802 138.522 -0.107 94.617 
-68.712 159.405 -27.171 173.634 -0.801 138.524 -42.342 124.295 
11.815 399.164 53.475 413.036 79.543 377.701 37.882 363.828 
53.478 413.035 79.027 448.747 105.097 413.414 79.548 377.701 
304.942 410.798 330.521 446.488 356.56 411.132 330.98 375.442 
330.986 375.435 356.582 411.113 398.424 397.796 372.828 362.117 
407.099 135.881 432.487 171.708 474.406 158.634 449.018 122.807 
407.616 91.956 407.091 135.863 449.011 122.794 449.536 78.887 
256.364 -69.075 255.748 -25.169 281.056 10.713 281.672 -33.192 
161.7 -69.073 203.25 -54.949 245.212 -67.796 203.663 -82.002 
121.64 -31.901 121.053 12.005 147.335 -23.172 147.922 -67.078 
-39.827 71.233 2.085 84.328 43.689 70.286 1.777 57.192 
-68.017 115.5 -68.712 159.405 -42.343 124.294 -41.648 80.389 
-71.081 173.962 -44.848 209.175 -2.928 222.244 -29.16 187.031 
1.914 349.434 1.284 393.34 27.6 358.19 28.23 314.284 
11.815 399.163 37.364 434.875 79.025 448.749 53.475 413.037 
92.818 455.573 134.5 441.763 160.105 406.091 118.423 419.901 
254.879 404.673 280.231 440.524 321.815 454.626 296.463 418.775 
330.609 446.552 372.437 433.191 398.423 397.796 356.595 411.157 
382.809 307.725 383.008 351.634 408.98 387.041 408.78 343.131 
410.743 216.878 452.694 203.909 479.01 168.758 437.059 181.728 
449.535 78.888 449.035 122.795 474.438 158.611 474.939 114.704 
358.973 65.274 400.733 78.846 442.495 65.281 400.735 51.708 
