147.911 241.875 133.32 283.29 177.217 284.369 191.808 242.955 
221.225 244.07 204.949 284.852 238.706 312.934 254.982 272.152 
230.329 213.547 264.99 240.505 301.339 215.87 266.678 188.913 
197.439 154.947 209.613 197.135 245.974 172.52 233.801 130.331 
129.629 168.185 139.131 211.054 182.839 215.265 173.337 172.395 
95.638 205.02 81.535 246.604 94.569 288.535 108.671 246.951 
151.163 319.714 188.147 343.384 231.981 340.795 194.996 317.125 
297.768 259.634 286.997 302.203 320.732 274.095 331.503 231.526 
263.018 104.898 274.283 147.339 308.342 175.052 297.078 132.612 
114.274 132.164 158.107 134.762 195.096 111.099 151.263 108.502 
6.933 91.822 33.101 127.082 74.723 113.091 48.554 77.83 
39.819 170.475 14.898 206.628 41.581 241.501 66.502 205.348 
-33.946 286.212 -0.024 314.092 36.975 290.445 3.052 262.564 
17.362 329.732 21.393 373.457 61.733 356.112 57.702 312.387 
104.913 364.086 135.62 395.474 174.961 375.969 144.253 344.581 
182.614 419.207 193.184 461.826 230.45 438.603 219.88 395.984 
242.117 383.519 251.546 426.405 295.246 430.689 285.818 387.804 
309.692 316.594 319.33 359.433 357.094 337.028 347.455 294.188 
379.246 261.899 390.153 304.433 433.976 307.203 423.068 264.669 
390.132 198.948 374.584 240.013 418.444 242.11 433.992 201.045 
330.095 106.421 337.527 149.698 380.982 156.002 373.55 112.726 
328.978 29.308 313.773 70.502 357.649 72.233 372.854 31.039 
275.104 -4.991 253.243 33.09 282.705 65.649 304.566 27.568 
169.188 32.516 143.862 68.386 185.802 81.389 211.129 45.519 
76.712 11.818 59.349 52.149 92.341 81.125 109.704 40.794 
-7.051 24.509 -36.194 57.354 6.689 47.912 35.832 15.068 
-56.696 232.046 -60.026 275.829 -31.597 242.365 -28.268 198.581 
-43.908 315.568 -39.31 359.236 -9.921 391.861 -14.52 348.193 
110.956 431.803 138.317 466.146 180.639 477.849 153.278 443.505 
224.751 482.141 268.399 486.931 306.526 465.151 262.878 460.36 
378.865 375.161 420.157 360.225 444.784 323.871 403.492 338.807 
479.042 199.235 458.029 237.791 463.693 281.335 484.705 242.779 
399.337 25.297 394.946 68.987 417.074 106.913 421.464 63.223 
292.066 -53.026 317.311 -17.099 358.853 -2.872 333.608 -38.799 
79.004 -31.243 116.056 -7.68 159.882 -10.397 122.83 -33.959 
24.053 -130.854 13.724 -88.176 51.121 -65.164 61.45 -107.842 
-61.068 -53.542 -71.205 -10.818 -27.439 -14.38 -17.303 -57.105 
-108.482 12.386 -102.441 55.878 -71.989 87.513 -78.031 44.021 
-138.308 112.355 -136.56 156.23 -94.292 168.125 -96.04 124.25 
-176.84 191.555 -139.782 215.109 -95.957 212.381 -133.015 188.827 
-140.334 259.016 -174.318 286.821 -137.372 310.55 -103.387 282.745 
-121.804 351.607 -126.896 395.221 -86.989 413.54 -81.898 369.927 
-66.142 452.186 -22.785 459.133 16.375 439.268 -26.982 432.321 
14.389 483.133 4.688 525.958 48.415 521.95 58.116 479.125 
97.144 481.408 75.333 519.518 80.089 563.17 101.899 525.06 
161.074 517.159 135.748 553.029 162.037 588.2 187.363 552.33 
256.075 529.076 229.652 564.147 271.171 578.439 297.594 543.368 
339.541 494.1 341.172 537.98 365.644 501.521 364.013 457.642 
413.403 433.053 403.933 475.93 441.784 498.186 451.255 455.309 
423.882 403.977 457.308 432.451 501.087 435.84 467.661 407.366 
477.829 352.787 506.191 386.308 546.837 369.693 518.474 336.171 
549.046 231.385 521.991 265.97 546.523 302.388 573.578 267.803 
489.642 137.631 514.738 173.664 556.219 188.064 531.124 152.032 
487.081 84.838 523.387 109.536 558.095 82.639 521.789 57.941 
480.953 26.45 465.173 67.426 502.025 43.551 517.805 2.574 
433.164 -49.974 429.949 -6.182 472.591 -16.657 475.806 -60.45 
338.888 -112.187 360.158 -73.773 403.265 -82.131 381.995 -120.546 
232.48 -78.051 273.785 -92.95 298.443 -129.282 257.138 -114.383 
156.881 -134.33 162.987 -90.847 202.455 -110.091 196.35 -153.574 
102.123 -153.88 105.303 -110.085 133.617 -76.524 130.437 -120.319 
120.894 -188.54 146.012 -152.524 188.028 -165.283 162.909 -201.299 
-12.751 -218.346 -31.452 -178.617 12.112 -173.109 30.812 -212.838 
-118.959 -179.748 -109.471 -136.875 -65.765 -132.65 -75.253 -175.522 
-152.168 -123.619 -140.399 -81.316 -96.53 -79.437 -108.298 -121.74 
-179.571 28.881 -191.533 71.13 -147.655 69.451 -135.693 27.202 
-186.31 117.815 -194.971 160.862 -151.355 155.797 -142.692 112.751 
-256.344 261.763 -265.022 304.807 -226.767 326.362 -218.088 283.319 
-277.194 396.486 -238.473 417.193 -206.814 386.766 -245.535 366.059 
-200.252 430.182 -211.468 472.636 -167.627 470.184 -156.41 427.732 
-64.577 472.604 -75.362 515.169 -38.213 538.58 -27.428 496.015 
5.247 529.986 16.836 572.339 60.698 574.405 49.108 532.052 
118.371 662.095 158.233 680.509 188.064 648.288 148.202 629.874 
218.503 679.935 239.244 718.638 269.643 686.953 248.904 648.25 
296.199 614.517 291.672 658.193 331.812 675.994 336.339 632.319 
369.377 545.272 407.95 566.253 439.824 536.052 401.251 515.07 
462.96 457.622 448.678 499.144 492.582 499.896 506.864 458.374 
581.824 396.226 603.663 434.32 633.144 401.778 611.305 363.684 
626.815 304.344 649.465 341.962 692.241 332.045 669.591 294.428 
644.028 221.481 615.55 254.904 656.137 271.66 684.615 238.237 
554.068 126.363 572.713 166.118 604.761 136.101 586.116 96.346 
548.127 4.717 530.063 44.739 562.544 74.287 580.609 34.265 
487.16 -125.022 510.256 -87.676 552.911 -98.102 529.815 -135.447 
436.577 -196.282 439.048 -152.442 479.979 -168.34 477.508 -212.18 
404.521 -233.189 371.364 -204.402 388.496 -163.972 421.653 -192.759 
229.971 -195.209 240.247 -152.519 284.024 -149.1 273.748 -191.79 
233.285 -262.814 220.948 -220.587 264.838 -221.9 277.153 -264.048 
191.614 -297.225 169.549 -259.261 198.836 -226.545 220.943 -264.579 
-219.05 1.978 -232.794 43.682 -197.379 69.64 -183.635 27.936 
-273.792 65.841 -242.984 97.13 -203.707 77.498 -234.515 46.21 
-104.263 564.756 -61.729 575.662 -38.213 538.58 -80.747 527.674 
-56.458 578.519 -41.484 619.798 -6.853 592.801 -21.827 551.523 
420.014 575.239 446.665 610.136 471.619 574.005 444.967 539.109 
460.197 529.549 475.428 570.733 519.303 568.975 504.072 527.79 
604.717 79.428 623.725 119.011 667.244 113.165 648.236 73.582 
617.393 29.647 603.96 71.451 647.869 71.309 661.303 29.505 
328.055 -273.981 309.391 -234.235 317.652 -191.109 336.317 -230.855 
197.435 -306.466 231.369 -278.638 275.169 -275.915 241.265 -303.819 
90.561 -248.708 74.439 -207.865 111.49 -231.431 127.612 -272.275 
-205.028 -72.084 -189.902 -30.862 -153.434 -6.403 -168.561 -47.626 
-257.505 24.854 -273.97 65.56 -236.723 42.306 -220.258 1.599 
-257.206 138.673 -262.427 182.272 -241.024 220.613 -235.803 177.014 
-146.944 508.917 -164.732 549.062 -126.745 527.039 -108.957 486.893 
-104.262 564.752 -81.769 602.464 -41.406 619.752 -63.899 582.041 
8.871 633.8 51.61 643.875 92.108 626.904 49.369 616.83 
368.964 586.458 380.116 628.928 414.101 656.732 402.95 614.262 
446.665 610.137 489.677 601.303 519.283 568.874 476.271 577.708 
561.493 446.557 541.34 485.569 547.966 528.976 568.12 489.964 
615.088 178.779 658.975 180.194 695.312 155.542 651.425 154.128 
661.292 29.501 651.169 72.229 668.094 112.746 678.217 70.019 
553.198 -54.193 583.01 -21.954 626.078 -13.396 596.266 -45.635 
