156.479 232.858 148.747 276.082 192.244 270.079 199.977 226.855 
216.537 227.077 207.677 270.084 245.841 291.8 254.701 248.794 
221.405 212.798 259.914 233.897 291.879 203.793 253.37 182.694 
190.544 164.254 209.452 203.884 241.3 173.655 222.393 134.025 
134.322 177.812 152.157 217.937 195.829 213.375 177.994 173.25 
114.457 195.425 107.332 238.753 127.035 277.994 134.161 234.666 
158.874 298.618 198.704 317.102 241.792 308.644 201.962 290.16 
277.46 245.267 272.568 288.903 302.174 256.476 307.066 212.839 
240.827 118.303 258.996 158.277 297.193 179.937 279.023 139.963 
127.32 160.453 170.608 153.086 201.298 121.681 158.011 129.049 
47.418 118.249 83.231 143.655 118.461 117.446 82.648 92.039 
51.326 173.824 37.216 215.405 72.401 241.674 86.512 200.093 
-5.589 259.845 30.532 284.81 65.438 258.171 29.316 233.205 
47.866 298.413 61.342 340.204 96.924 314.473 83.447 272.682 
120.972 351.213 157.605 375.422 191.95 348.063 155.317 323.854 
175.597 388.814 192.271 429.435 225.751 401.024 209.077 360.404 
225.188 349.294 241.435 390.087 285.252 387.241 269.005 346.447 
295.322 299.847 312.477 340.267 345.617 311.46 328.461 271.04 
346.411 257.207 363.33 297.727 407.095 294.158 390.176 253.638 
350.167 197.58 341.128 240.549 384.788 235.868 393.827 192.898 
302.943 117.284 318.985 158.158 362.816 155.532 346.774 114.657 
304.958 55.685 296.33 98.739 339.943 93.64 348.571 50.586 
253.051 31.988 242.441 74.597 279.686 97.855 290.296 55.246 
158.088 60.773 147.431 103.37 191.237 100.342 201.894 57.745 
101.122 35.947 88.894 78.12 125.224 102.782 137.452 60.609 
33.986 54.265 11.727 92.115 51.983 74.577 74.242 36.727 
-11.371 210.543 -14.048 254.371 13.879 220.487 16.556 176.659 
-12.544 293.323 0.11 335.369 35.063 361.948 22.408 319.901 
115.794 388.837 141.392 424.514 183.072 438.331 157.474 402.654 
218.555 444.34 262.39 441.769 296.341 413.923 252.506 416.494 
345.929 355.369 387.486 341.187 412.771 305.287 371.214 319.469 
429.099 188.982 415.894 230.86 429.827 272.501 443.032 230.624 
366.825 47.627 364.568 91.479 388.516 128.282 390.773 84.43 
264.127 -7.112 296.041 23.048 339.587 28.688 307.673 -1.471 
105.519 17.422 145.028 36.584 188.254 28.864 148.745 9.702 
55.8 -86.162 49.008 -42.78 88.168 -22.915 94.959 -66.297 
-30.597 -6.846 -21.255 36.059 16.663 13.916 7.321 -28.989 
-62.937 49.868 -53.695 92.794 -20.987 122.09 -30.229 79.164 
-108.073 123.081 -88.803 162.537 -45.324 156.402 -64.594 116.946 
-117.087 206.625 -73.242 204.247 -39.168 176.551 -83.014 178.929 
-100.449 238.712 -120.634 277.708 -77.309 284.854 -57.124 245.859 
-87.363 327.598 -77.317 370.343 -33.56 373.997 -43.606 331.252 
-25.902 417.234 16.663 428.019 57.438 411.725 14.873 400.94 
36.569 450.359 33.874 494.186 76.389 483.206 79.085 439.379 
99.618 438.044 92.118 481.308 111.481 520.719 118.981 477.454 
153.213 470.526 144.087 513.477 182.115 535.43 191.242 492.479 
240.716 479.956 224.747 520.86 268.583 523.407 284.552 482.504 
327.681 444.677 328.039 488.585 353.558 452.852 353.2 408.944 
384.1 399.818 380.219 443.556 420.617 460.764 424.498 417.026 
387.643 385.097 427.922 402.583 470.785 393.054 430.507 375.568 
434.197 343.615 472.94 364.281 504.567 333.82 465.824 313.154 
488.144 223.646 471.322 264.206 504.698 292.738 521.52 252.178 
444.439 134.86 469.21 171.116 510.561 185.888 485.79 149.632 
446.64 106.326 486.929 123.787 515.986 90.866 475.697 73.404 
434.625 54.763 432.33 98.613 459.961 64.486 462.256 20.636 
395.059 -2.503 409.846 38.841 444.598 12.001 429.809 -29.344 
313.197 -51.544 346.186 -22.563 383.941 -44.982 350.953 -73.963 
220.661 -36.612 262.154 -50.977 287.279 -86.989 245.785 -72.623 
171.015 -84.903 193.69 -47.3 222.445 -80.485 199.771 -118.088 
115.227 -86.696 134.525 -47.253 173.321 -26.687 154.023 -66.129 
124.351 -128.28 157.302 -99.257 195.087 -121.627 162.136 -150.649 
-2.481 -158.108 -3.914 -114.221 38.267 -126.42 39.701 -170.306 
-89.443 -129.239 -76.884 -87.163 -32.986 -86.106 -45.546 -128.181 
-118.562 -79.964 -111.104 -36.692 -67.646 -30.413 -75.103 -73.686 
-108.321 51.606 -120.562 93.775 -76.674 92.386 -64.433 50.217 
-146.574 144.195 -138.391 187.336 -99.891 166.222 -108.073 123.082 
-207.079 272.359 -203.298 316.105 -160.523 326.028 -164.304 282.281 
-212.055 397.051 -169.773 408.899 -145.439 372.347 -187.721 360.5 
-149.504 416.068 -148.727 459.972 -107.213 445.666 -107.989 401.764 
-26.203 437.534 -30.35 481.248 9.943 498.7 14.09 454.986 
34.813 497.331 53.476 537.078 97.044 531.612 78.382 491.865 
143.562 614.001 186.368 623.786 208.902 586.099 166.096 576.314 
230.63 624.255 256.764 659.541 282.246 623.782 256.113 588.496 
288.972 562.295 296.578 605.541 340.058 611.671 332.452 568.425 
349.045 496.529 390.009 512.34 417.704 478.266 376.74 462.455 
434.204 417.341 427.934 460.801 471.205 453.334 477.474 409.874 
537.432 362.941 566.04 396.253 588.881 358.751 560.273 325.439 
576.83 281.939 603.35 316.937 644.829 302.53 618.309 267.532 
584.137 205.802 564.881 245.265 608.363 251.383 627.618 211.92 
501.553 132.336 524.952 169.493 553.06 135.758 529.662 98.601 
489.217 17.547 480.49 60.581 518.722 82.178 527.448 39.144 
436.223 -85.84 466.267 -53.818 506.007 -72.496 475.962 -104.518 
402.533 -152.805 408.26 -109.27 447.894 -128.17 442.168 -171.705 
367.733 -186.657 340.414 -152.28 364.667 -115.675 391.986 -150.053 
219.504 -135.152 237.062 -94.905 280.764 -99.167 263.207 -139.414 
211.624 -205.257 204.607 -161.828 247.998 -168.563 255.001 -211.91 
172.552 -225.239 165.541 -181.892 204.599 -161.829 211.624 -205.257 
-184.586 40.509 -187.087 84.348 -146.166 100.273 -143.665 56.435 
-214.889 118.336 -173.974 134.274 -146.171 100.287 -187.086 84.348 
-57.373 541.322 -14.919 552.53 8.86 515.616 -33.595 504.408 
-13.725 553.271 10.595 589.83 37.851 555.403 13.53 518.843 
412.107 521.818 438.058 557.239 463.726 521.612 437.774 486.191 
440.23 484.457 464.295 521.186 506.662 509.649 482.597 472.92 
546.808 78.636 570.017 115.911 612.64 105.358 589.431 68.082 
549.995 34.772 546.789 78.565 589.429 68.081 592.636 24.289 
290.054 -223.742 285.263 -180.094 307.043 -141.966 311.833 -185.614 
172.549 -225.233 211.624 -205.257 255.001 -211.91 215.94 -231.967 
95.494 -189.294 78.085 -148.982 115.864 -171.362 133.273 -211.673 
-187.253 2.366 -146.486 18.681 -103.916 7.918 -144.682 -8.397 
-212.377 74.505 -214.88 118.343 -187.087 84.348 -184.585 40.509 
-209.363 160.268 -207.066 204.119 -179.433 238.244 -181.73 194.394 
-96.972 488.364 -102.801 531.885 -72.505 500.102 -66.676 456.58 
-57.373 541.322 -31.244 576.61 10.638 589.801 -15.492 554.512 
46.666 598.419 90.573 598.955 126.409 573.581 82.502 573.045 
354.376 537.998 375.625 576.424 415.403 595.02 394.153 556.595 
438.038 557.224 480.081 544.555 506.648 509.593 464.605 522.263 
522.132 396.496 510.483 438.832 525.944 479.93 537.593 437.594 
565.284 177.932 608.306 169.144 637.946 136.747 594.924 145.535 
592.59 24.284 589.434 68.08 612.625 105.367 615.78 61.57 
492.132 -30.836 527.225 -4.443 571.129 -3.717 536.036 -30.111 
