149.666 242.451 136.198 284.245 180.108 284.138 193.576 242.345 
220.654 243.389 205.505 284.603 240.021 311.746 255.17 270.532 
229.292 213.841 264.445 240.154 300.332 214.853 265.179 188.54 
196.778 156.23 209.593 198.229 245.576 173.063 232.762 131.065 
129.979 169.664 140.503 212.294 184.299 215.459 173.775 172.828 
96.941 206.778 83.614 248.617 97.424 290.299 110.751 248.46 
152.442 318.237 189.883 341.178 233.658 337.731 196.217 314.79 
296.196 258.567 286.422 301.376 319.491 272.487 329.264 229.679 
260.631 107.027 272.736 149.235 307.339 176.267 295.234 134.059 
115.591 135.923 159.484 137.144 195.713 112.333 151.82 111.111 
9.022 95.119 36.359 129.482 77.488 114.101 50.15 79.738 
41.762 173.058 18.096 210.044 45.959 243.982 69.625 206.995 
-30.928 286.116 2.713 314.335 39.947 291.06 6.305 262.841 
19.001 329.653 23.772 373.303 63.812 355.278 59.041 311.628 
107.082 362.748 138.463 393.461 177.371 373.107 145.99 342.394 
182.205 416.751 193.136 459.279 230.204 435.741 219.274 393.213 
240.539 381.099 250.781 423.797 294.555 427.251 284.313 384.552 
308.441 314.984 318.985 357.609 356.266 334.409 345.721 291.783 
376.447 261.78 387.844 304.185 431.695 306.451 420.299 264.046 
386.399 199.424 371.739 240.814 415.634 241.967 430.294 200.576 
327.432 107.659 335.845 150.755 379.432 156.07 371.019 112.974 
327.728 32.628 313.073 74.02 356.968 75.167 371.623 33.775 
273.914 -0.604 253.317 38.176 283.834 69.748 304.431 30.969 
167.932 36.236 144.17 73.161 186.631 84.349 210.393 47.424 
78.623 14.716 61.022 54.944 93.842 84.115 111.443 43.887 
-4.633 28.204 -32.85 61.848 9.753 51.215 37.97 17.572 
-52.663 232.054 -55.93 275.842 -27.55 242.337 -24.283 198.548 
-41.194 314.773 -36.09 358.385 -6.325 390.668 -11.43 347.055 
111.399 428.04 138.407 462.662 180.607 474.798 153.599 440.175 
224.383 479.263 268.098 483.399 305.894 461.05 262.18 456.914 
375.841 373.715 417.182 358.917 441.93 322.645 400.589 337.443 
474.693 198.302 454.43 237.257 460.934 280.683 481.198 241.728 
396.86 28.647 392.601 72.35 414.842 110.21 419.101 66.507 
290.203 -48.071 316.142 -12.641 357.952 0.776 332.013 -34.654 
80.992 -27.203 118.313 -4.067 162.105 -7.286 124.784 -30.422 
27.651 -127.594 16.493 -85.125 53.435 -61.389 64.593 -103.858 
-58.185 -49.926 -67.838 -7.091 -24.115 -11.147 -14.463 -53.983 
-105.415 15.625 -97.838 58.877 -66.286 89.414 -73.863 46.163 
-135.345 114.089 -132.066 157.876 -89.408 168.287 -92.687 124.5 
-172.181 193.605 -133.671 214.701 -90.116 209.132 -128.626 188.036 
-136.398 258.527 -170.304 286.428 -133.291 310.053 -99.385 282.152 
-118.925 351.546 -123.176 395.25 -82.924 412.797 -78.674 369.093 
-61.752 451.265 -18.406 458.286 20.787 438.488 -22.558 431.467 
16.819 482.218 8.375 525.308 51.966 520.024 60.41 476.933 
97.516 478.666 77.106 517.544 83.447 560.994 103.857 522.116 
160.789 513.981 137.016 550.899 164.781 584.917 188.554 547.999 
255.939 525.592 230.398 561.309 272.26 574.563 297.801 538.846 
339.62 489.168 341.327 533.045 365.735 496.545 364.029 452.668 
411.248 430.415 402.692 473.483 441.008 494.93 449.565 451.862 
420.907 402.669 455.157 430.147 499.017 432.246 464.767 404.768 
474.143 352.486 503.873 384.8 543.793 366.51 514.062 334.196 
544.246 230.465 518.005 265.671 543.38 301.507 569.621 266.301 
485.367 136.874 510.497 172.882 551.993 187.243 526.863 151.235 
484.199 87.614 521.12 111.382 555.134 83.613 518.213 59.845 
477.286 29.775 462.759 71.213 498.868 46.228 513.395 4.79 
430.237 -45.372 428.798 -1.486 470.982 -13.68 472.419 -57.567 
336.689 -107.391 358.795 -69.451 401.709 -78.751 379.603 -116.691 
230.755 -72.739 271.929 -87.998 296.269 -124.544 255.095 -109.285 
158.336 -130.396 166.445 -87.241 204.981 -108.289 196.873 -151.443 
104.045 -148.79 108.486 -105.105 137.755 -72.373 133.315 -116.058 
123.079 -184.476 147.952 -148.29 190.053 -160.763 165.18 -196.949 
-10.723 -214.031 -27.582 -173.486 16.188 -169.981 33.047 -210.526 
-115.051 -175.869 -106.258 -132.849 -62.626 -127.917 -71.419 -170.937 
-149.497 -119.76 -136.77 -77.735 -92.869 -76.853 -105.596 -118.878 
-172.665 30.774 -183.37 73.359 -139.561 70.381 -128.856 27.796 
-182.585 120.52 -190.33 163.741 -146.831 157.752 -139.085 114.531 
-252.865 263.939 -260.669 307.15 -221.984 327.925 -214.18 284.714 
-272.33 398.348 -233.291 418.45 -202.109 387.534 -241.148 367.432 
-196.169 431.04 -206.869 473.626 -163.061 470.643 -152.36 428.057 
-60.32 471.374 -71.04 513.955 -33.856 537.309 -23.136 494.728 
8.829 528.226 21.057 570.4 64.945 571.803 52.716 529.629 
121.755 659.379 161.96 677.035 191.175 644.254 150.971 626.599 
221.016 676.465 242.382 714.826 272.263 682.652 250.898 644.291 
297.092 610.776 293.592 654.546 334.139 671.401 337.639 627.631 
368.194 540.385 407.026 560.884 438.52 530.287 399.688 509.788 
460.839 453.938 447.32 495.715 491.23 495.662 504.749 453.885 
578.558 393.333 601.105 431.013 629.974 397.927 607.428 360.247 
622.988 301.988 646.048 339.356 688.713 328.972 665.653 291.604 
639.443 219.66 611.676 253.676 652.607 269.573 680.374 235.557 
548.843 127.069 568.005 166.578 599.659 136.146 580.498 96.637 
543.421 6.465 526.111 46.819 559.14 75.752 576.451 35.398 
483.546 -121.263 507.252 -84.302 549.73 -95.426 526.024 -132.387 
433.773 -192.477 436.437 -148.648 477.298 -164.726 474.634 -208.555 
401.949 -229.41 369.076 -200.299 386.604 -160.039 419.477 -189.15 
229.668 -187.815 240.34 -145.222 284.147 -142.211 273.475 -184.804 
231.081 -258.237 218.471 -216.091 262.369 -217.12 274.956 -259.187 
194.001 -292.352 172.06 -254.317 201.453 -221.696 223.436 -259.802 
-216.193 5.288 -228.025 47.573 -191.466 71.894 -179.633 29.608 
-267.294 71.351 -234.723 100.799 -196.65 78.923 -229.221 49.474 
-99.39 564.748 -56.656 574.836 -33.855 537.309 -76.591 527.222 
-51.468 577.532 -35.348 618.376 -1.484 590.424 -17.604 549.579 
420.672 570.405 447.519 605.152 472.268 568.881 445.42 534.135 
458.922 525.4 475.615 566.013 519.399 562.688 502.706 522.074 
599.284 78.771 618.803 118.105 662.243 111.697 642.724 72.363 
610.037 30.875 598.651 73.283 642.502 71.007 653.888 28.599 
324.467 -270.031 307.384 -229.581 317.338 -186.814 334.422 -227.265 
196.971 -296.348 230.653 -268.216 274.427 -265.098 240.776 -293.306 
93.058 -244.893 76.502 -204.224 113.801 -227.395 130.357 -268.064 
-204.629 -66.522 -186.117 -26.705 -147.736 -5.374 -166.249 -45.191 
-252.479 30.026 -267.284 71.365 -231.008 46.624 -216.203 5.285 
-252.429 140.982 -257.984 184.539 -236.877 223.043 -231.321 179.486 
-142.747 509.57 -159.473 550.169 -122.078 527.155 -105.352 486.555 
-99.412 564.839 -76.026 602.002 -35.261 618.322 -58.648 581.158 
13.225 631.797 56.12 641.187 96.342 623.571 53.447 614.181 
368.999 582.84 381.465 624.943 416.298 651.677 403.833 609.574 
447.513 605.148 490.359 595.543 519.378 562.588 476.531 572.193 
558.549 441.833 539.121 481.211 546.55 524.488 565.978 485.11 
611.222 178.506 655.132 178.65 690.741 152.956 646.831 152.813 
653.789 28.577 644.552 71.504 662.311 111.663 671.549 68.735 
548.684 -51.529 578.787 -19.561 621.931 -11.393 591.828 -43.361 
