156.326 233.434 148.398 276.622 191.923 270.816 199.851 227.628 
216.846 227.856 207.767 270.817 245.82 292.728 254.899 249.766 
221.889 212.99 260.279 234.304 292.413 204.378 254.022 183.064 
190.935 164.06 209.602 203.805 241.632 173.77 222.966 134.025 
134.234 177.671 151.813 217.909 195.514 213.625 177.935 173.387 
113.714 196.08 106.374 239.372 125.884 278.711 133.223 235.418 
158.813 299.656 198.573 318.29 241.692 309.995 201.932 291.361 
278.398 245.991 273.352 289.61 303.073 257.288 308.119 213.669 
241.821 117.92 259.751 158.002 297.817 179.89 279.887 139.808 
126.945 159.714 170.273 152.586 201.136 121.352 157.809 128.48 
45.899 117.251 81.53 142.913 116.947 116.957 81.316 91.294 
50.649 174.13 36.215 215.6 71.195 242.142 85.629 200.672 
-7.091 260.593 28.846 285.822 63.947 259.439 28.008 234.209 
46.413 299.697 59.552 341.595 95.34 316.152 82.2 274.254 
120.617 352.057 157.061 376.55 191.617 349.459 155.173 324.965 
175.682 390.375 192.089 431.105 225.754 402.915 209.348 362.185 
225.759 350.912 241.77 391.799 285.603 389.205 269.592 348.319 
296.035 300.629 312.915 341.165 346.25 312.584 329.37 272.049 
347.887 257.707 364.541 298.336 408.328 295.053 391.674 254.423 
351.836 197.938 342.594 240.864 386.275 236.389 395.518 193.463 
304.163 116.941 319.876 157.943 363.727 155.669 348.014 114.667 
306.306 54.959 297.412 97.958 341.056 93.129 349.95 50.13 
254.292 30.927 243.357 73.454 280.424 96.994 291.358 54.468 
158.571 60.19 147.477 102.675 191.312 100.097 202.405 57.611 
100.198 35.281 87.673 77.367 123.829 102.284 136.353 60.198 
32.516 53.023 9.789 90.594 50.259 73.557 72.986 35.986 
-13.167 211.101 -15.912 254.925 12.067 221.083 14.812 177.259 
-14.182 294.569 -1.902 336.727 32.812 363.615 20.532 321.457 
115.483 390.672 141.079 426.351 182.757 440.172 157.162 404.493 
218.911 446.287 262.763 444.023 296.908 416.416 253.056 418.68 
347.321 356.482 388.875 342.291 414.152 306.386 372.598 320.576 
431.445 189.489 417.881 231.251 431.455 273.01 445.019 231.248 
368.425 47.136 366.049 90.982 389.897 127.851 392.274 84.005 
265.582 -8.933 297.189 21.549 340.675 27.631 309.069 -2.85 
104.706 15.114 144.101 34.509 187.372 27.045 147.977 7.65 
54.931 -88.508 47.165 -45.29 85.868 -24.549 93.633 -67.767 
-32.512 -8.918 -24.353 34.227 14.159 13.134 5.999 -30.011 
-65.465 49.651 -55.774 92.478 -22.761 121.43 -32.452 78.602 
-110.001 122.649 -91.213 162.336 -47.662 156.73 -66.45 117.043 
-120.122 206.029 -76.235 204.585 -41.58 177.621 -85.466 179.065 
-102.42 239.834 -123.373 278.422 -80.198 286.425 -59.245 247.836 
-89.406 329.359 -79.901 372.227 -36.193 376.434 -45.698 333.566 
-27.37 419.449 15.245 430.036 55.944 413.553 13.329 402.966 
35.883 452.612 33.076 496.433 75.619 485.561 78.426 441.741 
99.512 440.506 91.457 483.671 110.313 523.327 118.368 480.162 
153.617 473.018 143.948 515.85 181.696 538.282 191.365 495.449 
241.733 482.57 225.315 523.295 269.121 526.324 285.538 485.599 
328.716 446.686 329.164 490.594 354.609 454.809 354.162 410.901 
385.764 401.352 381.733 445.076 422.071 462.422 426.103 418.698 
389.491 386.197 429.586 404.099 472.547 395.014 432.451 377.112 
436.288 344.308 474.78 365.438 506.771 335.361 468.279 314.23 
491.141 224.016 473.841 264.374 506.879 293.299 524.178 252.94 
446.463 134.752 471.266 170.986 512.63 185.722 487.827 149.488 
448.611 105.468 488.809 123.137 518.036 90.366 477.838 72.697 
436.798 53.68 434.057 97.504 462.034 63.66 464.774 19.836 
396.966 -4.364 411.191 37.178 446.304 10.812 432.078 -30.73 
314.54 -54.264 347.099 -24.801 385.18 -46.662 352.621 -76.125 
220.967 -38.243 262.419 -52.729 287.439 -88.813 245.987 -74.327 
170.646 -87.126 192.903 -49.275 222.023 -82.14 199.766 -119.991 
114.895 -89.563 133.747 -49.906 172.308 -28.903 153.456 -68.561 
124.509 -131.052 157.112 -101.638 195.161 -123.556 162.558 -152.969 
-3.127 -160.988 -5.283 -117.131 37.094 -128.633 39.25 -172.49 
-91.16 -131.644 -79.22 -89.389 -35.343 -87.687 -47.283 -129.942 
-121.104 -81.38 -113.104 -38.205 -69.57 -32.472 -77.57 -75.647 
-109.966 50.757 -122.612 92.807 -78.713 91.84 -66.066 49.791 
-148.75 143.303 -141.081 186.538 -102.332 165.884 -110.001 122.649 
-209.668 272.614 -206.477 316.408 -163.84 326.906 -167.031 283.112 
-215.117 398.157 -172.93 410.338 -148.309 373.98 -190.496 361.799 
-151.869 417.745 -151.746 461.655 -110.024 447.969 -110.146 404.059 
-27.561 439.822 -32.054 483.502 8.1 501.273 12.593 457.593 
33.9 499.258 52.247 539.151 95.857 534.03 77.51 494.137 
143.017 616.739 185.743 626.869 208.58 589.365 165.855 579.234 
230.89 627.183 256.858 662.592 282.508 626.953 256.541 591.544 
290.037 564.931 297.143 608.262 340.549 614.893 333.443 571.563 
350.347 498.511 391.231 514.529 419.099 480.596 378.214 464.578 
435.818 419.077 429.256 462.494 472.576 455.318 479.137 411.901 
539.774 364.325 568.153 397.832 591.251 360.488 562.872 326.981 
579.4 282.615 605.791 317.71 647.323 303.457 620.933 268.362 
587.118 206.117 567.429 245.365 610.84 251.963 630.53 212.715 
503.844 131.919 527.072 169.183 555.335 135.577 532.107 98.314 
491.831 16.942 482.742 59.901 520.789 81.821 529.879 38.862 
438.698 -87.552 468.481 -55.286 508.371 -73.639 478.588 -105.906 
403.943 -154.978 409.516 -111.423 449.217 -130.182 443.644 -173.737 
369.327 -189.044 341.648 -154.956 365.515 -118.098 393.193 -152.187 
220.011 -137.446 237.201 -97.041 280.941 -100.904 263.751 -141.309 
212.208 -207.879 204.938 -164.492 248.368 -170.973 255.624 -214.279 
173.255 -228.09 165.989 -184.785 204.929 -164.493 212.208 -207.879 
-186.708 39.459 -189.387 83.287 -148.531 99.379 -145.852 55.551 
-217.327 117.161 -176.477 133.267 -148.537 99.393 -189.386 83.288 
-59.038 543.466 -16.508 554.384 7.019 517.309 -35.512 506.391 
-15.144 555.214 8.981 591.903 36.42 557.621 12.295 520.932 
413.25 524.115 439.297 559.465 464.868 523.769 438.82 488.419 
441.608 486.448 465.516 523.28 507.932 511.924 484.025 475.093 
549.331 78.32 572.45 115.651 615.098 105.2 591.979 67.869 
552.631 34.454 549.309 78.239 591.977 67.867 595.298 24.083 
291.193 -226.247 286.069 -182.637 307.556 -144.344 312.68 -187.954 
173.251 -228.084 212.208 -207.88 255.624 -214.278 216.68 -234.563 
95.636 -192.141 78.039 -151.911 115.922 -174.114 133.519 -214.344 
-189.414 0.206 -148.898 17.133 -106.17 7.012 -146.686 -9.915 
-214.637 73.341 -217.318 117.169 -189.387 83.287 -186.706 39.459 
-211.525 159.72 -209.775 203.595 -182.57 238.063 -184.32 194.188 
-99.058 490.486 -105.279 533.953 -74.697 502.444 -68.476 458.977 
-59.038 543.466 -32.87 578.726 9.027 591.871 -17.142 556.611 
45.485 600.585 89.385 601.532 125.457 576.493 81.557 575.547 
355.738 540.382 376.725 578.951 416.375 597.819 395.388 559.249 
439.276 559.45 481.327 546.808 507.917 511.864 465.866 524.506 
524.249 398.482 512.263 440.725 527.397 481.945 539.382 439.702 
567.773 177.689 610.849 169.174 640.694 136.966 597.618 145.481 
595.25 24.077 591.984 67.866 615.081 105.211 618.347 61.422 
494.889 -31.851 529.766 -5.174 573.662 -4.091 538.786 -30.769 
