160.174 221.981 158.685 265.866 200.882 253.721 202.372 209.837 
210.442 209.228 209.684 253.131 251.205 267.419 251.963 223.515 
212.118 202.142 253.86 215.771 279.719 180.284 237.978 166.655 
180.02 162.491 205.608 198.175 231.638 162.812 206.05 127.128 
133.036 178.386 157.474 214.868 199.721 202.901 175.284 166.419 
123.44 187.125 122.595 231.027 147.716 267.042 148.561 223.14 
165.381 279.562 206.973 293.642 248.897 280.586 207.306 266.506 
264.963 221.638 264.664 265.547 290.714 230.2 291.013 186.291 
214.91 118.804 240.254 154.661 281.835 168.773 256.491 132.916 
129.717 170.446 171.696 157.566 198.087 122.471 156.108 135.351 
78.656 147.522 119.368 163.974 147.596 130.339 106.884 113.887 
76.291 172.477 74.856 216.364 116.151 231.291 117.586 187.404 
45.796 254.491 86.714 270.421 114.508 236.427 73.59 220.498 
87.123 270.752 110.247 308.081 138.603 274.555 115.48 237.226 
137.584 318.451 179.008 333.017 205.661 298.121 164.237 283.556 
181.247 334.616 205.344 371.324 232.808 337.063 208.712 300.356 
209.45 299.873 233.147 336.84 275.627 325.725 251.93 288.759 
268.025 267.793 293.189 303.776 319.635 268.723 294.47 232.74 
296.91 230.997 321.165 267.601 363.472 255.845 339.218 219.241 
298.998 186.001 296.589 229.845 339.031 218.588 341.441 174.744 
260.869 129.455 285.853 165.564 327.915 152.96 302.931 116.851 
261.494 82.172 259.755 126.047 302.021 114.143 303.76 70.267 
219.126 66.682 217.126 110.546 258.226 126.003 260.226 82.139 
154.299 84.555 153.372 128.456 195.41 115.771 196.337 71.871 
109.98 68.63 107.413 112.465 148.309 128.453 150.876 84.618 
80.002 101.403 75.68 145.1 104.861 112.288 109.182 68.591 
42.594 209.221 43.677 253.118 68.602 216.967 67.518 173.071 
45.569 255.092 69.148 292.134 109.997 308.241 86.417 271.199 
135.913 324.585 162.755 359.336 204.896 371.674 178.055 336.922 
205.788 371.673 248.166 360.175 275.692 325.964 233.314 337.462 
296.862 306.268 338.359 291.911 363.492 255.905 321.995 270.262 
342.339 174.781 340.119 218.635 364.101 255.418 366.32 211.564 
305.063 70.216 306.172 114.112 332.87 148.973 331.761 105.077 
220.471 63.044 260.945 80.071 303.698 70.056 263.224 53.029 
110.507 66.809 152.422 79.895 194.023 65.844 152.109 52.758 
82.71 20.202 106.596 57.047 149.019 45.717 125.133 8.871 
48.456 59.76 72.475 96.519 100.012 62.316 75.993 25.558 
41.996 64.912 37.965 108.636 60.404 146.38 64.434 102.655 
-16.442 134.171 9.735 169.424 51.353 155.421 25.175 120.168 
-6.55 220.279 34.623 205.02 58.963 168.473 17.789 183.733 
-5.541 222.765 -6.188 266.671 35.769 253.718 36.415 209.812 
-4.835 270.432 17.29 308.36 60.199 299.037 38.074 261.109 
24.053 323.964 65.356 338.869 107.532 326.651 66.229 311.745 
71.548 351.815 72.141 395.721 113.715 381.59 113.122 337.684 
125.883 335.487 126.869 379.385 153.47 414.321 152.484 370.422 
161.052 369.278 162.553 413.162 204.753 425.295 203.252 381.411 
209.727 381.403 206.533 425.197 249.17 414.701 252.364 370.908 
266.295 368.855 265.639 412.76 291.975 377.626 292.631 333.72 
303.725 332.139 304.323 376.045 346.265 389.044 345.667 345.138 
305.579 321.132 347.6 333.873 389.085 319.482 347.064 306.741 
348.624 297.222 390.914 309.039 415.221 272.47 372.931 260.653 
378.243 210.843 374.912 254.627 415.523 271.325 418.854 227.541 
355.928 159.811 380.77 196.018 422.15 210.708 397.308 174.501 
357.8 150.361 399.676 163.573 425.182 127.83 383.307 114.618 
346.765 101.786 348.533 145.66 372.892 109.126 371.124 65.251 
312.383 63.017 339.3 97.709 363.977 61.388 337.059 26.696 
266.319 41.722 306.746 58.862 335.538 25.709 295.111 8.57 
211.71 46.321 254.078 34.785 281.573 0.55 239.205 12.085 
177.735 8.261 205.015 42.669 229.308 6.091 202.029 -28.316 
125.133 8.871 153.4 42.473 196.019 53.042 167.752 19.441 
127.779 -13.88 168.564 2.39 196.641 -31.371 155.856 -47.641 
45.102 -44.595 53.447 -1.485 91.868 -22.743 83.523 -65.853 
2.031 -53.127 7.227 -9.525 50.3 -0.993 45.104 -44.595 
-28.247 16.352 7.326 42.094 42.8 16.216 7.227 -9.526 
-21.126 83.561 -19.563 127.443 21.688 112.396 20.125 68.514 
-50.913 172.94 -27.938 210.36 0.551 176.946 -22.423 139.526 
-87.863 239.798 -79.087 282.822 -35.456 287.77 -44.233 244.746 
-103.843 319.088 -61.702 331.426 -36.945 295.16 -79.087 282.822 
-56.844 334.302 -36.322 373.122 -5.745 341.609 -26.265 302.789 
21.49 340.806 23.328 384.677 65.62 396.486 63.782 352.615 
74.83 401.989 99.434 438.358 141.627 426.198 117.023 389.828 
147.974 489.472 191.099 497.736 212.286 459.275 169.16 451.011 
191.598 498.005 217.778 533.257 243.214 497.466 217.035 462.213 
228.06 453.204 249.963 491.261 292.926 482.189 271.023 444.132 
277.977 419.243 320.105 431.626 344.9 395.387 302.772 383.004 
353.12 344.676 352.1 388.574 394.165 375.979 395.185 332.081 
426.887 314.803 456.168 347.525 478.241 309.565 448.96 276.843 
453.52 272.945 479.697 308.199 521.315 294.197 495.138 258.943 
453.201 216.26 448.515 259.919 491.485 250.884 496.171 207.225 
405.125 166.892 431.603 201.921 456.735 165.914 430.257 130.885 
386.52 62.919 385.3 106.812 426.668 121.536 427.888 77.643 
351.113 -5.22 380.969 26.978 420.818 8.534 390.962 -23.664 
348.611 -53.178 349.475 -9.276 390.961 -23.664 390.098 -67.565 
303.633 -72.991 296.295 -29.699 335.202 -9.342 342.539 -52.635 
207.716 -33.409 234.054 1.724 275.608 -12.469 249.27 -47.602 
202.104 -93.26 199.736 -49.332 242.167 -60.633 244.53 -104.48 
161.129 -108.976 158.765 -65.129 199.735 -49.332 202.103 -93.26 
-77.477 71.249 -79.698 115.103 -38.677 130.767 -36.456 86.913 
-107.273 149.276 -66.252 164.94 -38.678 130.768 -79.699 115.103 
-5.058 433.636 36.288 448.418 63.124 413.662 21.777 398.88 
36.288 448.417 61.049 484.68 87.886 449.925 63.125 413.662 
332.581 437.532 357.457 473.716 384.183 438.876 359.307 402.692 
359.31 402.688 384.183 438.874 426.284 426.401 401.411 390.215 
442.134 119.18 466.455 155.74 508.741 143.907 484.42 107.347 
443.947 75.307 442.133 119.179 484.419 107.348 486.233 63.475 
264.118 -108.872 263.678 -64.964 289.129 -29.183 289.569 -73.091 
161.13 -108.975 202.104 -93.26 244.53 -104.48 203.56 -120.277 
104.64 -68.821 100.009 -25.155 129.422 -57.76 134.052 -101.425 
-76.692 57.896 -33.761 67.116 6.39 49.342 -36.541 40.121 
-105.051 105.421 -107.273 149.275 -79.698 115.103 -77.477 71.249 
-108.748 175.995 -85.678 213.357 -45.054 230.024 -68.124 192.662 
-24.38 381.367 -25.118 425.271 1.284 390.186 2.022 346.282 
-5.058 433.635 19.703 469.897 61.05 484.68 36.288 448.417 
85.676 493.78 127.692 481.022 154.185 446.004 112.169 458.762 
276.87 439.295 301.827 475.423 343.254 489.981 318.296 453.853 
357.457 473.716 399.557 461.24 426.284 426.401 384.184 438.877 
417.771 326.225 417.103 370.13 442.37 406.043 443.038 362.138 
450.537 209.385 492.669 197.016 519.485 162.245 477.353 174.614 
486.233 63.475 484.42 107.348 508.741 143.907 510.554 100.035 
388.127 37.849 429.313 53.075 471.583 41.184 430.397 25.958 
