159.855 222.189 156.793 265.992 199.399 255.368 202.46 211.565 
212.391 210.998 209.904 254.838 250.829 270.75 253.316 226.911 
214.414 203.248 255.706 218.185 282.671 183.53 241.379 168.593 
183.138 162.217 207.483 198.761 234.714 164.315 210.37 127.772 
134.418 177.265 157.338 214.719 200.041 204.495 177.121 167.041 
124.017 186.123 121.616 229.967 145.446 266.849 147.846 223.005 
164.746 282.334 206.045 297.25 248.224 285.043 206.925 270.126 
267.799 224.843 266.673 268.738 293.384 233.888 294.51 189.992 
220.182 119.021 244.169 155.799 285.194 171.454 261.207 134.675 
130.681 168.103 172.949 156.207 200.153 121.739 157.884 133.635 
70.818 137.889 110.336 157.031 140.753 125.362 101.235 106.22 
68.39 170.009 63.556 213.652 103.569 231.737 108.403 188.094 
30.767 255.779 70.71 274.016 100.398 241.662 60.454 223.426 
75.793 278.031 96.19 316.917 126.87 285.503 106.473 246.617 
133.783 328.864 174.413 345.517 202.807 312.022 162.177 295.369 
181.356 350.335 203.665 388.156 232.741 355.252 210.433 317.431 
215.379 314.187 236.935 352.441 279.978 343.761 258.422 305.506 
278.26 275.108 301.824 312.159 329.78 278.298 306.215 241.247 
312.56 236.676 334.943 274.454 377.788 264.841 355.405 227.064 
315.394 187.075 310.851 230.749 353.792 221.574 358.335 177.899 
273.375 123.422 296.565 160.708 339.193 150.174 316.003 112.888 
274.718 72.822 271.148 116.587 313.874 106.458 317.444 62.693 
228.034 55.212 223.772 98.914 264.019 116.473 268.281 72.77 
154.032 75.216 151.142 119.031 193.705 108.24 196.596 64.426 
108.564 56.835 103.418 100.442 143.301 118.812 148.447 75.205 
68.729 86.222 59.927 129.24 92.334 99.611 101.136 56.592 
23.586 207.696 23.683 251.606 49.413 216.025 49.317 172.115 
27.728 265.049 48.937 303.497 88.695 322.136 67.485 283.688 
130.51 344.796 157.422 379.492 199.589 391.743 172.676 357.047 
209.992 392.808 252.889 383.43 282.081 350.629 239.184 360.007 
312.827 318.803 354.182 304.043 378.964 267.794 337.609 282.554 
367.897 177.917 363.038 221.557 384.758 259.719 389.617 216.079 
321.749 62.366 322.916 106.261 349.66 141.086 348.493 97.192 
232.891 40.406 271.524 61.277 315.046 55.455 276.413 34.584 
109.609 53.395 151.068 67.861 193.111 55.194 151.652 40.729 
79.232 -15.733 95.98 24.858 139.759 21.473 123.011 -19.118 
28.122 40.612 51.767 77.612 79.649 43.69 56.004 6.691 
14.81 53.902 11.342 97.675 34.265 135.126 37.733 91.353 
-46.656 127.422 -21.596 163.478 20.44 150.786 -4.62 114.73 
-37.09 216.028 4.04 200.651 28.275 164.035 -12.854 179.412 
-36.034 218.598 -42.081 262.09 1.151 254.4 7.197 210.909 
-30.677 284.654 -11.43 324.12 32.053 318.01 12.806 278.544 
7.279 354.263 48.759 368.668 90.784 355.94 49.304 341.536 
56.902 383.871 57.15 427.78 98.834 413.975 98.585 370.065 
115.54 366.292 116.406 410.194 142.912 445.202 142.046 401.301 
156.26 398.859 156.482 442.769 198.311 456.126 198.089 412.217 
218.32 410.506 211.805 453.93 255.117 446.708 261.633 403.284 
289.545 393.898 288.773 437.801 315.203 402.737 315.976 358.834 
329.552 356.66 329.618 400.57 371.399 414.076 371.333 370.166 
331.264 341.501 373.376 353.937 414.755 339.246 372.643 326.809 
374.383 311.464 416.463 324.009 441.398 287.866 399.318 275.321 
410.876 214.179 404.038 257.553 443.177 277.46 450.014 234.085 
386.985 148.114 411.28 184.691 452.434 200.003 428.139 163.426 
389.154 136.485 430.842 150.278 456.842 114.893 415.155 101.1 
373.702 87.202 376.487 131.024 399.992 93.934 397.206 50.112 
336.557 44.686 361.633 80.731 388.166 45.743 363.089 9.698 
281.524 13.507 320.321 34.072 351.868 3.53 313.071 -17.036 
214.604 14.96 257.058 3.747 284.813 -30.279 242.359 -19.066 
178.136 -24.05 205.45 10.33 229.707 -26.271 202.393 -60.652 
123.041 -19.142 150.7 14.961 193.123 26.295 165.463 -7.809 
125.319 -52.371 164.715 -32.978 195.333 -64.453 155.937 -83.846 
16.104 -77.773 25.075 -34.79 63.183 -56.605 54.211 -99.588 
-33.61 -75.141 -19.098 -33.698 24.801 -34.693 10.289 -76.136 
-61.03 -20.329 -35.709 15.545 6.233 2.547 -19.088 -33.326 
-51.264 71.266 -52.459 115.16 -10.344 102.733 -9.149 58.839 
-84.37 164.324 -64.34 203.4 -33.367 172.276 -53.396 133.2 
-129.799 263.246 -117.61 305.43 -73.724 306.874 -85.912 264.69 
-138.914 349.423 -95.854 358.023 -74.369 319.728 -117.428 311.129 
-88.708 361.231 -73.557 402.444 -39.043 375.299 -54.194 334.086 
5.073 373.095 6.833 416.97 49.104 428.854 47.344 384.98 
61.284 436.737 85.16 473.589 127.586 462.27 103.711 425.418 
158.785 534.548 202.195 541.158 221.896 501.916 178.487 495.305 
204.884 542.397 231.941 576.98 256.47 540.561 229.414 505.977 
248.142 490.06 266.077 530.14 309.738 525.467 291.803 485.387 
303.015 444.921 345.139 457.318 369.946 421.086 327.822 408.69 
382.601 369.15 380.877 413.026 423.139 401.107 424.863 357.231 
470.576 320.679 500.854 352.48 521.743 313.857 491.465 282.055 
497.45 276.458 524.32 311.187 565.652 296.365 538.782 261.636 
497.875 211.676 488.816 254.641 532.478 249.98 541.537 207.014 
437.279 154.203 463.554 189.385 488.894 153.524 462.619 118.343 
420.512 44.95 417.999 88.788 458.914 104.725 461.428 60.887 
370.86 -43.329 401.392 -11.771 440.84 -31.057 410.308 -62.615 
366.419 -89.819 369.65 -46.028 410.299 -62.633 407.069 -106.424 
323.138 -114.219 309.76 -72.397 345.401 -46.749 358.779 -88.572 
210.727 -68.216 235.825 -32.186 277.848 -44.923 252.75 -80.952 
203.086 -132.362 199.601 -88.508 242.306 -98.726 245.784 -142.498 
162.524 -149.116 159.045 -105.344 199.6 -88.509 203.085 -132.362 
-115.568 61.524 -117.82 105.376 -76.809 121.068 -74.558 77.216 
-145.419 139.53 -104.409 155.223 -76.811 121.07 -117.821 105.377 
-21.19 471.157 20.055 486.218 47.126 451.645 5.879 436.584 
20.056 486.219 44.572 522.648 71.642 488.074 47.126 451.646 
362.848 464.419 387.292 500.895 414.43 466.374 389.984 429.898 
389.984 429.898 414.43 466.374 456.675 454.397 432.229 417.921 
477.984 101.558 501.585 138.587 544.094 127.583 520.493 90.555 
480.656 57.728 477.984 101.556 520.493 90.554 523.165 46.725 
269.697 -149.494 269.565 -105.584 295.267 -69.983 295.399 -113.893 
162.525 -149.115 203.086 -132.362 245.784 -142.498 205.23 -159.333 
95.945 -110.484 84.74 -68.027 118.761 -95.789 129.966 -138.245 
-116.231 48.353 -72.542 52.755 -34.609 30.637 -78.298 26.235 
-143.166 95.677 -145.418 139.53 -117.82 105.376 -115.568 61.524 
-144.318 173.536 -129.325 214.807 -92.938 239.384 -107.93 198.113 
-48.08 418.268 -49.124 462.166 -22.478 427.266 -21.434 383.368 
-21.19 471.157 3.325 507.586 44.572 522.647 20.055 486.218 
74.897 531.864 118.062 523.809 148.249 491.92 105.084 499.975 
304.084 472.893 328.628 509.302 369.886 524.331 345.342 487.922 
387.292 500.895 429.537 488.918 456.675 454.397 414.43 466.374 
457.223 347.539 452.672 391.212 474.661 429.22 479.212 385.547 
490.825 197.392 533.073 185.423 560.216 150.907 517.969 162.877 
523.165 46.726 520.493 90.554 544.094 127.583 546.766 83.754 
421.718 8.471 461.031 28.031 504.333 20.748 465.02 1.188 
