152.122 241.588 140.433 283.914 184.3 281.951 195.988 239.625 
220.21 240.202 207.093 282.107 242.893 307.532 256.011 265.627 
228.0 214.016 264.104 239.009 299.029 212.396 262.926 187.403 
195.828 158.268 209.936 199.85 245.123 173.583 231.016 132.001 
131.01 172.264 143.519 214.355 187.415 215.464 174.906 173.374 
100.317 206.506 88.586 248.82 103.967 289.948 115.698 247.634 
155.431 315.037 193.668 336.625 237.291 331.615 199.054 310.027 
292.76 255.856 284.556 298.992 316.548 268.916 324.752 225.779 
256.211 110.433 270.053 152.104 305.746 177.68 291.903 136.009 
118.032 142.216 161.928 141.085 196.775 114.368 152.879 115.5 
15.548 98.829 45.153 131.258 85.144 113.123 55.538 80.694 
44.62 175.165 23.473 213.647 53.537 245.651 74.684 207.169 
-25.907 281.384 7.484 309.898 44.922 286.951 11.53 258.437 
23.75 325.421 30.416 368.822 69.633 349.071 62.967 305.67 
111.913 360.928 144.718 390.115 182.615 367.934 149.809 338.747 
181.264 411.824 193.331 454.044 229.755 429.521 217.689 387.302 
237.447 375.525 249.267 417.814 293.139 419.64 281.319 377.351 
306.121 311.57 318.343 353.744 354.676 329.087 342.454 286.912 
370.455 261.619 383.032 303.69 426.93 304.729 414.353 262.658 
378.604 200.075 365.555 242.001 409.462 241.455 422.511 199.529 
322.128 110.18 332.451 152.859 376.232 156.229 365.909 113.55 
324.013 38.901 310.613 80.716 354.523 80.538 367.923 38.723 
270.627 7.995 252.695 48.076 285.273 77.517 303.205 37.435 
165.606 43.306 145.101 82.134 188.365 89.638 208.87 50.81 
82.873 20.398 65.517 60.732 98.515 89.702 115.87 49.368 
5.463 32.718 -21.569 67.32 20.639 55.215 47.672 20.613 
-44.335 227.656 -47.678 271.439 -19.239 237.983 -15.896 194.2 
-36.355 312.376 -29.931 355.813 0.799 387.178 -5.626 343.741 
112.738 420.205 139.029 455.375 180.97 468.375 154.68 433.205 
223.851 473.032 267.681 475.696 304.704 452.089 260.875 449.425 
369.492 370.423 410.936 355.915 435.938 319.818 394.494 334.326 
465.565 196.377 446.829 236.09 455.015 279.23 473.75 239.518 
391.045 34.447 387.178 78.186 409.758 115.845 413.625 72.105 
285.664 -38.344 312.896 -3.897 355.174 7.964 327.942 -26.482 
85.631 -18.835 123.416 3.535 167.133 -0.578 129.348 -22.947 
35.057 -120.163 22.048 -78.224 57.914 -52.891 70.923 -94.83 
-52.753 -42.607 -61.815 0.358 -18.153 -4.301 -9.092 -47.266 
-97.193 26.366 -86.657 68.993 -53.078 97.287 -63.615 54.659 
-132.512 116.716 -124.614 159.909 -81.094 165.745 -88.991 122.552 
-162.881 196.404 -122.001 212.432 -79.508 201.37 -120.388 185.342 
-129.017 255.778 -161.802 284.989 -123.89 307.143 -91.105 277.932 
-114.166 349.962 -115.641 393.847 -74.359 408.811 -72.884 364.926 
-53.902 447.664 -10.646 455.216 28.787 435.9 -14.469 428.348 
22.341 479.334 16.166 522.807 59.42 515.246 65.595 471.773 
98.587 472.481 81.217 512.809 90.869 555.645 108.239 515.317 
159.998 506.952 139.737 545.909 170.527 577.216 190.787 538.259 
254.942 517.718 231.455 554.818 273.997 565.691 297.485 528.591 
339.303 479.126 341.038 523.001 365.423 486.486 363.688 442.61 
406.602 424.549 399.587 467.895 438.644 487.962 445.659 444.616 
414.629 399.67 450.509 424.983 494.415 424.372 458.535 399.059 
466.329 351.512 498.659 381.225 536.908 359.658 504.578 329.946 
533.714 228.78 509.307 265.282 536.48 299.774 560.887 263.273 
476.663 135.606 501.815 171.598 543.32 185.933 518.167 149.941 
477.199 92.478 515.177 114.517 547.874 85.208 509.896 63.169 
468.791 35.983 457.095 78.306 491.435 50.94 503.13 8.616 
423.607 -35.761 426.153 8.075 467.057 -7.893 464.51 -51.729 
331.977 -96.571 356.296 -60.01 398.582 -71.841 374.263 -108.402 
227.221 -63.068 268.269 -78.661 292.311 -115.404 251.263 -99.811 
161.417 -121.54 173.044 -79.197 209.721 -103.34 198.094 -145.682 
107.364 -137.346 114.827 -94.075 146.298 -63.454 138.835 -106.725 
125.515 -174.079 151.259 -138.508 193.045 -151.999 167.301 -187.571 
-7.952 -203.901 -21.368 -162.09 22.542 -162.252 35.957 -204.062 
-108.553 -168.204 -102.156 -124.762 -58.864 -117.422 -65.261 -160.863 
-146.112 -109.663 -131.847 -68.134 -87.944 -68.869 -102.209 -110.397 
-153.82 36.115 -163.292 78.991 -119.587 74.75 -110.115 31.874 
-176.064 126.133 -180.483 169.821 -137.569 160.524 -133.149 116.837 
-245.237 268.577 -251.043 312.101 -211.443 331.073 -205.637 287.548 
-261.672 402.168 -221.822 420.611 -191.968 388.411 -231.817 369.968 
-187.537 432.096 -196.64 475.052 -152.974 470.436 -143.87 427.48 
-52.36 468.927 -62.396 511.675 -24.842 534.43 -14.806 491.682 
16.399 524.038 29.897 565.823 73.807 565.898 60.309 524.114 
128.552 652.755 169.459 668.714 197.279 634.741 156.372 618.782 
225.759 668.161 248.382 705.795 277.183 672.65 254.561 635.016 
298.146 602.364 297.006 646.259 338.401 660.906 339.541 617.012 
365.402 530.395 404.711 549.963 435.468 518.624 396.159 499.057 
456.329 446.225 444.496 488.51 488.369 486.698 500.202 444.412 
571.316 386.939 595.331 423.7 622.872 389.502 598.858 352.74 
614.61 297.07 638.52 333.9 680.936 322.542 657.026 285.712 
629.233 215.866 603.088 251.144 644.718 265.108 670.864 229.831 
538.432 128.091 558.584 167.104 589.461 135.883 569.309 96.87 
532.484 9.168 517.03 50.268 551.343 77.667 566.797 36.566 
474.823 -113.756 499.906 -77.715 541.934 -90.432 516.851 -126.474 
427.426 -184.766 430.597 -140.971 471.269 -157.521 468.097 -201.317 
395.393 -221.398 363.302 -191.426 381.89 -151.644 413.981 -181.616 
228.1 -173.978 239.693 -131.627 283.555 -129.565 271.962 -171.917 
225.752 -248.028 213.199 -205.865 257.096 -206.954 269.625 -249.039 
191.119 -277.815 173.315 -237.676 205.989 -208.34 223.825 -248.554 
-210.882 14.466 -219.642 57.493 -181.428 79.121 -172.668 36.094 
-254.688 85.565 -218.218 110.019 -183.69 82.89 -220.161 58.436 
-89.437 564.012 -46.394 572.687 -24.842 534.43 -67.886 525.755 
-41.349 575.118 -23.115 615.063 9.241 585.378 -8.993 545.433 
421.504 560.255 448.52 594.87 473.093 558.48 446.076 523.864 
456.443 516.844 475.623 556.344 519.116 550.31 499.936 510.81 
588.097 77.62 608.617 116.441 651.878 108.922 631.359 70.102 
595.812 32.021 587.71 75.177 631.258 69.546 639.359 26.39 
316.458 -261.406 302.393 -219.81 315.464 -177.89 329.529 -219.487 
191.119 -277.816 225.762 -250.877 269.618 -249.289 235.003 -276.305 
96.29 -235.027 78.863 -194.723 116.652 -217.086 134.079 -257.389 
-206.393 -49.438 -178.676 -15.381 -136.234 -4.12 -163.951 -38.177 
-244.324 42.905 -254.68 85.576 -221.22 57.141 -210.865 14.469 
-242.777 146.419 -248.376 189.971 -227.306 228.495 -221.708 184.943 
-133.341 509.71 -148.0 551.101 -111.812 526.231 -97.153 484.841 
-89.526 564.465 -64.492 600.539 -23.034 615.008 -48.07 578.934 
22.205 627.331 65.445 634.977 104.92 615.747 61.681 608.101 
368.449 574.724 383.437 615.997 419.823 640.577 404.835 599.304 
448.508 594.863 491.055 584.004 519.092 550.21 476.546 561.07 
552.17 431.775 534.416 471.936 543.659 514.863 561.413 474.702 
602.629 177.772 646.48 175.486 680.613 147.862 636.762 150.148 
639.268 26.373 632.139 69.7 651.838 108.944 658.968 65.617 
537.668 -46.731 568.699 -15.664 612.065 -8.771 581.033 -39.837 
