153.325 240.13 142.574 282.704 186.387 279.772 197.137 237.199 
219.874 237.564 207.823 279.788 244.256 304.298 256.308 262.074 
227.133 213.914 263.781 238.101 298.108 210.721 261.46 186.534 
195.234 159.501 210.245 200.766 244.851 173.738 229.841 132.474 
131.855 173.777 145.614 215.476 189.524 215.276 175.765 173.577 
103.063 204.636 92.389 247.229 108.79 287.961 119.464 245.368 
156.884 312.294 195.549 333.105 239.062 327.214 200.397 306.403 
290.108 253.896 282.689 297.174 314.129 266.522 321.548 223.243 
253.423 112.363 268.29 153.68 304.604 178.366 289.736 137.05 
119.753 145.914 163.593 143.432 197.602 115.655 153.762 118.138 
21.559 101.052 52.639 132.071 91.744 112.098 60.664 81.079 
45.532 175.402 25.977 214.717 57.326 245.464 76.881 206.149 
-23.235 275.972 10.377 304.225 47.635 280.987 14.021 252.734 
27.799 320.162 35.974 363.305 74.479 342.199 66.304 299.056 
114.616 360.007 148.343 388.124 185.507 364.738 151.78 336.62 
179.764 408.271 192.752 450.216 228.63 424.902 215.643 382.957 
234.945 370.931 247.723 412.94 291.625 413.769 278.847 371.759 
304.435 309.348 317.656 351.219 353.393 325.705 340.171 283.833 
366.137 261.452 379.548 303.264 423.458 303.43 410.046 261.618 
373.167 200.207 361.053 242.412 404.936 240.892 417.051 198.686 
318.645 111.803 330.169 154.173 374.028 156.305 362.503 113.935 
320.985 42.779 308.514 84.88 352.409 83.731 364.88 41.629 
267.879 13.462 251.647 54.262 285.434 82.307 301.666 41.507 
164.163 47.438 145.784 87.316 189.39 92.473 207.769 52.594 
86.329 23.488 69.606 64.089 103.053 92.539 119.775 51.938 
12.732 35.305 -13.927 70.196 28.149 57.639 54.808 22.748 
-38.346 222.896 -41.672 266.68 -13.246 233.213 -9.92 189.429 
-33.141 310.069 -25.659 353.336 5.827 383.943 -1.656 340.675 
113.167 414.408 139.1 449.842 180.907 463.267 154.975 427.832 
223.331 468.49 267.212 470.089 303.652 445.59 259.771 443.991 
365.018 368.049 406.514 353.689 431.644 317.681 390.149 332.041 
459.208 195.002 441.478 235.174 450.747 278.095 468.477 237.923 
386.896 37.724 383.303 81.487 406.119 119.004 409.712 75.241 
282.083 -32.117 310.166 1.638 352.727 12.439 324.644 -21.316 
89.64 -13.103 127.705 8.787 171.367 4.122 133.302 -17.768 
40.122 -114.552 26.18 -72.914 61.472 -46.787 75.414 -88.425 
-49.232 -37.25 -57.537 5.867 -13.963 0.442 -5.659 -42.676 
-91.22 34.036 -79.661 76.397 -45.411 103.874 -56.97 61.513 
-129.868 117.466 -119.195 160.059 -75.388 163.07 -86.061 120.477 
-155.933 197.634 -113.799 209.997 -72.446 195.233 -114.58 182.87 
-124.261 252.643 -155.368 283.634 -116.281 303.642 -85.174 272.65 
-111.112 347.247 -110.178 391.146 -68.137 403.823 -69.072 359.923 
-49.716 443.682 -6.564 451.805 33.121 433.012 -10.031 424.889 
25.916 476.327 21.079 519.969 64.081 511.084 68.918 467.441 
98.997 467.729 83.56 508.836 95.234 551.166 110.671 510.059 
159.123 501.392 141.3 541.522 173.958 570.874 191.781 530.744 
253.383 511.764 231.362 549.754 274.297 558.957 296.318 520.968 
338.379 472.461 339.984 516.342 364.477 479.899 362.873 436.018 
403.177 420.226 396.962 463.694 436.382 483.038 442.597 439.57 
410.164 397.447 447.075 421.232 490.916 418.78 454.006 394.995 
460.778 350.534 494.677 378.444 531.696 354.83 497.798 326.919 
526.028 227.754 502.955 265.113 531.356 298.602 554.429 261.242 
470.848 134.998 495.98 171.004 537.476 185.362 512.344 149.355 
471.993 95.338 510.577 116.299 542.436 86.08 503.852 65.12 
462.719 39.837 452.991 82.656 486.03 53.733 495.758 10.914 
418.846 -29.166 424.115 14.427 463.946 -4.056 458.676 -47.649 
328.841 -88.491 354.893 -53.144 396.56 -66.999 370.508 -102.346 
225.433 -57.556 266.477 -73.161 290.509 -109.91 249.466 -94.305 
163.609 -115.193 177.495 -73.537 212.821 -99.616 198.936 -141.272 
109.381 -128.894 119.263 -86.11 152.404 -57.305 142.523 -100.089 
126.187 -166.005 153.219 -131.402 194.482 -146.417 167.45 -181.02 
-7.016 -196.045 -18.344 -153.621 25.504 -155.957 36.832 -198.381 
-105.416 -162.067 -99.742 -118.525 -56.578 -110.466 -62.252 -154.008 
-143.775 -102.621 -129.74 -61.015 -85.833 -61.507 -99.868 -103.113 
-141.723 39.471 -152.398 82.064 -108.591 79.054 -97.917 36.462 
-172.035 129.806 -173.327 173.698 -131.185 161.363 -129.893 117.472 
-239.255 270.993 -243.504 314.697 -203.252 332.243 -199.003 288.539 
-253.345 403.796 -212.912 420.92 -184.131 387.758 -224.564 370.633 
-181.072 431.56 -188.696 474.804 -145.214 468.691 -137.59 425.448 
-47.835 466.798 -56.981 509.745 -18.962 531.715 -9.816 488.768 
21.09 520.023 35.319 561.564 79.224 560.869 64.995 519.328 
132.507 647.029 173.848 661.83 200.699 627.086 159.358 612.285 
228.269 661.26 251.656 698.425 279.773 664.698 256.387 627.534 
298.016 595.909 298.544 639.815 340.465 652.881 339.937 608.975 
363.166 523.789 402.803 542.682 433.02 510.823 393.382 491.93 
452.978 440.887 442.3 483.479 486.107 480.472 496.785 437.881 
565.894 382.373 590.881 418.481 617.5 383.56 592.513 347.452 
608.434 293.767 632.903 330.227 675.14 318.224 650.671 281.763 
621.689 213.366 596.739 249.499 638.813 262.062 663.763 225.93 
531.612 128.636 552.419 167.303 582.764 135.566 561.958 96.899 
524.608 10.708 510.478 52.283 545.651 78.568 559.781 36.994 
468.32 -108.524 494.392 -73.192 536.052 -87.07 509.979 -122.402 
422.898 -179.22 426.507 -135.459 467.012 -152.414 463.403 -196.175 
390.595 -215.53 359.193 -184.838 378.679 -145.488 410.081 -176.18 
226.783 -165.868 239.198 -123.75 283.091 -122.543 270.676 -164.661 
222.54 -240.405 210.701 -198.036 254.573 -199.866 266.39 -242.156 
186.628 -266.903 172.402 -225.362 207.514 -198.994 221.767 -240.613 
-207.39 20.96 -214.573 64.279 -175.594 84.496 -168.411 41.178 
-247.014 94.474 -208.701 115.927 -176.459 86.119 -214.771 64.666 
-82.992 562.49 -39.794 570.359 -18.96 531.706 -62.16 523.837 
-35.192 572.505 -15.613 611.808 15.717 581.043 -3.862 541.739 
421.373 553.16 448.341 587.812 472.963 551.454 445.994 516.803 
454.484 510.937 475.015 549.752 518.274 542.222 497.744 503.407 
580.489 77.163 601.676 115.624 644.801 107.359 623.614 68.898 
586.755 32.418 580.247 75.843 623.558 68.614 630.066 25.189 
311.065 -254.968 298.998 -212.748 314.05 -171.499 326.118 -213.719 
186.616 -266.887 222.508 -241.635 266.39 -242.147 230.522 -267.477 
97.326 -227.272 79.302 -187.231 117.419 -209.031 135.443 -249.071 
-206.55 -36.684 -173.85 -7.379 -130.169 -2.892 -162.87 -32.197 
-239.135 51.285 -247.006 94.483 -215.246 64.161 -207.375 20.963 
-236.546 149.88 -241.407 193.521 -219.689 231.684 -214.828 188.043 
-126.474 508.399 -139.629 550.293 -104.363 524.132 -91.208 482.239 
-82.995 562.506 -57.269 598.09 -15.54 611.757 -41.267 576.173 
27.687 623.29 71.13 629.677 110.03 609.308 66.587 602.922 
367.354 568.594 383.844 609.29 421.106 632.52 404.616 591.824 
448.325 587.801 490.708 576.322 518.249 542.123 475.866 553.602 
547.44 424.878 530.884 465.547 541.394 508.181 557.95 467.512 
596.368 177.316 640.113 173.51 673.266 144.718 629.521 148.524 
629.986 25.176 624.019 68.679 644.761 107.381 650.729 63.878 
529.51 -43.651 561.32 -13.382 604.847 -7.592 573.037 -37.861 
