153.677 239.679 143.188 282.317 186.981 279.117 197.47 236.478 
219.713 236.816 207.946 279.12 244.542 303.384 256.31 261.081 
226.811 213.878 263.611 237.833 297.765 210.237 260.966 186.282 
195.006 159.9 210.307 201.058 244.722 173.788 229.422 132.63 
132.118 174.188 146.226 215.77 190.132 215.203 176.025 173.621 
103.91 204.046 93.55 246.717 110.249 287.327 120.61 244.657 
157.191 311.376 195.965 331.983 239.447 325.864 200.673 305.256 
289.274 253.318 282.078 296.634 313.36 265.82 320.555 222.503 
252.576 112.898 267.716 154.115 304.191 178.562 289.052 137.345 
120.359 147.071 164.174 144.18 197.922 116.087 154.107 118.978 
23.576 102.03 55.121 132.576 93.919 112.013 62.374 81.468 
45.788 175.482 26.72 215.036 58.446 245.394 77.514 205.84 
-22.242 274.429 11.515 302.509 48.653 279.082 14.896 251.001 
29.108 318.403 37.723 361.46 76.011 339.962 67.396 296.905 
115.277 359.615 149.255 387.429 186.208 363.71 152.23 335.896 
179.287 407.071 192.547 448.931 228.26 423.385 215.001 381.525 
234.149 369.453 247.201 411.378 291.108 411.92 278.056 369.995 
303.869 308.691 317.385 350.469 352.941 324.704 339.424 282.926 
364.787 261.326 378.447 303.058 422.357 302.962 408.697 261.231 
371.516 200.187 359.664 242.467 403.538 240.673 415.39 198.393 
317.585 112.264 329.454 154.539 373.329 156.314 361.459 114.039 
320.029 43.917 307.843 86.102 351.729 84.655 363.915 42.47 
266.991 15.074 251.252 56.066 285.374 83.703 301.113 42.711 
163.759 48.647 146.022 88.816 189.705 93.272 207.442 53.104 
87.457 24.442 71.004 65.153 104.638 93.381 121.091 52.67 
14.678 36.339 -11.859 71.323 30.174 58.619 56.711 23.635 
-36.396 221.591 -39.716 265.376 -11.295 231.905 -7.974 188.121 
-31.92 308.947 -24.071 352.15 7.673 382.488 -0.176 339.285 
113.264 412.585 139.13 448.068 180.912 461.571 155.047 426.088 
223.072 466.986 266.963 468.277 303.23 443.523 259.339 442.232 
363.656 367.287 405.162 352.956 430.317 316.965 388.812 331.296 
457.211 194.597 439.787 234.901 449.381 277.751 466.805 237.446 
385.595 38.674 382.086 82.444 404.974 119.916 408.483 76.147 
280.943 -30.283 309.281 3.258 351.923 13.737 323.584 -19.804 
90.948 -11.272 129.089 10.483 172.734 5.664 134.592 -16.091 
41.65 -112.794 27.577 -71.2 62.786 -44.962 76.859 -86.556 
-48.196 -35.423 -55.925 7.801 -12.428 1.794 -4.7 -41.43 
-89.424 36.189 -77.71 78.508 -43.36 105.86 -55.074 63.541 
-128.778 117.775 -117.358 160.174 -73.505 162.414 -84.925 120.015 
-153.594 198.165 -111.15 209.414 -70.2 193.567 -112.644 182.317 
-122.754 251.764 -153.224 283.382 -113.738 302.589 -83.268 270.971 
-109.796 346.322 -108.125 390.2 -65.878 402.17 -67.549 358.292 
-47.706 442.143 -4.591 450.461 35.179 431.847 -7.936 423.529 
26.82 474.954 22.248 518.625 65.194 509.478 69.767 465.807 
99.035 465.972 84.166 507.288 96.422 549.453 111.291 508.137 
158.735 499.469 141.607 539.901 174.768 568.685 191.895 528.253 
252.688 509.802 231.096 548.036 274.131 556.757 295.724 518.523 
337.9 470.468 339.435 514.351 363.987 477.946 362.452 434.063 
402.037 418.858 396.032 462.355 435.545 481.507 441.55 438.01 
408.722 396.721 445.93 420.039 489.737 417.033 452.529 393.715 
459.013 350.201 493.358 377.56 529.992 353.351 495.647 325.992 
523.575 227.477 500.92 265.091 529.692 298.261 552.347 260.647 
469.052 134.871 494.17 170.888 535.661 185.262 510.543 149.246 
470.326 96.148 509.074 116.805 540.694 86.337 501.946 65.68 
460.833 40.963 451.701 83.913 484.335 54.534 493.467 11.584 
417.313 -27.175 423.385 16.313 462.868 -2.9 456.796 -46.388 
327.872 -85.967 354.462 -51.024 395.912 -65.515 369.321 -100.458 
224.945 -56.004 266.002 -71.574 290.067 -108.302 249.009 -92.733 
164.289 -113.15 178.93 -71.753 213.776 -98.47 199.136 -139.867 
109.95 -126.043 120.66 -83.459 154.355 -55.303 143.645 -97.887 
126.261 -163.4 153.749 -129.158 194.81 -144.719 167.322 -178.961 
-6.864 -193.499 -17.526 -150.903 26.28 -153.926 36.942 -196.522 
-104.595 -159.987 -98.879 -116.451 -55.707 -108.434 -61.423 -151.97 
-142.862 -100.577 -129.055 -58.894 -85.146 -59.146 -98.953 -100.828 
-138.369 40.426 -149.559 82.886 -105.719 80.407 -94.529 37.947 
-170.655 130.985 -171.032 174.893 -129.157 161.684 -128.778 117.776 
-237.286 271.55 -240.999 315.302 -200.536 332.354 -196.822 288.602 
-250.606 404.024 -209.996 420.724 -181.563 387.262 -222.173 370.562 
-178.989 431.096 -186.096 474.427 -142.69 467.797 -135.582 424.466 
-46.033 464.974 -54.846 507.99 -16.659 529.665 -7.845 486.649 
22.247 518.625 36.742 560.074 80.641 559.098 66.147 517.649 
133.539 645.045 175.008 659.481 201.552 624.503 160.083 610.067 
228.848 658.897 252.464 695.916 280.373 662.017 256.758 624.998 
297.764 593.764 298.801 637.661 340.871 650.239 339.834 606.342 
362.387 521.827 402.129 540.499 432.168 508.472 392.425 489.799 
451.859 439.244 441.52 481.92 485.302 478.566 495.641 435.89 
564.122 380.979 589.395 416.886 615.736 381.754 590.462 345.846 
606.435 292.787 631.067 329.137 673.25 316.943 648.618 280.593 
619.267 212.645 594.693 249.035 636.896 261.161 661.47 224.772 
529.535 128.806 550.54 167.366 580.723 135.474 559.718 96.914 
522.144 11.16 508.419 52.869 543.846 78.812 557.571 37.102 
466.205 -106.957 492.574 -71.846 534.115 -86.074 507.746 -121.185 
421.446 -177.532 425.191 -133.782 465.643 -150.863 461.898 -194.613 
388.993 -213.709 357.817 -182.787 377.592 -143.582 408.768 -174.504 
226.282 -163.521 239.019 -121.499 282.92 -120.628 270.183 -162.65 
221.531 -238.016 209.988 -195.565 253.846 -197.701 265.367 -240.073 
185.246 -263.631 171.984 -221.772 207.697 -196.223 220.984 -238.161 
-206.248 22.836 -212.934 66.234 -173.726 86.003 -167.04 42.605 
-244.738 96.95 -206.017 117.658 -174.357 87.231 -213.078 66.524 
-80.993 561.643 -37.814 569.617 -16.886 531.015 -60.066 523.041 
-33.503 571.658 -13.428 610.711 17.51 579.552 -2.564 540.499 
421.136 550.973 448.068 585.654 472.729 549.322 445.796 514.642 
453.762 509.115 474.647 547.74 517.836 539.813 496.95 501.188 
578.144 77.092 599.527 115.445 642.61 106.96 621.227 68.608 
584.048 32.521 577.937 76.004 621.18 68.378 627.291 24.896 
309.302 -252.951 297.874 -210.554 313.549 -169.537 324.977 -211.934 
185.235 -263.615 221.498 -238.9 265.368 -240.064 229.128 -264.858 
97.424 -224.734 79.248 -184.763 117.447 -206.417 135.623 -246.388 
-206.208 -32.995 -172.333 -5.055 -128.506 -2.362 -162.38 -30.302 
-237.524 53.645 -244.73 96.959 -213.44 66.153 -206.234 22.838 
-234.721 150.886 -239.194 194.568 -217.137 232.536 -212.664 188.854 
-124.33 507.682 -136.841 549.772 -101.98 523.074 -89.469 480.984 
-80.998 561.671 -55.132 597.153 -13.349 610.655 -39.216 575.173 
29.231 621.869 72.733 627.841 111.437 607.103 67.935 601.131 
366.82 566.602 383.735 607.123 421.237 629.963 404.323 589.442 
448.05 585.642 490.392 574.011 517.811 539.714 475.469 551.345 
545.886 422.803 529.691 463.617 540.579 506.156 556.774 465.342 
594.367 177.211 638.072 172.967 670.935 143.845 627.231 148.089 
627.214 24.884 621.554 68.428 642.571 106.982 648.23 63.438 
526.928 -42.756 558.979 -12.743 602.551 -7.3 570.5 -37.314 
