150.013 242.488 136.768 284.353 180.677 284.013 193.922 242.148 
220.576 243.155 205.668 284.457 240.341 311.399 255.25 270.097 
229.117 213.89 264.377 240.059 300.16 214.612 264.901 188.442 
196.651 156.483 209.606 198.438 245.504 173.153 232.551 131.197 
130.075 169.959 140.818 212.535 184.63 215.475 173.887 172.899 
97.259 207.001 84.105 248.895 98.088 290.519 111.242 248.625 
152.767 317.911 190.301 340.699 234.061 337.073 196.527 314.285 
295.853 258.309 286.281 301.163 319.213 272.12 328.786 229.266 
260.131 107.435 272.423 149.589 307.146 176.467 294.854 134.313 
115.883 136.684 159.783 137.624 195.851 112.58 151.951 111.641 
9.571 95.715 37.167 129.87 78.178 114.18 50.582 80.025 
42.152 173.496 18.767 210.661 46.887 244.386 70.272 207.221 
-30.293 285.916 3.296 314.197 40.573 290.991 6.983 262.71 
19.436 329.479 24.384 373.11 64.35 354.922 59.402 311.292 
107.601 362.501 139.133 393.06 177.941 372.515 146.409 341.956 
182.134 416.225 193.166 458.726 230.178 435.101 219.147 392.599 
240.214 380.55 250.632 423.206 294.42 426.478 284.002 383.822 
308.183 314.622 318.919 357.198 356.095 333.83 345.358 291.253 
375.827 261.746 387.34 304.12 431.198 306.265 419.685 263.891 
385.582 199.511 371.108 240.967 415.008 241.922 429.482 200.466 
326.854 107.926 335.476 150.981 379.089 156.084 370.466 113.03 
327.398 33.33 312.868 74.767 356.766 75.781 371.297 34.345 
273.623 0.338 253.31 39.267 284.057 70.616 304.37 31.687 
167.676 37.033 144.265 74.182 186.83 84.967 210.241 47.818 
79.047 15.373 61.427 55.593 94.234 84.779 111.854 44.559 
-3.851 28.885 -31.889 62.677 10.657 51.819 38.695 18.026 
-51.774 231.869 -55.049 275.657 -26.662 242.157 -23.387 198.369 
-40.612 314.582 -35.381 358.179 -5.524 390.375 -10.755 346.777 
111.54 427.217 138.465 461.904 180.635 474.141 153.711 439.454 
224.324 478.618 268.052 482.605 305.772 460.127 262.043 456.14 
375.182 373.375 416.535 358.609 441.311 322.356 399.958 337.122 
473.724 198.101 453.627 237.142 460.316 280.54 480.413 241.499 
396.271 29.335 392.049 73.042 414.323 110.882 418.545 67.176 
289.776 -47.004 315.856 -11.678 357.72 1.571 331.639 -33.755 
81.433 -26.314 118.806 -3.263 162.591 -6.582 125.217 -29.633 
28.44 -126.859 17.089 -84.441 53.923 -60.538 65.274 -102.956 
-57.573 -49.122 -67.113 -6.261 -23.401 -10.433 -13.862 -53.295 
-104.638 16.54 -96.703 59.728 -64.9 90.003 -72.834 46.816 
-134.9 114.46 -131.18 158.212 -88.419 168.194 -92.139 124.442 
-171.159 194.024 -132.357 214.578 -88.884 208.398 -127.687 187.844 
-135.565 258.371 -169.42 286.334 -132.364 309.891 -98.509 281.928 
-118.325 351.496 -122.342 395.222 -81.997 412.554 -77.98 368.828 
-60.801 451.009 -17.46 458.061 21.747 438.291 -21.593 431.239 
17.404 481.985 9.218 525.126 52.776 519.58 60.963 476.44 
97.63 478.049 77.546 517.097 84.25 560.493 104.334 521.445 
160.731 513.281 137.319 550.428 165.413 584.174 188.826 547.027 
255.898 524.799 230.564 560.664 272.502 573.675 297.836 537.811 
339.633 488.082 341.355 531.958 365.751 495.45 364.029 451.573 
410.767 429.819 402.399 472.924 440.808 494.203 449.177 451.098 
420.247 402.362 454.675 429.616 498.548 431.428 464.119 404.174 
473.325 352.41 503.35 384.451 543.101 365.797 513.076 333.756 
543.16 230.272 517.106 265.617 542.67 301.318 568.724 265.973 
484.422 136.718 509.557 172.723 551.055 187.077 525.919 151.072 
483.501 88.176 520.544 111.754 554.415 83.81 517.372 60.232 
476.427 30.471 462.189 72.008 498.123 46.773 512.361 5.235 
429.552 -44.363 428.519 -0.466 470.588 -13.049 471.62 -56.947 
336.185 -106.313 358.496 -68.494 401.359 -78.026 379.048 -115.846 
230.333 -71.612 271.487 -86.924 295.779 -123.502 254.626 -108.189 
158.656 -129.489 167.182 -86.414 205.513 -107.834 196.988 -150.908 
104.427 -147.612 109.173 -103.959 138.67 -71.431 133.925 -115.085 
123.455 -183.489 148.337 -147.308 190.435 -159.791 165.554 -195.972 
-10.32 -213.038 -26.769 -172.325 17.034 -169.262 33.483 -209.975 
-114.221 -175.052 -105.636 -131.99 -62.028 -126.848 -70.613 -169.91 
-148.985 -118.815 -135.995 -76.87 -92.09 -76.263 -105.079 -118.208 
-170.81 31.245 -181.221 73.903 -137.434 70.623 -127.022 27.965 
-181.798 121.126 -189.298 164.391 -145.833 158.154 -138.333 114.889 
-252.094 264.437 -259.691 307.685 -220.907 328.274 -213.31 285.026 
-271.239 398.769 -232.12 418.713 -201.063 387.671 -240.182 367.727 
-195.277 431.198 -205.838 473.819 -162.04 470.692 -151.478 428.071 
-59.387 471.107 -70.084 513.694 -32.886 537.027 -22.19 494.44 
9.653 527.855 22.03 569.985 65.923 571.232 53.545 529.103 
122.515 658.759 162.796 676.238 191.868 643.33 151.587 625.851 
221.564 675.675 243.069 713.958 272.833 681.676 251.33 643.392 
297.266 609.935 294.006 653.724 334.644 670.356 337.904 626.567 
367.92 539.305 406.805 559.704 438.22 529.026 399.336 508.627 
460.372 453.122 447.028 494.955 490.937 494.719 504.281 452.886 
577.82 392.68 600.524 430.265 629.254 397.058 606.55 359.473 
622.125 301.468 645.277 338.779 687.916 328.29 664.764 290.979 
638.401 219.261 610.798 253.411 651.806 269.11 679.409 234.96 
547.701 127.203 566.969 166.66 598.541 136.143 579.274 96.686 
542.312 6.797 525.187 47.23 558.349 76.012 575.474 35.579 
482.674 -120.473 506.516 -83.6 548.953 -94.881 525.11 -131.754 
433.117 -191.678 435.825 -147.852 476.67 -163.97 473.962 -207.797 
401.287 -228.592 368.482 -199.404 386.105 -159.185 418.909 -188.373 
229.518 -186.207 240.292 -143.639 284.105 -140.732 273.332 -183.299 
230.488 -257.204 217.829 -215.073 261.728 -216.05 274.364 -258.103 
194.153 -291.034 172.439 -252.869 202.026 -220.424 223.781 -258.66 
-215.551 6.082 -226.99 48.476 -190.205 72.455 -178.766 30.061 
-265.878 72.724 -232.891 101.706 -195.134 79.289 -228.121 50.307 
-98.318 564.709 -55.546 574.638 -32.885 537.027 -75.658 527.098 
-50.333 577.321 -33.974 618.07 -0.274 589.919 -16.633 549.17 
420.806 569.335 447.685 604.056 472.401 567.762 445.52 533.041 
458.66 524.49 475.652 564.979 519.41 561.332 502.418 520.842 
598.085 78.634 617.712 117.913 661.134 111.385 641.507 72.105 
608.451 31.062 597.477 73.579 641.304 70.878 652.278 28.361 
323.597 -269.155 306.853 -228.563 317.165 -185.882 333.91 -226.474 
196.512 -294.134 230.219 -266.031 273.995 -262.952 240.32 -291.131 
93.533 -243.965 76.888 -203.332 114.237 -226.421 130.883 -267.053 
-204.667 -65.08 -185.248 -25.696 -146.39 -5.249 -165.808 -44.632 
-251.53 31.235 -265.868 72.738 -229.873 47.589 -215.535 6.086 
-251.379 141.534 -256.985 185.085 -235.922 223.613 -230.316 180.062 
-141.783 509.649 -158.294 550.336 -121.021 527.124 -104.51 486.437 
-98.37 564.933 -74.752 601.95 -33.887 618.016 -57.505 580.998 
14.214 631.371 57.146 640.589 97.297 622.813 54.365 613.594 
368.989 582.021 381.74 624.039 416.753 650.537 404.003 608.519 
447.678 604.052 490.49 594.292 519.389 561.232 476.577 570.992 
557.891 440.775 538.633 480.237 546.249 523.482 565.507 484.02 
610.341 178.438 654.251 178.313 689.701 152.402 645.791 152.527 
652.18 28.34 643.173 71.316 661.148 111.379 670.154 68.402 
547.594 -50.992 577.775 -19.098 620.938 -11.035 590.758 -42.929 
