159.124 225.076 154.139 268.702 197.171 259.962 202.156 216.336 
212.001 216.442 206.603 260.019 246.379 278.619 251.777 235.042 
214.848 207.656 254.961 225.518 284.344 192.888 244.231 175.026 
185.695 164.487 207.734 202.466 237.043 169.769 215.005 131.791 
135.428 177.759 156.492 216.287 199.644 208.16 178.58 169.631 
123.05 187.833 118.788 231.535 141.028 269.397 145.29 225.694 
160.23 283.697 200.957 300.11 243.553 289.45 202.826 273.037 
267.099 233.268 264.406 277.095 292.345 243.222 295.039 199.394 
226.43 122.503 248.02 160.738 287.961 178.98 266.371 140.745 
131.527 167.266 174.299 157.335 203.065 124.16 160.293 134.091 
63.285 130.451 101.188 152.62 133.985 123.423 96.082 101.254 
61.047 170.419 52.035 213.394 90.122 235.246 99.134 192.271 
16.026 253.958 54.682 274.784 86.435 244.454 47.777 223.628 
67.113 283.885 84.997 323.988 117.612 294.587 99.727 254.484 
126.529 337.581 165.697 357.43 196.678 326.313 157.51 306.464 
176.916 365.523 197.376 404.376 228.003 372.912 207.545 334.059 
218.968 325.832 238.587 365.115 282.01 358.595 262.391 319.312 
284.796 286.476 305.935 324.963 336.006 292.965 314.867 254.479 
326.259 245.776 346.857 284.556 390.103 276.951 369.506 238.171 
328.652 190.317 322.355 233.773 365.63 226.333 371.927 182.876 
285.565 120.494 306.183 159.262 349.426 151.633 328.807 112.865 
287.208 66.24 281.993 109.839 325.07 101.326 330.285 57.727 
236.065 46.612 229.301 89.998 268.474 109.838 275.237 66.452 
154.205 67.919 148.532 111.461 191.696 103.401 197.369 59.859 
108.022 46.836 100.244 90.052 138.941 110.804 146.719 67.589 
55.112 72.411 40.934 113.969 76.832 88.682 91.011 47.124 
11.656 206.283 10.263 250.171 37.186 215.484 38.58 171.596 
10.836 277.125 28.939 317.129 67.099 338.853 48.995 298.848 
122.094 362.612 148.133 397.968 189.98 411.267 163.942 375.911 
215.046 414.865 258.394 407.858 289.344 376.711 245.996 383.717 
327.586 336.06 369.113 321.793 394.323 285.841 352.796 300.108 
393.672 181.297 385.881 224.511 404.978 264.05 412.769 220.837 
340.477 56.552 340.373 100.462 366.098 136.047 366.202 92.137 
243.583 18.355 279.837 43.13 323.729 41.863 287.475 17.089 
109.814 41.481 150.475 58.057 193.114 47.567 152.452 30.991 
72.604 -50.377 79.679 -7.041 123.08 -0.378 116.005 -43.714 
4.776 20.272 24.589 59.458 55.734 28.505 35.92 -10.681 
-18.158 49.422 -16.879 93.314 9.955 128.07 8.675 84.179 
-74.507 124.506 -51.697 162.027 -8.964 151.927 -31.774 114.407 
-71.574 212.08 -29.468 199.623 -2.727 164.795 -44.833 177.253 
-66.582 223.088 -78.321 265.4 -34.452 263.489 -22.713 221.178 
-55.033 302.278 -38.729 343.049 5.084 340.141 -11.219 299.371 
-6.979 382.361 34.889 395.597 76.541 381.695 34.673 368.46 
46.432 413.656 45.262 457.551 87.37 445.1 88.54 401.205 
104.228 398.721 103.133 442.617 128.049 478.774 129.144 434.877 
150.716 430.924 147.593 474.722 188.283 491.227 191.406 447.428 
227.889 439.443 218.145 482.258 261.876 478.295 271.62 435.48 
308.372 416.282 307.918 460.19 334.093 424.935 334.547 381.027 
354.179 377.132 352.681 421.017 393.954 436.003 395.453 392.119 
356.254 363.779 398.088 377.121 439.775 363.326 397.941 349.984 
400.408 329.327 441.533 344.717 468.878 310.361 427.754 294.971 
443.002 217.328 432.635 259.996 470.012 283.041 480.379 240.372 
412.922 139.67 437.285 176.201 478.467 191.437 454.105 154.905 
415.512 122.063 456.758 137.124 483.829 102.551 442.582 87.489 
400.708 72.517 402.817 116.377 426.891 79.654 424.783 35.795 
362.57 24.431 383.941 62.789 413.817 30.61 392.445 -7.748 
293.348 -14.467 330.594 8.788 364.22 -19.449 326.974 -42.704 
216.877 -10.196 258.946 -22.779 285.584 -57.685 243.515 -45.103 
176.798 -51.774 203.149 -16.649 228.411 -52.564 202.061 -87.689 
120.985 -47.633 145.581 -11.259 186.861 3.711 162.264 -32.663 
124.781 -86.335 162.066 -63.141 195.646 -91.433 158.362 -114.627 
6.976 -113.14 13.778 -69.76 52.933 -89.634 46.131 -133.014 
-60.329 -95.55 -41.426 -55.917 2.108 -61.647 -16.794 -101.28 
-83.543 -53.131 -74.238 -10.218 -30.551 -5.807 -39.856 -48.72 
-78.158 61.83 -83.407 105.425 -40.323 96.946 -35.074 53.351 
-113.426 155.964 -97.364 196.831 -63.461 168.926 -79.522 128.06 
-165.931 266.321 -154.797 308.796 -110.96 311.332 -122.094 268.857 
-168.778 373.836 -125.616 381.907 -104.602 343.351 -147.764 335.281 
-115.329 385.93 -105.578 428.744 -67.873 406.24 -77.624 363.427 
-8.599 401.669 -8.719 445.579 33.005 459.262 33.125 415.352 
48.161 464.867 70.581 502.622 113.416 492.966 90.996 455.211 
149.107 569.808 192.647 575.493 211.51 535.841 167.969 530.155 
218.866 579.129 246.775 613.029 270.39 576.011 242.482 542.111 
266.777 521.93 280.808 563.538 324.715 563.05 310.684 521.443 
324.483 467.78 366.275 481.253 392.002 445.67 350.21 432.197 
406.12 391.531 403.185 435.342 445.76 424.595 448.695 380.784 
499.027 342.286 530.054 373.357 550.017 334.247 518.99 303.176 
534.342 277.218 562.161 311.191 603.069 295.232 575.249 261.259 
536.806 206.772 523.507 248.62 567.416 248.337 580.716 206.489 
465.782 142.58 491.216 178.374 517.4 143.124 491.966 107.33 
450.357 30.512 446.05 74.211 486.279 91.811 490.586 48.112 
394.999 -66.5 426.302 -35.707 465.262 -55.962 433.959 -86.755 
384.824 -117.498 390.499 -73.957 430.156 -92.809 424.481 -136.351 
345.287 -146.993 324.516 -108.307 354.891 -76.597 375.662 -115.284 
214.415 -98.53 236.688 -60.689 279.56 -70.179 257.287 -108.02 
206.66 -165.177 201.738 -121.462 244.755 -130.273 249.668 -173.907 
166.67 -183.253 161.757 -139.619 201.737 -121.462 206.66 -165.178 
-148.347 53.457 -149.839 97.341 -108.563 112.321 -107.071 68.437 
-176.843 131.967 -135.568 146.949 -108.564 112.324 -149.839 97.341 
-36.369 503.162 5.179 517.368 31.529 482.242 -10.02 468.037 
5.204 517.385 30.376 553.363 56.815 518.305 31.643 482.326 
386.712 489.26 411.496 525.507 438.31 490.735 413.526 454.488 
413.568 454.458 438.316 490.73 480.46 478.402 455.712 442.13 
508.498 88.21 532.043 125.275 574.569 114.337 551.024 77.272 
511.243 44.379 508.497 88.203 551.024 77.272 553.771 33.448 
278.696 -183.167 276.699 -139.303 300.866 -102.642 302.863 -146.506 
166.671 -183.253 206.66 -165.178 249.668 -173.907 209.688 -192.064 
94.428 -145.94 79.612 -104.605 115.895 -129.337 130.711 -170.671 
-150.089 33.938 -106.584 39.892 -67.889 19.137 -111.393 13.184 
-175.349 88.083 -176.841 131.968 -149.839 97.341 -148.347 53.457 
-174.376 167.492 -164.55 210.289 -131.446 239.138 -141.272 196.341 
-68.679 450.141 -70.873 493.996 -43.321 459.806 -41.127 415.951 
-36.368 503.162 -11.146 539.105 30.387 553.357 5.163 517.414 
61.559 561.958 105.194 557.049 137.61 527.43 93.976 532.339 
327.398 501.666 351.085 538.64 391.98 554.629 368.294 517.655 
411.49 525.503 453.628 513.152 480.459 478.393 438.321 490.743 
486.336 369.26 479.006 412.554 498.524 451.888 505.854 408.594 
524.876 186.394 567.34 175.216 595.124 141.214 552.66 152.391 
553.762 33.448 551.024 77.272 574.569 114.337 577.307 70.512 
451.385 -14.302 488.62 8.972 532.423 5.915 495.189 -17.359 
