156.927 231.207 149.743 274.526 193.161 267.972 200.345 224.654 
215.621 224.862 207.391 267.994 245.87 289.149 254.099 246.017 
220.003 212.134 258.838 232.627 290.328 202.025 251.493 181.532 
189.473 164.672 209.03 203.986 240.376 173.238 220.82 133.923 
134.569 178.087 153.1 217.895 196.686 212.573 178.155 172.764 
116.516 193.612 109.98 237.033 130.214 276.003 136.751 232.582 
159.032 295.598 199.053 313.666 242.05 304.759 202.029 286.691 
274.842 243.113 270.382 286.795 299.666 254.077 304.127 210.394 
237.97 119.407 256.818 159.066 295.378 180.072 276.53 140.413 
128.325 162.312 171.506 154.343 201.756 122.515 158.575 130.484 
51.419 120.891 87.688 145.643 122.436 118.797 86.167 94.046 
53.296 172.942 40.101 214.823 75.855 240.313 89.049 198.432 
-1.295 257.949 35.346 282.145 69.681 254.773 33.039 230.577 
51.966 294.952 66.375 336.43 101.371 309.909 86.962 268.43 
121.961 348.692 159.123 372.082 192.852 343.967 155.69 320.577 
175.512 384.308 192.953 424.606 225.888 395.565 208.448 355.268 
223.69 344.646 240.606 385.167 284.371 381.6 267.455 341.079 
293.287 297.521 311.226 337.599 343.799 308.152 325.86 268.074 
342.234 255.6 359.913 295.795 403.603 291.402 385.924 251.208 
345.47 196.414 337.004 239.5 380.598 234.237 389.064 191.151 
299.477 118.194 316.455 158.688 360.214 155.054 343.236 114.559 
301.143 57.686 293.262 100.883 336.78 95.03 344.661 51.833 
249.493 34.898 239.751 77.713 277.461 100.209 287.203 57.393 
156.802 62.213 147.294 105.081 191.002 100.877 200.511 58.009 
103.484 37.793 92.091 80.199 128.901 104.139 140.294 61.733 
38.201 57.692 17.349 96.335 56.933 77.329 77.785 38.686 
-6.412 209.115 -8.899 252.955 18.881 218.949 21.367 175.11 
-7.876 289.879 5.854 331.587 41.478 357.259 27.747 315.55 
116.764 383.651 142.384 419.313 184.072 433.105 158.452 397.443 
217.643 438.693 261.417 435.239 294.8 406.714 251.026 410.169 
342.02 352.027 383.585 337.869 408.89 301.983 367.325 316.141 
422.343 187.451 410.189 229.645 425.157 270.925 437.312 228.731 
362.181 49.001 360.284 92.87 384.535 129.475 386.431 85.606 
259.921 -1.984 292.724 27.206 336.42 31.541 303.617 2.35 
107.368 23.654 147.173 42.191 190.272 33.79 150.467 15.253 
58.454 -79.442 54.511 -35.71 94.884 -18.445 98.827 -62.178 
-24.676 -1.388 -12.506 40.802 23.858 16.19 11.688 -26.0 
-55.385 50.258 -47.538 93.461 -15.797 123.801 -23.643 80.598 
-102.396 124.269 -81.875 163.089 -38.614 155.567 -59.135 116.748 
-108.45 208.17 -64.811 203.295 -32.373 173.701 -76.012 178.576 
-94.618 235.539 -112.741 275.535 -69.102 280.411 -50.98 240.415 
-81.373 322.572 -69.869 364.948 -26.012 367.101 -37.516 324.725 
-21.867 410.815 20.556 422.146 61.536 406.376 19.113 395.046 
38.471 443.74 36.085 487.585 78.521 476.306 80.908 432.461 
100.018 430.857 94.042 474.359 114.777 513.065 120.753 469.564 
152.169 463.276 144.483 506.508 183.224 527.177 190.91 483.945 
237.895 472.317 223.204 513.697 267.098 514.882 281.789 473.502 
324.554 439.006 324.679 482.915 350.386 447.318 350.261 403.408 
379.094 395.463 375.643 439.238 416.209 456.046 419.659 412.272 
382.179 381.757 422.921 398.134 465.508 387.436 424.766 371.059 
428.101 341.468 467.481 360.892 498.124 329.441 458.744 310.018 
479.482 222.492 464.015 263.588 498.32 290.997 513.787 249.902 
438.613 135.297 463.297 171.612 504.612 186.484 479.928 150.168 
440.96 108.905 481.486 125.81 510.087 92.492 469.561 75.587 
428.379 57.914 427.243 101.809 453.963 66.965 455.1 23.07 
389.465 2.745 405.748 43.524 439.499 15.436 423.216 -25.343 
309.264 -43.911 343.383 -16.271 380.213 -40.179 346.094 -67.82 
219.82 -31.845 261.431 -45.868 286.852 -81.671 245.241 -67.648 
172.072 -78.581 195.782 -41.622 223.605 -75.591 199.896 -112.551 
116.216 -78.742 136.653 -39.878 176.031 -20.448 155.594 -59.313 
124.039 -120.364 157.933 -92.448 194.956 -116.057 161.062 -143.972 
-0.547 -149.809 -0.009 -105.903 41.583 -119.982 41.045 -163.889 
-84.278 -122.488 -70.044 -80.949 -26.14 -81.65 -40.373 -123.189 
-111.171 -75.876 -105.116 -32.385 -61.883 -24.705 -67.938 -68.196 
-103.597 53.945 -114.614 96.451 -70.784 93.793 -59.767 51.288 
-140.205 146.598 -130.652 189.457 -92.844 167.127 -102.396 124.269 
-199.56 271.435 -194.156 315.011 -151.043 323.338 -156.446 279.761 
-203.42 393.521 -160.899 404.475 -137.341 367.419 -179.862 356.465 
-142.808 410.987 -140.183 454.819 -99.308 438.777 -101.933 394.946 
-22.472 430.906 -25.679 474.699 14.979 491.282 18.187 447.489 
37.38 491.65 56.91 530.978 100.348 524.557 80.818 485.229 
144.915 606.0 187.928 614.83 209.618 576.65 166.605 567.821 
229.502 615.799 256.085 650.748 281.108 614.666 254.526 579.717 
285.593 554.706 294.591 597.683 338.246 602.406 329.248 559.428 
345.071 490.904 386.247 506.158 413.477 471.711 372.301 456.458 
429.39 412.407 423.916 455.975 467.043 447.718 472.517 404.15 
530.537 359.064 559.765 391.834 581.9 353.911 552.672 321.141 
569.277 280.252 596.147 314.982 637.48 300.16 610.61 265.43 
575.47 205.183 557.445 245.223 601.096 249.993 619.12 209.953 
494.95 133.71 518.809 170.573 546.495 136.491 522.636 99.628 
481.788 19.454 474.054 62.678 512.772 83.39 520.506 40.166 
429.077 -80.977 459.809 -49.613 499.134 -69.149 468.402 -100.513 
398.677 -146.386 404.81 -102.907 444.266 -122.175 438.133 -165.655 
363.354 -179.605 337.103 -144.406 362.467 -108.563 388.718 -143.761 
218.188 -128.474 236.752 -88.682 280.334 -94.041 261.77 -133.834 
210.184 -197.756 203.762 -154.235 247.056 -161.562 253.466 -205.002 
170.842 -217.199 164.426 -173.761 203.756 -154.236 210.184 -197.755 
-178.335 43.331 -180.375 87.193 -139.289 102.687 -137.249 58.824 
-207.815 121.473 -166.734 136.978 -139.293 102.698 -180.374 87.193 
-52.818 534.84 -10.58 546.839 13.885 510.376 -28.354 498.377 
-9.798 547.35 14.967 583.61 41.8 548.852 17.034 512.592 
408.425 515.33 434.102 550.949 460.043 515.521 434.365 479.902 
435.987 478.76 460.414 515.249 502.665 503.292 478.238 466.804 
539.585 79.776 562.997 116.924 605.562 106.138 582.15 68.989 
542.521 35.911 539.57 79.722 582.149 68.99 585.099 25.179 
287.206 -216.42 283.202 -172.692 305.665 -134.963 309.668 -178.691 
170.84 -217.196 210.184 -197.756 253.467 -205.001 214.134 -224.522 
95.136 -181.141 78.27 -140.599 115.745 -163.484 132.612 -204.025 
-180.823 8.372 -139.419 22.993 -97.328 10.485 -138.732 -4.136 
-205.767 77.617 -207.807 121.48 -180.375 87.193 -178.335 43.331 
-203.027 161.694 -199.215 205.438 -170.419 238.588 -174.231 194.844 
-91.158 481.922 -95.982 525.566 -66.426 493.093 -61.603 449.448 
-52.818 534.84 -26.827 570.231 15.003 583.586 -10.989 548.195 
49.875 592.014 93.781 591.402 128.942 565.099 85.036 565.711 
350.136 531.14 372.058 569.185 412.158 587.078 390.235 549.033 
434.085 550.936 476.117 538.232 502.655 503.249 460.622 515.953 
515.865 390.953 505.147 433.535 521.506 474.284 532.223 431.702 
558.017 178.863 600.891 169.382 630.006 136.512 587.131 145.992 
585.06 25.175 582.152 68.988 605.552 106.144 608.461 62.33 
484.32 -27.814 519.986 -2.202 563.896 -2.445 528.229 -28.058 
