154.023 239.207 143.79 281.908 187.563 278.445 197.796 235.744 
219.532 236.064 208.036 278.442 244.788 302.472 256.284 260.093 
226.465 213.844 263.416 237.567 297.395 209.756 260.445 186.033 
194.752 160.318 210.355 201.362 244.569 173.84 228.967 132.796 
132.387 174.589 146.838 216.053 190.739 215.123 176.288 173.658 
104.783 203.426 94.734 246.17 111.729 286.658 121.778 243.914 
157.457 310.408 196.335 330.819 239.785 324.48 200.907 304.069 
288.407 252.736 281.431 296.088 312.556 265.115 319.532 221.763 
251.714 113.417 267.116 154.537 303.747 178.751 288.345 137.631 
121.013 148.275 164.798 144.964 198.275 116.549 154.49 119.861 
25.68 103.188 57.699 133.235 96.171 112.068 64.151 82.021 
46.016 175.563 27.437 215.348 59.534 245.313 78.113 205.528 
-21.198 272.885 12.725 300.764 49.723 277.115 15.799 249.236 
30.497 316.594 39.554 359.56 77.619 337.669 68.562 294.703 
115.897 359.183 150.121 386.694 186.861 362.647 152.638 335.136 
178.794 405.81 192.332 447.581 227.875 421.798 214.338 380.027 
233.332 367.913 246.657 409.752 290.566 410.008 277.241 368.169 
303.27 308.031 317.083 349.712 352.455 323.694 338.641 282.013 
363.399 261.167 377.311 302.815 421.219 302.455 407.308 260.807 
369.837 200.137 358.242 242.489 402.104 240.428 413.698 198.076 
316.506 112.719 328.718 154.896 372.605 156.315 360.393 114.137 
319.037 45.051 307.142 87.32 351.018 85.571 362.913 43.302 
266.066 16.684 250.816 57.861 285.264 85.089 300.515 43.912 
163.362 49.868 146.276 90.318 190.026 94.067 207.112 53.618 
88.625 25.447 72.478 66.28 106.323 94.255 122.47 53.422 
16.521 37.538 -9.867 72.634 32.111 59.751 58.499 24.655 
-34.374 220.319 -37.683 264.104 -9.271 230.626 -5.961 186.841 
-30.619 307.785 -22.39 350.916 9.621 380.973 1.391 337.841 
113.356 410.704 139.164 446.23 180.924 459.802 155.116 424.276 
222.784 465.411 266.683 466.39 302.773 441.379 258.874 440.4 
362.27 366.493 403.784 352.186 428.96 316.209 387.446 330.517 
455.151 194.185 438.038 234.623 447.963 277.397 465.076 236.959 
384.255 39.614 380.831 83.39 403.792 120.818 407.215 77.042 
279.763 -28.438 308.36 4.883 351.082 15.031 322.484 -18.29 
92.294 -9.334 130.515 12.281 174.142 7.302 135.921 -14.313 
43.192 -110.995 29.091 -69.411 64.282 -43.149 78.384 -84.734 
-47.149 -33.465 -54.062 9.897 -10.685 3.072 -3.773 -40.291 
-87.602 38.237 -75.804 80.532 -41.399 107.815 -53.197 65.52 
-127.583 118.13 -115.419 160.321 -71.534 161.79 -83.697 119.599 
-151.111 198.776 -108.379 208.876 -67.871 191.928 -110.604 181.829 
-121.198 250.873 -150.96 283.158 -111.058 301.487 -81.296 269.201 
-108.383 345.315 -105.957 389.158 -63.51 400.399 -65.936 356.556 
-45.66 440.517 -2.583 449.03 37.271 430.598 -5.805 422.084 
27.7 473.452 23.372 517.148 66.267 507.761 70.595 464.065 
99.056 464.106 84.764 505.625 97.605 547.615 111.898 506.096 
158.317 497.446 141.889 538.167 175.541 566.375 191.969 525.654 
251.92 507.744 230.763 546.221 273.895 554.452 295.051 515.974 
337.353 468.439 338.81 512.325 363.426 475.965 361.97 432.079 
400.843 417.439 395.041 460.964 434.643 479.931 440.445 436.406 
407.228 395.961 444.731 418.801 488.496 415.235 450.993 392.395 
457.192 349.84 491.977 376.638 528.213 351.836 493.428 325.039 
521.03 227.201 498.806 265.072 527.955 297.911 550.179 260.041 
467.211 134.763 492.311 170.792 533.795 185.187 508.694 149.158 
468.598 96.956 507.504 117.313 538.888 86.602 499.982 66.245 
458.896 42.094 450.367 85.168 482.586 55.334 491.115 12.26 
415.723 -25.155 422.597 18.214 461.719 -1.725 454.845 -45.094 
326.879 -83.363 354.019 -48.845 395.234 -63.99 368.094 -98.509 
224.494 -54.472 265.57 -69.991 289.678 -106.691 248.602 -91.171 
165.006 -111.013 180.444 -69.906 214.768 -97.29 199.331 -138.397 
110.519 -122.986 122.101 -80.631 156.367 -53.173 144.785 -95.528 
126.286 -160.699 154.259 -126.851 195.094 -142.995 167.122 -176.842 
-6.753 -190.852 -16.721 -148.088 27.03 -151.823 36.998 -194.586 
-103.795 -157.777 -97.911 -114.263 -54.708 -106.413 -60.593 -149.927 
-141.81 -98.568 -128.305 -56.786 -84.396 -56.718 -97.9 -98.5 
-135.145 41.394 -146.842 83.717 -102.975 81.763 -91.279 39.439 
-169.18 132.192 -168.661 176.099 -127.064 162.037 -127.583 118.13 
-235.208 272.058 -238.367 315.854 -197.691 332.393 -194.531 288.596 
-247.761 404.156 -206.98 420.433 -178.897 386.677 -219.678 370.4 
-176.812 430.537 -183.373 473.954 -140.054 466.777 -133.492 423.361 
-44.209 463.005 -52.678 506.091 -14.319 527.46 -5.849 484.374 
23.372 517.148 38.148 558.498 82.039 557.224 67.264 515.874 
134.559 642.948 176.157 657.011 202.385 621.795 160.788 607.732 
229.372 656.431 253.217 693.303 280.915 659.232 257.071 622.36 
297.441 591.514 299.0 635.396 341.217 647.473 339.658 603.591 
361.561 519.834 401.41 538.278 431.264 506.078 391.415 487.635 
450.684 437.559 440.687 480.316 484.441 476.611 494.438 433.854 
562.271 379.552 587.834 415.254 613.889 379.91 588.326 344.208 
604.353 291.802 629.15 328.04 671.277 315.655 646.48 279.417 
616.75 211.932 592.566 248.582 634.896 260.256 659.08 223.606 
527.414 128.986 548.619 167.437 578.635 135.388 557.43 96.938 
519.614 11.617 506.302 53.46 541.983 79.052 555.296 37.208 
464.006 -105.36 490.675 -70.477 532.093 -85.061 505.424 -119.944 
419.948 -175.793 423.835 -132.056 464.231 -149.269 460.343 -193.006 
387.325 -211.826 356.391 -180.663 376.469 -141.612 407.404 -172.776 
225.764 -161.179 238.853 -119.265 282.761 -118.763 269.671 -160.676 
220.532 -235.557 209.319 -193.018 253.16 -195.495 264.351 -237.955 
183.899 -260.358 171.527 -218.227 207.774 -193.441 220.168 -235.651 
-205.033 24.694 -211.225 68.166 -171.795 87.488 -165.603 44.017 
-242.438 99.363 -203.354 119.376 -172.242 88.388 -211.327 68.376 
-78.971 560.693 -35.82 568.82 -14.757 530.291 -57.908 522.165 
-31.828 570.746 -11.255 609.538 19.282 577.985 -1.291 539.192 
420.83 548.73 447.717 583.446 472.425 547.146 445.537 512.431 
452.983 507.245 474.213 545.682 517.329 537.369 496.099 498.932 
575.745 77.047 597.321 115.291 640.36 106.59 618.785 68.346 
581.309 32.624 575.57 76.157 618.746 68.163 624.485 24.63 
307.497 -250.866 296.731 -208.297 313.043 -167.529 323.809 -210.099 
183.889 -260.343 220.504 -236.151 264.352 -237.946 227.759 -262.216 
97.425 -222.082 79.116 -182.172 117.388 -203.698 135.697 -243.609 
-205.67 -29.384 -170.758 -2.752 -126.86 -1.728 -161.772 -28.359 
-235.857 55.956 -242.43 99.372 -211.593 68.111 -205.02 24.696 
-232.871 151.884 -236.906 195.609 -214.469 233.354 -210.435 189.63 
-122.184 506.885 -134.047 549.162 -99.6 521.931 -87.738 479.654 
-78.972 560.699 -53.001 596.105 -11.179 609.484 -37.151 574.078 
30.788 620.361 74.347 625.903 112.844 604.784 69.285 599.242 
366.214 564.533 383.547 604.876 421.284 627.327 403.951 586.983 
447.698 583.433 490.0 571.659 517.303 537.27 475.001 549.044 
544.262 420.687 528.435 461.645 539.706 504.085 555.533 463.126 
592.291 177.121 635.951 172.444 668.524 142.997 624.864 147.674 
624.411 24.619 619.046 68.2 640.322 106.611 645.687 63.03 
524.267 -41.854 556.565 -12.106 600.18 -7.024 567.882 -36.772 
