156.841 231.515 149.557 274.816 192.99 268.364 200.275 225.062 
215.795 225.272 207.447 268.381 245.867 289.642 254.215 246.532 
220.265 212.271 259.04 232.876 290.618 202.365 251.842 181.76 
189.666 164.609 209.107 203.981 240.544 173.326 221.104 133.953 
134.523 178.049 152.928 217.916 196.531 212.731 178.126 172.865 
116.14 193.942 109.497 237.347 129.635 276.367 136.278 232.962 
159.004 296.166 198.99 314.31 242.005 305.485 202.018 287.341 
275.32 243.522 270.78 287.197 300.123 254.532 304.663 210.857 
238.503 119.201 257.225 158.919 295.718 180.047 276.996 140.328 
128.144 161.992 171.344 154.127 201.671 122.372 158.471 130.237 
50.712 120.421 86.903 145.287 121.736 118.552 85.545 93.685 
52.928 173.105 39.564 214.931 75.214 240.567 88.578 198.74 
-2.092 258.277 34.453 282.618 68.896 255.383 32.35 231.042 
51.209 295.574 65.448 337.111 100.553 310.734 86.314 269.196 
121.779 349.172 158.844 372.715 192.689 344.74 155.624 321.197 
175.512 385.15 192.81 425.509 225.848 396.586 208.55 356.227 
223.954 345.514 240.746 386.086 284.522 382.652 267.73 342.08 
293.665 297.964 311.459 338.106 344.138 308.778 326.344 268.635 
343.005 255.92 360.542 296.176 404.247 291.938 386.71 251.681 
346.333 196.647 337.762 239.712 381.368 234.556 389.939 191.49 
300.118 118.033 316.923 158.6 360.697 155.153 343.892 114.586 
301.843 57.319 293.826 100.491 337.362 94.775 345.38 51.604 
250.153 34.366 240.256 77.147 277.884 99.779 287.781 56.999 
157.028 61.965 147.316 104.788 191.044 100.791 200.756 57.969 
103.078 37.452 91.531 79.817 128.253 103.89 139.801 61.526 
37.419 57.065 16.299 95.562 56.014 76.831 77.133 38.334 
-7.317 209.363 -9.839 253.201 17.968 219.218 20.49 175.38 
-8.741 290.505 4.788 332.278 40.288 358.121 26.758 316.347 
116.576 384.61 142.19 420.275 183.875 434.074 158.261 398.408 
217.799 439.751 261.586 436.461 295.076 408.062 251.289 411.352 
342.737 352.666 384.301 338.504 409.603 302.616 368.039 316.778 
423.604 187.744 411.252 229.881 426.027 271.231 438.379 229.094 
363.053 48.742 361.088 92.608 385.28 129.252 387.246 85.386 
260.706 -2.927 293.343 26.449 337.014 31.03 304.377 1.655 
107.076 22.543 146.829 41.191 189.951 32.911 150.198 14.263 
57.934 -80.691 53.459 -37.01 93.62 -19.255 98.094 -62.937 
-25.824 -2.354 -14.125 39.968 22.511 15.763 10.811 -26.56 
-56.823 50.211 -48.707 93.364 -16.776 123.505 -24.893 80.352 
-103.47 124.058 -83.169 162.993 -39.866 155.716 -60.167 116.781 
-110.052 207.904 -66.366 203.473 -33.629 174.209 -77.315 178.641 
-95.725 236.124 -114.216 275.951 -70.624 281.23 -52.134 241.403 
-82.503 323.503 -71.26 365.949 -27.417 368.372 -38.66 325.926 
-22.601 412.018 19.849 423.249 60.793 407.385 18.343 396.153 
38.123 444.99 35.68 488.832 78.132 477.607 80.574 433.765 
99.932 432.209 93.68 475.672 114.169 514.509 120.421 471.046 
152.349 464.638 144.407 507.824 183.025 528.723 190.967 485.537 
238.407 473.755 223.479 515.049 267.366 516.486 282.294 475.191 
325.154 440.052 325.32 483.961 350.994 448.34 350.829 404.43 
380.053 396.27 376.522 440.038 417.057 456.921 420.588 413.153 
383.216 382.401 423.878 398.975 466.516 388.482 425.854 371.909 
429.248 341.886 468.519 361.531 499.338 330.254 460.068 310.609 
481.101 222.717 465.384 263.718 499.521 291.336 515.238 250.335 
439.701 135.2 464.401 171.505 505.722 186.358 481.023 150.054 
442.022 108.409 482.506 125.414 511.189 92.166 470.705 75.162 
429.545 57.32 428.206 101.21 455.087 66.489 456.426 22.599 
390.523 1.775 406.539 42.66 440.474 14.792 424.456 -26.092 
310.003 -45.313 343.923 -17.429 380.924 -41.072 347.003 -68.956 
219.972 -32.743 261.561 -46.829 286.927 -82.67 245.338 -68.584 
171.872 -79.754 195.405 -42.682 223.39 -76.519 199.858 -113.59 
116.026 -80.197 136.263 -41.228 175.54 -21.596 155.303 -60.565 
124.08 -121.836 157.803 -93.715 194.97 -117.098 161.246 -145.219 
-0.911 -151.361 -0.727 -107.452 40.976 -121.195 40.793 -165.105 
-85.261 -123.731 -71.327 -82.09 -27.419 -82.475 -41.353 -124.115 
-112.549 -76.649 -106.259 -33.191 -62.985 -25.745 -69.275 -69.202 
-104.483 53.524 -115.732 95.969 -71.888 93.551 -60.639 51.106 
-141.406 146.171 -132.098 189.083 -94.163 166.97 -103.47 124.058 
-200.972 271.627 -195.862 315.239 -152.805 323.856 -157.915 280.245 
-205.013 394.218 -162.532 405.331 -138.835 368.364 -181.316 357.251 
-144.046 411.963 -141.762 455.814 -100.764 440.09 -103.047 396.24 
-23.15 432.149 -26.526 475.929 14.068 492.668 17.444 448.888 
36.907 492.726 56.28 532.132 99.743 525.884 80.37 486.478 
144.685 607.507 187.662 616.511 209.506 578.42 166.529 569.416 
229.755 617.381 256.258 652.391 281.364 616.367 254.862 581.356 
286.258 556.123 295.002 599.153 338.629 604.134 329.885 561.103 
345.839 491.946 386.977 507.299 414.291 472.918 373.152 457.565 
430.308 413.322 424.69 456.871 467.844 448.756 473.462 405.207 
531.842 359.777 560.959 392.645 583.221 354.797 554.105 321.928 
570.706 280.537 597.512 315.315 638.872 300.568 612.065 265.79 
577.098 205.266 558.846 245.203 602.469 250.22 620.72 210.283 
496.185 133.433 519.961 170.349 547.724 136.329 523.947 99.413 
483.165 19.077 475.252 62.269 513.884 83.141 521.797 39.95 
430.416 -81.875 461.028 -50.394 500.428 -69.779 469.816 -101.26 
399.373 -147.603 405.436 -104.113 444.923 -123.318 438.861 -166.808 
364.149 -180.942 337.695 -145.896 362.852 -109.906 389.306 -144.953 
218.417 -129.73 236.798 -89.853 280.404 -95.013 262.023 -134.89 
210.425 -199.153 203.905 -155.647 247.216 -162.877 253.724 -206.302 
171.127 -218.685 164.614 -175.26 203.9 -155.647 210.425 -199.153 
-179.517 42.827 -181.639 86.686 -140.583 102.257 -138.46 58.399 
-209.145 120.913 -168.093 136.496 -140.587 102.268 -181.639 86.686 
-53.643 536.083 -11.365 547.94 12.977 511.395 -29.302 499.538 
-10.515 548.491 14.18 584.799 41.08 550.094 16.386 513.785 
409.157 516.527 434.884 552.11 460.776 516.646 435.047 481.062 
436.81 479.82 461.18 516.347 503.45 504.458 479.08 467.931 
540.93 79.536 564.31 116.704 606.884 105.955 583.504 68.786 
543.905 35.671 540.914 79.48 583.503 68.787 586.494 24.979 
287.691 -217.799 283.559 -174.084 305.91 -136.289 310.042 -180.004 
171.124 -218.681 210.425 -199.153 253.724 -206.302 214.435 -225.911 
95.198 -182.659 78.231 -142.16 115.763 -164.952 132.73 -205.451 
-182.044 7.264 -140.753 22.201 -98.567 10.014 -139.859 -4.923 
-207.014 77.062 -209.137 120.92 -181.639 86.686 -179.517 42.827 
-204.225 161.447 -200.688 205.214 -172.1 238.544 -175.638 194.776 
-92.223 483.16 -97.22 526.785 -67.536 494.429 -62.538 450.805 
-53.643 536.083 -27.624 571.453 14.217 584.774 -11.803 549.404 
49.296 593.228 93.204 592.827 128.491 566.693 84.583 567.095 
350.963 532.42 372.769 570.532 412.813 588.548 391.007 550.436 
434.866 552.097 476.899 539.395 503.438 504.412 461.406 517.115 
517.055 391.968 506.168 434.507 522.364 475.321 533.251 432.782 
559.386 178.662 602.287 169.301 631.492 136.511 588.591 145.872 
586.453 24.974 583.506 68.785 606.873 105.961 609.821 62.15 
485.766 -28.39 521.331 -2.637 565.241 -2.707 529.676 -28.46 
