160.888 219.036 160.546 262.945 202.412 249.701 202.753 205.792 
205.768 205.693 205.677 249.603 247.409 263.259 247.501 219.349 
206.622 202.67 248.419 216.125 274.131 180.531 232.333 167.076 
178.199 165.551 204.12 200.994 229.818 165.389 203.898 129.946 
134.29 180.428 159.852 216.131 201.706 202.854 176.145 167.151 
130.262 183.689 130.163 227.599 155.892 263.182 155.992 219.272 
162.554 268.121 204.279 281.799 246.075 268.339 204.35 254.661 
252.975 219.007 252.958 262.917 278.78 227.403 278.798 183.493 
207.784 126.768 233.593 162.292 275.355 175.859 249.545 140.336 
132.891 176.671 174.696 163.238 200.621 127.798 158.816 141.231 
88.383 160.377 129.918 174.623 156.303 139.524 114.768 125.278 
86.236 170.159 86.223 214.069 127.98 227.651 127.993 183.741 
60.012 250.027 101.689 263.85 127.715 228.484 86.037 214.661 
102.074 264.132 127.391 300.009 153.689 264.844 128.371 228.967 
136.236 305.135 177.983 318.749 203.831 283.252 162.084 269.639 
178.462 319.091 203.973 354.83 230.079 319.524 204.57 283.785 
204.889 283.559 230.205 319.436 272.149 306.444 246.833 270.568 
254.202 263.792 280.039 299.295 305.821 263.75 279.982 228.247 
280.44 227.911 306.061 263.572 347.893 250.225 322.273 214.564 
280.825 183.471 280.272 227.377 322.201 214.336 322.754 170.429 
250.995 139.235 276.859 174.719 318.599 161.085 292.735 125.601 
251.004 94.506 250.724 138.415 292.57 125.113 292.851 81.204 
209.0 80.472 208.513 124.379 250.121 138.411 250.608 94.504 
157.923 95.001 157.987 138.911 199.728 125.281 199.664 81.371 
115.471 80.92 114.919 124.826 156.507 138.919 157.058 95.012 
88.591 115.644 87.255 159.533 114.134 124.811 115.47 80.921 
59.317 206.095 59.975 250.0 85.249 214.093 84.591 170.188 
59.957 250.204 85.066 286.226 126.554 300.609 101.443 264.587 
135.801 306.543 162.014 341.771 203.927 354.863 177.714 319.635 
203.975 354.828 245.922 341.846 272.227 306.688 230.279 319.67 
280.597 299.696 322.281 285.893 347.892 250.225 306.208 264.028 
323.206 170.432 322.586 214.338 347.892 250.223 348.512 206.317 
292.964 81.204 293.386 125.112 319.535 160.386 319.113 116.478 
209.338 79.46 250.809 93.888 292.842 81.184 251.37 66.756 
115.506 80.81 157.47 93.736 199.018 79.527 157.053 66.601 
88.49 43.31 114.677 78.557 156.291 64.545 130.105 29.297 
61.84 78.311 86.863 114.393 113.446 79.444 88.422 43.362 
60.794 79.062 58.873 122.93 83.103 159.549 85.024 115.681 
11.413 141.444 37.519 176.751 79.165 162.833 53.059 127.526 
15.042 218.829 56.473 204.284 81.442 168.164 40.011 182.709 
15.579 220.276 16.136 264.183 57.722 250.085 57.165 206.179 
16.138 264.182 41.182 300.249 83.223 287.575 58.179 251.508 
42.064 302.862 83.652 316.954 125.58 303.91 83.992 289.818 
86.26 323.457 86.622 367.366 128.27 353.453 127.908 309.544 
132.492 309.263 132.885 353.172 159.013 388.463 158.619 344.555 
161.274 344.426 162.075 388.329 204.076 401.134 203.276 357.231 
204.792 357.228 204.078 401.132 246.054 388.244 246.768 344.34 
249.516 344.265 249.263 388.175 275.276 352.799 275.528 308.89 
281.48 308.444 281.777 352.353 323.629 365.64 323.332 321.731 
282.523 304.536 324.383 317.797 366.043 303.92 324.183 290.66 
324.977 287.684 366.98 300.486 392.135 264.496 350.133 251.693 
351.365 206.274 350.621 250.178 392.146 264.453 392.89 220.549 
326.708 167.651 352.216 203.392 393.86 217.314 368.352 181.573 
328.118 161.919 369.954 175.254 395.565 139.587 353.729 126.251 
324.62 116.069 325.128 159.976 350.525 124.156 350.017 80.249 
295.261 79.333 321.836 114.288 346.868 78.211 320.291 43.256 
252.28 63.816 293.753 78.241 320.287 43.255 278.814 28.83 
207.604 74.76 249.605 61.952 276.055 26.903 234.054 39.711 
177.48 37.097 203.721 72.304 229.096 36.469 202.856 1.262 
130.898 28.665 157.868 63.316 200.055 75.497 173.084 40.846 
132.882 20.524 174.359 34.937 200.884 -0.056 159.407 -14.469 
78.416 -12.371 81.378 31.439 122.129 15.084 119.167 -28.726 
36.503 -25.465 37.001 18.442 78.913 31.537 78.415 -12.37 
7.326 51.602 47.383 69.59 76.868 37.053 36.811 19.065 
8.941 94.706 10.278 138.596 51.606 123.762 50.269 79.872 
-17.409 178.428 7.785 214.392 34.203 179.318 9.01 143.354 
-42.513 212.386 -39.791 256.212 2.73 267.166 0.008 223.34 
-66.073 293.875 -24.305 307.422 1.486 271.885 -40.282 258.338 
-21.776 309.127 2.551 345.682 29.799 311.25 5.474 274.695 
40.186 310.738 40.838 354.643 82.796 367.59 82.144 323.685 
87.35 369.379 112.836 405.137 154.718 391.949 129.233 356.191 
135.549 439.096 177.728 451.304 202.373 414.963 160.194 402.754 
180.825 453.22 206.661 488.724 232.444 453.181 206.609 417.677 
210.792 414.412 235.664 450.598 277.766 438.124 252.893 401.938 
255.281 391.89 297.166 405.073 322.646 369.313 280.761 356.13 
325.878 321.672 325.603 365.581 367.448 352.274 367.724 308.365 
379.65 306.595 406.279 341.509 431.256 305.395 404.627 270.481 
408.487 267.318 434.323 302.823 476.074 289.224 450.239 253.718 
407.728 218.357 406.634 262.253 448.72 249.729 449.815 205.832 
373.223 177.388 399.319 212.702 424.841 176.971 398.745 141.656 
354.762 80.03 354.429 123.939 396.086 137.824 396.419 93.915 
329.796 33.063 356.756 67.722 398.05 52.792 371.09 18.133 
328.32 -14.588 328.381 29.322 370.123 15.696 370.062 -28.214 
283.594 -29.872 281.614 13.994 322.72 29.432 324.7 -14.433 
205.573 -0.934 231.801 34.281 273.399 20.219 247.17 -14.997 
203.342 -51.738 202.803 -7.75 244.727 -20.806 245.265 -64.713 
161.749 -65.735 161.21 -21.828 202.802 -7.748 203.341 -51.737 
-38.679 81.228 -39.219 125.134 2.372 139.216 2.912 95.309 
-65.468 160.337 -23.879 174.424 2.371 139.223 -39.219 125.136 
13.387 396.404 55.075 410.193 81.072 374.805 39.383 361.017 
55.082 410.195 80.703 445.855 106.701 410.468 81.079 374.808 
302.767 408.463 328.403 444.111 354.385 408.713 328.748 373.064 
328.762 373.051 354.417 408.688 396.237 395.302 370.582 359.665 
404.117 137.146 429.565 172.931 471.462 159.787 446.014 124.003 
404.525 93.239 404.115 137.148 446.001 123.969 446.411 80.06 
255.345 -65.755 254.788 -21.849 280.144 14.0 280.701 -29.907 
161.749 -65.735 203.342 -51.737 245.265 -64.712 203.673 -78.791 
123.426 -28.894 123.005 15.014 149.154 -20.261 149.575 -64.169 
-36.878 72.725 4.968 86.029 46.642 72.196 4.796 58.892 
-64.925 116.43 -65.467 160.337 -39.221 125.134 -38.679 81.228 
-67.771 173.149 -41.464 208.307 0.484 221.288 -25.823 186.13 
4.453 347.105 3.89 391.012 30.152 355.822 30.716 311.915 
13.381 396.422 39.012 432.075 80.704 445.854 55.073 410.201 
92.64 452.067 134.319 438.248 159.916 402.57 118.237 416.389 
253.395 401.576 278.807 437.385 320.415 451.417 295.002 415.608 
328.523 444.199 370.323 430.751 396.236 395.301 354.436 408.75 
379.529 306.691 379.739 350.601 405.719 386.001 405.509 342.091 
407.369 217.256 449.294 204.204 475.541 169.001 433.616 182.053 
446.414 80.061 446.06 123.97 471.583 159.701 471.937 115.792 
356.868 68.019 398.647 81.531 440.39 67.904 398.61 54.393 
