151.202 242.282 138.781 284.398 182.675 283.197 195.096 241.08 
220.36 241.888 206.383 283.514 241.652 309.671 255.63 268.045 
228.522 214.009 264.21 239.593 299.568 213.557 263.881 187.974 
196.202 157.417 209.725 199.193 245.277 173.422 231.755 131.647 
130.509 171.118 142.131 213.462 185.995 215.494 174.372 173.15 
98.667 207.221 86.219 249.33 100.899 290.713 113.347 248.605 
154.121 316.554 192.017 338.735 235.713 334.404 197.817 312.224 
294.397 257.161 285.56 300.173 317.991 270.57 326.828 227.559 
258.158 108.973 271.221 150.894 306.431 177.131 293.368 135.21 
116.993 139.565 160.903 139.428 196.347 113.507 152.437 113.645 
12.191 97.57 40.805 130.877 81.324 113.957 52.711 80.649 
43.537 174.702 21.279 212.552 50.399 245.418 72.657 207.567 
-27.955 284.268 5.476 312.736 42.882 289.738 9.45 261.27 
21.407 328.039 27.144 371.573 66.775 352.664 61.037 309.13 
109.759 361.633 141.915 391.535 180.29 370.194 148.135 340.292 
181.8 414.079 193.301 456.456 230.05 432.423 218.55 390.046 
238.889 378.199 250.012 420.677 293.848 423.224 282.725 380.746 
307.16 313.123 318.652 355.502 355.406 331.476 343.913 289.096 
373.239 261.648 385.259 303.881 429.139 305.501 417.12 263.268 
382.204 199.826 368.456 241.528 412.366 241.716 426.113 200.014 
324.513 109.027 333.98 151.904 377.684 156.149 368.217 113.272 
325.868 36.128 311.872 77.747 355.779 78.197 369.776 36.578 
272.279 4.143 253.14 43.663 284.811 74.077 303.95 34.557 
166.656 40.22 144.684 78.237 187.63 87.386 209.603 49.369 
80.836 17.999 63.261 58.239 96.101 87.388 113.675 47.148 
0.286 31.09 -27.147 65.376 15.2 53.763 42.632 19.477 
-48.148 230.32 -51.468 274.105 -23.047 240.634 -19.727 196.849 
-38.424 313.648 -32.637 357.175 -2.37 388.987 -8.158 345.46 
112.156 423.823 138.75 458.763 180.803 471.399 154.208 436.458 
224.098 475.927 267.88 479.281 305.271 456.259 261.489 452.906 
372.441 371.947 413.84 357.311 438.73 321.136 397.331 335.772 
469.736 197.274 450.312 236.654 457.745 279.93 477.169 240.55 
393.755 31.982 389.704 75.705 412.127 113.458 416.177 69.736 
287.885 -42.702 314.532 -7.802 356.604 4.769 329.957 -30.131 
83.339 -22.648 120.917 0.067 164.67 -3.646 127.091 -26.36 
31.668 -123.702 19.5 -81.512 55.865 -56.901 68.034 -99.092 
-55.174 -45.902 -64.384 -2.969 -20.706 -7.477 -11.497 -50.411 
-101.153 21.033 -91.794 63.933 -59.006 93.14 -68.365 50.239 
-133.643 115.797 -127.887 159.328 -84.708 167.305 -90.464 123.774 
-167.098 195.428 -127.207 213.78 -84.148 205.179 -124.039 186.827 
-132.278 257.396 -165.762 285.802 -128.399 308.87 -94.915 280.464 
-116.135 351.032 -119.027 394.847 -78.25 411.136 -75.358 367.322 
-57.182 449.662 -13.873 456.903 25.421 437.306 -17.888 430.064 
19.823 480.857 12.66 524.179 56.075 517.604 63.238 474.282 
98.118 475.411 79.373 515.119 87.548 558.262 106.293 518.554 
160.429 510.296 138.537 548.359 167.972 580.942 189.865 542.879 
255.574 521.431 231.124 557.904 273.367 569.887 297.818 533.414 
339.578 483.665 341.333 527.54 365.702 491.013 363.947 447.138 
408.758 427.302 401.102 470.539 439.857 491.182 447.514 447.944 
417.517 401.067 452.667 427.383 496.573 428.013 461.423 401.697 
469.934 352.03 501.123 382.938 540.157 362.827 508.968 331.919 
538.615 229.515 513.351 265.429 539.699 300.555 564.964 264.642 
480.578 136.128 505.729 172.122 547.233 186.459 522.082 150.465 
480.494 90.356 518.01 113.173 551.304 84.544 513.788 61.727 
472.763 33.229 459.75 75.167 494.928 48.887 507.941 6.95 
426.665 -40.191 427.354 3.713 468.897 -10.51 468.207 -54.415 
334.104 -101.717 357.338 -64.458 399.953 -75.041 376.719 -112.301 
228.665 -67.215 269.756 -82.695 293.899 -119.372 252.808 -103.892 
159.979 -125.645 170.102 -82.918 207.609 -105.748 197.488 -148.475 
105.902 -142.644 111.944 -99.151 142.396 -67.517 136.354 -111.009 
124.664 -179.094 149.809 -143.097 191.815 -155.888 166.67 -191.885 
-8.958 -208.741 -23.828 -167.425 20.06 -166.05 34.93 -207.366 
-111.164 -171.779 -103.656 -128.516 -60.19 -122.287 -67.698 -165.551 
-147.372 -114.51 -133.496 -72.85 -89.588 -73.173 -103.463 -114.834 
-162.547 33.534 -172.065 76.4 -128.355 72.206 -118.838 29.34 
-178.812 123.607 -185.033 167.074 -141.771 159.558 -135.549 116.092 
-248.853 266.523 -255.592 309.913 -216.408 329.73 -209.669 286.341 
-266.696 400.516 -227.229 419.764 -196.727 388.177 -236.194 368.929 
-191.572 431.783 -201.486 474.559 -157.74 470.768 -147.826 427.993 
-55.768 470.052 -66.243 512.694 -28.925 535.834 -18.45 493.192 
13.006 526.159 25.959 568.115 69.864 568.762 56.912 526.806 
125.557 656.011 166.15 672.753 194.617 639.32 154.024 622.578 
223.718 672.201 245.783 710.165 275.07 677.449 253.006 639.485 
297.828 606.352 295.586 650.204 336.6 665.887 338.842 622.035 
366.737 534.91 405.83 554.905 436.926 523.903 397.832 503.908 
458.428 449.762 445.816 491.822 489.715 490.819 502.326 448.759 
574.709 389.926 598.058 427.113 626.211 393.415 602.861 356.227 
618.512 299.323 642.038 336.399 684.569 325.482 661.043 288.406 
634.012 217.609 607.106 252.31 648.423 267.176 675.329 232.475 
543.091 127.679 562.791 166.922 594.027 136.06 574.327 96.817 
537.59 8.026 521.266 48.789 554.989 76.911 571.314 36.148 
478.912 -117.242 503.341 -80.754 545.591 -92.711 521.163 -129.199 
430.35 -188.385 433.261 -144.572 474.031 -160.879 471.12 -204.693 
398.417 -225.172 365.928 -195.633 383.981 -155.606 416.47 -185.145 
228.811 -179.916 239.992 -137.454 283.832 -134.966 272.651 -177.429 
228.025 -252.845 215.281 -210.739 259.182 -211.63 271.902 -253.657 
193.431 -284.914 173.302 -245.89 204.196 -214.687 224.363 -253.784 
-213.136 9.914 -223.127 52.673 -185.548 75.387 -175.558 32.629 
-260.218 78.887 -225.456 105.713 -189.2 80.943 -223.962 54.116 
-93.939 564.484 -51.025 573.777 -28.925 535.834 -71.84 526.541 
-45.816 576.364 -28.516 616.722 4.522 587.797 -12.779 547.439 
421.249 564.918 448.223 599.566 472.839 563.204 445.864 528.557 
457.594 520.757 475.722 560.751 519.359 555.869 501.232 515.876 
593.181 78.093 613.244 117.152 656.591 110.141 636.528 71.082 
602.128 31.627 592.68 74.509 636.383 70.243 645.83 27.361 
320.004 -265.477 304.606 -224.355 316.318 -182.037 331.716 -223.158 
193.993 -285.62 228.028 -257.916 271.838 -255.352 237.833 -283.133 
95.115 -239.804 78.098 -199.325 115.658 -222.071 132.675 -262.549 
-205.405 -58.006 -181.882 -20.928 -141.057 -4.758 -164.581 -41.836 
-247.87 36.758 -260.209 78.899 -225.457 52.059 -213.118 9.918 
-247.109 143.914 -252.828 187.45 -231.865 226.033 -226.146 182.497 
-137.73 509.853 -153.345 550.893 -116.59 526.869 -100.976 485.829 
-94.046 564.99 -69.634 601.488 -28.43 616.666 -52.843 580.168 
18.206 629.521 61.291 637.994 101.128 619.524 58.043 611.051 
368.831 578.551 382.712 620.209 418.429 645.751 404.548 604.093 
448.215 599.56 490.89 589.22 519.337 555.77 476.662 566.111 
555.141 436.394 536.606 476.201 545.008 519.299 563.544 479.493 
606.63 178.123 650.523 176.923 685.329 150.152 641.435 151.352 
645.731 27.341 637.689 70.509 656.557 110.159 664.598 66.991 
542.868 -48.886 573.425 -17.352 616.681 -9.801 586.124 -41.335 
