160.227 221.66 158.955 265.551 201.091 253.198 202.364 209.306 
209.606 208.805 208.994 252.711 250.562 266.86 251.174 222.954 
211.191 202.253 252.946 215.841 278.771 180.328 237.016 166.741 
179.453 162.906 205.126 198.529 231.071 163.104 205.399 127.481 
133.023 178.608 157.671 214.948 199.849 202.736 175.201 166.396 
123.956 186.819 123.28 230.724 148.54 266.641 149.216 222.736 
164.801 277.917 206.417 291.923 248.318 278.793 206.702 264.787 
263.135 221.358 262.901 265.268 288.899 229.882 289.133 185.973 
213.755 119.714 239.214 155.49 280.839 169.469 255.381 133.693 
130.062 171.382 172.013 158.412 198.328 123.261 156.378 136.231 
80.19 149.622 121.066 165.661 148.951 131.742 108.075 115.703 
77.684 172.438 76.622 216.335 118.043 230.91 119.104 187.013 
48.21 253.775 89.293 269.274 116.729 234.991 75.645 219.492 
89.544 269.474 113.128 306.514 141.067 272.638 117.483 235.599 
137.348 316.389 178.855 330.716 205.308 295.668 163.801 281.341 
180.676 332.016 205.082 368.519 232.256 334.028 207.851 297.525 
208.426 297.142 232.463 333.889 274.839 322.383 250.802 285.637 
265.759 267.2 291.107 303.054 317.373 267.865 292.023 232.012 
294.138 230.488 318.705 266.883 360.91 254.764 336.343 218.37 
295.934 185.761 293.892 229.624 336.239 218.012 338.281 174.149 
259.003 130.86 284.212 166.812 326.195 153.946 300.986 117.994 
259.558 84.275 258.125 128.161 300.307 115.962 301.74 72.076 
217.358 69.069 215.65 112.946 256.851 128.129 258.559 84.252 
154.704 86.246 154.001 130.15 195.974 117.252 196.677 73.348 
110.655 70.696 108.495 114.553 149.539 130.159 151.698 86.302 
81.437 103.897 77.736 147.651 106.448 114.429 110.15 70.675 
45.766 208.991 46.871 252.887 71.778 216.725 70.673 172.829 
48.13 253.994 72.025 290.833 113.01 306.591 89.114 269.752 
135.929 321.466 162.669 356.296 204.773 368.757 178.034 333.927 
205.313 368.696 247.599 356.865 274.854 322.438 232.568 334.269 
294.21 305.171 335.751 290.944 360.997 255.016 319.455 269.243 
338.677 174.164 336.834 218.036 361.131 254.611 362.974 210.74 
302.467 72.054 303.472 115.952 330.087 150.876 329.082 106.978 
218.414 66.171 259.117 82.644 301.729 72.046 261.026 55.573 
111.116 69.104 153.058 82.104 194.631 67.97 152.689 54.969 
83.567 24.959 108.093 61.381 150.312 49.311 125.786 12.889 
51.188 62.999 75.244 99.733 102.746 65.503 78.69 28.769 
45.874 67.093 42.062 110.837 64.69 148.468 68.502 104.723 
-11.485 135.433 14.724 170.664 56.329 156.624 30.12 121.393 
-2.488 220.38 38.698 205.157 63.07 168.632 21.884 183.855 
-1.487 222.854 -1.677 266.764 40.142 253.376 40.333 209.467 
-0.907 268.964 21.839 306.524 64.589 296.497 41.844 258.938 
26.967 319.134 68.319 333.901 110.454 321.542 69.101 306.775 
74.375 346.57 75.069 390.474 116.61 376.247 115.916 332.342 
127.011 330.666 127.967 374.565 154.544 409.519 153.588 365.62 
161.048 364.725 162.523 408.611 204.717 420.769 203.242 376.884 
208.513 376.878 205.906 420.711 248.399 409.645 251.006 365.813 
262.229 364.492 261.696 408.398 287.934 373.19 288.467 329.283 
299.6 327.666 300.29 371.571 342.26 384.481 341.569 340.577 
301.377 318.27 343.376 331.081 384.885 316.759 342.885 303.948 
344.377 295.66 386.648 307.549 411.016 271.021 368.746 259.133 
373.162 210.193 370.414 254.017 411.244 270.172 413.992 226.348 
350.533 161.912 375.556 197.994 417.009 212.477 391.986 176.395 
352.385 152.446 394.291 165.56 419.713 129.758 377.807 116.643 
342.815 104.273 344.336 148.156 368.9 111.76 367.379 67.876 
308.92 65.862 335.937 100.476 360.508 64.084 333.49 29.47 
263.73 45.92 304.386 62.508 332.725 28.967 292.068 12.379 
211.305 51.702 253.602 39.907 280.886 5.503 238.59 17.299 
177.549 13.681 204.79 48.12 229.125 11.571 201.885 -22.868 
125.786 12.889 153.953 46.575 196.54 57.271 168.373 23.585 
128.506 -7.323 169.476 8.476 197.162 -25.606 156.193 -41.405 
51.099 -39.485 58.586 3.782 97.422 -16.709 89.934 -59.976 
8.227 -48.965 12.46 -5.259 55.335 4.221 51.101 -39.485 
-22.03 21.916 14.474 46.321 48.963 19.145 12.46 -5.259 
-15.993 85.502 -14.259 129.378 26.934 114.171 25.2 70.295 
-45.022 174.09 -21.541 211.195 6.491 177.397 -16.989 140.293 
-80.57 234.971 -72.599 278.151 -29.069 283.913 -37.04 240.733 
-97.719 314.166 -55.704 326.927 -30.584 290.912 -72.599 278.151 
-51.192 329.686 -30.0 368.144 0.026 336.105 -21.165 297.647 
24.437 335.423 26.13 379.3 68.383 391.249 66.69 347.371 
77.238 395.686 102.074 431.898 144.188 419.467 119.352 383.256 
145.139 481.174 188.147 490.032 209.861 451.866 166.854 443.008 
189.32 490.674 215.425 525.982 240.938 490.244 214.834 454.936 
224.882 446.728 247.331 484.465 290.159 474.776 267.71 437.039 
273.878 414.788 315.981 427.255 340.849 391.066 298.746 378.598 
347.784 340.25 346.973 384.152 388.978 371.357 389.789 327.454 
418.711 314.253 447.561 347.355 470.128 309.688 441.278 276.586 
446.078 272.469 472.179 307.78 513.827 293.869 487.727 258.558 
445.527 216.853 441.495 260.578 484.326 250.901 488.358 207.177 
399.746 168.865 426.207 203.907 451.357 167.913 424.897 132.871 
380.503 66.17 379.545 110.069 421.0 124.547 421.958 80.647 
347.748 1.169 377.192 33.745 417.272 15.809 387.828 -16.767 
345.69 -46.583 346.239 -2.676 387.827 -16.766 387.279 -60.672 
300.531 -65.723 294.023 -22.298 333.312 -2.69 339.82 -46.115 
207.301 -27.695 233.71 7.385 275.234 -6.891 248.825 -41.972 
202.208 -86.397 200.092 -42.456 242.457 -54.001 244.569 -97.86 
161.144 -101.878 159.031 -58.018 200.091 -42.456 202.208 -86.397 
-70.915 72.812 -72.975 116.673 -31.896 132.186 -29.836 88.325 
-100.423 150.948 -59.344 166.461 -31.896 132.186 -72.975 116.674 
-2.255 427.189 39.129 441.863 65.874 407.038 24.489 392.364 
39.13 441.862 63.985 478.061 90.732 443.237 65.877 407.038 
327.378 432.856 352.353 468.971 378.983 434.057 354.006 397.942 
354.02 397.931 378.985 434.054 421.054 421.473 396.089 385.35 
435.888 122.293 460.375 158.741 502.607 146.716 478.12 110.267 
437.502 78.411 435.886 122.291 478.118 110.268 479.734 66.387 
263.121 -101.709 262.555 -57.802 287.904 -21.949 288.47 -65.855 
161.144 -101.876 202.208 -86.397 244.569 -97.86 203.509 -113.421 
106.423 -61.701 102.664 -17.953 131.42 -51.137 135.18 -94.885 
-69.826 59.617 -27.109 69.785 13.426 52.904 -29.29 42.735 
-98.363 107.086 -100.422 150.948 -72.974 116.673 -70.915 72.812 
-102.105 176.441 -78.113 213.218 -37.086 228.868 -61.078 192.092 
-20.05 375.155 -20.815 419.059 5.609 383.989 6.373 340.086 
-2.255 427.189 22.6 463.387 63.986 478.061 39.129 441.864 
88.325 487.081 130.234 473.978 156.438 438.743 114.528 451.846 
272.478 433.22 297.471 469.323 338.912 483.839 313.919 447.737 
352.353 468.971 394.42 456.383 421.055 421.473 378.987 434.061 
411.914 321.718 411.494 365.626 436.963 401.395 437.383 357.487 
443.378 211.092 485.492 198.662 512.256 163.852 470.142 176.282 
479.733 66.387 478.119 110.268 502.606 146.716 504.22 102.836 
382.108 42.104 423.434 56.944 465.591 44.66 424.264 29.819 
