154.923 237.634 145.421 280.504 189.128 276.293 198.63 233.424 
218.888 233.709 208.157 276.287 245.335 299.651 256.066 257.072 
225.291 213.735 262.692 236.74 296.129 208.278 258.727 185.273 
193.826 161.63 210.383 202.299 243.945 173.985 227.389 133.316 
133.151 175.745 148.599 216.849 192.464 214.859 177.016 173.756 
107.528 201.317 98.378 244.264 116.219 284.386 125.369 241.44 
158.077 307.339 197.244 327.19 240.599 320.228 201.432 300.377 
285.601 250.907 279.259 294.356 309.928 262.933 316.27 219.483 
248.99 114.896 265.15 155.724 302.223 179.255 286.063 138.428 
123.072 152.069 166.74 147.463 199.362 118.07 155.694 122.676 
32.222 107.447 65.626 135.948 103.054 112.987 69.651 84.486 
46.778 175.608 29.605 216.02 62.732 244.841 79.906 204.428 
-17.656 268.401 16.85 295.555 53.339 271.127 18.831 243.974 
35.08 311.062 45.441 353.732 82.821 330.693 72.46 288.022 
117.562 357.547 152.492 384.156 188.592 359.159 153.663 332.55 
177.5 401.645 191.89 443.131 226.898 416.626 212.509 375.14 
230.902 363.054 245.051 404.621 288.957 404.01 274.808 362.442 
301.312 305.988 316.043 347.353 350.831 320.559 336.099 279.194 
358.996 260.501 373.696 301.878 417.59 300.684 402.89 259.307 
364.602 199.805 353.753 242.354 397.572 239.524 408.421 196.975 
313.092 114.056 326.337 155.921 370.246 156.26 357.001 114.396 
315.756 48.379 304.761 90.89 348.589 88.21 359.584 45.699 
262.994 21.426 249.175 63.105 284.544 89.127 298.362 47.448 
162.109 53.526 146.989 94.75 190.868 96.392 205.989 55.167 
92.26 28.661 77.182 69.901 111.744 96.985 126.823 55.745 
21.543 41.959 -4.152 77.566 37.565 63.863 63.261 28.257 
-27.986 216.803 -31.206 260.595 -2.861 227.059 0.358 183.267 
-26.224 304.077 -16.796 346.963 16.039 376.116 6.611 333.23 
113.771 404.864 139.454 440.479 181.166 454.197 155.483 418.581 
221.769 460.234 265.679 460.265 301.22 434.479 257.31 434.449 
357.946 363.89 399.478 349.634 424.698 313.689 383.167 327.945 
448.556 192.895 432.433 233.738 443.396 276.258 459.519 235.415 
379.941 42.302 376.788 86.099 399.98 123.384 403.133 79.587 
275.924 -22.771 305.343 9.826 348.305 18.906 318.885 -13.692 
96.435 -2.746 134.944 18.354 178.5 12.789 139.992 -8.311 
47.711 -105.254 34.328 -63.433 69.966 -37.782 83.349 -79.603 
-43.696 -26.787 -46.65 17.023 -4.071 6.294 -1.117 -37.517 
-81.837 43.29 -70.174 85.622 -35.857 113.015 -47.52 70.682 
-123.316 119.419 -108.935 160.907 -65.033 160.049 -79.414 118.561 
-142.748 200.945 -99.319 207.431 -60.373 187.152 -103.801 180.666 
-116.193 247.97 -143.46 282.388 -102.301 297.685 -75.034 263.267 
-103.541 341.578 -98.797 385.23 -55.814 394.207 -60.558 350.554 
-39.697 435.052 3.265 444.131 43.358 426.224 0.396 417.145 
30.27 468.138 26.482 511.885 69.258 501.969 73.046 458.223 
99.126 457.852 86.679 499.961 101.361 541.344 113.808 499.235 
156.962 490.834 142.648 532.345 177.704 558.787 192.019 517.276 
249.266 500.991 229.476 540.189 272.87 546.898 292.66 507.7 
335.355 462.099 336.537 505.993 361.381 469.787 360.198 425.893 
396.917 412.891 391.693 456.489 431.544 474.93 436.767 431.331 
402.415 393.446 440.784 414.797 484.376 409.517 446.006 388.166 
451.379 348.563 487.437 373.622 522.411 347.072 486.354 322.014 
512.805 226.354 491.963 265.003 522.28 296.768 543.122 258.12 
461.371 134.549 486.4 170.627 527.856 185.104 502.826 149.025 
463.043 99.411 502.395 118.892 533.083 87.486 493.731 68.005 
452.725 45.544 446.035 88.941 476.956 57.764 483.645 14.366 
410.594 -18.92 419.855 24.002 457.815 1.93 448.553 -40.992 
323.681 -75.04 352.515 -41.925 392.92 -59.115 364.085 -92.231 
223.361 -49.875 264.52 -65.175 288.824 -101.745 247.666 -86.445 
167.261 -104.086 185.179 -63.998 217.767 -93.427 199.85 -133.515 
112.196 -112.804 126.462 -71.276 162.413 -46.065 148.147 -87.593 
126.07 -152.11 155.578 -119.593 195.622 -137.608 166.114 -170.126 
-6.401 -182.371 -14.137 -139.147 29.361 -145.147 37.097 -188.37 
-101.211 -150.4 -94.079 -107.073 -50.669 -100.467 -57.801 -143.794 
-137.524 -92.844 -125.317 -50.665 -81.431 -49.24 -93.637 -91.419 
-126.52 44.329 -139.31 86.334 -95.408 85.518 -82.618 43.512 
-164.036 135.85 -160.992 179.655 -120.272 163.223 -123.316 119.419 
-228.339 273.099 -229.693 316.988 -188.371 331.838 -187.017 287.949 
-238.534 403.767 -197.262 418.758 -170.251 384.138 -211.523 369.147 
-169.777 428.045 -174.506 471.7 -131.527 462.707 -126.798 419.053 
-38.869 456.494 -46.169 499.793 -7.246 520.117 0.055 476.818 
26.635 512.525 42.464 553.483 86.309 551.086 70.48 510.128 
137.541 636.021 179.52 648.902 204.743 612.959 162.765 600.078 
230.617 648.435 255.15 684.852 282.203 650.267 257.671 613.849 
296.047 584.192 299.242 627.985 341.88 638.478 338.685 594.685 
358.771 513.619 398.946 531.34 428.215 498.608 388.04 480.886 
446.803 432.239 437.855 475.228 481.505 470.453 490.452 427.465 
556.223 375.088 582.666 410.144 607.835 374.162 581.392 339.107 
597.583 288.84 622.88 324.731 664.832 311.763 639.535 275.872 
608.605 209.861 585.679 247.311 628.381 257.542 651.306 220.092 
520.732 129.623 542.555 167.726 572.05 135.197 550.227 97.094 
511.627 13.049 499.592 55.278 536.035 79.773 548.07 37.545 
456.933 -100.298 484.541 -66.152 525.546 -81.856 497.939 -116.002 
415.234 -170.159 419.593 -126.465 459.801 -144.113 455.442 -187.807 
382.055 -205.692 351.945 -173.731 373.037 -135.218 403.147 -167.179 
224.187 -154.132 238.462 -112.607 282.366 -113.352 268.091 -154.876 
217.733 -227.701 207.696 -184.87 251.451 -188.553 261.47 -231.304 
180.2 -250.539 169.992 -207.832 207.455 -184.926 217.682 -227.713 
-200.767 29.972 -205.542 73.622 -165.504 91.652 -160.729 48.002 
-235.294 106.016 -195.368 124.293 -165.648 91.969 -205.573 73.692 
-72.781 556.948 -29.759 565.73 -8.111 527.527 -51.134 518.745 
-26.669 567.321 -4.768 605.379 24.66 572.79 2.759 534.731 
419.472 541.639 446.171 576.498 471.075 540.333 444.374 505.473 
450.278 501.324 472.477 539.209 515.368 529.804 493.169 491.919 
568.191 77.076 590.32 115.002 633.229 105.677 611.1 67.75 
572.861 32.973 568.093 76.623 611.081 67.668 615.848 24.018 
302.088 -244.127 293.338 -201.097 311.551 -161.143 320.301 -204.172 
180.192 -250.526 217.726 -227.788 261.47 -231.298 223.955 -254.117 
97.006 -213.534 78.491 -173.718 116.873 -195.047 135.388 -234.862 
-202.747 -19.219 -165.425 3.914 -121.633 0.691 -158.956 -22.442 
-230.376 62.39 -235.284 106.025 -205.665 73.608 -200.758 29.973 
-227.019 154.729 -229.473 198.57 -205.689 235.482 -203.235 191.64 
-115.423 503.555 -125.341 546.331 -92.175 517.554 -82.258 474.779 
-72.781 556.948 -46.601 592.2 -4.701 605.331 -30.881 570.079 
35.49 615.343 79.202 619.518 117.019 597.202 73.308 593.028 
363.937 557.844 382.493 597.64 420.897 618.928 402.341 579.132 
446.147 576.482 488.344 564.335 515.342 529.706 473.146 541.853 
538.936 414.102 524.259 455.487 536.711 497.595 551.388 456.21 
585.574 176.973 629.078 171.018 660.774 140.629 617.27 146.584 
615.78 24.009 611.218 67.682 633.199 105.694 637.76 62.022 
515.831 -39.035 548.907 -10.154 592.641 -6.23 559.565 -35.111 
