151.116 242.32 138.63 284.417 182.525 283.283 195.011 241.186 
220.374 242.013 206.321 283.613 241.543 309.834 255.596 268.233 
228.567 214.004 264.219 239.637 299.614 213.65 263.962 188.018 
196.236 157.343 209.711 199.135 245.292 173.405 231.818 131.614 
130.47 171.022 142.019 213.386 185.878 215.494 174.33 173.13 
98.541 207.243 86.033 249.334 100.655 290.738 113.163 248.647 
154.007 316.671 191.874 338.902 235.575 334.629 197.709 312.399 
294.525 257.264 285.631 300.264 318.1 270.704 326.995 227.704 
258.321 108.848 271.319 150.79 306.488 177.081 293.49 135.14 
116.905 139.335 160.815 139.284 196.309 113.433 152.399 113.484 
11.945 97.445 40.476 130.824 81.037 114.005 52.507 80.626 
43.433 174.634 21.081 212.43 50.12 245.367 72.471 207.571 
-28.137 284.457 5.303 312.913 42.701 289.903 9.26 261.446 
21.229 328.206 26.895 371.749 66.556 352.905 60.89 309.362 
109.577 361.698 141.679 391.658 180.092 370.385 147.99 340.425 
181.833 414.261 193.291 456.65 230.064 432.654 218.607 390.265 
239.002 378.406 250.066 420.899 293.899 423.506 282.834 381.013 
307.245 313.25 318.675 355.646 355.464 331.674 344.033 289.277 
373.462 261.652 385.437 303.898 429.316 305.564 417.341 263.318 
382.493 199.802 368.686 241.484 412.596 241.735 426.403 200.052 
324.709 108.933 334.105 151.826 377.803 156.143 368.406 113.251 
326.008 35.895 311.965 77.499 355.872 77.998 369.915 36.395 
272.402 3.824 253.164 43.295 284.759 73.789 303.997 34.318 
166.742 39.956 144.648 77.903 187.565 87.189 209.659 49.242 
80.679 17.785 63.094 58.02 95.926 87.178 113.511 46.943 
-0.113 30.935 -27.588 65.187 14.773 53.626 42.248 19.374 
-48.456 230.497 -51.772 274.282 -23.354 240.808 -20.037 197.024 
-38.599 313.739 -32.861 357.272 -2.631 389.119 -8.369 345.585 
112.103 424.113 138.724 459.033 180.787 471.636 154.165 436.716 
224.117 476.159 267.895 479.567 305.314 456.593 261.537 453.184 
372.677 372.069 414.073 357.423 438.953 321.241 397.558 335.888 
470.074 197.345 450.594 236.697 457.965 279.984 477.445 240.632 
393.973 31.768 389.907 75.49 412.316 113.251 416.382 69.529 
288.055 -43.063 314.655 -8.127 356.709 4.503 330.11 -30.434 
83.168 -22.959 120.729 -0.217 164.485 -3.896 126.923 -26.639 
31.394 -123.98 19.296 -81.769 55.702 -57.219 67.8 -99.43 
-55.373 -46.17 -64.601 -3.241 -20.921 -7.731 -11.694 -50.661 
-101.465 20.615 -92.219 63.54 -59.508 92.833 -68.754 49.908 
-133.73 115.7 -128.153 159.254 -85.007 167.41 -90.583 123.855 
-167.438 195.33 -127.633 213.868 -84.534 205.469 -124.339 186.93 
-132.55 257.502 -166.077 285.858 -128.748 308.981 -95.221 280.626 
-116.306 351.092 -119.303 394.899 -78.565 411.286 -75.568 367.479 
-57.471 449.797 -14.158 457.019 25.127 437.402 -18.186 430.181 
19.617 480.965 12.37 524.273 55.798 517.782 63.045 474.475 
98.076 475.642 79.218 515.296 87.27 558.462 106.128 518.808 
160.459 510.557 138.436 548.544 167.758 581.229 189.782 543.242 
255.612 521.724 231.085 558.145 273.303 570.218 297.83 533.797 
339.59 484.038 341.344 527.913 365.714 491.386 363.96 447.511 
408.931 427.52 401.218 470.747 439.946 491.441 447.659 448.214 
417.75 401.179 452.84 427.576 496.744 428.306 461.654 401.909 
470.224 352.067 501.317 383.072 540.414 363.082 509.321 332.077 
539.006 229.578 513.673 265.443 539.955 300.619 565.288 264.754 
480.901 136.175 506.051 172.17 547.554 186.507 522.404 150.513 
480.756 90.177 518.233 113.059 551.576 84.487 514.099 61.605 
473.08 33.0 459.962 74.904 495.206 48.714 508.325 6.809 
426.912 -40.549 427.452 3.358 469.043 -10.724 468.503 -54.631 
334.28 -102.12 357.43 -64.809 400.069 -75.297 376.918 -112.609 
228.797 -67.573 269.892 -83.041 294.047 -119.71 252.951 -104.242 
159.865 -125.977 169.859 -83.219 207.435 -105.936 197.443 -148.694 
105.78 -143.071 111.71 -99.563 142.08 -67.85 136.15 -111.358 
124.579 -179.486 149.689 -143.464 191.707 -156.213 166.597 -192.235 
-9.056 -209.12 -24.053 -167.85 19.832 -166.34 34.828 -207.61 
-111.401 -172.058 -103.794 -128.812 -60.314 -122.683 -67.921 -165.929 
-147.484 -114.897 -133.665 -73.218 -89.756 -73.481 -103.575 -115.16 
-163.268 33.324 -172.832 76.18 -129.118 72.032 -119.554 29.176 
-179.05 123.398 -185.398 166.847 -142.114 159.458 -135.766 116.01 
-249.135 266.347 -255.948 309.726 -216.798 329.61 -209.985 286.231 
-267.09 400.37 -227.653 419.68 -197.102 388.141 -236.538 368.831 
-191.892 431.741 -201.865 474.503 -158.114 470.774 -148.14 428.012 
-56.062 470.14 -66.564 512.776 -29.26 535.939 -18.758 493.303 
12.724 526.315 25.63 568.285 69.535 568.981 56.629 527.01 
125.304 656.257 165.871 673.063 194.39 639.675 153.824 622.869 
223.542 672.511 245.56 710.502 274.887 677.822 252.87 639.831 
297.79 606.665 295.46 650.513 336.442 666.278 338.772 622.43 
366.841 535.281 405.917 555.31 437.04 524.335 397.963 504.306 
458.595 450.048 445.92 492.089 489.82 491.152 502.495 449.111 
574.978 390.164 598.273 427.386 626.474 393.729 603.179 356.508 
618.823 299.506 642.317 336.602 684.858 325.721 661.363 288.625 
634.392 217.752 607.425 252.406 648.716 267.343 675.683 232.689 
543.477 127.643 563.14 166.905 594.404 136.072 574.741 96.81 
537.999 7.928 521.606 48.663 555.281 76.842 571.675 36.107 
479.239 -117.519 503.616 -80.997 545.884 -92.894 521.507 -129.417 
430.588 -188.67 433.479 -144.856 474.256 -161.145 471.365 -204.96 
398.664 -225.469 366.145 -195.962 384.159 -155.917 416.678 -185.424 
228.872 -180.427 240.019 -137.956 283.857 -135.434 272.709 -177.905 
228.226 -253.224 215.48 -211.119 259.381 -212.007 272.103 -254.034 
193.564 -285.468 173.267 -246.531 204.027 -215.195 224.361 -254.205 
-213.328 9.558 -223.43 52.29 -185.911 75.103 -175.809 32.37 
-260.687 78.34 -226.075 105.361 -189.681 80.794 -224.292 53.773 
-94.309 564.51 -51.406 573.855 -29.26 535.939 -72.164 526.594 
-46.191 576.453 -28.968 616.844 4.125 587.983 -13.098 547.591 
421.218 565.295 448.187 599.947 472.809 563.59 445.839 528.938 
457.685 521.075 475.721 561.11 519.37 556.328 501.334 516.293 
593.596 78.137 613.622 117.215 656.976 110.245 636.95 71.167 
602.654 31.589 593.086 74.444 636.8 70.3 646.368 27.445 
320.303 -265.797 304.794 -224.717 316.392 -182.367 331.901 -223.447 
194.226 -286.301 228.222 -258.548 272.028 -255.922 238.062 -283.751 
95.001 -240.176 78.017 -199.684 115.558 -222.46 132.543 -262.952 
-205.319 -58.668 -182.153 -21.366 -141.487 -4.803 -164.652 -42.106 
-248.169 36.262 -260.677 78.353 -225.817 51.653 -213.31 9.562 
-247.468 143.708 -253.185 187.244 -232.22 225.826 -226.503 182.29 
-138.08 509.846 -153.772 550.856 -116.973 526.901 -101.281 485.891 
-94.415 565.006 -70.061 601.544 -28.882 616.788 -53.237 580.251 
17.872 629.686 60.944 638.224 100.809 619.815 57.737 611.277 
368.852 578.853 382.64 620.542 418.299 646.164 404.511 604.475 
448.178 599.942 490.864 589.647 519.348 556.228 476.661 566.523 
555.377 436.769 536.78 476.546 545.115 519.658 563.712 479.881 
606.949 178.152 650.846 177.042 685.706 150.343 641.81 151.452 
646.269 27.425 638.148 70.578 656.942 110.262 665.063 67.11 
543.282 -49.062 573.803 -17.494 617.051 -9.894 586.529 -41.463 
