156.758 231.819 149.373 275.104 192.821 268.751 200.206 225.467 
215.965 225.679 207.501 268.766 245.864 290.13 254.328 247.043 
220.524 212.401 259.24 233.116 290.905 202.696 252.189 181.98 
189.86 164.54 209.183 203.97 240.712 173.408 221.389 133.978 
134.477 178.006 152.756 217.931 196.375 212.884 178.096 172.96 
115.765 194.273 109.014 237.66 129.056 276.73 135.806 233.342 
158.976 296.726 198.928 314.945 241.959 306.202 202.007 287.983 
275.797 243.924 271.178 287.59 300.581 254.978 305.2 211.312 
239.03 118.997 257.628 158.773 296.054 180.022 277.456 140.245 
127.963 161.665 171.182 153.906 201.587 122.225 158.367 129.984 
49.996 119.946 86.106 144.929 121.025 118.306 84.915 93.323 
52.565 173.267 39.032 215.039 74.578 240.818 88.111 199.045 
-2.882 258.613 33.567 283.096 68.117 255.996 31.666 231.512 
50.457 296.199 64.526 337.794 99.739 311.561 85.67 269.965 
121.598 349.642 158.567 373.337 192.526 345.5 155.557 321.806 
175.518 385.982 192.676 426.402 225.814 397.594 208.658 357.175 
224.222 346.371 240.891 386.993 284.677 383.693 268.008 343.07 
294.039 298.398 311.689 338.604 344.474 309.393 326.823 269.186 
343.771 256.227 361.168 296.544 404.888 292.457 387.491 252.14 
347.193 196.87 338.516 239.914 382.135 234.864 390.812 191.82 
300.754 117.871 317.387 158.508 361.176 155.246 344.543 114.609 
302.542 56.954 294.388 100.1 337.942 94.522 346.096 51.376 
250.808 33.837 240.755 76.581 278.3 99.35 288.353 56.607 
157.258 61.712 147.34 104.488 191.087 100.701 201.004 57.926 
102.661 37.114 90.96 79.437 127.595 103.643 139.296 61.321 
36.642 56.44 15.26 94.792 55.102 76.333 76.484 37.981 
-8.22 209.617 -10.777 253.452 17.057 219.491 19.614 175.656 
-9.6 291.131 3.732 332.968 39.109 358.979 25.776 317.141 
116.392 385.561 142.002 421.23 183.685 435.034 158.076 399.365 
217.96 440.795 261.759 437.668 295.354 409.394 251.555 412.521 
343.452 353.291 385.015 339.125 410.313 303.235 368.751 317.401 
424.851 188.031 412.304 230.111 426.888 271.528 439.434 229.449 
363.913 48.489 361.879 92.352 386.016 129.033 388.049 85.17 
261.483 -3.866 293.956 25.691 337.6 30.516 305.127 0.959 
106.764 21.42 146.464 40.18 189.61 32.023 149.909 13.262 
57.432 -81.928 52.431 -38.304 92.374 -20.066 97.376 -63.691 
-26.941 -3.332 -15.731 39.123 21.182 15.341 9.971 -27.113 
-58.232 50.152 -49.853 93.255 -17.74 123.201 -26.119 80.098 
-104.525 123.843 -84.447 162.893 -41.103 155.864 -61.181 116.814 
-111.64 207.63 -67.911 203.647 -34.875 174.722 -78.604 178.705 
-96.811 236.706 -115.673 276.358 -72.133 282.044 -53.271 242.392 
-83.614 324.426 -72.635 366.941 -28.808 369.637 -39.787 327.122 
-23.334 413.205 19.142 424.337 60.048 408.377 17.573 397.244 
37.776 446.219 35.277 490.058 77.743 478.887 80.242 435.048 
99.852 433.541 93.323 476.963 113.565 515.929 120.093 472.507 
152.535 465.981 144.334 509.118 182.826 530.248 191.027 487.111 
238.921 475.171 223.758 516.38 267.635 518.067 282.798 476.858 
325.74 441.091 325.947 485.001 351.588 449.355 351.381 405.446 
380.991 397.07 377.38 440.831 417.884 457.788 421.494 414.027 
384.233 383.028 424.814 399.801 467.503 389.518 426.922 372.745 
430.378 342.292 469.536 362.16 500.533 331.059 461.375 311.19 
482.702 222.935 466.735 263.84 500.704 291.665 516.67 250.76 
440.776 135.112 465.492 171.406 506.82 186.241 482.104 149.947 
443.071 107.926 483.513 125.031 512.278 91.854 471.836 74.75 
430.697 56.736 429.152 100.619 456.196 66.025 457.741 22.142 
391.562 0.813 407.31 41.801 441.426 14.157 425.677 -26.832 
310.732 -46.709 344.45 -18.581 381.62 -41.956 347.902 -70.085 
220.124 -33.626 261.692 -47.775 287.004 -83.655 245.436 -69.506 
171.676 -80.916 195.028 -43.73 223.178 -77.429 199.827 -114.615 
115.84 -81.648 135.875 -42.574 175.05 -22.739 155.015 -61.812 
124.128 -123.294 157.681 -94.969 194.988 -118.127 161.435 -146.452 
-1.271 -152.894 -1.444 -108.984 40.37 -122.388 40.544 -166.298 
-86.226 -124.967 -72.594 -83.226 -28.684 -83.292 -42.316 -125.033 
-113.914 -77.406 -107.378 -33.985 -64.062 -26.785 -70.599 -70.206 
-105.356 53.099 -116.833 95.483 -72.977 93.301 -61.5 50.918 
-142.587 145.738 -133.526 188.703 -95.465 166.808 -104.525 123.843 
-202.363 271.809 -197.548 315.454 -154.551 324.362 -159.366 280.717 
-206.595 394.89 -164.157 406.164 -140.32 369.287 -182.758 358.012 
-145.275 412.916 -143.329 456.783 -102.211 441.377 -104.156 397.51 
-23.828 433.374 -27.374 477.141 13.155 494.038 16.701 450.271 
36.437 493.782 55.652 533.265 99.14 527.191 79.925 487.709 
144.448 608.991 187.388 618.169 209.386 580.166 166.446 570.988 
229.986 618.943 256.408 654.014 281.597 618.048 255.176 582.977 
286.901 557.523 295.391 600.605 338.987 605.842 330.497 562.761 
346.585 492.979 387.686 508.433 415.084 474.119 373.983 458.665 
431.206 414.228 425.445 457.759 468.625 449.787 474.387 406.256 
533.124 360.486 562.128 393.453 584.519 355.681 555.514 322.713 
572.109 280.833 598.852 315.659 640.239 300.987 613.495 266.16 
578.702 205.362 560.225 245.195 603.818 250.459 622.296 210.626 
497.404 133.168 521.097 170.138 548.936 136.181 525.243 99.211 
484.53 18.715 476.437 61.872 514.982 82.906 523.075 39.748 
431.737 -82.768 462.226 -51.168 501.7 -70.4 471.211 -102.0 
400.073 -148.798 406.062 -105.298 445.582 -124.437 439.592 -167.936 
364.944 -182.255 338.291 -147.359 363.243 -111.227 389.896 -146.123 
218.65 -130.967 236.849 -91.006 280.478 -95.966 262.279 -135.927 
210.676 -200.535 204.055 -157.044 247.382 -164.173 253.991 -207.583 
171.424 -220.159 164.808 -176.75 204.048 -157.045 210.676 -200.535 
-180.678 42.318 -182.883 86.173 -141.856 101.822 -139.651 57.967 
-210.454 120.348 -169.432 136.009 -141.861 101.834 -182.883 86.173 
-54.47 537.297 -12.152 549.011 12.066 512.384 -30.252 500.669 
-11.23 549.603 13.389 585.962 40.362 551.312 15.742 514.953 
409.86 517.717 435.638 553.264 461.479 517.762 435.7 482.216 
437.61 480.87 461.918 517.438 504.208 505.62 479.9 469.052 
542.261 79.311 565.607 116.501 608.191 105.79 584.845 68.601 
545.278 35.447 542.244 79.252 584.843 68.601 587.877 24.796 
288.191 -219.157 283.923 -175.455 306.158 -137.591 310.425 -181.293 
171.421 -220.155 210.676 -200.535 253.991 -207.582 214.749 -227.283 
95.261 -184.162 78.195 -143.704 115.782 -166.403 132.849 -206.861 
-183.242 6.166 -142.064 21.413 -99.788 9.544 -140.967 -5.703 
-208.24 76.501 -210.446 120.355 -182.884 86.173 -180.678 42.318 
-205.402 161.193 -202.14 204.982 -173.763 238.491 -177.025 194.702 
-93.284 484.368 -98.46 527.972 -68.644 495.738 -63.468 452.134 
-54.47 537.297 -28.423 572.647 13.428 585.936 -12.62 550.586 
48.715 594.421 92.625 594.229 128.036 568.264 84.126 568.456 
351.764 533.685 373.451 571.866 413.439 590.007 391.752 551.826 
435.619 553.25 477.653 540.552 504.196 505.572 462.162 518.27 
518.222 392.98 507.165 435.476 523.198 476.354 534.255 433.859 
560.734 178.476 603.661 169.237 632.959 136.531 590.032 145.77 
587.835 24.791 584.847 68.599 608.179 105.798 611.168 61.99 
487.2 -28.954 522.662 -3.059 566.572 -2.954 531.11 -28.849 
