148.037 241.934 133.53 283.379 177.429 284.369 191.936 242.925 
221.174 244.039 204.978 284.853 238.79 312.868 254.986 272.054 
230.244 213.571 264.94 240.484 301.256 215.802 266.56 188.89 
197.39 155.044 209.61 197.219 245.945 172.565 233.726 130.39 
129.648 168.299 139.223 211.153 182.938 215.289 173.363 172.435 
95.722 205.174 81.673 246.776 94.76 288.69 108.809 247.089 
151.242 319.616 188.26 343.233 232.09 340.581 195.072 316.964 
297.656 259.564 286.959 302.151 320.644 273.985 331.342 231.398 
262.845 105.066 274.169 147.49 308.267 175.156 296.943 132.732 
114.361 132.442 158.2 134.939 195.134 111.192 151.295 108.695 
7.059 92.073 33.307 127.275 74.897 113.189 48.648 77.988 
39.964 170.677 15.128 206.889 41.893 241.699 66.729 205.487 
-33.728 286.242 0.173 314.148 37.19 290.53 3.289 262.623 
17.46 329.758 21.54 373.478 61.86 356.088 57.78 312.368 
105.055 363.983 135.809 395.325 175.12 375.761 144.366 344.42 
182.586 419.032 193.177 461.646 230.432 438.406 219.842 395.792 
242.005 383.357 251.49 426.23 295.197 430.456 285.711 387.584 
309.601 316.483 319.304 359.307 357.034 336.845 347.33 294.02 
379.051 261.896 389.991 304.421 433.815 307.158 422.876 264.633 
389.869 198.987 374.386 240.077 418.249 242.105 433.732 201.015 
329.908 106.511 337.411 149.775 380.876 156.008 373.373 112.744 
328.905 29.549 313.738 70.756 357.616 72.447 372.783 31.24 
275.026 -4.677 253.252 33.454 282.788 65.946 304.562 27.815 
169.094 32.783 143.874 68.728 185.854 81.606 211.073 45.661 
76.845 12.013 59.457 52.334 92.431 81.33 109.819 41.01 
-6.932 24.79 -36.006 57.695 6.857 48.164 35.931 15.258 
-56.414 232.087 -59.731 275.871 -31.312 242.399 -27.995 198.614 
-43.715 315.511 -39.085 359.175 -9.672 391.779 -14.303 348.114 
110.981 431.542 138.319 465.904 180.633 477.634 153.295 443.273 
224.719 481.942 268.372 486.688 306.477 464.869 262.824 460.123 
378.65 375.066 419.945 360.14 444.58 323.791 403.285 338.718 
478.742 199.169 457.782 237.754 463.504 281.289 484.464 242.705 
399.177 25.544 394.793 69.235 416.926 107.158 421.31 63.468 
291.937 -52.674 317.235 -16.783 358.797 -2.616 333.499 -38.507 
79.144 -30.96 116.217 -7.429 160.04 -10.184 122.967 -33.714 
24.305 -130.628 13.921 -87.963 51.288 -64.903 61.672 -107.567 
-60.864 -53.298 -70.975 -10.568 -27.212 -14.157 -17.101 -56.887 
-108.295 12.568 -102.15 56.046 -71.623 87.608 -77.768 44.131 
-138.05 112.473 -136.22 156.344 -93.93 168.161 -95.76 124.289 
-176.516 191.696 -139.35 215.08 -95.538 212.152 -132.704 188.768 
-140.049 258.985 -174.035 286.789 -137.09 310.519 -103.104 282.716 
-121.595 351.605 -126.639 395.224 -86.713 413.499 -81.669 369.88 
-65.833 452.127 -22.476 459.077 16.685 439.215 -26.671 432.265 
14.55 483.073 4.94 525.919 48.658 521.819 58.269 478.974 
97.166 481.219 75.449 519.383 80.312 563.023 102.029 524.859 
161.056 516.938 135.834 552.882 162.224 587.977 187.446 552.033 
256.071 528.84 229.706 563.954 271.249 578.177 297.614 543.063 
339.55 493.752 341.186 537.632 365.653 501.17 364.017 457.291 
413.257 432.87 403.853 475.761 441.739 497.959 451.143 455.068 
423.678 403.891 457.163 432.297 500.949 435.596 467.464 407.19 
477.575 352.764 506.034 386.204 546.631 369.471 518.172 336.032 
548.721 231.316 521.721 265.944 546.31 302.323 573.31 267.695 
489.344 137.572 514.442 173.603 555.925 188.0 530.827 151.97 
486.897 85.045 523.251 109.672 557.907 82.708 521.554 58.081 
480.712 26.692 465.016 67.7 501.819 43.749 517.515 2.741 
432.971 -49.65 429.877 -5.85 472.49 -16.442 475.584 -60.243 
338.741 -111.855 360.064 -73.469 403.159 -81.888 381.836 -120.273 
232.376 -77.671 273.669 -92.603 298.298 -128.956 257.005 -114.023 
156.982 -134.064 163.232 -90.601 202.636 -109.976 196.387 -153.439 
102.268 -153.539 105.528 -109.75 133.904 -76.24 130.644 -120.03 
121.072 -188.275 146.159 -152.237 188.186 -164.959 163.099 -200.997 
-12.606 -218.052 -31.183 -178.266 12.397 -172.892 30.974 -212.679 
-118.688 -179.468 -109.24 -136.586 -65.537 -132.321 -74.986 -175.203 
-151.973 -123.367 -140.161 -81.076 -96.29 -79.242 -108.102 -121.533 
-179.176 29.011 -191.062 71.282 -147.187 69.523 -135.301 27.252 
-186.041 117.996 -194.648 161.055 -151.038 155.934 -142.431 112.876 
-256.1 261.902 -264.719 304.958 -226.435 326.461 -217.815 283.405 
-276.85 396.607 -238.109 417.276 -206.48 386.818 -245.221 366.149 
-199.967 430.241 -211.152 472.703 -167.313 470.22 -156.127 427.759 
-64.279 472.516 -75.062 515.081 -37.911 538.489 -27.129 495.924 
5.491 529.862 17.124 572.203 60.988 574.224 49.354 531.883 
118.606 661.911 158.492 680.275 188.282 648.016 148.396 629.652 
218.682 679.7 239.465 718.38 269.829 686.661 249.046 647.981 
296.269 614.261 291.81 657.944 331.978 675.683 336.436 632.0 
369.299 544.928 407.891 565.875 439.737 535.644 401.145 514.698 
462.814 457.363 448.584 498.903 492.488 499.6 506.719 458.06 
581.603 396.023 603.491 434.089 632.931 401.51 611.043 363.444 
626.557 304.177 649.235 341.777 692.003 331.829 669.325 294.228 
643.718 221.347 615.287 254.81 655.898 271.509 684.329 238.046 
553.698 126.416 572.383 166.152 604.401 136.103 585.716 96.366 
547.819 4.854 529.801 44.897 562.316 74.407 580.334 34.364 
486.928 -124.747 510.067 -87.428 552.71 -97.902 529.57 -135.221 
436.39 -196.003 438.876 -152.163 479.802 -168.074 477.316 -211.914 
404.368 -232.919 371.23 -204.11 388.389 -163.691 421.527 -192.5 
229.976 -194.696 240.273 -152.011 284.052 -148.614 273.754 -191.299 
233.166 -262.5 220.809 -220.279 264.7 -221.572 277.034 -263.714 
191.863 -296.944 169.761 -259.002 199.017 -226.257 221.159 -264.27 
-218.861 2.209 -232.47 43.956 -196.971 69.8 -183.362 28.052 
-273.335 66.178 -242.413 97.354 -203.208 77.58 -234.129 46.404 
-103.924 564.757 -61.376 575.604 -37.911 538.489 -80.46 527.642 
-56.113 578.449 -41.055 619.697 -6.479 592.63 -21.536 551.382 
420.065 574.9 446.732 609.784 471.668 573.642 445.0 538.757 
460.104 529.255 475.443 570.399 519.313 568.525 503.974 527.381 
604.338 79.372 623.382 118.938 666.896 113.053 647.852 73.487 
616.877 29.757 603.593 71.609 647.502 71.31 660.786 29.457 
327.83 -273.705 309.278 -233.907 317.661 -190.805 336.213 -230.603 
197.506 -305.776 231.401 -277.902 275.198 -275.119 241.332 -303.07 
90.748 -248.459 74.593 -207.629 111.662 -231.165 127.818 -271.995 
-204.98 -71.73 -189.656 -30.581 -153.072 -6.297 -168.396 -47.447 
-257.096 25.22 -273.471 65.963 -236.275 42.627 -219.9 1.884 
-256.872 138.816 -262.121 182.411 -240.742 220.766 -235.494 177.17 
-146.656 508.966 -164.368 549.145 -126.422 527.05 -108.711 486.871 
-103.923 564.754 -81.37 602.429 -40.978 619.651 -63.533 581.976 
9.171 633.657 51.92 643.689 92.401 626.678 49.652 616.646 
368.973 586.209 380.217 628.655 414.263 656.385 403.019 613.94 
446.732 609.785 489.732 600.893 519.294 568.424 476.293 577.316 
561.293 446.228 541.187 485.265 547.866 528.664 567.972 489.628 
614.827 178.757 658.718 180.079 695.003 155.351 651.113 154.029 
660.744 29.447 650.672 72.186 667.646 112.683 677.718 69.944 
552.907 -53.993 582.736 -21.771 625.809 -13.236 595.979 -45.458 
