154.59 238.294 144.801 281.099 188.536 277.182 198.325 234.377 
219.166 234.674 208.137 277.176 245.151 300.8 256.18 258.297 
225.788 213.784 263.009 237.08 296.666 208.879 259.445 185.584 
194.229 161.103 210.398 201.928 244.228 173.934 228.059 133.11 
132.861 175.293 147.914 216.543 191.796 214.975 176.743 173.725 
106.411 202.203 96.909 245.073 114.42 285.34 123.922 242.471 
157.861 308.601 196.915 328.673 240.309 321.957 201.255 301.884 
286.765 251.658 280.175 295.07 311.023 263.822 317.613 220.409 
250.111 114.317 265.97 155.263 302.868 179.067 287.01 138.121 
122.251 150.539 165.971 146.451 198.938 117.447 155.219 121.534 
29.595 105.648 62.463 134.764 100.312 112.503 67.443 83.386 
46.427 175.642 28.707 215.818 61.441 245.085 79.161 204.91 
-19.162 270.147 15.101 297.606 51.806 273.505 17.542 246.045 
33.179 313.269 43.021 356.062 80.679 333.479 70.837 290.686 
116.928 358.259 151.579 385.23 187.938 360.609 153.287 333.638 
178.001 403.38 192.046 444.984 227.273 418.77 213.228 377.167 
231.878 365.05 245.697 406.728 289.606 406.465 275.788 364.786 
302.13 306.822 316.491 348.316 351.517 321.835 337.155 280.34 
360.805 260.804 375.183 302.294 419.085 301.44 404.707 259.951 
366.736 199.973 355.593 242.446 399.43 239.918 410.573 197.446 
314.496 113.525 327.325 155.519 371.229 156.294 358.399 114.3 
317.134 47.067 305.774 89.482 349.624 87.179 360.983 44.764 
264.283 19.553 249.9 61.041 284.912 87.54 299.295 46.053 
162.631 52.08 146.728 93.009 190.568 95.487 206.472 54.558 
90.793 27.361 75.269 68.435 109.535 95.892 125.06 54.818 
19.604 40.075 -6.419 75.443 35.423 62.126 61.446 26.758 
-30.589 218.141 -33.857 261.929 -5.476 228.424 -2.209 184.636 
-28.075 305.595 -19.133 348.585 13.37 378.108 4.428 335.118 
113.589 407.249 139.315 442.835 181.043 456.503 155.318 420.918 
222.201 462.385 266.109 462.8 301.875 437.327 257.967 436.912 
359.711 364.974 401.236 350.701 426.441 314.745 384.916 329.019 
451.272 193.424 434.744 234.104 445.283 276.731 461.812 236.05 
381.725 41.257 378.461 85.046 401.557 122.39 404.822 78.602 
277.519 -25.068 306.599 7.832 349.464 17.356 320.384 -15.545 
94.773 -5.524 133.155 15.804 176.744 10.5 138.362 -10.829 
45.954 -107.636 32.127 -65.959 67.491 -39.931 81.318 -81.607 
-45.16 -29.604 -49.947 14.043 -6.956 5.108 -2.169 -38.54 
-84.218 41.494 -72.434 83.794 -38.038 111.088 -49.822 68.789 
-125.15 118.866 -111.649 160.648 -67.739 160.719 -81.24 118.936 
-146.254 200.027 -103.07 207.978 -63.46 189.027 -106.644 181.076 
-118.265 249.175 -146.588 282.73 -105.923 299.297 -77.601 265.742 
-105.593 343.206 -101.777 386.949 -58.995 396.837 -62.811 353.094 
-42.047 437.345 0.963 446.191 40.958 428.067 -2.052 419.221 
29.249 470.386 25.257 514.115 68.079 504.398 72.07 460.67 
99.098 460.464 85.9 502.344 99.838 543.983 113.037 502.104 
157.522 493.582 142.356 534.79 176.861 561.947 192.027 520.739 
250.391 503.8 230.043 542.711 273.338 550.039 293.686 511.128 
336.223 464.682 337.521 508.572 362.269 472.301 360.97 428.41 
398.555 414.763 393.105 458.333 432.86 476.98 438.309 433.409 
404.404 394.497 442.431 416.452 486.101 411.863 448.074 389.908 
453.771 349.113 489.33 374.875 524.819 349.018 489.261 323.256 
516.206 226.701 494.795 265.037 524.638 297.247 546.049 258.911 
463.768 134.615 488.828 170.672 530.296 185.112 505.235 149.055 
465.334 98.418 504.513 118.246 535.477 87.113 496.299 67.285 
455.264 44.152 447.835 87.429 479.283 56.783 486.711 13.506 
412.713 -21.444 421.025 21.672 459.463 0.443 451.15 -42.673 
325.01 -78.462 353.161 -44.763 393.909 -61.123 365.758 -94.822 
223.782 -51.726 264.903 -67.127 289.118 -103.756 247.997 -88.356 
166.37 -106.937 183.302 -66.423 216.601 -95.045 199.67 -135.559 
111.543 -117.009 124.748 -75.131 160.045 -49.012 146.841 -90.89 
126.212 -155.625 155.101 -122.557 195.479 -139.813 166.59 -172.881 
-6.577 -185.854 -15.231 -142.805 28.385 -147.878 37.039 -190.927 
-102.317 -153.478 -95.81 -110.052 -52.5 -102.821 -59.006 -146.246 
-139.468 -95.076 -126.682 -53.068 -82.78 -52.248 -95.566 -94.256 
-129.768 43.153 -142.227 85.259 -98.332 84.096 -85.874 41.991 
-166.227 134.384 -164.161 178.246 -123.085 162.727 -125.15 118.866 
-231.203 272.772 -233.305 316.632 -192.241 332.184 -190.139 288.325 
-242.346 404.072 -201.265 419.579 -173.822 385.302 -214.902 369.794 
-172.68 429.196 -178.175 472.761 -135.044 464.525 -129.549 420.96 
-40.986 459.168 -48.764 502.383 -10.068 523.136 -2.289 479.92 
25.336 514.458 40.731 555.581 84.598 553.648 69.204 512.525 
136.376 638.921 178.204 652.281 203.837 616.629 162.008 603.268 
230.186 651.753 254.446 688.353 281.757 653.97 257.498 617.37 
296.688 587.224 299.218 631.061 341.692 642.201 339.162 598.364 
359.949 516.149 399.992 534.165 429.5 501.648 389.457 483.632 
448.424 434.415 439.053 477.313 482.748 472.969 492.119 430.071 
558.737 376.907 584.826 412.226 610.355 376.499 584.265 341.18 
600.39 290.024 625.487 326.055 667.51 313.321 642.413 277.29 
611.974 210.673 588.529 247.8 631.084 258.624 654.529 221.497 
523.467 129.348 545.04 167.593 574.747 135.257 553.174 97.012 
514.894 12.462 502.342 54.54 538.481 79.48 551.033 37.403 
459.847 -102.377 487.073 -67.926 528.251 -83.172 501.025 -117.624 
417.155 -172.496 421.317 -128.784 461.604 -146.251 457.442 -189.963 
384.205 -208.24 353.746 -176.612 374.413 -137.87 404.872 -169.498 
224.826 -156.956 238.609 -115.266 282.518 -115.491 268.736 -157.182 
218.814 -230.936 208.274 -188.226 252.07 -191.394 262.59 -234.025 
181.618 -254.472 170.635 -211.958 207.675 -188.375 218.678 -230.969 
-202.607 27.933 -207.933 71.518 -168.126 90.052 -162.8 46.466 
-238.205 103.48 -198.57 122.38 -168.347 90.525 -207.982 71.626 
-75.269 558.608 -32.189 567.097 -10.802 528.748 -53.883 520.258 
-28.743 568.824 -7.353 607.172 22.509 574.98 1.12 536.631 
420.104 544.541 446.887 579.336 471.703 543.11 444.918 508.315 
451.434 503.75 473.257 541.853 516.239 532.872 494.416 494.769 
571.281 77.032 593.194 115.084 636.154 106.002 614.241 67.951 
576.286 32.822 571.155 76.431 614.215 67.835 619.346 24.226 
304.234 -246.916 294.684 -204.057 312.149 -163.77 321.699 -206.629 
181.609 -254.459 218.799 -231.161 262.59 -234.017 225.42 -257.394 
97.23 -217.051 78.753 -177.217 117.115 -198.583 135.592 -238.416 
-204.166 -23.151 -167.694 1.303 -123.815 -0.352 -160.287 -24.805 
-232.671 59.928 -238.196 103.489 -208.121 71.495 -202.597 27.934 
-229.424 153.623 -232.551 197.422 -209.338 234.694 -206.21 190.895 
-118.186 505.067 -128.863 547.659 -95.19 519.478 -84.513 476.886 
-75.269 558.608 -49.158 593.91 -7.282 607.122 -33.395 571.82 
33.622 617.461 77.277 622.191 115.375 600.359 71.72 595.628 
364.938 560.609 383.012 600.626 421.156 622.377 403.082 582.36 
446.865 579.322 489.101 567.314 516.213 532.773 473.977 544.781 
541.153 416.777 526.009 457.992 537.984 500.238 553.128 459.022 
588.352 177.007 631.923 171.558 663.97 141.539 620.399 146.988 
619.276 24.216 614.408 67.855 636.121 106.022 640.989 62.382 
519.286 -40.188 552.044 -10.948 595.733 -6.547 562.975 -35.787 
