156.214 233.856 148.14 277.018 191.684 271.358 199.758 228.197 
217.069 228.431 207.83 271.358 245.801 293.41 255.04 250.483 
222.243 213.117 260.544 234.591 292.802 204.8 254.501 183.326 
191.225 163.901 209.71 203.731 241.878 173.843 223.394 134.013 
134.166 177.551 151.553 217.873 195.274 213.797 177.887 173.476 
113.157 196.57 105.657 239.835 125.021 279.245 132.52 235.98 
158.764 300.415 198.472 319.162 241.614 310.988 201.907 292.242 
279.095 246.515 273.933 290.12 303.739 257.877 308.901 214.271 
242.549 117.638 260.303 157.799 298.273 179.853 280.519 139.693 
126.658 159.136 170.016 152.196 201.014 121.096 157.656 128.036 
44.74 116.485 80.225 142.348 115.788 116.592 80.303 90.729 
50.16 174.351 35.486 215.736 70.311 242.481 84.985 201.095 
-8.193 261.178 27.609 286.599 62.85 260.403 27.047 234.982 
45.335 300.67 58.223 342.646 94.163 317.419 81.275 275.442 
120.351 352.664 156.654 377.366 191.365 350.473 155.062 325.771 
175.765 391.519 191.976 432.327 225.777 404.3 209.568 363.491 
226.196 352.102 242.033 393.057 285.877 390.651 270.04 349.696 
296.56 301.195 313.236 341.815 346.715 313.402 330.038 272.782 
348.976 258.056 365.436 298.764 409.238 295.69 392.778 254.982 
353.071 198.185 343.678 241.078 387.375 236.757 396.768 193.863 
305.061 116.682 320.532 157.776 364.395 155.761 348.925 114.666 
307.296 54.409 298.204 97.367 341.87 92.74 350.962 49.781 
255.2 30.124 244.02 72.587 280.949 96.342 292.13 53.879 
158.932 59.727 147.506 102.124 191.359 99.89 202.786 57.493 
99.488 34.778 86.743 76.797 122.768 101.904 135.513 59.884 
31.438 52.089 8.376 89.455 48.997 72.781 72.06 35.416 
-14.513 211.533 -17.308 255.354 10.709 221.545 13.504 177.724 
-15.388 295.498 -3.384 337.735 31.154 364.849 19.149 322.612 
115.266 392.032 140.861 427.711 182.539 441.532 156.944 405.853 
219.182 447.711 263.045 445.672 297.332 418.241 253.47 420.28 
348.351 357.282 389.903 343.085 415.174 307.176 373.623 321.373 
433.164 189.851 419.339 231.528 432.651 273.371 446.477 231.695 
369.597 46.764 367.135 90.604 390.911 127.52 393.373 83.679 
266.646 -10.28 298.027 20.433 341.468 26.835 310.087 -3.878 
104.052 13.384 143.36 32.954 186.664 25.682 147.356 6.112 
54.295 -90.23 45.827 -47.144 84.187 -25.775 92.655 -68.861 
-33.869 -10.499 -26.651 32.813 12.312 12.564 5.093 -30.749 
-67.283 49.458 -57.278 92.213 -24.053 120.922 -34.058 78.167 
-111.399 122.328 -92.981 162.188 -49.38 156.989 -67.798 117.129 
-122.359 205.575 -78.455 204.838 -43.37 178.436 -87.274 179.173 
-103.85 240.66 -125.383 278.928 -82.334 287.582 -60.801 249.314 
-90.891 330.65 -81.796 373.608 -38.13 378.232 -47.225 335.274 
-28.472 421.067 14.179 431.506 54.821 414.882 12.17 404.443 
35.37 454.249 32.478 498.064 75.042 487.274 77.934 443.46 
99.445 442.301 90.975 485.387 109.449 525.222 117.918 482.136 
153.924 474.837 143.844 517.574 181.374 540.368 191.454 497.63 
242.488 484.473 225.74 525.063 269.519 528.448 286.267 487.857 
329.458 448.174 329.974 492.081 355.364 456.256 354.848 412.349 
386.961 402.484 382.819 446.198 423.113 463.646 427.256 419.932 
390.832 386.986 430.785 405.201 473.815 396.454 433.862 378.238 
437.815 344.799 476.111 366.282 508.377 336.499 470.081 315.016 
493.334 224.277 475.683 264.483 508.466 293.695 526.117 253.489 
447.95 134.685 472.776 170.904 514.149 185.613 489.323 149.394 
450.057 104.848 490.185 122.675 519.541 90.019 479.412 72.192 
438.393 52.887 435.312 96.688 463.551 63.063 466.632 19.261 
398.356 -5.744 412.152 35.942 447.535 9.939 433.738 -31.747 
315.514 -56.28 347.745 -26.459 386.065 -47.898 353.834 -77.718 
221.195 -39.431 262.616 -54.004 287.56 -90.141 246.138 -75.568 
170.367 -88.769 192.296 -50.726 221.699 -83.337 199.771 -121.38 
114.649 -91.709 133.152 -51.888 171.527 -30.547 153.025 -70.368 
124.639 -133.097 156.977 -103.392 195.221 -124.968 162.883 -154.672 
-3.584 -163.103 -6.282 -119.276 36.234 -130.253 38.932 -174.08 
-92.384 -133.433 -80.911 -91.048 -37.055 -88.863 -48.529 -131.247 
-122.947 -82.428 -114.541 -39.33 -70.956 -34.007 -79.361 -77.105 
-111.183 50.125 -124.115 92.088 -80.21 91.42 -67.278 49.457 
-150.334 142.63 -143.057 185.933 -104.123 165.631 -111.399 122.328 
-211.561 272.778 -208.81 316.601 -166.281 327.528 -169.032 283.704 
-217.386 398.925 -175.272 411.358 -150.434 375.148 -192.547 362.715 
-153.617 418.942 -153.977 462.851 -112.107 449.624 -111.746 405.716 
-28.579 441.497 -33.333 485.149 6.714 503.159 11.468 459.507 
33.221 500.656 51.332 540.657 94.972 535.793 76.861 495.792 
142.59 618.733 185.254 629.12 208.318 591.755 165.654 581.367 
231.037 629.328 256.88 664.829 282.656 629.282 256.815 593.781 
290.782 566.865 297.516 610.256 340.864 617.259 334.13 573.868 
351.278 499.975 392.1 516.15 420.098 482.324 379.275 466.149 
436.983 420.359 430.203 463.743 473.558 456.785 480.339 413.402 
541.476 365.353 569.682 399.006 592.972 361.782 564.767 328.128 
581.27 283.139 607.563 318.308 649.135 304.17 622.842 269.002 
589.297 206.381 569.287 245.466 612.643 252.419 632.653 213.333 
505.525 131.633 528.625 168.976 557.003 135.467 533.903 98.124 
493.761 16.515 484.4 59.416 522.308 81.576 531.669 38.676 
440.515 -88.812 470.099 -56.364 510.101 -74.473 480.517 -106.921 
404.999 -156.555 410.456 -112.985 450.207 -131.638 444.751 -175.208 
370.52 -190.776 342.581 -156.9 366.165 -119.861 394.104 -153.736 
220.396 -139.123 237.31 -98.601 281.075 -102.167 264.161 -142.688 
212.664 -209.812 205.191 -166.459 248.65 -172.736 256.109 -216.008 
173.806 -230.205 166.337 -186.935 205.181 -166.46 212.664 -209.811 
-188.245 38.663 -191.064 82.483 -150.26 98.705 -147.441 54.885 
-219.113 116.266 -178.316 132.503 -150.266 98.72 -191.063 82.483 
-60.287 545.001 -17.703 555.703 5.636 518.509 -36.95 507.806 
-16.205 556.6 7.763 593.392 35.348 559.229 11.38 522.436 
414.044 525.815 440.161 561.113 465.661 525.365 439.543 490.067 
442.589 487.914 466.371 524.827 508.825 513.616 485.044 476.703 
551.188 78.113 574.234 115.489 616.903 105.121 593.856 67.745 
554.579 34.244 551.164 78.021 593.854 67.741 597.269 23.964 
292.081 -228.074 286.689 -184.496 307.94 -146.072 313.332 -189.65 
173.802 -230.199 212.664 -209.812 256.11 -216.007 217.261 -236.475 
95.746 -194.237 78.015 -154.066 115.972 -176.143 133.703 -216.314 
-190.97 -1.417 -150.651 15.974 -107.81 6.345 -148.129 -11.046 
-216.282 72.455 -219.104 116.274 -191.064 82.483 -188.242 38.663 
-213.101 159.3 -211.758 203.19 -184.874 237.908 -186.217 194.019 
-100.611 492.001 -107.135 535.423 -76.334 504.128 -69.81 460.706 
-60.287 545.001 -34.095 580.243 7.81 593.359 -18.383 558.117 
44.594 602.154 88.486 603.406 124.732 578.619 80.84 577.368 
356.701 542.131 377.486 580.81 417.036 599.885 396.252 561.206 
440.14 561.097 482.198 548.481 508.809 513.553 466.75 526.169 
525.783 399.961 513.546 442.132 528.434 483.441 540.671 441.271 
569.587 177.535 612.705 169.232 642.708 137.171 599.59 145.474 
597.219 23.959 593.864 67.74 616.884 105.133 620.239 61.351 
496.926 -32.587 531.639 -5.697 575.529 -4.346 540.815 -31.237 
