160.026 222.229 157.997 266.092 200.341 254.467 202.369 210.603 
211.835 209.84 210.602 253.733 251.966 268.469 253.198 224.576 
213.66 202.039 255.32 215.914 281.389 180.58 239.728 166.705 
181.249 161.817 206.549 197.705 232.863 162.553 207.563 126.665 
133.294 177.834 157.222 214.652 199.632 203.273 175.705 166.455 
123.03 187.105 121.698 230.995 146.419 267.285 147.751 223.396 
166.068 281.915 207.584 296.216 249.577 283.384 208.061 269.082 
267.682 222.294 267.176 266.201 293.393 230.977 293.899 187.069 
217.194 117.572 242.175 153.683 283.611 168.214 258.63 132.103 
129.457 168.843 171.511 156.211 198.109 121.273 156.055 133.905 
75.359 143.132 115.651 160.588 144.703 127.663 104.412 110.207 
73.194 171.786 70.655 215.623 111.561 231.585 114.101 187.748 
40.042 255.602 80.564 272.513 109.17 239.2 68.648 222.288 
81.932 273.642 103.942 311.638 133.277 278.965 111.268 240.969 
137.164 322.701 178.337 337.962 205.575 303.521 164.402 288.26 
182.193 340.686 205.543 377.873 233.694 344.175 210.345 306.987 
211.925 305.977 234.788 343.465 277.506 333.304 254.643 295.817 
272.701 269.704 297.343 306.047 324.292 271.379 299.649 235.036 
303.263 232.48 326.767 269.57 369.305 258.678 345.801 221.588 
305.865 186.318 302.612 230.107 345.263 219.669 348.517 175.88 
265.419 126.504 289.816 163.012 332.077 151.091 307.68 114.582 
266.331 77.866 263.853 121.706 306.314 110.515 308.792 66.675 
222.896 61.598 220.104 105.42 260.918 121.617 263.71 77.796 
153.788 80.797 152.233 124.68 194.448 112.598 196.003 68.716 
108.975 63.914 105.38 107.676 145.89 124.619 149.485 80.857 
76.291 95.491 70.35 138.997 100.729 107.293 106.671 63.786 
34.876 209.061 35.748 252.962 60.847 216.933 59.975 173.031 
39.094 258.086 61.829 295.652 102.303 312.68 79.567 275.114 
134.784 332.372 161.781 367.003 203.977 379.152 176.98 344.521 
207.133 379.138 249.725 368.46 277.905 334.786 235.313 345.464 
303.137 309.858 344.542 295.238 369.446 259.073 328.041 273.693 
351.672 175.997 348.471 219.791 371.622 257.102 374.823 213.309 
311.022 66.553 312.318 110.444 339.163 145.191 337.868 101.3 
225.35 54.931 265.197 73.38 308.277 64.884 268.431 46.435 
109.629 61.674 151.444 75.074 193.15 61.336 151.334 47.936 
81.085 8.274 103.079 46.279 146.02 37.105 124.026 -0.9 
41.688 52.138 65.503 89.028 93.229 54.978 69.413 18.088 
32.455 60.117 28.22 103.823 50.482 141.67 54.717 97.965 
-27.895 131.512 -1.798 166.825 39.851 152.918 13.755 117.604 
-16.641 219.338 24.502 203.998 48.771 167.404 7.627 182.744 
-15.771 221.494 -17.949 265.35 24.434 253.869 26.612 210.014 
-14.358 274.447 6.406 313.136 49.62 305.344 28.855 266.654 
17.448 335.227 58.738 350.17 100.925 337.991 59.636 323.047 
65.642 364.13 66.152 408.037 107.753 393.984 107.243 350.076 
122.764 346.851 123.786 390.75 150.415 425.664 149.394 381.765 
160.078 380.106 161.424 423.995 203.582 436.277 202.235 392.388 
212.789 392.207 208.256 435.883 251.195 426.697 255.727 383.021 
275.703 378.639 274.862 422.541 301.347 387.518 302.187 343.616 
313.706 341.961 314.134 385.869 356.025 399.031 355.597 355.123 
315.525 328.198 357.598 340.764 399.023 326.2 356.949 313.634 
358.564 301.613 400.859 313.414 425.152 276.836 382.857 265.035 
390.521 212.163 385.819 255.82 425.887 273.783 430.589 230.126 
368.319 154.892 392.815 191.334 434.053 206.419 409.557 169.976 
370.259 145.2 412.071 158.61 437.746 122.988 395.934 109.578 
356.485 96.064 358.781 139.914 382.698 103.089 380.403 59.239 
320.838 56.205 347.363 91.198 372.446 55.157 345.92 20.164 
272.374 31.456 312.201 49.946 342.093 17.783 302.266 -0.708 
212.855 33.969 255.336 22.855 283.17 -11.105 240.69 0.008 
178.093 -4.229 205.507 30.072 229.658 -6.599 202.245 -40.901 
124.026 -0.9 152.348 32.655 194.984 43.155 166.662 9.6 
126.352 -29.056 166.625 -11.556 195.713 -44.449 155.441 -61.949 
31.278 -56.712 40.258 -13.73 78.361 -35.552 69.382 -78.534 
-12.279 -62.266 -4.101 -19.124 39.456 -13.57 31.278 -56.712 
-42.117 2.85 -9.471 32.215 28.545 10.241 -4.101 -19.125 
-32.863 78.864 -32.047 122.766 9.455 108.423 8.639 64.521 
-63.973 170.061 -42.131 208.153 -12.653 175.609 -34.495 137.517 
-104.316 251.193 -94.118 293.902 -50.348 297.401 -60.546 254.692 
-117.789 330.889 -75.3 341.972 -51.63 304.987 -94.119 293.905 
-69.461 345.114 -50.751 384.838 -18.753 354.769 -37.462 315.044 
14.949 353.425 17.0 397.287 59.349 408.891 57.298 365.029 
69.759 415.997 93.995 452.613 136.308 440.878 112.072 404.262 
153.715 507.749 196.983 515.233 217.471 476.396 174.203 468.912 
196.998 515.241 223.405 550.324 248.61 514.369 222.204 479.286 
235.959 467.879 256.524 506.675 299.777 499.105 279.212 460.309 
287.845 429.299 330.008 441.559 354.697 405.247 312.533 392.987 
365.318 354.346 363.934 398.234 406.102 385.988 407.486 342.1 
445.005 316.002 474.833 348.226 496.263 309.9 466.435 277.676 
470.795 273.931 497.162 309.043 538.704 294.817 512.337 259.705 
470.803 214.437 464.594 257.906 507.854 250.379 514.063 206.91 
417.643 162.026 444.125 197.052 469.254 161.043 442.772 126.017 
400.187 55.424 398.389 99.298 439.56 114.565 441.358 70.692 
358.538 -20.41 388.924 11.289 428.461 -7.814 398.075 -39.513 
355.15 -68.185 356.88 -24.309 398.074 -39.513 396.344 -83.389 
310.613 -89.575 301.254 -46.674 339.163 -24.515 348.522 -67.416 
208.796 -46.839 234.86 -11.501 276.522 -25.37 250.459 -60.708 
202.101 -108.864 199.25 -64.965 241.802 -75.798 244.648 -119.616 
161.302 -125.031 158.455 -81.213 199.248 -64.965 202.1 -108.864 
-92.528 67.571 -94.974 111.412 -54.034 127.287 -51.588 83.445 
-122.725 145.443 -81.786 161.319 -54.035 127.289 -94.975 111.413 
-11.274 448.58 29.998 463.567 57.006 428.946 15.733 413.958 
29.998 463.567 54.579 499.953 81.588 465.331 57.007 428.946 
344.829 448.033 369.494 484.361 396.422 449.676 371.755 413.349 
371.756 413.347 396.421 449.675 438.593 437.443 413.928 401.115 
456.353 111.964 480.344 148.741 522.735 137.289 498.744 100.512 
458.561 68.109 456.352 111.963 498.743 100.512 500.952 56.658 
266.104 -125.15 265.989 -81.24 291.706 -45.649 291.82 -89.559 
161.302 -125.03 202.101 -108.864 244.648 -119.616 203.855 -135.863 
100.847 -85.37 93.788 -42.031 124.973 -72.944 132.032 -116.283 
-92.431 54.523 -49.058 61.367 -9.945 41.409 -53.319 34.565 
-120.277 101.601 -122.724 145.443 -94.974 111.412 -92.527 67.571 
-123.341 175.505 -103.123 214.483 -63.855 234.134 -84.073 195.155 
-33.902 395.982 -34.597 439.887 -8.229 404.776 -7.535 360.871 
-11.274 448.58 13.306 484.965 54.579 499.952 29.998 463.568 
81.18 509.24 123.619 497.968 151.328 463.904 108.889 475.176 
287.568 452.823 312.449 489.003 353.845 503.648 328.964 467.468 
369.494 484.361 411.666 472.128 438.593 437.443 396.422 449.676 
432.872 335.291 431.033 379.163 455.332 415.737 457.171 371.865 
466.739 204.881 508.896 192.597 535.782 157.88 493.625 170.164 
500.951 56.658 498.743 100.512 522.735 137.289 524.942 93.435 
401.822 27.092 442.49 43.652 485.125 33.145 444.457 16.585 
