149.783 242.467 136.391 284.285 180.3 284.1 193.693 242.282 
220.627 243.315 205.558 284.558 240.127 311.634 255.196 270.391 
229.232 213.858 264.42 240.124 300.273 214.774 265.085 188.508 
196.735 156.315 209.596 198.3 245.551 173.094 232.691 131.11 
130.011 169.763 140.608 212.375 184.409 215.465 173.812 172.852 
97.046 206.86 83.776 248.717 97.643 290.38 110.913 248.523 
152.549 318.129 190.021 341.019 233.791 337.512 196.319 314.622 
296.082 258.483 286.377 301.306 319.399 272.366 329.105 229.542 
260.464 107.164 272.631 149.355 307.274 176.336 295.107 134.145 
115.689 136.179 159.584 137.305 195.759 112.416 151.864 111.289 
9.2 95.324 36.624 129.617 77.714 114.133 50.29 79.84 
41.894 173.21 18.321 210.256 46.27 244.123 69.843 207.076 
-30.714 286.059 2.909 314.299 40.158 291.047 6.533 262.807 
19.144 329.603 23.972 373.247 63.988 355.168 59.159 311.524 
107.254 362.664 138.685 393.327 177.56 372.909 146.129 342.247 
182.182 416.576 193.146 459.095 230.196 435.529 219.232 393.01 
240.431 380.917 250.732 423.602 294.511 426.995 284.21 384.311 
308.355 314.864 318.963 357.473 356.209 334.217 345.6 291.607 
376.241 261.769 387.676 304.164 431.53 306.39 420.095 263.994 
386.128 199.453 371.53 240.866 415.426 241.952 430.024 200.54 
327.239 107.748 335.723 150.83 379.318 156.075 370.835 112.992 
327.62 32.862 313.007 74.269 356.903 75.372 371.517 33.965 
273.819 -0.29 253.316 38.539 283.91 70.038 304.412 31.208 
167.846 36.501 144.201 73.501 186.697 84.555 210.342 47.555 
78.763 14.934 61.155 55.159 93.97 84.336 111.578 44.111 
-4.384 28.437 -32.541 62.131 10.044 51.422 38.2 17.728 
-52.367 232.001 -55.637 275.789 -27.254 242.286 -23.985 198.497 
-40.998 314.711 -35.853 358.318 -6.057 390.572 -11.204 346.964 
111.446 427.767 138.425 462.411 180.616 474.58 153.636 439.936 
224.363 479.049 268.082 483.136 305.854 460.744 262.134 456.657 
375.622 373.602 416.967 358.815 441.725 322.55 400.379 337.337 
474.371 198.236 454.164 237.219 460.729 280.636 480.937 241.652 
396.666 28.877 392.419 72.582 414.671 110.435 418.918 66.731 
290.062 -47.716 316.048 -12.321 357.876 1.04 331.89 -34.355 
81.138 -26.908 118.476 -3.8 162.266 -7.053 124.928 -30.16 
27.913 -127.351 16.692 -84.899 53.598 -61.108 64.82 -103.56 
-57.98 -49.658 -67.595 -6.814 -23.876 -10.91 -14.262 -53.755 
-105.16 15.92 -97.465 59.151 -65.83 89.602 -73.525 46.371 
-135.189 114.213 -131.767 157.989 -89.075 168.262 -92.497 124.486 
-171.84 193.747 -133.231 214.663 -89.703 208.89 -128.312 187.974 
-136.119 258.478 -170.01 286.397 -132.984 310.002 -99.093 282.082 
-118.723 351.531 -122.897 395.242 -82.615 412.72 -78.441 369.009 
-61.433 451.182 -18.089 458.213 21.109 438.424 -22.235 431.393 
17.013 482.142 8.655 525.249 52.235 519.878 60.594 476.771 
97.554 478.462 77.252 517.397 83.713 560.829 104.015 521.894 
160.771 513.749 137.117 550.744 164.991 584.672 188.645 547.678 
255.927 525.33 230.454 561.096 272.342 574.27 297.815 538.504 
339.625 488.807 341.337 532.684 365.742 496.18 364.03 452.304 
411.089 430.218 402.595 473.298 440.943 494.689 449.436 451.608 
420.688 402.568 454.997 429.971 498.862 431.975 464.552 404.571 
473.871 352.461 503.7 384.685 543.564 366.273 513.735 334.05 
543.886 230.4 517.707 265.653 543.145 301.444 569.324 266.192 
485.053 136.822 510.185 172.829 551.681 187.187 526.549 151.18 
483.969 87.802 520.931 111.507 554.898 83.679 517.935 59.974 
477.002 30.008 462.571 71.478 498.622 46.41 513.054 4.94 
430.011 -45.037 428.706 -1.147 470.852 -13.47 472.155 -57.361 
336.522 -107.034 358.695 -69.134 401.592 -78.51 379.419 -116.411 
230.615 -72.362 271.782 -87.64 296.106 -124.197 254.939 -108.919 
158.443 -130.096 166.691 -86.968 205.159 -108.14 196.911 -151.268 
104.173 -148.4 108.715 -104.725 138.06 -72.061 133.518 -115.736 
123.208 -184.152 148.081 -147.966 190.183 -160.439 165.309 -196.625 
-10.587 -213.703 -27.309 -173.102 16.473 -169.745 33.195 -210.346 
-114.772 -175.596 -106.046 -132.562 -62.421 -127.563 -71.147 -170.598 
-149.322 -119.451 -136.507 -77.452 -92.605 -76.662 -105.419 -118.66 
-172.059 30.927 -182.666 73.536 -138.864 70.457 -128.257 27.847 
-182.321 120.721 -189.988 163.957 -146.499 157.887 -138.832 114.652 
-252.609 264.103 -260.344 307.327 -221.627 328.04 -213.892 284.817 
-271.968 398.487 -232.902 418.537 -201.761 387.579 -240.827 367.529 
-195.873 431.092 -206.527 473.69 -162.722 470.66 -152.067 428.062 
-60.008 471.285 -70.722 513.868 -33.533 537.216 -22.82 494.633 
9.103 528.105 21.381 570.263 65.27 571.614 52.992 529.456 
122.009 659.175 162.238 676.772 191.406 643.949 151.176 626.352 
221.199 676.205 242.611 714.54 272.453 682.33 251.042 643.994 
297.152 610.498 293.731 654.275 334.308 671.055 337.729 627.279 
368.104 540.026 406.953 560.491 438.421 529.867 399.572 509.402 
460.684 453.667 447.223 495.462 491.133 495.349 504.594 453.554 
578.314 393.117 600.913 430.765 629.736 397.639 607.137 359.99 
622.702 301.815 645.793 339.164 688.449 328.745 665.358 291.397 
639.098 219.528 611.385 253.588 652.342 269.419 680.055 235.359 
548.464 127.115 567.661 166.606 599.287 136.146 580.09 96.654 
543.055 6.577 525.806 46.957 558.879 75.841 576.128 35.461 
483.259 -121.0 507.01 -84.067 549.474 -95.244 525.723 -132.176 
433.556 -192.211 436.235 -148.383 477.09 -164.474 474.412 -208.302 
401.732 -229.138 368.881 -200.002 386.44 -159.755 419.291 -188.892 
229.62 -187.278 240.326 -144.694 284.135 -141.717 273.429 -184.301 
230.887 -257.895 218.259 -215.754 262.157 -216.765 274.762 -258.827 
194.067 -291.923 172.193 -253.85 201.644 -221.281 223.559 -259.426 
-215.978 5.546 -227.678 47.869 -191.043 72.075 -179.343 29.752 
-266.822 71.8 -234.114 101.097 -196.144 79.043 -228.852 49.746 
-99.034 564.735 -56.287 574.771 -33.533 537.216 -76.281 527.181 
-51.089 577.462 -34.889 618.275 -1.08 590.256 -17.28 549.444 
420.717 570.05 447.575 604.787 472.313 568.509 445.454 533.771 
458.835 525.097 475.628 565.669 519.404 562.236 502.61 521.664 
598.886 78.725 618.441 118.041 661.875 111.593 642.32 72.277 
609.508 30.94 598.261 73.385 642.104 70.966 653.352 28.521 
324.18 -269.741 307.21 -229.243 317.284 -186.504 334.254 -227.002 
196.829 -295.609 230.516 -267.482 274.291 -264.373 240.635 -292.575 
93.22 -244.589 76.634 -203.932 113.95 -227.075 130.536 -267.732 
-204.635 -66.055 -185.828 -26.376 -147.29 -5.331 -166.097 -45.009 
-252.16 30.422 -266.813 71.815 -230.628 46.94 -215.975 5.547 
-252.08 141.163 -257.653 184.719 -236.561 223.231 -230.988 179.676 
-142.428 509.597 -159.083 550.226 -121.728 527.146 -105.073 486.517 
-99.066 564.873 -75.602 601.988 -34.802 618.221 -58.268 581.107 
13.554 631.656 56.461 640.99 96.66 623.321 53.753 613.988 
368.997 582.569 381.558 624.644 416.452 651.3 403.891 609.225 
447.569 604.784 490.404 595.126 519.382 562.136 476.547 571.793 
558.331 441.482 538.959 480.888 546.45 524.154 565.821 484.748 
610.931 178.484 654.841 178.538 690.397 152.772 646.486 152.718 
653.253 28.499 644.092 71.442 661.921 111.57 671.083 68.626 
548.325 -51.349 578.454 -19.405 621.604 -11.271 591.476 -43.215 
