154.089 239.11 143.906 281.823 187.676 278.308 197.859 235.595 
219.492 235.913 208.049 278.306 244.83 302.289 256.274 259.897 
226.392 213.838 263.372 237.514 297.317 209.661 260.337 185.984 
194.697 160.404 210.361 201.425 244.534 173.851 228.871 132.83 
132.44 174.668 146.959 216.108 190.858 215.107 176.339 173.666 
104.96 203.297 94.972 246.056 112.025 286.52 122.013 243.761 
157.504 310.21 196.402 330.583 239.846 324.201 200.948 303.828 
288.228 252.619 281.296 295.978 312.39 264.974 319.322 221.615 
251.539 113.519 266.992 154.62 303.653 178.788 288.2 137.687 
121.148 148.523 164.927 145.126 198.348 116.646 154.57 120.042 
26.108 103.44 58.223 133.386 96.627 112.097 64.512 82.151 
46.058 175.578 27.575 215.408 59.745 245.295 78.228 205.464 
-20.986 272.575 12.973 300.411 49.941 276.715 15.982 248.879 
30.783 316.226 39.927 359.174 77.947 337.205 68.802 294.258 
116.014 359.091 150.286 386.542 186.984 362.431 152.713 334.98 
178.695 405.552 192.288 447.305 227.797 421.474 214.204 379.721 
233.166 367.6 246.545 409.422 290.455 409.62 277.076 367.798 
303.145 307.9 317.018 349.56 352.353 323.491 338.478 281.831 
363.117 261.13 377.079 302.762 420.987 302.348 407.025 260.717 
369.496 200.123 357.953 242.488 401.812 240.375 413.356 198.01 
316.287 112.808 328.567 154.966 372.456 156.313 360.176 114.156 
318.834 45.278 306.998 87.562 350.871 85.752 362.707 43.467 
265.875 17.005 250.722 58.218 285.235 85.365 300.388 44.152 
163.282 50.114 146.327 90.619 190.089 94.227 207.043 53.722 
88.862 25.654 72.78 66.513 106.67 94.434 122.752 53.575 
16.877 37.798 -9.477 72.92 32.488 59.996 58.843 24.874 
-33.963 220.068 -37.269 263.853 -8.858 230.373 -5.553 186.587 
-30.352 307.549 -22.045 350.666 10.019 380.665 1.712 337.548 
113.374 410.325 139.17 445.859 180.926 459.444 155.129 423.91 
222.722 465.089 266.622 466.005 302.677 440.942 258.776 440.026 
361.991 366.331 403.506 352.028 428.685 316.054 387.17 330.357 
454.73 194.101 437.681 234.566 447.673 277.324 464.722 236.859 
383.981 39.8 380.574 83.578 403.55 120.997 406.956 77.219 
279.521 -28.067 308.171 5.209 350.908 15.289 322.258 -17.987 
92.566 -8.932 130.804 12.654 174.427 7.642 136.189 -13.944 
43.501 -110.631 29.409 -69.043 64.606 -42.789 78.698 -84.376 
-46.936 -33.057 -53.655 10.336 -10.309 3.316 -3.591 -40.077 
-87.234 38.629 -75.427 80.922 -41.016 108.197 -52.823 65.905 
-127.331 118.205 -115.019 160.354 -71.128 161.668 -83.441 119.519 
-150.597 198.906 -107.809 208.77 -67.395 191.601 -110.183 181.736 
-120.881 250.69 -150.493 283.113 -110.506 301.256 -80.895 268.833 
-108.092 345.1 -105.513 388.933 -63.027 400.026 -65.606 356.192 
-45.26 440.181 -2.19 448.732 37.68 430.334 -5.39 421.783 
27.881 473.137 23.601 516.837 66.486 507.404 70.766 463.703 
99.057 463.723 84.881 505.281 97.839 547.236 112.016 505.677 
158.229 497.033 141.941 537.81 175.689 565.902 191.977 525.125 
251.757 507.322 230.689 545.848 273.84 553.98 294.908 515.454 
337.236 468.03 338.675 511.916 363.306 475.565 361.866 431.679 
400.598 417.149 394.836 460.68 434.456 479.611 440.217 436.08 
406.923 395.805 444.484 418.548 488.24 414.87 450.679 392.126 
456.821 349.765 491.694 376.449 527.848 351.53 492.976 324.846 
520.509 227.146 498.372 265.068 527.598 297.839 549.734 259.917 
466.836 134.744 491.932 170.775 533.415 185.175 508.318 149.143 
468.245 97.117 507.182 117.415 538.519 86.657 499.582 66.359 
458.502 42.321 450.094 85.419 482.229 55.494 490.636 12.397 
415.398 -24.747 422.431 18.596 461.48 -1.488 454.445 -44.831 
326.677 -82.833 353.928 -48.402 395.094 -63.68 367.843 -98.111 
224.409 -54.166 265.489 -69.675 289.607 -106.368 248.527 -90.859 
165.154 -110.574 180.756 -69.529 214.97 -97.05 199.37 -138.095 
110.633 -122.35 122.394 -80.043 156.775 -52.73 145.014 -95.036 
126.286 -160.148 154.358 -126.383 195.145 -142.647 167.073 -176.412 
-6.734 -190.31 -16.56 -147.514 27.179 -151.394 37.004 -194.191 
-103.636 -157.319 -97.702 -113.812 -54.491 -106.01 -60.424 -149.518 
-141.58 -98.171 -128.144 -56.367 -84.235 -56.227 -97.67 -98.031 
-134.519 41.588 -146.312 83.885 -102.441 82.031 -90.648 39.734 
-168.872 132.434 -168.176 176.339 -126.636 162.11 -127.331 118.205 
-234.78 272.151 -237.826 315.955 -197.107 332.388 -194.061 288.584 
-247.178 404.168 -206.362 420.36 -178.35 386.546 -219.165 370.354 
-176.368 430.41 -182.815 473.845 -139.515 466.555 -133.067 423.121 
-43.849 462.61 -52.246 505.71 -13.851 527.015 -5.454 483.915 
23.601 516.838 38.436 558.167 82.326 556.829 67.491 515.501 
134.762 642.52 176.385 656.506 202.549 621.242 160.925 607.256 
229.472 655.928 253.363 692.77 281.018 658.663 257.128 621.822 
297.369 591.053 299.034 634.931 341.28 646.906 339.614 603.028 
361.39 519.433 401.261 537.829 431.077 505.594 391.206 487.198 
450.442 437.216 440.514 479.989 484.261 476.214 494.19 433.441 
561.891 379.264 587.512 414.924 613.51 379.537 587.889 343.877 
603.926 291.605 628.757 327.82 670.872 315.397 646.042 279.181 
616.234 211.79 592.13 248.492 634.485 260.075 658.589 223.372 
526.983 129.024 548.229 167.452 578.211 135.372 556.966 96.944 
519.1 11.709 505.871 53.579 541.604 79.099 554.833 37.229 
463.556 -105.036 490.286 -70.199 531.678 -84.856 504.948 -119.692 
419.643 -175.439 423.56 -131.704 463.944 -148.944 460.027 -192.679 
386.985 -211.441 356.101 -180.228 376.242 -141.21 407.127 -172.422 
225.66 -160.71 238.823 -118.82 282.731 -118.394 269.568 -160.285 
220.335 -235.057 209.192 -192.499 253.029 -195.048 264.151 -237.526 
183.636 -259.704 171.432 -217.524 207.777 -192.883 220.003 -235.142 
-204.78 25.062 -210.874 68.547 -171.4 87.781 -165.306 44.296 
-241.974 99.836 -202.822 119.716 -171.817 88.623 -210.969 68.743 
-78.564 560.487 -35.42 568.648 -14.326 530.136 -57.471 521.976 
-31.492 570.551 -10.823 609.293 19.636 577.664 -1.033 538.922 
420.761 548.275 447.638 582.998 472.356 546.706 445.478 511.983 
452.82 506.865 474.118 545.265 517.219 536.876 495.921 498.476 
575.259 77.041 596.872 115.264 639.903 106.519 618.289 68.297 
580.757 32.645 575.089 76.188 618.252 68.123 623.92 24.58 
307.134 -250.44 296.502 -207.837 312.942 -167.121 323.574 -209.724 
183.626 -259.689 220.308 -235.6 264.151 -237.517 227.49 -261.685 
97.415 -221.539 79.082 -181.64 117.367 -203.143 135.699 -243.043 
-205.538 -28.673 -170.434 -2.295 -126.529 -1.589 -161.634 -27.967 
-235.516 56.411 -241.966 99.845 -211.218 68.498 -204.767 25.064 
-232.496 152.082 -236.437 195.815 -213.92 233.512 -209.979 189.779 
-121.738 506.703 -133.468 549.017 -99.107 521.68 -87.376 479.366 
-78.564 560.488 -52.576 595.881 -10.747 609.239 -36.736 573.846 
31.119 620.046 74.69 625.499 113.144 604.301 69.574 598.848 
366.084 564.11 383.5 604.417 421.284 626.79 403.867 586.482 
447.618 582.986 489.913 571.184 517.194 536.777 474.899 548.578 
543.928 420.258 528.176 461.245 539.524 503.664 555.277 462.677 
591.866 177.105 635.517 172.341 668.031 142.83 624.38 147.594 
623.846 24.569 618.539 68.157 639.865 106.54 645.173 62.952 
523.726 -41.672 556.074 -11.979 599.697 -6.97 567.349 -36.664 
