150.842 242.412 138.158 284.45 182.058 283.523 194.743 241.485 
220.419 242.367 206.138 283.89 241.215 310.303 255.496 268.78 
228.706 213.983 264.251 239.763 299.753 213.924 264.208 188.144 
196.34 157.118 209.673 198.955 245.342 173.347 232.01 131.51 
130.356 170.733 141.685 213.157 185.533 215.493 174.204 173.069 
98.172 207.266 85.487 249.304 99.935 290.769 112.619 248.731 
153.665 317.017 191.442 339.399 235.161 335.302 197.383 312.92 
294.9 257.565 285.83 300.528 318.421 271.101 327.491 228.138 
258.811 108.471 271.614 150.473 306.661 176.927 293.858 134.925 
116.635 138.634 160.544 138.846 196.193 113.208 152.283 112.996 
11.239 97.042 39.517 130.634 80.204 114.121 51.925 80.529 
43.107 174.397 20.475 212.025 49.268 245.178 71.9 207.549 
-28.698 284.968 4.774 313.386 42.146 290.333 8.672 261.914 
20.709 328.655 26.168 372.225 65.919 353.569 60.46 310.0 
109.031 361.902 140.975 392.03 179.5 370.959 147.556 340.831 
181.924 414.803 193.257 457.225 230.1 433.338 218.768 390.916 
239.337 379.013 250.225 421.551 294.047 424.34 283.158 381.802 
307.499 313.63 318.742 356.076 355.637 332.266 344.393 289.82 
374.122 261.67 385.966 303.953 429.839 305.755 417.995 263.472 
383.353 199.726 369.366 241.349 413.274 241.789 427.261 200.166 
325.297 108.653 334.481 151.592 378.157 156.125 368.972 113.187 
326.415 35.197 312.234 76.754 356.139 77.399 370.32 35.842 
272.76 2.867 253.225 42.192 284.588 72.924 304.124 33.599 
166.998 39.161 144.541 76.894 187.367 86.592 209.824 48.859 
80.218 17.135 62.609 57.359 95.423 86.537 113.032 46.313 
-1.258 30.442 -28.87 64.583 13.537 53.192 41.149 19.051 
-49.372 230.977 -52.677 274.763 -24.267 241.282 -20.962 197.497 
-39.131 313.995 -33.538 357.547 -3.414 389.494 -9.007 345.942 
111.945 424.974 138.648 459.832 180.74 472.337 154.036 437.479 
224.173 476.845 267.938 480.416 305.442 457.581 261.677 454.01 
373.377 372.433 414.761 357.754 439.613 321.553 398.229 336.233 
471.083 197.556 451.433 236.824 458.617 280.142 478.267 240.874 
394.617 31.119 390.508 74.836 412.879 112.62 416.988 68.902 
288.551 -44.143 315.008 -9.098 357.011 3.702 330.554 -31.342 
82.67 -23.888 120.181 -1.062 163.944 -4.643 126.434 -27.469 
30.576 -124.796 18.688 -82.526 55.216 -58.157 67.104 -100.427 
-55.97 -46.975 -65.262 -4.06 -21.576 -8.485 -12.284 -51.401 
-102.378 19.402 -93.481 62.402 -61.01 91.96 -69.907 48.96 
-133.999 115.392 -128.956 159.011 -85.912 167.692 -90.956 124.073 
-168.454 195.014 -128.912 214.108 -85.7 206.313 -125.241 187.219 
-133.367 257.792 -167.008 286.012 -129.773 309.286 -96.132 281.065 
-116.83 351.245 -120.13 395.03 -79.507 411.7 -76.206 367.914 
-58.351 450.177 -15.03 457.342 24.23 437.675 -19.092 430.51 
19.003 481.273 11.502 524.538 54.967 518.302 62.468 475.037 
97.951 476.323 78.755 515.814 86.438 559.047 105.634 519.556 
160.543 511.326 138.13 549.085 167.116 582.069 189.528 544.31 
255.713 522.59 230.958 558.857 273.1 571.193 297.855 534.926 
339.617 485.151 341.366 529.026 365.74 492.502 363.991 448.627 
409.442 428.166 401.556 471.362 440.202 492.21 448.087 449.014 
418.442 401.51 453.351 428.146 497.249 429.176 462.34 402.54 
471.086 352.172 501.89 383.465 541.17 363.839 510.367 332.546 
540.166 229.765 514.631 265.487 540.713 300.811 566.248 265.089 
481.866 136.319 507.013 172.315 548.516 186.656 523.369 150.66 
481.531 89.639 518.89 112.711 552.379 84.31 515.019 61.237 
474.021 32.312 460.588 74.117 496.028 48.192 509.461 6.387 
427.649 -41.61 427.746 2.3 469.477 -11.362 469.378 -55.272 
334.805 -103.307 357.713 -65.846 400.419 -76.056 377.511 -113.518 
229.204 -68.656 270.314 -84.086 294.502 -120.733 253.392 -105.303 
159.528 -126.961 169.131 -84.113 206.913 -106.487 197.311 -149.334 
105.416 -144.34 111.013 -100.788 141.14 -68.844 135.543 -112.396 
124.308 -180.635 149.325 -144.549 191.376 -157.19 166.359 -193.276 
-9.366 -210.233 -24.748 -169.105 19.12 -167.185 34.502 -208.313 
-112.131 -172.884 -104.232 -129.69 -60.711 -123.855 -68.61 -167.049 
-147.839 -116.03 -134.212 -74.288 -90.303 -74.349 -103.93 -116.091 
-165.408 32.709 -175.147 75.525 -131.416 71.557 -121.677 28.74 
-179.775 122.774 -186.481 166.17 -143.138 159.137 -136.432 115.742 
-249.967 265.819 -256.998 309.163 -217.949 329.244 -210.918 285.901 
-268.252 399.93 -228.905 419.423 -198.208 388.025 -237.555 368.533 
-192.837 431.605 -202.983 474.327 -159.217 470.774 -149.07 428.053 
-56.952 470.404 -67.525 513.022 -30.26 536.247 -19.687 493.629 
11.881 526.765 24.645 568.779 68.547 569.623 55.783 527.609 
124.544 656.978 165.033 673.971 193.707 640.716 153.218 623.722 
223.009 673.417 244.887 711.489 274.334 678.918 252.458 640.846 
297.665 607.588 295.074 651.421 335.961 667.43 338.553 623.597 
367.146 536.389 406.17 556.519 437.374 525.626 398.35 505.495 
459.09 450.901 446.229 492.885 490.133 492.143 502.994 450.159 
575.773 390.871 598.906 428.194 627.254 394.661 604.122 357.338 
619.744 300.051 643.144 337.207 685.712 326.434 662.312 289.278 
635.515 218.173 608.37 252.688 649.583 267.838 676.728 233.324 
544.632 127.531 564.186 166.848 595.536 136.102 575.982 96.786 
539.211 7.63 522.611 48.281 556.143 76.631 572.743 35.98 
480.207 -118.341 504.432 -81.718 546.749 -93.439 522.524 -130.063 
431.294 -189.512 434.13 -145.693 474.927 -161.932 472.091 -205.75 
399.399 -226.345 366.796 -196.932 384.695 -156.836 417.298 -186.249 
229.053 -181.976 240.1 -139.479 283.931 -136.853 272.885 -179.351 
228.839 -254.343 216.098 -212.236 259.999 -213.129 272.716 -255.157 
193.89 -287.088 173.125 -248.398 203.504 -216.693 224.308 -255.455 
-213.911 8.524 -224.358 51.173 -187.024 74.288 -176.577 31.639 
-262.097 76.73 -227.938 104.321 -191.141 80.36 -225.3 52.769 
-95.414 564.577 -52.546 574.082 -30.259 536.248 -73.128 526.743 
-47.317 576.708 -30.328 617.198 2.931 588.529 -14.058 548.039 
421.119 566.416 448.067 601.083 472.71 564.74 445.761 530.073 
457.954 522.02 475.713 562.179 519.394 557.699 501.635 517.54 
594.834 78.271 614.75 117.405 658.123 110.557 638.207 71.423 
604.232 31.465 594.296 74.236 638.044 70.469 647.981 27.698 
321.205 -266.741 305.361 -225.789 316.612 -183.345 332.457 -224.297 
194.91 -288.376 228.799 -260.494 272.595 -257.701 238.736 -285.659 
94.642 -241.267 77.753 -200.735 115.241 -223.599 132.13 -264.131 
-205.076 -60.584 -182.978 -22.64 -142.797 -4.932 -164.895 -42.876 
-249.073 34.806 -262.087 76.743 -226.908 50.465 -213.893 8.528 
-248.542 143.097 -254.244 186.635 -233.265 225.21 -227.564 181.671 
-139.117 509.812 -155.037 550.734 -118.104 526.985 -102.184 486.063 
-95.513 565.031 -71.344 601.691 -30.242 617.143 -54.412 580.483 
16.871 630.168 59.904 638.899 99.851 620.669 56.818 611.938 
368.905 579.745 382.412 621.525 417.898 647.387 404.391 605.607 
448.059 601.078 490.779 590.924 519.372 557.599 476.652 567.754 
556.078 437.882 537.296 477.572 545.43 520.722 564.213 481.032 
607.898 178.236 651.8 177.396 686.824 150.911 642.922 151.751 
647.881 27.677 639.52 70.784 658.093 110.573 666.454 67.466 
544.502 -49.587 574.922 -17.921 618.145 -10.183 587.725 -41.849 
