159.991 222.224 157.867 266.083 200.235 254.551 202.36 210.692 
211.974 209.923 210.641 253.812 251.971 268.643 253.304 224.753 
213.819 202.078 255.456 216.021 281.583 180.73 239.945 166.787 
181.438 161.772 206.671 197.708 233.051 162.606 207.819 126.67 
133.366 177.752 157.202 214.63 199.64 203.357 175.805 166.479 
123.057 187.023 121.629 230.91 146.27 267.254 147.698 223.368 
166.06 282.12 207.559 296.469 249.567 283.685 208.068 269.336 
267.897 222.45 267.344 266.357 293.598 231.16 294.15 187.253 
217.519 117.534 242.422 153.699 283.827 168.318 258.924 132.154 
129.494 168.675 171.564 156.095 198.204 121.189 156.135 133.769 
74.86 142.503 115.079 160.127 144.268 127.323 104.05 109.699 
72.695 171.598 69.945 215.421 110.774 231.579 113.524 187.755 
39.087 255.708 79.546 272.768 108.275 239.56 67.815 222.5 
81.166 274.104 102.996 312.203 132.485 279.669 110.655 241.569 
136.947 323.35 178.073 338.739 205.417 304.382 164.292 288.993 
182.25 341.682 205.483 378.942 233.74 345.333 210.508 308.072 
212.309 306.923 235.033 344.495 277.789 334.493 255.065 296.921 
273.362 270.127 297.907 306.536 324.949 271.941 300.403 235.532 
304.261 232.802 327.643 269.969 370.217 259.217 346.834 222.05 
306.924 186.371 303.533 230.15 346.217 219.847 349.608 176.068 
266.197 126.099 290.485 162.68 332.781 150.883 308.493 114.303 
267.162 77.258 264.564 121.091 307.054 110.017 309.652 66.184 
223.467 60.852 220.532 104.664 261.292 120.994 264.227 77.182 
153.761 80.208 152.087 124.086 194.335 112.119 196.009 68.241 
108.882 63.165 105.118 106.914 145.562 124.013 149.326 80.264 
75.615 94.527 69.394 137.994 99.977 106.485 106.198 63.018 
33.605 208.96 34.421 252.862 59.565 216.865 58.749 172.962 
37.968 258.657 60.553 296.313 100.959 313.502 78.373 275.846 
134.454 333.686 161.463 368.308 203.663 380.442 176.654 345.82 
207.367 380.438 249.992 369.896 278.28 336.312 235.654 346.854 
304.15 310.613 345.543 295.96 370.418 259.775 329.025 274.428 
353.272 176.197 349.903 219.977 372.911 257.377 376.28 213.596 
312.034 66.048 313.345 109.939 340.202 144.677 338.892 100.786 
226.15 53.517 265.882 72.21 309.014 63.979 269.282 45.286 
109.559 60.852 151.351 74.326 193.081 60.661 151.289 47.188 
80.869 6.137 102.472 44.366 145.505 35.635 123.902 -2.594 
40.474 50.912 64.26 87.821 92.013 53.792 68.225 16.883 
30.799 59.389 26.576 103.096 48.849 140.937 53.072 97.231 
-29.773 131.082 -3.719 166.427 37.947 152.569 11.893 117.225 
-18.45 219.085 22.686 203.726 46.937 167.12 5.801 182.48 
-17.61 221.17 -20.117 265.009 22.351 253.846 24.857 210.007 
-15.99 275.251 4.575 314.047 47.828 306.476 27.263 267.68 
16.38 337.119 57.68 352.031 99.858 339.818 58.557 324.907 
64.717 366.147 65.225 410.054 106.826 396.003 106.318 352.095 
122.149 348.742 123.172 392.64 149.803 427.553 148.78 383.655 
159.778 381.921 161.062 425.812 203.202 438.154 201.918 394.262 
213.299 394.015 208.554 437.668 251.537 428.691 256.281 385.038 
277.167 380.206 276.318 424.108 302.809 389.09 303.657 345.188 
315.341 343.492 315.749 387.4 357.634 400.58 357.227 356.672 
317.143 329.453 359.225 341.991 400.64 327.4 358.558 314.862 
360.178 302.474 402.465 314.304 426.783 277.742 384.496 265.913 
392.569 212.378 387.645 256.011 427.621 274.177 432.545 230.544 
370.291 154.137 394.749 190.605 435.972 205.732 411.513 169.264 
372.246 144.33 414.05 157.766 439.747 122.161 397.943 108.724 
358.162 95.151 360.531 138.997 384.387 102.132 382.017 58.286 
322.316 55.074 348.744 90.14 373.927 54.168 347.497 19.103 
273.359 29.703 313.081 48.418 343.155 16.424 303.433 -2.291 
213.055 31.979 255.544 20.898 283.404 -13.041 240.915 -1.96 
178.135 -6.251 205.571 28.033 229.698 -8.655 202.263 -42.938 
123.902 -2.595 152.202 30.98 194.831 41.508 166.531 7.934 
126.178 -31.477 166.364 -13.782 195.612 -46.533 155.425 -64.229 
29.099 -58.743 38.02 -15.749 76.154 -37.519 67.233 -80.513 
-14.53 -63.699 -5.761 -20.674 37.869 -15.718 29.1 -58.743 
-44.226 0.505 -12.197 30.543 26.267 9.364 -5.761 -20.674 
-34.754 78.082 -34.1 121.987 7.454 107.797 6.8 63.892 
-66.061 169.543 -44.396 207.736 -14.768 175.329 -36.432 137.136 
-106.945 253.022 -96.557 295.685 -52.771 298.989 -63.159 256.326 
-120.027 332.799 -77.479 343.652 -54.009 306.541 -96.557 295.688 
-71.485 346.823 -53.112 386.704 -20.861 356.906 -39.233 317.025 
13.907 355.477 15.969 399.339 58.322 410.931 56.259 367.07 
68.938 418.197 93.135 454.839 135.461 443.149 111.264 406.507 
154.527 510.635 197.809 518.032 218.22 479.154 174.937 471.757 
197.85 518.053 224.305 553.099 249.46 517.109 223.006 482.063 
237.252 470.212 257.576 509.135 300.875 501.834 280.551 462.911 
289.452 430.917 331.618 443.17 356.3 406.854 314.134 394.601 
367.195 355.855 365.775 399.742 407.953 387.531 409.373 343.644 
447.841 316.273 477.72 348.45 499.089 310.09 469.21 277.913 
473.591 274.14 499.995 309.225 541.521 294.955 515.117 259.87 
473.632 214.132 467.159 257.562 510.464 250.298 516.937 206.868 
419.679 161.216 446.153 196.248 471.29 160.244 444.815 125.212 
402.327 54.271 400.452 98.141 441.595 113.481 443.47 69.611 
359.754 -22.873 390.179 8.788 429.692 -10.364 399.267 -42.025 
356.245 -70.549 358.125 -26.68 399.267 -42.025 397.386 -85.894 
311.788 -92.213 302.068 -49.393 339.789 -26.916 349.509 -69.736 
208.982 -49.039 234.982 -13.655 276.669 -27.449 250.669 -62.833 
202.139 -111.352 199.219 -67.457 241.788 -78.224 244.703 -122.037 
161.365 -127.582 158.45 -83.769 199.218 -67.457 202.138 -111.352 
-94.943 66.961 -97.405 110.802 -56.47 126.691 -54.008 82.85 
-125.168 144.823 -84.233 160.713 -56.471 126.692 -97.406 110.802 
-12.279 450.973 28.984 465.986 56.014 431.381 14.75 416.368 
28.985 465.986 53.543 502.387 80.573 467.782 56.015 431.382 
346.783 449.719 371.418 486.067 398.375 451.406 373.739 415.057 
373.74 415.056 398.374 451.405 440.557 439.209 415.922 402.86 
458.627 110.823 482.571 147.631 524.976 136.234 501.032 99.426 
460.892 66.971 458.627 110.823 501.032 99.426 503.297 55.574 
266.41 -127.737 266.339 -83.827 292.09 -48.261 292.161 -92.171 
161.365 -127.581 202.139 -111.352 244.703 -122.037 203.935 -138.348 
100.22 -88.017 92.715 -44.753 124.217 -75.343 131.722 -118.607 
-94.943 53.975 -51.515 60.465 -12.567 40.19 -55.994 33.7 
-122.703 100.982 -125.166 144.823 -97.404 110.802 -94.942 66.961 
-125.597 175.449 -105.93 214.709 -66.943 234.911 -86.61 195.651 
-35.392 398.341 -36.092 442.246 -9.72 407.138 -9.02 363.233 
-12.278 450.973 12.279 487.373 53.543 502.386 28.984 465.986 
80.574 511.692 123.093 500.727 151.046 466.863 108.527 477.829 
289.317 454.95 314.181 491.143 355.569 505.808 330.706 469.616 
371.418 486.067 413.6 473.87 440.557 439.209 398.375 451.406 
435.45 336.565 433.358 380.425 457.446 417.138 459.538 373.278 
469.302 204.109 511.464 191.841 538.362 157.134 496.201 169.402 
503.297 55.575 501.032 99.426 524.976 136.234 527.241 92.382 
403.942 25.203 444.498 42.036 487.202 31.816 446.647 14.983 
