159.85 222.169 156.841 265.976 199.434 255.301 202.443 211.494 
212.399 210.905 209.987 254.749 250.94 270.591 253.351 226.748 
214.41 203.146 255.728 218.009 282.631 183.306 241.313 168.443 
183.044 162.156 207.45 198.659 234.624 164.168 210.219 127.665 
134.347 177.274 157.319 214.695 200.008 204.411 177.036 166.99 
123.955 186.15 121.61 229.997 145.487 266.849 147.831 223.001 
164.866 282.375 206.178 297.254 248.346 285.009 207.034 270.13 
267.864 224.657 266.777 268.553 293.458 233.679 294.545 189.783 
220.035 118.875 244.084 155.613 285.135 171.199 261.086 134.461 
130.59 168.099 172.845 156.156 200.01 121.657 157.755 133.6 
71.035 138.106 110.595 157.161 140.943 125.425 101.382 106.37 
68.624 170.059 63.91 213.716 103.973 231.69 108.687 188.033 
31.215 255.824 71.187 273.996 100.823 241.595 60.849 223.422 
76.027 277.834 96.498 316.681 127.118 285.209 106.648 246.362 
133.998 328.576 174.66 345.15 202.988 311.6 162.327 295.026 
181.467 349.873 203.823 387.666 232.857 354.725 210.502 316.932 
215.228 313.842 236.844 352.063 279.874 343.315 258.258 305.095 
278.028 274.786 301.652 311.799 329.553 277.893 305.928 240.88 
312.125 236.423 334.559 274.17 377.391 264.499 354.957 226.752 
314.966 187.019 310.482 230.699 353.41 221.466 357.894 177.786 
272.975 123.534 296.232 160.779 338.841 150.168 315.584 112.924 
274.303 73.032 270.782 116.8 313.497 106.624 317.018 62.855 
227.801 55.484 223.614 99.194 263.89 116.683 268.078 72.973 
154.008 75.473 151.189 119.293 193.735 108.433 196.554 64.613 
108.576 57.161 103.5 100.776 143.412 119.082 148.489 75.467 
69.141 86.652 60.482 129.7 92.79 99.963 101.449 56.915 
24.028 207.768 24.169 251.677 49.864 216.071 49.723 172.161 
28.286 264.648 49.574 303.052 89.37 321.609 68.081 283.205 
130.76 344.227 157.688 378.911 199.859 391.144 172.932 356.46 
209.817 392.103 252.7 382.662 281.843 349.817 238.96 359.259 
312.361 318.297 353.715 303.534 378.494 267.283 337.14 282.046 
367.086 177.825 362.308 221.474 384.1 259.595 388.877 215.946 
321.184 62.544 322.373 106.437 349.134 141.25 347.945 97.356 
232.545 41.137 271.242 61.89 314.746 55.933 276.049 35.181 
109.592 53.808 151.075 68.206 193.098 55.472 151.616 41.073 
79.319 -14.496 96.373 25.967 140.126 22.252 123.072 -18.212 
28.815 41.159 52.491 78.139 80.345 44.195 56.668 7.214 
15.707 54.16 12.177 97.928 35.047 135.412 38.577 91.644 
-45.737 127.596 -20.597 163.596 21.41 150.811 -3.729 114.81 
-35.98 216.205 5.142 200.808 29.359 164.18 -11.763 179.578 
-34.977 218.655 -40.824 262.174 2.372 254.286 8.219 210.767 
-29.888 284.079 -10.574 323.513 32.899 317.329 13.585 277.895 
7.763 353.333 49.233 367.769 91.267 355.073 49.798 340.637 
57.308 382.909 57.587 426.818 99.261 412.985 98.982 369.076 
115.94 365.293 116.827 409.194 143.349 444.189 142.462 400.288 
156.471 397.891 156.773 441.799 198.627 455.081 198.325 411.172 
218.017 409.592 211.594 453.03 254.891 445.716 261.314 402.278 
288.897 393.156 288.116 437.059 314.553 401.999 315.333 358.096 
328.788 355.952 328.884 399.862 370.675 413.34 370.579 369.43 
330.499 340.808 372.612 353.24 413.99 338.544 371.877 326.112 
373.605 310.919 415.703 323.404 440.586 287.225 398.488 274.74 
409.873 214.085 403.139 257.476 442.325 277.289 449.059 233.898 
386.108 148.415 410.406 184.989 451.562 200.296 427.263 163.722 
388.261 136.923 429.959 150.687 455.934 115.284 414.237 101.52 
372.83 87.64 375.605 131.462 399.118 94.378 396.343 50.556 
335.733 45.279 360.906 81.257 387.344 46.198 362.17 10.22 
281.114 14.414 319.959 34.888 351.434 4.271 312.589 -16.203 
214.533 15.852 256.995 4.665 284.77 -29.343 242.309 -18.156 
178.148 -23.104 205.478 11.264 229.718 -25.349 202.389 -59.717 
123.09 -18.226 150.803 15.833 193.243 27.099 165.53 -6.961 
125.353 -51.252 164.798 -31.959 195.336 -63.511 155.892 -82.804 
16.652 -76.701 25.639 -33.721 63.739 -55.549 54.752 -98.53 
-32.656 -74.539 -18.454 -32.989 25.451 -33.657 11.249 -75.206 
-60.224 -19.16 -34.454 16.392 7.322 2.869 -18.448 -32.683 
-50.38 71.629 -51.455 115.526 -9.374 102.983 -8.3 59.086 
-83.387 164.63 -63.252 203.652 -32.363 172.444 -52.497 133.423 
-128.544 263.113 -116.466 305.33 -72.583 306.888 -84.661 264.672 
-137.96 348.504 -94.925 357.229 -73.329 318.997 -116.364 310.272 
-87.81 360.45 -72.484 401.599 -38.086 374.308 -53.411 333.159 
5.543 372.157 7.337 416.031 49.618 427.882 47.824 384.008 
61.722 435.765 85.622 472.602 128.041 461.255 104.141 424.418 
158.759 533.329 202.16 539.996 221.913 500.779 178.512 494.112 
204.509 541.093 231.524 575.71 256.098 539.321 229.084 504.704 
247.568 489.011 265.64 529.029 309.285 524.206 291.212 484.188 
302.31 444.167 344.439 456.546 369.23 420.304 327.101 407.925 
381.807 368.417 380.105 412.294 422.361 400.354 424.063 356.477 
469.47 320.298 499.721 352.125 520.643 313.52 490.392 281.692 
496.185 276.321 523.022 311.076 564.369 296.293 537.532 261.538 
496.585 211.803 487.676 254.799 531.321 249.986 540.231 206.989 
436.337 154.578 462.63 189.747 487.953 153.874 461.66 118.705 
419.54 45.429 417.065 89.269 457.995 105.17 460.47 61.33 
370.228 -42.29 400.759 -10.731 440.208 -30.016 409.677 -61.575 
365.837 -88.842 368.996 -45.046 409.673 -61.584 406.514 -105.38 
322.472 -113.079 309.315 -71.187 345.091 -45.728 358.248 -87.621 
210.627 -67.198 235.789 -31.213 277.789 -44.025 252.627 -80.01 
203.012 -131.258 199.562 -87.401 242.259 -97.653 245.703 -141.428 
162.437 -147.979 158.993 -104.205 199.561 -87.402 203.012 -131.258 
-114.479 61.824 -116.752 105.675 -75.75 121.389 -73.476 77.537 
-144.369 139.815 -103.367 155.529 -75.751 121.389 -116.754 105.676 
-20.698 470.096 20.543 485.167 47.622 450.599 6.379 435.529 
20.544 485.167 45.052 521.601 72.13 487.034 47.622 450.6 
362.031 463.619 386.481 500.092 413.613 465.567 389.162 429.095 
389.163 429.094 413.613 465.567 455.857 453.585 431.406 417.112 
476.96 102.027 500.575 139.046 543.08 128.026 519.464 91.007 
479.614 58.196 476.96 102.026 519.465 91.006 522.119 47.176 
269.477 -148.353 269.372 -104.443 295.096 -68.857 295.201 -112.767 
162.438 -147.979 203.012 -131.258 245.703 -141.428 205.134 -158.231 
96.124 -109.298 85.1 -66.794 119.002 -94.7 130.025 -137.204 
-115.111 48.718 -71.428 53.176 -33.467 31.107 -77.15 26.649 
-142.094 95.964 -144.368 139.815 -116.753 105.675 -114.478 61.824 
-143.321 173.743 -128.129 214.942 -91.624 239.343 -106.815 198.145 
-47.401 417.218 -48.418 461.116 -21.793 426.199 -20.777 382.301 
-20.698 470.096 3.809 506.53 45.051 521.601 20.543 485.167 
75.263 530.833 118.4 522.63 148.478 490.639 105.341 498.841 
303.317 471.943 327.885 508.336 369.154 523.337 344.585 486.944 
386.481 500.092 428.724 488.109 455.857 453.584 413.613 465.567 
456.121 346.91 451.701 390.597 473.804 428.539 478.224 384.852 
489.696 197.75 531.936 185.756 559.06 151.225 516.819 163.218 
522.118 47.177 519.464 91.006 543.08 128.026 545.734 84.196 
420.775 9.36 460.165 28.765 503.437 21.311 464.047 1.906 
