147.057 241.409 131.87 282.609 175.747 284.321 190.933 243.121 
221.62 244.234 204.784 284.789 238.151 313.333 254.987 272.779 
230.969 213.369 265.383 240.641 301.954 216.338 267.54 189.066 
197.763 154.248 209.63 196.525 246.169 172.174 234.303 129.898 
129.516 167.325 138.508 210.305 182.163 215.034 173.17 172.054 
95.071 203.879 80.613 245.341 93.287 287.382 107.745 245.921 
150.655 320.356 187.398 344.399 231.255 342.254 194.513 318.211 
298.55 260.115 287.263 302.55 321.336 274.854 332.623 232.419 
264.23 103.639 275.08 146.187 308.868 174.231 298.018 131.683 
113.723 130.188 157.509 133.495 194.876 110.433 151.09 107.127 
6.145 90.049 31.783 125.697 73.609 112.329 47.971 76.681 
38.776 169.046 13.285 204.799 39.412 240.091 64.903 204.338 
-35.483 285.896 -1.409 313.59 35.46 289.741 1.385 262.046 
16.749 329.465 20.449 373.22 60.919 356.181 57.219 312.427 
103.97 364.823 134.354 396.523 173.892 377.422 143.508 345.722 
182.768 420.426 193.222 463.074 230.551 439.953 220.099 397.306 
242.881 384.598 251.915 427.568 295.575 432.253 286.54 389.283 
310.334 317.363 319.525 360.3 357.521 338.29 348.329 295.352 
380.582 261.888 391.281 304.475 435.09 307.46 424.391 264.873 
391.954 198.638 375.953 239.529 419.787 242.111 435.789 201.22 
331.386 105.773 338.311 149.133 381.689 155.945 374.765 112.585 
329.397 27.6 313.941 68.7 357.805 70.7 373.262 29.6 
275.616 -7.21 253.168 30.528 282.122 63.539 304.571 25.801 
169.867 30.632 143.818 65.981 185.486 79.832 211.535 44.484 
75.802 10.496 58.64 50.913 91.775 79.725 108.938 39.308 
-7.741 22.537 -37.37 54.944 5.649 46.142 35.278 13.734 
-58.657 231.637 -62.112 275.411 -33.588 242.027 -30.134 198.253 
-45.252 315.996 -40.855 359.685 -11.618 392.446 -16.016 348.756 
110.788 433.574 138.295 467.801 180.666 479.324 153.16 445.097 
224.992 483.509 268.606 488.6 306.882 467.083 263.268 461.992 
380.376 375.783 421.647 360.788 446.221 324.399 404.951 339.394 
481.075 199.68 459.711 238.042 464.976 281.635 486.34 243.273 
400.363 23.514 395.94 67.201 418.039 105.144 422.463 61.457 
292.968 -55.491 317.83 -19.298 359.218 -4.63 334.356 -40.824 
78.035 -33.208 114.939 -9.414 158.781 -11.855 121.877 -35.65 
22.314 -132.417 12.357 -89.651 49.954 -66.965 59.91 -109.732 
-62.469 -55.168 -72.73 -12.475 -28.954 -15.909 -18.694 -58.604 
-109.665 11.271 -104.335 54.857 -74.405 86.985 -79.735 43.4 
-140.275 111.579 -139.0 155.47 -96.862 167.82 -98.138 123.928 
-179.055 190.632 -142.758 215.342 -98.869 213.998 -135.166 189.287 
-142.344 259.251 -176.298 287.094 -139.325 310.782 -105.372 282.939 
-123.264 351.649 -128.644 395.228 -88.86 413.811 -83.48 370.232 
-68.279 452.599 -24.918 459.522 14.231 439.637 -29.129 432.713 
13.292 483.536 2.972 526.216 46.752 522.843 57.072 480.163 
96.991 482.707 74.545 520.446 78.568 564.172 101.014 526.433 
161.175 518.672 135.157 554.043 160.757 589.718 186.775 554.347 
256.065 530.681 229.256 565.457 270.615 580.208 297.424 545.432 
339.453 496.531 341.046 540.412 365.549 503.975 363.956 460.094 
414.364 434.338 404.434 477.111 442.045 499.772 451.975 457.0 
425.241 404.551 458.265 433.491 501.993 437.493 468.969 408.553 
479.558 352.978 507.254 387.052 548.219 371.241 520.523 337.167 
551.215 231.895 523.794 266.191 547.938 302.868 575.359 268.572 
491.712 138.099 516.794 174.14 558.27 188.555 533.188 152.514 
488.267 83.363 524.217 108.577 559.306 82.179 523.356 56.965 
482.53 24.741 466.187 65.496 503.365 42.131 519.708 1.376 
434.449 -52.228 430.411 -8.504 473.243 -18.176 477.281 -61.9 
339.878 -114.482 360.8 -75.877 403.981 -83.846 383.059 -122.451 
233.103 -80.703 274.505 -95.331 299.401 -131.501 257.999 -116.873 
156.192 -136.151 161.294 -92.539 201.195 -110.868 196.094 -154.48 
101.079 -156.179 103.743 -112.35 131.66 -78.457 128.996 -122.286 
119.564 -190.309 144.956 -154.485 186.873 -167.565 161.481 -203.388 
-13.746 -220.356 -33.258 -181.019 10.184 -174.618 29.695 -213.955 
-120.773 -181.716 -111.05 -138.896 -67.321 -134.911 -77.044 -177.731 
-153.512 -125.301 -141.922 -82.948 -98.061 -80.884 -109.651 -123.237 
-181.975 27.957 -194.403 70.072 -150.509 68.877 -138.082 26.763 
-188.195 116.611 -197.215 159.585 -153.557 154.884 -144.537 111.911 
-258.056 260.897 -267.123 303.86 -229.065 325.761 -219.997 282.797 
-279.621 395.714 -241.031 416.663 -209.182 386.434 -247.772 365.485 
-202.229 429.79 -213.639 472.192 -169.787 469.94 -158.377 427.539 
-66.634 473.227 -77.439 515.786 -40.301 539.214 -29.496 496.654 
3.577 530.843 14.866 573.277 58.712 575.654 47.422 533.219 
116.745 663.333 156.448 682.088 186.555 650.124 146.852 631.369 
217.259 681.513 237.705 720.373 268.344 688.92 247.9 650.06 
295.674 616.264 290.694 659.89 330.647 678.108 335.627 634.481 
369.883 547.67 408.32 568.9 440.388 538.905 401.951 517.675 
463.955 459.43 449.321 500.829 493.217 501.954 507.851 460.554 
583.29 397.664 604.807 435.941 634.561 403.648 613.044 365.372 
628.518 305.537 650.983 343.265 693.807 333.559 671.342 295.83 
646.109 222.478 617.318 255.632 657.747 272.769 686.537 239.615 
556.664 126.009 575.006 165.905 607.281 136.131 588.938 96.236 
550.164 3.689 531.819 43.583 564.092 73.359 582.437 33.465 
488.68 -126.977 511.475 -89.447 554.212 -99.528 531.417 -137.059 
437.83 -198.282 440.2 -154.436 481.168 -170.239 478.797 -214.085 
405.456 -235.086 372.171 -206.447 389.123 -165.941 422.408 -194.579 
229.82 -198.702 239.978 -155.983 283.745 -152.443 273.588 -195.162 
233.939 -264.951 221.73 -222.688 265.616 -224.133 277.803 -266.318 
189.631 -298.942 167.974 -260.744 197.61 -228.344 219.307 -266.613 
-220.305 0.351 -234.961 41.743 -200.124 68.473 -185.468 27.081 
-276.96 63.831 -246.834 95.778 -207.142 76.999 -237.267 45.053 
-106.601 564.75 -64.175 576.067 -40.301 539.214 -82.727 527.897 
-58.841 579.018 -44.457 620.506 -9.444 594.006 -23.828 552.518 
419.647 577.607 446.168 612.602 471.255 576.564 444.733 541.569 
460.848 531.624 475.304 573.087 519.204 572.152 504.749 530.689 
607.323 79.936 626.099 119.629 669.651 114.038 650.875 74.345 
620.906 28.767 606.448 70.229 650.348 71.167 664.806 29.706 
329.493 -275.882 310.047 -236.512 317.455 -193.232 336.901 -232.601 
196.479 -311.04 230.763 -283.644 274.594 -281.476 240.34 -308.948 
89.254 -250.381 73.373 -209.443 110.284 -233.227 126.165 -274.165 
-205.417 -74.446 -191.508 -32.797 -155.774 -7.279 -169.684 -48.927 
-260.686 22.268 -277.619 62.781 -240.106 39.958 -223.173 -0.555 
-259.512 137.818 -264.517 181.442 -242.925 219.676 -237.92 176.052 
-148.908 508.567 -167.222 548.476 -128.949 526.953 -110.635 487.044 
-106.599 564.744 -84.54 602.711 -44.378 620.46 -66.437 582.494 
6.812 634.796 49.485 645.146 90.092 628.437 47.419 618.087 
368.859 588.16 379.38 630.791 412.95 659.096 402.429 616.465 
446.168 612.603 489.265 604.189 519.186 572.051 476.089 580.465 
562.834 448.838 542.373 487.689 548.656 531.148 569.117 492.296 
616.837 178.989 660.698 181.063 697.402 156.961 653.541 154.887 
665.312 29.826 654.865 72.475 671.482 113.12 681.929 70.47 
555.102 -55.628 584.808 -23.291 627.847 -14.591 598.142 -46.927 
