159.747 223.298 155.673 267.018 198.513 257.382 202.586 213.662 
211.85 213.54 207.783 257.262 248.108 274.64 252.175 230.919 
214.247 205.522 254.923 222.062 283.222 188.488 242.546 171.948 
184.604 163.599 207.708 200.939 236.081 167.428 212.979 130.087 
135.367 177.412 157.298 215.454 200.254 206.353 178.324 168.311 
124.287 186.5 120.874 230.277 143.844 267.701 147.258 223.923 
161.998 281.768 203.0 297.483 245.408 286.096 204.406 270.381 
266.623 229.138 264.691 273.006 292.038 238.652 293.971 194.784 
223.092 121.683 245.78 159.277 286.233 176.355 263.545 138.761 
131.833 168.12 174.378 157.258 202.414 123.463 159.869 134.325 
66.749 134.071 105.417 154.877 137.154 124.532 98.486 103.725 
64.173 169.942 57.07 213.273 96.086 233.419 103.189 190.088 
22.676 254.402 61.992 273.953 92.736 242.601 53.419 223.05 
71.612 281.096 90.676 320.651 122.405 290.297 103.34 250.741 
129.488 333.631 169.383 351.975 199.158 319.702 159.263 301.358 
178.657 358.532 200.048 396.879 229.908 364.685 208.518 326.338 
217.524 320.016 238.049 358.834 281.309 351.307 260.784 312.49 
281.853 281.362 304.181 319.171 333.24 286.251 310.911 248.442 
320.113 241.565 341.569 279.876 384.635 271.309 363.179 232.998 
322.683 188.51 317.161 232.072 360.297 223.862 365.819 180.301 
280.263 121.663 302.109 159.753 345.086 150.746 323.24 112.656 
281.83 69.316 277.417 113.004 320.33 103.7 324.743 60.013 
232.099 50.641 226.462 94.188 266.136 113.005 271.772 69.458 
154.19 70.973 149.89 114.672 192.779 105.258 197.079 61.559 
108.212 51.292 101.787 94.729 141.113 114.263 147.538 70.826 
61.215 78.808 49.716 121.185 83.928 93.66 95.428 51.283 
17.174 206.59 16.456 250.494 42.843 215.398 43.561 171.493 
18.123 272.124 37.744 311.406 76.707 331.652 57.085 292.37 
125.548 354.535 151.988 389.592 193.985 402.413 167.544 367.356 
213.223 405.3 256.365 397.122 286.46 365.148 243.318 373.326 
321.106 328.451 362.543 313.923 387.527 277.813 346.09 292.341 
382.169 179.616 375.802 223.062 396.188 261.953 402.555 218.507 
331.985 59.318 332.54 103.225 358.795 138.42 358.241 94.513 
238.613 27.598 276.009 50.611 319.79 47.248 282.394 24.235 
109.768 46.403 150.762 62.137 193.176 50.77 152.181 35.036 
76.749 -36.416 88.0 6.029 131.843 8.445 120.592 -34.0 
15.798 30.285 38.031 68.15 67.172 35.303 44.938 -2.562 
-2.122 50.38 -3.683 94.263 20.847 130.682 22.408 86.8 
-62.366 125.248 -38.748 162.265 3.756 151.242 -19.862 114.225 
-56.553 213.549 -15.042 199.231 10.124 163.249 -31.387 177.567 
-53.786 219.895 -63.127 262.8 -19.435 258.426 -10.094 215.521 
-44.319 294.606 -26.522 334.747 17.155 330.225 -0.642 290.084 
-1.109 370.157 40.576 383.957 82.412 370.62 40.727 356.819 
50.343 400.615 49.834 444.522 91.75 431.438 92.259 387.531 
108.379 384.446 108.421 428.356 134.265 463.855 134.223 419.945 
152.455 416.674 150.917 460.557 192.177 475.58 193.715 431.697 
223.821 426.6 215.641 469.742 259.199 464.19 267.378 421.048 
300.373 406.794 299.765 450.699 326.064 415.537 326.672 371.631 
343.019 368.748 342.334 412.652 383.878 426.872 384.563 382.967 
344.878 354.125 386.888 366.901 428.385 352.544 386.375 339.768 
388.459 321.713 430.092 335.668 456.23 300.385 414.597 286.43 
428.566 215.827 419.858 258.864 458.098 280.446 466.806 237.408 
401.793 143.107 426.079 179.69 467.229 195.011 442.943 158.428 
404.248 128.417 445.702 142.895 472.282 107.944 430.828 93.465 
389.022 79.124 391.699 122.952 415.295 85.921 412.618 42.092 
351.258 33.549 374.338 70.904 402.732 37.41 379.651 0.055 
288.082 -2.457 326.058 19.588 358.758 -9.717 320.782 -31.762 
215.752 0.122 258.015 -11.792 285.203 -46.272 242.94 -34.358 
177.682 -40.04 204.59 -5.34 229.276 -41.654 202.369 -76.353 
122.082 -35.161 148.314 0.053 190.234 13.123 164.002 -22.091 
124.934 -71.651 163.302 -50.296 195.468 -80.187 157.1 -101.542 
9.845 -97.342 18.122 -54.22 56.577 -75.418 48.299 -118.54 
-49.243 -85.866 -30.758 -46.036 12.835 -51.309 -5.651 -91.138 
-74.056 -39.866 -57.719 0.891 -13.908 -2.051 -30.245 -42.809 
-66.469 65.552 -69.838 109.333 -27.159 99.008 -23.79 55.227 
-101.067 159.459 -83.097 199.523 -50.547 170.052 -68.517 129.987 
-150.846 264.423 -138.345 306.516 -94.449 307.634 -106.95 265.541 
-155.324 363.937 -112.082 371.566 -91.463 332.798 -134.706 325.169 
-103.942 374.897 -91.723 417.072 -55.388 392.418 -67.607 350.242 
-3.02 389.197 -2.188 433.099 39.823 445.874 38.991 401.972 
53.394 452.814 76.586 490.099 119.214 479.564 96.021 442.278 
153.42 554.368 196.99 559.822 215.64 520.069 172.07 514.616 
212.435 563.862 240.306 597.793 263.964 560.802 236.094 526.87 
258.268 508.089 273.96 549.099 317.813 546.848 302.121 505.838 
314.989 458.027 356.961 470.928 382.201 434.997 340.229 422.096 
395.899 382.086 393.602 425.936 436.016 414.57 438.312 370.72 
486.932 331.777 517.891 362.917 537.939 323.851 506.98 292.711 
518.844 277.812 546.446 311.962 587.454 296.264 559.852 262.114 
519.988 209.073 508.417 251.431 552.277 249.347 563.849 206.989 
453.415 147.593 479.285 183.073 505.035 147.506 479.165 112.026 
437.338 36.675 433.979 80.456 474.58 97.18 477.939 53.398 
383.059 -58.937 413.784 -27.567 453.114 -47.094 422.389 -78.464 
376.969 -105.82 381.481 -62.142 421.627 -79.931 417.114 -123.608 
335.469 -133.145 317.952 -92.881 350.833 -63.778 368.35 -104.043 
212.675 -85.527 236.354 -48.549 278.839 -59.643 255.16 -96.621 
204.852 -151.083 200.633 -107.293 243.503 -116.795 247.714 -160.503 
164.576 -168.513 160.365 -124.805 200.632 -107.294 204.851 -151.083 
-134.297 56.842 -136.092 100.715 -94.92 115.98 -93.125 72.106 
-163.334 135.154 -122.162 150.419 -94.921 115.981 -136.092 100.715 
-29.995 489.118 11.401 503.761 38.119 468.915 -3.277 454.273 
11.401 503.761 36.282 539.942 63.004 505.098 38.123 468.917 
376.305 478.51 400.85 514.919 427.892 480.323 403.346 443.915 
403.349 443.912 427.892 480.323 470.105 468.233 445.562 431.822 
495.384 93.694 518.859 130.802 561.405 119.943 537.93 82.835 
498.204 49.874 495.384 93.693 537.93 82.834 540.75 39.015 
274.37 -168.765 273.369 -124.867 298.361 -88.763 299.362 -132.662 
164.577 -168.513 204.852 -151.083 247.714 -160.503 207.446 -178.014 
94.359 -130.683 80.733 -88.941 116.292 -114.702 129.918 -156.445 
-135.53 41.366 -91.831 45.669 -53.949 23.465 -97.648 19.162 
-161.537 91.281 -163.333 135.154 -136.092 100.715 -134.297 56.842 
-161.502 169.926 -149.451 212.15 -114.883 239.228 -126.934 197.003 
-59.798 436.105 -61.39 479.986 -34.31 445.421 -32.718 401.54 
-29.995 489.118 -5.112 525.297 36.284 539.941 11.4 503.762 
66.923 548.833 110.388 542.595 141.885 512.001 98.42 518.239 
317.056 489.249 341.147 525.96 382.216 541.498 358.125 504.788 
400.849 514.918 443.061 502.826 470.105 468.232 427.892 480.323 
474.091 359.802 467.797 403.259 488.248 442.116 494.543 398.659 
510.17 191.115 552.545 179.61 580.066 145.393 537.69 156.899 
540.749 39.016 537.93 82.835 561.405 119.943 564.225 76.124 
438.187 -5.798 476.185 16.208 519.861 11.676 481.863 -10.33 
