160.159 222.069 158.584 265.951 200.805 253.889 202.38 210.007 
210.748 209.359 209.927 253.261 251.427 267.609 252.248 223.706 
212.454 202.095 254.189 215.745 280.067 180.271 238.332 166.621 
180.245 162.337 205.798 198.046 231.863 162.71 206.311 127.0 
133.062 178.296 157.418 214.832 199.692 202.959 175.336 166.423 
123.299 187.193 122.384 231.094 147.448 267.148 148.363 223.248 
165.588 280.114 207.169 294.223 249.103 281.197 207.521 267.087 
265.603 221.729 265.277 265.637 291.349 230.306 291.675 186.397 
215.342 118.489 240.637 154.381 282.199 168.549 256.903 132.658 
129.616 170.106 171.605 157.261 198.026 122.189 156.036 135.033 
78.071 146.719 118.715 163.336 147.079 129.816 106.435 113.199 
75.76 172.436 74.162 216.317 115.401 231.397 116.999 187.516 
44.838 254.743 85.688 270.844 113.626 236.968 72.774 220.866 
86.196 271.258 109.133 308.701 137.656 275.317 114.72 237.873 
137.632 319.225 179.019 333.895 205.761 299.066 164.373 284.397 
181.465 335.64 205.434 372.431 233.017 338.266 209.048 301.475 
209.878 300.935 233.438 337.989 275.959 327.033 252.4 289.978 
268.896 268.04 293.982 304.079 320.505 269.084 295.418 233.045 
297.998 231.209 322.126 267.897 364.473 256.288 340.346 219.6 
300.188 186.065 297.635 229.901 340.114 218.784 342.668 174.948 
261.616 128.913 286.508 165.086 328.602 152.59 303.711 116.417 
262.28 81.373 260.416 125.244 302.716 113.46 304.58 69.59 
219.803 65.764 217.681 109.623 258.737 125.194 260.859 81.335 
154.17 83.901 153.148 127.799 195.214 115.205 196.235 71.307 
109.754 67.819 107.017 111.643 147.85 127.789 150.588 83.965 
79.421 100.408 74.841 144.079 104.216 111.441 108.796 67.771 
41.311 209.263 42.375 253.161 67.316 217.022 66.252 173.125 
44.528 255.557 67.975 292.682 108.767 308.935 85.319 271.809 
135.852 325.847 162.73 360.57 204.885 372.863 178.006 338.14 
206.009 372.885 248.423 361.523 276.059 327.401 233.644 338.762 
297.905 306.733 339.384 292.325 364.473 256.288 322.994 270.696 
343.852 174.996 341.475 218.842 365.324 255.711 367.701 211.865 
306.07 69.526 307.219 113.421 333.949 148.258 332.8 104.363 
221.291 61.749 261.668 79.006 304.477 69.235 264.1 51.978 
110.303 65.92 152.206 79.045 193.82 65.033 151.917 51.908 
82.395 18.285 106.008 55.305 148.513 44.288 124.9 7.267 
47.366 58.471 71.358 95.246 98.92 61.064 74.927 24.288 
40.439 64.069 36.343 107.788 58.725 145.565 62.821 101.846 
-18.386 133.708 7.787 168.965 49.406 154.967 23.233 119.71 
-8.177 220.196 32.993 204.926 57.324 168.375 16.154 183.644 
-7.178 222.658 -8.03 266.56 33.987 253.804 34.839 209.902 
-6.398 271.043 15.486 309.11 58.454 300.06 36.57 261.993 
22.929 325.865 64.218 340.809 106.405 328.629 65.116 313.685 
70.497 353.901 71.058 397.808 112.642 383.706 112.081 339.799 
125.425 337.403 126.419 381.301 153.027 416.232 152.033 372.333 
161.01 371.09 162.511 414.975 204.711 427.109 203.211 383.224 
210.24 383.209 206.813 426.985 249.506 416.717 252.933 372.941 
267.935 370.551 267.232 414.455 293.606 379.349 294.31 335.445 
305.397 333.875 305.956 377.782 347.886 390.818 347.327 346.912 
307.262 322.268 349.292 334.981 390.767 320.561 348.737 307.848 
350.315 297.853 392.611 309.649 416.899 273.067 374.603 261.272 
380.285 211.075 376.72 254.84 417.242 271.755 420.807 227.99 
358.057 158.96 382.829 195.215 424.18 209.986 399.408 173.731 
359.938 149.514 401.801 162.767 427.342 127.049 385.479 113.796 
348.351 100.804 350.215 144.674 374.494 108.087 372.63 64.216 
313.764 61.879 340.633 96.608 365.36 60.321 338.489 25.592 
267.344 40.036 307.676 57.398 336.651 24.406 296.32 7.043 
211.881 44.205 254.275 32.766 281.848 -1.408 239.454 10.032 
177.806 6.126 205.102 40.521 229.378 3.932 202.082 -30.463 
124.9 7.267 153.197 40.843 195.826 51.375 167.528 17.798 
127.502 -16.486 168.204 -0.01 196.451 -33.629 155.749 -50.105 
42.728 -46.612 51.319 -3.551 89.618 -25.028 81.027 -68.089 
-0.425 -54.723 5.197 -11.174 48.352 -3.064 42.73 -46.613 
-30.68 14.141 4.484 40.44 40.361 15.123 5.197 -11.175 
-23.135 82.783 -21.667 126.669 19.617 111.711 18.149 67.825 
-53.178 172.481 -30.401 210.022 -1.737 176.759 -24.513 139.219 
-90.698 241.732 -81.641 284.698 -37.979 289.361 -47.036 246.395 
-106.236 321.073 -64.04 333.223 -39.445 296.847 -81.641 284.697 
-59.022 336.151 -38.781 375.118 -7.977 343.826 -28.217 304.86 
20.361 342.946 22.249 386.816 64.555 398.577 62.667 354.707 
73.938 404.444 98.459 440.87 140.679 428.805 116.158 392.379 
149.06 492.661 192.22 500.744 213.244 462.194 170.085 454.111 
192.521 500.905 218.731 536.135 244.136 500.321 217.927 465.092 
229.364 455.735 251.05 493.916 294.064 485.089 272.378 446.908 
279.631 420.974 321.767 433.33 346.538 397.074 304.402 384.719 
355.256 346.391 354.155 390.287 396.243 377.769 397.344 333.873 
430.057 314.96 459.472 347.562 481.389 309.512 451.973 276.911 
456.449 273.088 482.656 308.32 524.262 294.283 498.055 259.051 
456.213 215.979 451.274 259.611 494.296 250.825 499.236 207.194 
407.248 166.091 433.731 201.116 458.858 165.106 432.375 130.081 
388.896 61.619 387.568 105.509 428.899 120.335 430.228 76.445 
352.392 -7.776 382.381 24.299 422.153 5.69 392.164 -26.385 
349.721 -55.765 350.722 -11.867 392.163 -26.384 391.162 -70.283 
304.822 -75.842 297.156 -32.606 335.907 -11.955 343.573 -55.191 
207.89 -35.674 234.192 -0.513 275.76 -14.663 249.458 -49.824 
202.078 -95.944 199.619 -52.021 242.073 -63.233 244.528 -107.075 
161.137 -111.745 158.682 -67.903 199.619 -52.021 202.078 -95.944 
-80.054 70.633 -82.328 114.484 -41.326 130.198 -39.052 86.347 
-109.945 148.623 -68.944 164.338 -41.327 130.199 -82.329 114.485 
-6.128 436.191 35.203 451.014 62.073 416.285 20.741 401.462 
35.204 451.013 59.93 487.3 86.801 452.572 62.075 416.285 
334.66 439.345 359.499 475.554 386.26 440.741 361.42 404.532 
361.425 404.526 386.26 440.739 428.375 428.31 403.54 392.097 
444.577 117.947 468.837 154.547 511.142 142.785 486.882 106.184 
446.463 74.077 444.576 117.946 486.881 106.184 488.769 62.315 
264.485 -111.676 264.099 -67.767 289.595 -32.018 289.981 -75.926 
161.137 -111.744 202.079 -95.943 244.528 -107.074 203.591 -122.957 
104.0 -71.65 99.0 -28.026 128.687 -60.38 133.686 -104.005 
-79.392 57.28 -36.377 66.102 3.608 47.956 -39.407 39.134 
-107.669 104.772 -109.945 148.623 -82.329 114.484 -80.053 70.633 
-111.311 175.875 -88.657 213.49 -48.22 230.606 -70.874 192.991 
-26.043 383.847 -26.772 427.75 -0.377 392.66 0.351 348.756 
-6.128 436.191 18.597 472.478 59.93 487.301 35.203 451.014 
84.757 496.435 126.832 483.87 153.485 448.975 111.411 461.539 
278.652 441.649 303.597 477.785 345.019 492.357 320.074 456.221 
359.499 475.554 401.612 463.121 428.375 428.309 386.262 440.742 
420.184 327.954 419.376 371.857 444.527 407.85 445.336 363.947 
453.338 208.668 495.475 196.318 522.306 161.558 480.168 173.909 
488.769 62.315 486.882 106.184 511.142 142.784 513.029 98.915 
390.517 36.139 431.636 51.545 473.957 39.839 432.838 24.434 
