158.395 226.888 152.688 270.426 195.858 262.4 201.565 218.862 
212.969 219.041 206.579 262.484 245.92 281.986 252.311 238.543 
216.242 209.344 255.924 228.145 286.066 196.216 246.385 177.415 
186.877 164.839 208.068 203.298 238.095 171.26 216.905 132.801 
135.239 178.034 155.51 216.986 198.819 209.744 178.548 170.793 
121.372 189.371 116.362 232.994 137.951 271.231 142.961 227.607 
159.557 287.103 200.06 304.063 242.796 293.976 202.293 277.017 
268.864 236.615 265.574 280.401 293.972 246.911 297.262 203.124 
230.029 122.084 250.716 160.815 290.218 179.99 269.532 141.259 
130.685 165.948 173.605 156.678 202.879 123.95 159.959 133.22 
60.038 127.223 97.351 150.371 130.897 122.037 93.583 98.89 
58.58 170.983 48.065 213.615 85.362 236.789 95.876 194.157 
10.395 254.501 48.418 276.462 81.054 247.086 43.03 225.124 
62.559 286.911 79.351 327.483 112.749 298.975 95.956 258.403 
124.785 341.203 163.321 362.251 195.248 332.106 156.712 311.057 
176.153 371.645 195.676 410.977 227.049 380.256 207.527 340.924 
220.362 331.723 239.112 371.428 282.668 365.865 263.918 326.16 
287.618 290.358 307.707 329.403 338.633 298.231 318.544 259.186 
331.31 249.5 351.02 288.739 394.428 282.119 374.718 242.881 
333.68 192.338 326.714 235.692 370.099 228.92 377.065 185.566 
290.1 119.92 309.573 159.276 353.02 152.917 333.547 113.561 
291.57 63.377 285.561 106.874 328.786 99.148 334.795 55.651 
240.124 42.797 232.425 86.027 271.159 106.708 278.859 63.478 
154.561 65.727 147.693 109.097 191.062 102.227 197.93 58.857 
107.494 43.344 98.432 86.309 136.494 108.204 145.556 65.239 
49.74 67.075 33.185 107.745 70.483 84.573 87.038 43.904 
6.2 206.609 4.358 250.48 31.634 216.071 33.477 172.199 
4.759 281.135 21.451 321.748 58.828 344.793 42.135 304.179 
120.015 369.511 145.842 405.022 187.61 418.572 161.783 383.06 
215.936 422.735 259.45 416.848 291.192 386.509 247.679 392.395 
332.136 341.658 373.695 327.484 398.987 291.589 357.427 305.763 
403.32 183.081 394.139 226.02 411.952 266.155 421.132 223.216 
348.101 53.819 347.367 97.723 372.579 133.673 373.313 89.769 
248.555 11.551 283.75 37.808 327.657 38.362 292.462 12.106 
109.633 36.983 150.062 54.118 192.841 44.217 152.412 27.082 
67.773 -60.535 71.395 -16.774 114.133 -6.697 110.511 -50.457 
-5.415 12.227 12.074 52.503 44.975 23.424 27.485 -16.853 
-31.742 49.641 -27.924 93.384 0.875 126.53 -2.942 82.786 
-84.349 124.475 -62.055 162.304 -19.188 152.79 -41.482 114.961 
-83.989 210.86 -41.316 200.512 -12.875 167.058 -55.548 177.406 
-76.549 226.716 -90.227 268.442 -46.317 268.556 -32.639 226.831 
-63.941 308.775 -49.082 350.094 -5.193 348.73 -20.052 307.411 
-11.704 392.154 30.335 404.835 71.799 390.383 29.76 377.703 
43.657 424.089 42.058 467.969 84.285 455.93 85.884 412.049 
102.197 409.852 99.79 453.696 123.613 490.582 126.021 446.738 
150.54 442.107 146.092 485.791 186.263 503.521 190.712 459.837 
231.036 450.326 219.762 492.763 263.606 490.372 274.881 447.935 
314.412 423.776 314.099 467.685 340.161 432.346 340.474 388.437 
363.135 383.418 360.959 427.275 401.997 442.896 404.172 399.04 
365.425 370.61 407.025 384.665 448.942 371.584 407.342 357.529 
410.054 334.082 450.711 350.667 479.049 317.124 438.391 300.539 
455.102 218.934 443.174 261.193 479.679 285.595 491.607 243.336 
421.866 137.765 446.329 174.23 487.553 189.352 463.09 152.887 
424.461 117.344 465.509 132.937 493.024 98.716 451.976 83.124 
410.325 67.429 411.571 111.321 436.362 75.079 435.117 31.187 
372.112 17.191 391.935 56.372 423.073 25.411 403.249 -13.77 
298.348 -24.0 334.804 0.476 369.347 -26.632 332.891 -51.108 
217.831 -17.827 259.748 -30.908 285.97 -66.128 244.053 -53.048 
175.377 -60.951 201.062 -25.337 226.996 -60.77 201.312 -96.384 
119.49 -57.862 142.69 -20.581 183.372 -4.056 160.172 -41.337 
124.384 -98.01 160.627 -73.22 195.404 -100.028 159.161 -124.819 
4.611 -125.816 9.689 -82.2 49.601 -100.508 44.522 -144.124 
-68.828 -104.28 -50.931 -64.183 -7.266 -68.813 -25.163 -108.911 
-91.923 -62.135 -86.005 -18.626 -42.796 -10.81 -48.714 -54.319 
-87.357 59.122 -94.476 102.451 -51.068 95.832 -43.949 52.503 
-122.841 152.896 -108.732 194.477 -73.546 168.21 -87.653 126.628 
-177.669 268.1 -168.192 310.976 -124.487 315.213 -133.963 272.337 
-180.137 381.232 -137.126 390.071 -115.428 351.896 -158.439 343.057 
-124.511 394.855 -117.006 438.12 -78.179 417.612 -85.684 374.349 
-13.032 411.717 -14.034 455.615 27.406 470.134 28.408 426.235 
44.439 474.379 66.045 512.606 109.077 503.871 87.472 465.644 
147.593 582.366 191.018 588.874 210.627 549.586 167.201 543.078 
223.394 591.597 250.99 625.752 274.945 588.952 247.349 554.797 
273.73 533.098 286.235 575.19 330.131 576.304 317.626 534.212 
332.004 475.491 373.627 489.479 399.791 454.215 358.168 440.228 
414.396 398.69 410.776 442.45 453.514 432.371 457.134 388.61 
509.851 348.418 540.463 379.898 560.944 341.057 530.332 309.576 
546.555 277.597 574.188 311.722 615.182 295.987 587.548 261.862 
550.151 205.659 535.362 247.004 579.254 248.292 594.042 206.947 
475.9 139.149 500.867 175.271 527.506 140.365 502.539 104.243 
461.096 26.36 455.755 69.944 495.556 88.492 500.897 44.908 
407.26 -69.566 439.016 -39.24 477.671 -60.071 445.914 -90.397 
389.48 -127.205 395.98 -83.779 435.272 -103.38 428.772 -146.807 
351.982 -158.257 329.044 -120.814 357.567 -87.429 380.504 -124.871 
215.6 -108.881 236.68 -70.362 279.828 -78.508 258.748 -117.027 
207.762 -176.4 202.351 -132.742 245.464 -141.072 250.864 -184.649 
167.977 -194.922 162.575 -151.345 202.35 -132.742 207.762 -176.4 
-159.077 50.29 -160.539 94.175 -119.253 109.127 -117.791 65.241 
-187.522 128.817 -146.238 143.774 -119.255 109.132 -160.539 94.175 
-41.517 514.429 0.202 528.121 26.117 492.673 -15.604 478.981 
0.338 528.218 25.587 564.143 51.952 529.029 26.703 493.104 
394.954 497.858 419.974 533.943 446.561 498.996 421.54 462.912 
421.794 462.734 446.613 498.958 488.733 486.548 463.914 450.325 
519.141 84.871 542.745 121.897 585.253 110.891 561.65 73.864 
521.825 41.022 519.135 84.85 561.649 73.864 564.339 30.037 
281.598 -194.713 278.936 -150.884 302.544 -113.86 305.206 -157.689 
167.976 -194.921 207.762 -176.4 250.864 -184.649 211.089 -203.251 
94.557 -158.034 79.024 -116.963 115.731 -141.059 131.265 -182.13 
-161.155 25.889 -118.1 34.51 -78.2 16.177 -121.256 7.556 
-186.056 84.934 -187.518 128.82 -160.539 94.175 -159.077 50.29 
-184.382 165.525 -176.508 208.724 -144.747 239.044 -152.621 195.845 
-75.967 461.465 -78.806 505.283 -50.755 471.502 -47.915 427.684 
-41.517 514.429 -16.031 550.185 25.605 564.132 0.118 528.376 
57.787 572.55 101.551 568.968 134.852 540.346 91.088 543.928 
335.743 511.68 358.995 548.928 399.701 565.393 376.449 528.146 
419.964 533.935 462.048 521.404 488.729 486.53 446.645 499.061 
496.693 376.41 488.327 419.516 506.896 459.306 515.262 416.201 
536.445 183.355 579.009 172.565 607.101 138.817 564.538 149.608 
564.321 30.035 561.65 73.864 585.252 110.892 587.923 67.063 
462.663 -18.806 499.507 5.083 543.355 2.753 506.511 -21.136 
