160.425 220.979 159.53 264.88 201.559 252.166 202.455 208.265 
208.254 207.926 207.894 251.835 249.542 265.746 249.902 221.837 
209.66 202.336 251.443 215.836 277.193 180.27 235.41 166.77 
178.787 163.639 204.597 199.163 230.406 163.639 204.598 128.115 
133.231 179.088 158.23 215.187 200.287 202.567 175.288 166.468 
125.356 186.08 124.952 229.988 150.434 265.748 150.838 221.84 
163.97 274.86 205.63 288.735 247.49 275.473 205.829 261.598 
260.022 220.682 259.903 264.591 285.808 229.138 285.928 185.228 
211.782 121.636 237.415 157.287 279.108 171.062 253.475 135.411 
130.805 172.993 172.702 159.852 198.874 124.593 156.977 137.735 
82.805 153.126 123.933 168.506 151.271 134.144 110.142 118.763 
80.174 172.116 79.639 216.023 121.232 230.099 121.766 186.193 
52.195 252.528 93.52 267.369 120.405 232.651 79.078 217.811 
93.739 267.538 118.023 304.122 145.313 269.722 121.029 233.138 
136.993 312.835 178.614 326.826 204.782 291.565 163.161 277.574 
179.847 327.705 204.688 363.914 231.447 329.1 206.607 292.892 
207.053 292.588 231.583 329.007 273.8 316.932 249.27 280.512 
262.09 266.092 287.691 301.766 313.708 266.393 288.105 230.719 
289.517 229.696 314.538 265.779 356.588 253.133 331.567 217.05 
290.76 185.12 289.312 229.006 331.498 216.821 332.945 172.935 
256.108 133.376 281.635 169.104 323.503 155.866 297.976 120.138 
256.52 87.75 255.548 131.649 297.599 119.008 298.571 75.108 
214.417 72.996 213.177 116.888 254.539 131.631 255.778 87.738 
155.564 89.1 155.181 133.008 197.059 119.804 197.442 75.896 
111.982 74.098 110.421 117.98 151.673 133.025 153.234 89.143 
83.816 107.902 81.02 151.723 109.04 117.915 111.836 74.094 
50.825 208.428 51.898 252.325 76.831 216.18 75.758 172.284 
52.195 252.533 76.54 289.076 117.716 304.33 93.37 267.787 
135.966 316.368 162.533 351.329 204.575 363.998 178.009 329.037 
204.806 364.001 246.95 351.675 273.8 316.931 231.656 329.257 
289.626 303.113 331.227 289.061 356.623 253.24 315.022 267.292 
333.199 172.942 331.879 216.832 356.609 253.116 357.929 209.226 
298.59 75.109 299.408 119.011 325.874 154.049 325.056 110.146 
215.152 70.912 256.179 86.562 298.568 75.108 257.542 59.458 
112.32 72.946 154.296 85.832 195.83 71.585 153.854 58.698 
85.085 32.305 110.492 68.118 152.404 55.022 126.997 19.209 
55.48 68.265 79.629 104.938 107.045 70.638 82.895 33.965 
51.924 70.874 48.641 114.661 71.722 152.015 75.005 108.228 
-3.386 137.809 22.906 172.977 64.478 158.839 38.186 123.67 
3.833 220.221 45.078 205.158 69.592 168.728 28.347 183.791 
4.833 222.718 5.251 266.626 46.881 252.66 46.463 208.752 
5.364 266.952 29.061 303.919 71.541 292.805 47.845 255.838 
32.025 311.943 73.459 326.48 115.524 313.886 74.09 299.349 
79.027 338.3 79.799 382.203 121.315 367.903 120.544 323.999 
128.96 323.024 129.784 366.926 156.256 401.959 155.432 358.057 
161.148 357.501 162.532 401.389 204.7 413.635 203.316 369.747 
206.927 369.74 205.177 413.615 247.445 401.721 249.195 357.846 
256.519 357.295 256.115 401.203 282.25 365.919 282.655 322.011 
293.189 320.548 293.913 364.452 335.892 377.331 335.168 333.427 
294.743 313.499 336.702 326.441 378.255 312.248 336.296 299.306 
337.627 292.83 379.85 304.884 404.362 268.452 362.139 256.398 
365.195 208.938 363.304 252.807 404.442 268.162 406.333 224.293 
341.88 164.885 367.133 200.807 408.677 215.025 383.424 179.103 
343.693 155.708 385.618 168.761 410.988 132.922 369.064 119.869 
336.505 108.322 337.638 152.218 362.523 116.04 361.39 72.144 
303.663 70.455 330.723 105.036 355.249 68.613 328.188 34.033 
259.573 52.473 300.579 68.179 328.186 34.034 287.181 18.328 
210.463 60.257 252.646 48.062 279.604 13.402 237.421 25.597 
177.337 22.28 204.414 56.849 228.922 20.415 201.847 -14.153 
126.997 19.209 154.923 53.095 197.433 64.095 169.507 30.209 
129.719 2.79 170.893 18.048 198.128 -16.396 156.954 -31.654 
60.736 -30.823 66.511 12.706 106.124 -6.238 100.349 -49.767 
18.184 -41.647 21.039 2.17 63.594 12.995 60.739 -30.822 
-11.869 31.24 25.948 53.555 58.856 24.485 21.039 2.17 
-7.539 88.655 -5.749 132.528 35.424 117.269 33.635 73.396 
-35.094 175.947 -10.838 212.549 16.477 178.17 -7.778 141.567 
-68.203 227.347 -61.837 270.793 -18.55 278.164 -24.916 234.718 
-87.421 306.483 -45.575 319.788 -19.99 284.101 -61.836 270.797 
-41.594 322.328 -19.399 360.216 9.775 327.4 -12.419 289.512 
29.552 326.798 30.937 370.686 73.105 382.931 71.72 339.043 
81.225 385.814 106.375 421.809 148.379 409.014 123.23 373.019 
140.893 466.884 183.627 476.98 206.435 439.458 163.701 429.362 
186.091 478.369 212.074 513.766 237.709 478.116 211.727 442.719 
220.001 435.999 243.341 473.192 285.926 462.487 262.587 425.294 
267.376 407.231 309.418 419.901 334.46 383.833 292.417 371.162 
339.691 333.25 339.14 377.156 381.068 364.112 381.619 320.206 
405.246 312.355 433.268 346.161 456.761 309.064 428.739 275.258 
433.634 271.077 459.613 306.477 501.309 292.709 475.329 257.309 
432.861 217.53 429.904 261.34 472.484 250.614 475.441 206.804 
390.893 171.964 417.284 207.059 442.506 171.115 416.115 136.02 
371.04 71.219 370.39 115.124 411.946 129.31 412.596 85.405 
342.054 11.842 370.67 45.148 411.188 28.226 382.573 -5.08 
340.392 -35.764 340.64 8.146 382.324 -5.659 382.075 -49.569 
295.022 -53.665 289.985 -10.045 329.913 8.226 334.951 -35.394 
206.693 -18.403 233.145 16.645 274.652 2.319 248.201 -32.73 
202.5 -74.91 200.86 -30.949 243.098 -42.952 244.734 -86.832 
161.27 -89.943 159.634 -46.063 200.86 -30.948 202.499 -74.909 
-60.105 75.486 -61.773 119.364 -20.558 134.51 -18.89 90.631 
-88.915 153.881 -47.7 169.028 -20.558 134.511 -61.773 119.364 
2.655 416.735 44.118 431.187 70.676 396.218 29.212 381.766 
44.121 431.187 69.164 467.256 95.729 432.293 70.686 396.224 
319.002 424.93 344.182 460.903 370.613 425.838 345.432 389.866 
345.477 389.832 370.623 425.829 412.628 413.038 387.482 377.041 
425.463 127.389 450.257 163.629 492.386 151.247 467.591 115.007 
426.702 83.497 425.461 127.389 467.589 115.007 468.83 71.114 
261.193 -89.747 260.482 -45.843 285.712 -9.906 286.423 -53.81 
161.27 -89.943 202.5 -74.91 244.734 -86.832 203.507 -101.947 
110.721 -50.437 108.341 -6.591 136.039 -40.664 138.419 -84.509 
-58.583 63.113 -16.204 74.604 24.837 58.991 -17.543 47.499 
-87.246 110.003 -88.915 153.881 -61.773 119.364 -60.104 75.486 
-90.861 177.105 -65.773 213.143 -24.294 227.551 -49.382 191.514 
-12.506 365.235 -13.317 409.138 13.143 374.096 13.954 330.194 
2.655 416.734 27.701 452.8 69.164 467.256 44.116 431.19 
91.944 476.04 133.758 462.633 159.706 427.21 117.892 440.617 
265.616 422.984 290.697 459.025 332.173 473.441 307.092 437.4 
344.182 460.902 386.181 448.09 412.628 413.037 370.629 425.85 
402.139 315.197 401.989 359.106 427.677 394.718 427.827 350.809 
431.487 213.62 473.557 201.041 500.198 166.136 458.128 178.715 
468.832 71.114 467.591 115.007 492.386 151.246 493.627 107.354 
372.829 49.591 414.339 63.91 456.337 51.095 414.827 36.776 
