157.245 230.11 150.416 273.486 193.779 266.577 200.609 223.201 
214.989 223.404 207.184 266.615 245.868 287.391 253.673 244.18 
219.068 211.59 258.11 231.685 289.285 200.763 250.243 180.668 
188.808 164.842 208.77 203.953 239.797 172.883 219.836 133.772 
134.739 178.173 153.708 217.775 197.233 211.972 178.264 172.37 
117.833 192.457 111.672 235.933 132.242 274.727 138.403 231.251 
159.128 293.545 199.269 311.343 242.206 302.147 202.064 284.349 
273.187 241.614 269.006 285.325 298.08 252.42 302.261 208.709 
236.062 120.143 255.355 159.587 294.149 180.157 274.856 140.713 
128.951 163.363 172.067 155.05 202.063 122.981 158.947 131.295 
53.808 122.514 90.344 146.87 124.798 119.649 88.262 95.293 
54.601 172.376 42.017 214.444 78.138 239.412 90.722 197.344 
1.54 256.851 38.521 280.524 72.464 252.667 35.482 228.994 
54.644 292.8 69.651 334.066 104.261 307.042 89.254 265.776 
122.608 346.935 160.11 369.775 193.421 341.166 155.919 318.326 
175.563 381.28 193.513 421.354 226.078 391.899 208.13 351.826 
222.796 341.534 240.155 381.867 283.878 377.821 266.519 337.488 
291.937 295.897 310.393 335.74 342.583 305.875 324.126 266.032 
339.51 254.371 357.692 294.34 401.323 289.399 383.141 249.43 
342.439 195.528 334.347 238.686 377.893 233.045 385.985 189.887 
297.202 118.727 314.794 158.958 358.493 154.658 340.901 114.427 
298.689 58.999 291.289 102.281 334.739 95.944 342.139 52.662 
247.15 36.779 237.942 79.712 275.928 101.737 285.137 58.804 
156.061 63.049 147.245 106.065 190.88 101.156 199.696 58.141 
104.802 39.02 93.961 81.57 131.079 105.03 141.92 62.479 
40.975 59.91 21.1 99.065 60.194 79.071 80.069 39.916 
-3.23 208.289 -5.586 252.136 22.092 218.048 24.448 174.202 
-4.798 287.695 9.65 329.159 45.712 354.213 31.263 312.748 
117.466 380.24 143.113 415.881 184.811 429.641 159.164 394.0 
217.137 434.888 260.861 430.845 293.857 401.874 250.133 405.917 
339.501 349.677 381.07 335.53 406.385 299.652 364.816 313.798 
417.821 186.38 406.379 228.773 422.042 269.795 433.483 227.402 
359.017 49.966 357.375 93.845 381.837 130.309 383.479 86.43 
257.117 1.343 290.511 29.855 334.287 33.292 300.892 4.781 
108.241 27.418 148.22 45.577 191.238 36.768 151.258 18.609 
60.431 -74.975 58.376 -31.113 99.456 -15.605 101.511 -59.467 
-20.405 1.921 -6.726 43.646 28.73 17.742 15.049 -23.983 
-50.127 50.31 -43.267 93.681 -12.225 124.737 -19.085 81.366 
-98.482 124.95 -77.219 163.368 -34.11 155.018 -55.373 116.599 
-102.734 209.004 -59.288 202.638 -27.881 171.951 -71.327 178.317 
-90.563 233.459 -107.43 274.001 -63.661 277.514 -46.794 236.973 
-77.286 319.257 -64.883 361.379 -20.989 362.598 -33.392 320.477 
-19.307 406.476 23.023 418.151 64.13 402.716 21.801 391.041 
39.702 439.203 37.512 483.058 79.898 471.589 82.088 427.734 
100.376 425.969 95.352 469.591 116.928 507.834 121.952 464.213 
151.586 458.349 144.77 501.727 183.919 521.614 190.735 478.236 
236.12 467.121 222.27 508.79 266.179 509.085 280.029 467.416 
322.333 435.297 322.327 479.207 348.141 443.687 348.148 399.777 
375.55 392.589 372.393 436.386 413.07 452.922 416.228 409.126 
378.386 379.359 419.388 395.073 461.796 383.686 420.794 367.972 
423.941 339.9 463.684 358.569 493.721 326.539 453.978 307.87 
473.666 221.657 459.085 263.076 493.97 289.742 508.551 248.324 
434.701 135.707 459.33 172.06 500.622 186.994 475.994 150.641 
437.134 110.743 477.8 127.308 506.121 93.751 465.455 77.186 
424.19 60.077 423.728 103.985 449.91 68.734 450.372 24.826 
385.603 6.195 402.797 46.599 435.91 17.76 418.715 -22.643 
306.608 -38.976 341.394 -12.18 377.627 -36.984 342.841 -63.78 
219.296 -28.599 260.982 -42.396 286.597 -78.061 244.911 -64.264 
172.812 -74.393 197.099 -37.811 224.385 -72.213 200.099 -108.795 
116.931 -73.617 138.054 -35.121 177.771 -16.394 156.647 -54.889 
123.962 -115.088 158.45 -87.909 194.956 -112.31 160.468 -139.489 
0.747 -144.216 2.502 -100.341 43.687 -115.568 41.933 -159.443 
-80.702 -118.077 -65.445 -76.903 -21.571 -78.691 -36.829 -119.865 
-106.286 -73.019 -100.916 -29.438 -57.809 -21.079 -63.179 -64.659 
-100.375 55.361 -110.557 98.074 -66.788 94.559 -56.606 51.846 
-135.841 148.022 -125.442 190.683 -88.083 167.61 -98.481 124.95 
-194.455 270.664 -188.034 314.102 -144.738 321.419 -151.159 277.981 
-197.77 390.882 -155.112 401.291 -132.03 363.937 -174.688 353.528 
-138.409 407.38 -134.579 451.123 -94.161 433.963 -97.991 390.22 
-20.101 426.421 -22.728 470.253 18.147 486.296 20.773 442.464 
39.061 487.727 59.137 526.779 102.481 519.753 82.405 480.701 
145.664 600.536 188.798 608.759 209.947 570.278 166.814 562.055 
228.435 610.105 255.293 644.843 280.031 608.565 253.173 573.827 
283.073 549.614 292.962 592.396 336.706 596.21 326.817 553.429 
342.217 487.195 383.516 502.109 410.462 467.44 369.162 452.525 
426.02 409.144 421.04 452.771 464.071 444.025 469.05 400.399 
525.786 356.539 555.393 388.966 577.085 350.788 547.478 318.36 
564.077 279.345 591.16 313.908 632.401 298.832 605.318 264.269 
569.584 205.014 552.363 245.406 596.1 249.302 613.321 208.91 
490.506 134.791 514.651 171.467 542.071 137.17 517.926 100.494 
476.872 20.894 469.76 64.224 508.772 84.378 515.884 41.048 
424.228 -77.817 455.354 -46.844 494.429 -66.875 463.303 -97.847 
396.264 -141.951 402.624 -98.504 441.979 -117.978 435.619 -161.425 
360.579 -174.725 335.067 -138.987 361.172 -103.68 386.684 -139.418 
217.435 -123.929 236.634 -84.439 280.124 -90.495 260.926 -129.985 
209.417 -192.74 203.3 -149.176 246.542 -156.806 252.648 -200.29 
169.939 -211.906 163.83 -168.423 203.297 -149.176 209.417 -192.74 
-174.04 45.03 -175.78 88.906 -134.589 104.119 -132.849 60.244 
-202.986 123.373 -161.799 138.596 -134.593 104.13 -175.78 88.906 
-49.948 530.26 -7.85 542.742 17.03 506.561 -25.069 494.079 
-7.286 543.122 17.689 579.238 44.32 544.326 19.346 508.21 
405.63 511.083 431.132 546.828 457.247 511.528 431.744 475.783 
432.911 474.964 457.511 511.336 499.705 499.18 475.105 462.808 
534.764 80.743 558.269 117.832 600.807 106.939 577.302 69.85 
537.584 36.879 534.751 80.697 577.301 69.85 580.133 26.031 
285.619 -211.414 282.023 -167.652 304.835 -130.133 308.432 -173.896 
169.937 -211.904 209.417 -192.741 252.648 -200.29 213.179 -219.534 
94.937 -175.694 78.417 -135.01 115.696 -158.214 132.216 -198.897 
-176.366 12.377 -134.561 25.808 -92.845 12.102 -134.65 -1.33 
-201.238 79.503 -202.979 123.379 -175.781 88.906 -174.04 45.03 
-198.641 162.487 -193.89 206.14 -164.388 238.663 -169.139 195.011 
-87.41 477.349 -91.658 521.053 -62.533 488.193 -58.285 444.489 
-49.948 530.26 -24.068 565.732 17.72 579.218 -8.161 543.745 
51.881 587.581 95.77 586.227 130.482 559.335 86.593 560.688 
347.032 526.543 369.342 564.363 409.621 581.846 387.312 544.026 
431.116 546.817 473.151 534.122 499.696 499.144 457.661 511.839 
511.513 387.376 501.39 430.103 518.315 470.62 528.438 427.893 
553.049 179.686 595.835 169.816 624.649 136.682 581.862 146.552 
580.099 26.028 577.304 69.849 600.8 106.944 603.595 63.123 
479.169 -25.702 515.178 -0.574 559.08 -1.41 523.071 -26.538 
