155.171 237.055 145.906 279.976 189.59 275.525 198.855 232.603 
218.633 232.879 208.145 275.518 245.457 298.669 255.944 256.03 
224.846 213.679 262.397 236.439 295.647 207.759 258.096 184.999 
193.458 162.057 210.34 202.593 243.674 174.012 226.794 133.476 
133.369 176.106 149.144 217.085 192.992 214.745 177.216 173.766 
108.467 200.547 99.604 243.554 117.712 283.556 126.575 240.55 
158.228 306.257 197.488 325.924 240.809 318.758 201.55 299.092 
284.591 250.254 278.45 293.732 308.974 262.167 315.115 218.688 
248.016 115.369 264.429 156.096 301.646 179.397 285.233 138.67 
123.73 153.326 167.351 148.299 199.687 118.591 156.065 123.619 
34.389 108.978 68.208 136.984 105.294 113.474 71.475 85.468 
47.149 175.514 30.414 216.11 63.851 244.571 80.587 203.976 
-16.299 267.016 18.415 293.904 54.715 269.197 20.0 242.309 
36.714 309.249 47.505 351.813 84.651 328.398 73.861 285.834 
118.062 356.891 153.221 383.195 189.103 357.885 153.944 331.581 
177.111 400.126 191.791 441.51 226.612 414.76 211.933 373.377 
230.09 361.34 244.515 402.813 288.416 401.909 273.991 360.436 
300.594 305.269 315.637 346.521 350.222 319.466 335.177 278.213 
357.44 260.206 372.414 301.484 416.299 299.999 401.325 258.721 
362.783 199.628 352.176 242.238 395.978 239.159 406.585 196.549 
311.874 114.496 325.471 156.248 369.381 156.217 355.784 114.466 
314.53 49.445 303.842 92.035 347.65 89.038 358.338 46.449 
261.85 22.954 248.491 64.782 284.145 90.413 297.503 48.584 
161.643 54.688 147.165 96.143 191.064 97.102 205.542 55.648 
93.484 29.73 78.786 71.107 113.597 97.872 128.294 56.495 
23.133 43.592 -2.237 79.431 39.354 65.349 64.724 29.51 
-25.782 215.766 -28.949 259.562 -0.645 225.992 2.522 182.196 
-24.59 302.765 -14.752 345.558 18.361 374.396 8.522 331.602 
113.944 402.827 139.599 438.463 181.3 452.214 155.645 416.578 
221.381 458.356 265.29 458.06 300.639 432.011 256.73 432.308 
356.438 362.934 397.973 348.691 423.205 312.753 381.669 326.997 
446.207 192.439 430.433 233.418 441.758 275.843 457.532 234.864 
378.386 43.134 375.332 86.937 398.607 124.17 401.662 80.367 
274.529 -20.817 304.243 11.512 347.285 20.201 317.571 -12.128 
97.806 -0.295 136.433 20.588 179.957 14.78 141.331 -6.104 
49.073 -103.136 36.218 -61.15 72.177 -35.949 85.032 -77.936 
-42.359 -24.292 -43.617 19.6 -1.485 7.232 -0.228 -36.66 
-79.74 44.564 -68.241 86.942 -34.031 114.468 -45.529 72.09 
-121.654 119.905 -106.551 161.135 -62.671 159.512 -77.774 118.282 
-139.669 201.74 -96.075 206.998 -57.716 185.628 -101.311 180.37 
-114.382 246.911 -140.727 282.039 -99.176 296.24 -72.831 261.111 
-101.71 340.077 -96.2 383.639 -53.067 391.861 -58.576 348.298 
-37.771 433.021 5.147 442.304 45.324 424.588 2.407 415.305 
31.12 466.136 27.494 509.896 70.233 499.822 73.859 456.062 
99.152 455.557 87.343 497.849 102.649 539.006 114.457 496.713 
156.479 488.435 142.876 530.185 178.379 556.024 191.982 514.274 
248.263 498.534 228.95 537.969 272.423 544.15 291.736 504.716 
334.557 459.897 335.636 503.793 360.564 467.646 359.485 423.749 
395.475 411.277 390.435 454.896 430.363 473.169 435.403 429.549 
400.684 392.517 439.335 413.356 482.852 407.497 444.202 386.658 
449.312 348.059 485.774 372.526 520.311 345.408 483.848 320.942 
509.853 226.054 489.502 264.963 520.219 296.341 540.57 257.432 
459.307 134.515 484.308 170.613 525.751 185.122 500.751 149.024 
461.06 100.253 500.552 119.449 531.012 87.821 491.52 68.626 
450.53 46.717 444.455 90.204 474.932 58.593 481.007 15.105 
408.752 -16.789 418.796 25.956 456.346 3.194 446.3 -39.552 
322.505 -72.099 351.912 -39.491 392.012 -57.382 362.605 -89.991 
223.025 -48.297 264.219 -63.5 288.61 -100.013 247.415 -84.81 
167.943 -101.649 186.648 -61.922 218.65 -91.988 199.945 -131.715 
112.698 -109.251 127.808 -68.022 164.265 -43.548 149.156 -84.777 
125.892 -149.108 155.908 -117.059 195.664 -135.702 165.648 -167.751 
-6.175 -179.378 -13.122 -136.021 30.26 -142.812 37.207 -186.169 
-100.158 -147.727 -92.401 -104.508 -48.9 -98.529 -56.656 -141.748 
-135.643 -91.037 -123.967 -48.708 -80.102 -46.732 -91.778 -89.061 
-123.977 45.303 -136.929 87.26 -93.023 86.612 -80.072 44.655 
-162.073 137.062 -158.246 180.805 -117.827 163.647 -121.654 119.905 
-225.831 273.274 -226.538 317.178 -185.0 331.417 -184.294 287.513 
-235.24 403.35 -193.814 417.909 -167.166 383.009 -208.592 368.45 
-167.27 426.918 -171.329 470.641 -128.493 460.99 -124.433 417.269 
-37.122 454.195 -44.015 497.561 -4.902 517.517 1.991 474.152 
27.719 510.809 43.918 551.623 87.739 548.829 71.54 508.016 
138.478 633.467 180.578 645.944 205.454 609.76 163.354 597.283 
230.899 645.544 255.657 681.81 282.496 647.057 257.739 610.792 
295.418 581.557 299.18 625.305 341.95 635.246 338.188 591.498 
357.72 511.463 398.005 528.934 427.069 496.02 386.784 478.549 
445.374 430.376 436.782 473.437 480.391 468.301 488.982 425.24 
554.027 373.539 580.765 408.369 605.629 372.177 578.891 337.346 
595.138 287.857 620.602 323.63 662.493 310.466 637.028 274.694 
605.68 209.205 583.203 246.926 626.024 256.646 648.5 218.925 
518.384 129.876 540.417 167.858 569.732 135.167 547.699 97.184 
508.829 13.557 497.23 55.908 533.924 80.025 545.522 37.675 
454.416 -98.51 482.346 -64.628 523.201 -80.721 495.271 -114.603 
413.599 -168.12 418.13 -124.444 458.268 -142.25 453.737 -185.925 
380.222 -203.465 350.424 -171.214 371.889 -132.908 401.687 -165.159 
223.63 -151.764 238.327 -110.387 282.221 -111.58 267.524 -152.957 
216.863 -224.908 207.271 -181.975 250.986 -186.112 260.56 -228.966 
179.068 -247.242 169.424 -204.404 207.184 -181.994 216.847 -224.911 
-199.069 31.582 -203.413 75.276 -163.199 92.91 -158.855 49.216 
-232.8 107.982 -192.675 125.818 -163.313 93.169 -203.437 75.333 
-70.7 555.388 -27.734 564.442 -5.845 526.377 -48.812 517.323 
-24.936 565.919 -2.63 603.742 26.449 570.84 4.144 533.017 
418.845 539.153 445.465 574.073 470.45 537.964 443.828 503.044 
449.231 499.239 471.73 536.948 514.545 527.203 492.046 489.494 
565.543 77.147 587.845 114.972 630.711 105.45 608.409 67.625 
569.953 33.115 565.465 76.795 608.394 67.566 612.883 23.886 
300.33 -241.701 292.225 -198.546 311.034 -158.868 319.138 -202.024 
179.061 -247.23 216.86 -224.935 260.56 -228.96 222.778 -251.336 
96.79 -210.514 78.297 -170.688 116.667 -192.039 135.16 -231.865 
-201.305 -16.079 -163.363 6.024 -119.676 1.604 -157.617 -20.499 
-228.339 64.307 -232.79 107.991 -203.512 75.266 -199.061 31.583 
-224.934 155.608 -226.796 199.479 -202.515 236.066 -200.654 192.195 
-113.062 502.098 -122.367 545.011 -89.616 515.762 -80.312 472.85 
-70.7 555.388 -44.481 590.611 -2.566 603.696 -28.785 568.473 
37.038 613.454 80.792 617.157 118.366 594.435 74.612 590.732 
363.002 555.446 381.951 595.056 420.565 615.963 401.615 576.353 
445.441 574.056 487.607 561.805 514.52 527.108 472.353 539.36 
536.993 411.833 522.712 453.356 535.565 495.343 549.846 453.82 
583.16 176.973 626.606 170.604 658.011 139.914 614.565 146.284 
612.818 23.878 608.495 67.575 630.682 105.467 635.005 61.77 
512.87 -38.044 546.215 -9.474 589.984 -5.96 556.639 -34.53 
