160.487 220.787 159.681 264.69 201.684 251.891 202.491 207.988 
207.921 207.687 207.619 251.595 249.285 265.451 249.587 221.542 
209.274 202.363 251.065 215.843 276.797 180.263 235.007 166.784 
178.698 163.862 204.532 199.368 230.317 163.827 204.484 128.32 
133.337 179.263 158.419 215.305 200.447 202.588 175.365 166.546 
125.86 185.845 125.515 229.753 151.044 265.479 151.39 221.571 
163.779 274.053 205.45 287.895 247.299 274.6 205.628 260.758 
259.209 220.495 259.113 264.405 284.999 228.938 285.095 185.028 
211.27 122.27 236.94 157.894 278.648 171.626 252.978 136.001 
131.026 173.42 172.91 160.237 199.047 124.952 157.162 138.136 
83.498 154.039 124.688 169.254 151.886 134.781 110.697 119.567 
80.864 171.978 80.443 215.886 122.072 229.854 122.493 185.946 
53.22 252.226 94.603 266.903 121.351 232.08 79.966 217.403 
94.844 267.088 119.292 303.563 146.427 269.041 121.98 232.566 
136.913 311.906 178.56 325.821 204.664 290.512 163.017 276.597 
179.65 326.599 204.589 362.74 231.254 327.854 206.316 291.713 
206.74 291.422 231.38 327.767 273.56 315.564 248.921 279.219 
261.139 265.801 286.791 301.439 312.758 266.029 287.105 230.391 
288.34 229.495 313.463 265.508 355.477 252.744 330.354 216.731 
289.445 184.94 288.141 228.831 330.286 216.508 331.591 172.618 
255.436 134.105 281.029 169.785 322.871 156.469 297.278 120.789 
255.779 88.617 254.92 132.519 296.938 119.769 297.797 75.868 
213.692 73.976 212.569 117.871 253.97 132.503 255.092 88.608 
155.819 89.838 155.508 133.747 197.364 120.475 197.675 76.566 
112.361 74.97 110.947 118.858 152.249 133.764 153.663 89.877 
84.427 108.912 81.842 152.746 109.699 118.803 112.284 74.969 
52.044 208.238 53.09 252.136 78.045 216.007 77.0 172.11 
53.222 252.227 77.671 288.7 118.89 303.836 94.44 267.363 
135.987 315.061 162.509 350.056 204.535 362.78 178.013 327.784 
204.689 362.813 246.802 350.377 273.561 315.563 231.449 327.999 
288.448 302.599 330.061 288.585 355.491 252.787 313.877 266.801 
331.872 172.624 330.658 216.517 355.475 252.742 356.69 208.848 
297.82 75.868 298.581 119.772 325.001 154.843 324.24 110.94 
214.359 72.068 255.459 87.522 297.794 75.866 256.694 60.412 
112.665 73.934 154.649 86.8 196.176 72.531 154.193 59.665 
85.499 33.996 111.072 69.691 152.922 56.401 127.349 20.706 
56.47 69.592 80.673 106.229 108.037 71.888 83.833 35.251 
53.312 71.888 50.185 115.686 73.398 152.958 76.525 109.16 
-1.385 138.38 24.911 173.544 66.481 159.401 40.185 124.236 
5.364 220.125 46.63 205.118 71.192 168.721 29.927 183.728 
6.347 222.593 6.87 266.5 48.467 252.434 47.944 208.528 
6.891 266.554 30.811 303.376 73.223 292.005 49.303 255.183 
33.356 310.4 74.809 324.884 116.858 312.236 75.405 297.752 
80.113 336.276 80.871 380.179 122.392 365.892 121.634 321.988 
129.456 321.145 130.228 365.049 156.658 400.114 155.887 356.21 
161.194 355.724 162.539 399.613 204.696 411.897 203.351 368.007 
206.582 368.001 205.018 411.883 247.236 399.81 248.799 355.928 
255.307 355.496 254.921 399.405 281.041 364.109 281.427 320.201 
291.604 318.837 292.305 362.741 334.277 375.642 333.577 331.738 
293.094 312.284 335.041 325.264 376.607 311.109 334.659 298.129 
335.939 292.106 378.145 304.222 402.71 267.826 360.505 255.71 
363.25 208.613 361.549 252.49 402.753 267.667 404.454 223.79 
339.747 165.502 365.041 201.395 406.602 215.565 381.308 179.672 
341.545 156.512 383.467 169.577 408.847 133.745 366.925 120.68 
334.952 109.353 335.994 153.25 360.954 117.124 359.912 73.226 
302.513 71.626 329.538 106.234 354.101 69.837 327.075 35.229 
258.561 54.036 299.65 69.523 327.075 35.231 285.986 19.744 
210.166 62.293 252.321 50.004 279.201 15.283 237.046 27.573 
177.335 24.341 204.334 58.97 228.924 22.591 201.925 -12.037 
127.35 20.705 155.196 54.657 197.68 65.757 169.834 31.806 
130.047 5.18 171.26 20.331 198.406 -14.183 157.193 -29.334 
63.142 -28.529 68.518 15.05 108.304 -3.529 102.928 -47.109 
20.673 -39.675 23.197 4.162 65.669 15.309 63.145 -28.529 
-9.305 33.687 28.819 55.475 61.32 25.95 23.197 4.162 
-5.401 89.452 -3.627 133.326 37.552 118.082 35.778 74.208 
-32.657 176.368 -8.238 212.861 18.923 178.36 -5.495 141.866 
-65.0 225.413 -59.087 268.922 -15.879 276.744 -21.792 233.234 
-84.752 304.625 -42.931 318.011 -17.277 282.374 -59.097 268.988 
-39.071 320.493 -16.619 358.229 12.331 325.215 -10.12 287.479 
30.901 324.642 32.197 368.533 74.34 380.863 73.044 336.973 
82.152 383.465 107.356 419.421 149.341 406.563 124.137 370.606 
139.973 463.19 182.631 473.6 205.714 436.247 163.056 425.837 
185.36 475.151 211.315 510.569 236.978 474.939 211.023 439.522 
218.777 433.249 242.336 470.304 284.857 459.348 261.298 422.294 
265.739 405.264 307.762 418.001 332.86 381.971 290.837 369.234 
337.761 331.585 337.259 375.492 379.172 362.402 379.675 318.495 
401.84 311.729 429.658 345.704 453.374 308.749 425.557 274.774 
430.409 270.642 456.362 306.062 498.068 292.325 472.115 256.905 
429.62 217.686 426.927 261.513 469.442 250.531 472.134 206.703 
388.63 172.724 414.987 207.844 440.244 171.924 413.887 136.804 
368.742 72.453 368.151 116.359 409.725 130.489 410.316 86.583 
340.625 14.754 369.01 48.256 409.644 31.613 381.259 -1.889 
338.906 -33.056 339.124 10.853 380.817 -2.923 380.599 -46.832 
293.524 -50.597 288.906 -6.93 329.008 10.956 333.626 -32.711 
206.548 -16.061 232.997 18.989 274.505 4.664 248.056 -30.385 
202.58 -71.94 201.084 -27.974 243.282 -40.114 244.776 -83.998 
161.302 -86.839 159.808 -42.955 201.083 -27.973 202.58 -71.939 
-57.344 76.191 -58.89 120.074 -17.633 135.105 -16.087 91.222 
-85.936 154.667 -44.679 169.699 -17.633 135.106 -58.89 120.074 
3.968 414.064 45.454 428.45 71.956 393.439 30.469 379.053 
45.455 428.449 70.563 464.472 97.065 429.461 71.957 393.438 
316.871 422.864 342.111 458.795 368.484 423.686 343.243 387.756 
343.293 387.718 368.495 423.675 410.481 410.818 385.278 374.86 
422.764 128.702 447.644 164.883 489.743 152.402 464.862 116.221 
423.9 84.8 422.759 128.695 464.859 116.215 465.999 72.32 
260.61 -86.675 259.889 -42.771 285.112 -6.828 285.832 -50.733 
161.302 -86.839 202.581 -71.939 244.776 -83.998 203.501 -98.98 
112.178 -47.659 110.137 -3.796 137.57 -38.082 139.611 -81.945 
-55.734 64.158 -13.435 75.943 27.713 60.615 -14.586 48.83 
-84.389 110.784 -85.935 154.667 -58.89 120.074 -57.344 76.191 
-87.978 177.0 -62.683 212.893 -21.122 227.063 -46.417 191.17 
-10.448 362.753 -11.262 406.655 15.201 371.616 16.015 327.713 
3.968 414.066 29.076 450.088 70.563 464.472 45.454 428.45 
92.452 473.129 134.243 459.651 160.13 424.183 118.34 437.661 
263.913 420.321 289.023 456.343 330.511 470.725 305.401 434.703 
342.115 458.798 384.093 445.914 410.481 410.817 368.503 423.701 
399.466 313.824 399.383 357.734 425.126 393.307 425.209 349.397 
428.415 214.211 470.471 201.586 497.074 166.652 455.018 179.277 
465.998 72.32 464.87 116.216 489.758 152.391 490.887 108.495 
370.604 51.707 412.16 65.891 454.117 52.94 412.56 38.756 
