146.047 240.691 130.08 281.595 173.917 284.14 189.883 243.236 
222.218 244.326 204.674 284.579 237.536 313.703 255.079 273.45 
231.896 213.122 265.985 240.799 302.841 216.93 268.752 189.253 
198.126 153.301 209.609 195.684 246.368 171.666 234.886 129.284 
129.415 166.058 137.756 209.168 181.334 214.558 172.993 171.447 
94.386 202.304 79.502 243.615 91.742 285.785 106.626 244.474 
150.126 321.046 186.545 345.577 230.427 344.016 194.008 319.486 
299.532 260.715 287.586 302.969 322.086 275.805 334.031 233.551 
265.784 101.777 276.089 144.46 309.516 172.934 299.21 130.25 
113.173 127.575 156.88 131.797 194.722 109.524 151.015 105.301 
5.35 87.788 30.38 123.866 72.427 111.211 47.397 75.133 
37.378 167.215 11.222 202.484 36.683 238.259 62.839 202.99 
-37.445 285.329 -3.175 312.78 33.524 288.67 -0.747 261.218 
16.138 328.992 19.43 372.779 60.057 356.117 56.764 312.33 
102.887 365.795 132.866 397.879 172.644 379.282 142.665 347.198 
182.851 421.99 193.209 464.661 230.59 441.624 220.234 398.954 
243.787 385.845 252.334 428.915 295.937 434.095 287.39 391.025 
311.159 318.334 319.788 361.387 358.068 339.876 349.439 296.822 
382.219 261.781 392.685 304.425 436.477 307.65 426.011 265.005 
394.218 198.127 377.629 238.783 421.421 241.997 438.01 201.342 
332.983 104.857 339.229 148.321 382.496 155.811 376.25 112.348 
329.677 25.317 313.928 66.306 357.778 68.617 373.526 27.629 
276.191 -10.134 253.039 27.176 281.368 60.725 304.521 23.415 
170.769 28.141 143.859 62.839 185.174 77.71 212.084 43.013 
74.714 8.841 57.862 49.389 91.217 77.946 108.069 37.398 
-8.45 20.025 -38.706 51.847 4.477 43.887 34.733 12.064 
-61.16 230.889 -64.892 274.64 -36.157 241.438 -32.425 197.687 
-46.913 316.654 -42.731 360.364 -13.654 393.268 -17.837 349.558 
110.567 435.706 138.224 469.812 180.645 481.148 152.988 447.042 
225.354 485.221 268.923 490.678 307.379 469.483 263.809 464.026 
382.323 376.479 423.572 361.425 448.095 325.001 406.846 340.055 
483.524 200.162 461.74 238.287 466.525 281.936 488.31 243.811 
401.425 21.056 396.993 64.742 419.085 102.69 423.517 59.004 
294.121 -58.662 318.439 -22.101 359.603 -6.815 335.285 -43.377 
76.862 -35.713 113.569 -11.614 157.43 -13.694 120.723 -37.792 
20.161 -134.37 10.638 -91.505 48.463 -69.202 57.985 -112.068 
-64.238 -57.077 -74.503 -14.383 -30.727 -17.814 -20.463 -60.508 
-110.932 10.131 -106.531 53.82 -77.291 86.578 -81.692 42.889 
-143.093 110.737 -142.236 154.639 -100.218 167.39 -101.075 123.488 
-181.743 189.695 -146.423 215.784 -102.515 216.129 -137.835 190.04 
-144.988 259.671 -178.863 287.609 -141.824 311.193 -107.949 283.254 
-125.092 351.79 -130.745 395.334 -91.078 414.166 -85.425 370.622 
-70.928 453.179 -27.56 460.059 11.569 440.134 -31.798 433.254 
11.96 484.042 0.868 526.528 44.702 523.948 55.794 481.462 
96.783 484.331 73.579 521.609 76.718 565.407 99.922 528.129 
161.243 520.539 134.415 555.3 159.184 591.557 186.012 556.796 
255.963 532.632 228.706 567.058 269.87 582.342 297.127 547.916 
339.275 499.661 340.819 543.544 365.363 507.135 363.819 463.252 
415.444 436.017 404.939 478.652 442.242 501.817 452.746 459.182 
426.809 405.216 459.334 434.717 502.986 439.466 470.462 409.965 
481.637 353.338 508.517 388.06 549.845 373.225 522.965 338.504 
553.701 232.625 525.856 266.577 549.543 303.551 577.387 269.598 
494.354 138.86 519.439 174.9 560.917 189.311 535.832 153.272 
489.511 81.387 524.928 107.343 560.558 81.68 525.141 55.724 
484.24 22.501 467.246 62.989 504.793 40.223 521.787 -0.265 
435.932 -55.111 430.9 -11.49 473.941 -20.184 478.972 -63.805 
341.024 -117.362 361.566 -78.553 404.823 -86.099 384.28 -124.907 
233.623 -84.093 275.179 -98.276 300.461 -134.177 258.905 -119.994 
155.35 -138.426 159.197 -94.685 199.608 -111.861 195.762 -155.602 
99.686 -158.969 101.79 -115.109 129.272 -80.862 127.168 -124.722 
117.685 -192.4 143.548 -156.915 185.289 -170.548 159.425 -206.033 
-14.954 -222.822 -35.392 -183.958 7.885 -176.53 28.324 -215.393 
-122.9 -184.352 -113.083 -141.554 -69.346 -137.665 -79.163 -180.463 
-155.292 -127.195 -143.696 -84.844 -99.834 -82.786 -111.431 -125.137 
-184.445 26.833 -197.265 68.83 -153.362 68.044 -140.542 26.047 
-190.637 115.278 -200.053 158.167 -156.354 153.869 -146.937 110.981 
-260.301 260.107 -269.794 302.979 -231.954 325.256 -222.461 282.384 
-282.86 394.932 -244.402 416.124 -212.363 386.097 -250.821 364.905 
-204.727 429.338 -216.328 471.688 -172.467 469.634 -160.865 427.285 
-69.188 474.028 -80.041 516.576 -42.93 540.046 -32.077 497.498 
1.524 531.929 12.448 574.459 56.272 577.212 45.347 534.682 
114.726 664.823 154.238 683.979 184.666 652.322 145.155 633.165 
215.682 683.403 235.768 722.449 266.696 691.28 246.611 652.234 
294.935 618.395 289.429 661.958 329.159 680.656 334.665 637.093 
370.439 550.75 408.699 572.296 441.014 542.567 402.754 521.02 
465.16 461.765 450.104 503.013 493.986 504.586 509.042 463.338 
584.968 399.579 606.121 438.058 636.18 406.05 615.027 367.571 
630.417 307.131 652.679 344.979 695.555 335.503 673.292 297.654 
648.525 223.94 619.387 256.789 659.633 274.351 688.771 241.502 
560.084 125.588 577.946 165.701 610.576 136.318 592.715 96.205 
552.419 2.163 533.853 41.955 565.96 71.909 584.526 32.117 
490.363 -129.587 512.778 -91.829 555.614 -101.478 533.2 -139.236 
439.323 -200.975 441.561 -157.122 482.576 -172.801 480.339 -216.654 
406.339 -237.547 372.905 -209.082 389.645 -168.488 423.079 -196.953 
229.333 -202.906 239.432 -160.174 283.195 -156.574 273.096 -199.306 
234.337 -267.537 222.274 -225.231 266.155 -226.828 278.196 -269.055 
186.623 -300.595 165.781 -261.947 196.098 -230.182 216.979 -268.903 
-221.878 -1.63 -237.572 39.38 -203.42 66.978 -187.726 25.969 
-280.878 62.345 -251.212 94.719 -211.256 76.51 -240.921 44.136 
-109.542 564.755 -67.26 576.599 -42.929 540.046 -85.212 528.202 
-61.833 579.678 -48.239 621.431 -12.73 595.6 -26.324 553.847 
419.161 580.653 445.472 615.806 470.775 579.919 444.462 544.766 
461.722 534.371 475.14 576.18 519.05 576.339 505.632 534.529 
610.583 80.952 629.119 120.757 672.705 115.429 654.168 75.623 
625.0 27.284 609.374 68.32 653.23 70.5 668.856 29.464 
331.003 -278.25 310.566 -239.386 316.876 -195.932 337.313 -234.796 
194.153 -316.071 229.083 -289.504 272.953 -288.385 238.051 -315.03 
87.611 -252.387 72.045 -211.329 108.772 -235.396 124.337 -276.455 
-206.135 -77.1 -193.421 -35.07 -158.431 -8.541 -171.145 -50.571 
-265.587 19.342 -282.508 59.861 -245.002 37.026 -228.082 -3.493 
-262.423 137.174 -267.065 180.838 -245.156 218.892 -240.513 175.228 
-151.311 508.11 -170.273 547.715 -131.654 526.82 -112.691 487.215 
-109.539 564.746 -88.05 603.038 -48.157 621.386 -69.647 583.094 
4.281 636.082 46.882 646.724 87.602 630.293 45.001 619.651 
368.633 590.264 378.39 633.076 411.448 661.977 401.691 619.165 
445.481 615.813 488.686 607.975 519.032 576.238 475.828 584.077 
564.394 451.729 543.613 490.411 549.538 533.92 570.318 495.238 
618.901 179.432 662.711 182.386 699.892 159.025 656.081 156.071 
671.163 29.982 660.384 72.548 676.684 113.321 687.463 70.755 
557.159 -57.595 586.778 -25.179 629.794 -16.363 600.175 -48.78 
