156.596 232.418 149.012 275.668 192.489 269.516 200.073 226.266 
216.297 226.483 207.604 269.524 245.853 291.092 254.545 248.051 
221.032 212.638 259.63 233.574 291.467 203.334 252.87 182.399 
190.251 164.385 209.338 203.93 241.048 173.557 221.962 134.012 
134.388 177.903 152.413 217.943 196.064 213.173 178.038 173.133 
115.016 194.932 108.052 238.286 127.9 277.454 134.865 234.1 
158.919 297.819 198.801 316.19 241.865 307.61 201.982 289.239 
276.75 244.703 271.974 288.353 301.494 255.846 306.269 212.197 
240.066 118.596 258.417 158.487 296.712 179.973 278.36 140.082 
127.598 160.985 170.856 153.446 201.421 121.92 158.163 129.459 
48.536 118.984 84.48 144.205 119.574 117.814 83.63 92.593 
51.849 173.588 37.985 215.251 73.325 241.312 87.189 199.649 
-4.441 259.305 31.82 284.068 66.576 257.233 30.315 232.47 
48.969 297.459 62.699 339.167 98.123 313.221 84.394 271.513 
121.239 350.554 158.016 374.546 192.198 346.984 155.421 322.992 
175.553 387.616 192.432 428.153 225.768 399.573 208.889 359.037 
224.768 348.055 241.195 388.777 284.999 385.738 268.573 345.016 
294.777 299.239 312.143 339.569 345.133 310.59 327.766 270.26 
345.288 256.804 362.41 297.239 406.156 293.451 389.035 253.016 
348.9 197.289 340.015 240.291 383.658 235.452 392.543 192.451 
302.013 117.538 318.306 158.313 362.12 155.417 345.827 114.642 
303.93 56.228 295.504 99.323 339.093 94.019 347.518 50.925 
252.1 32.781 241.73 75.449 279.106 98.496 289.475 55.828 
157.729 61.187 147.392 103.863 191.174 100.506 201.51 57.83 
101.795 36.445 89.791 78.683 126.252 103.151 138.256 60.914 
35.112 55.196 13.22 93.259 53.305 75.333 75.197 37.27 
-10.022 210.138 -12.648 253.97 15.239 220.053 17.865 176.221 
-11.294 292.384 1.647 334.343 36.78 360.682 23.839 318.723 
116.042 387.443 141.644 423.117 183.325 436.93 157.723 401.256 
218.295 442.841 262.115 440.035 295.916 412.008 252.096 414.814 
344.873 354.499 386.433 340.324 411.723 304.429 370.164 318.603 
427.301 188.585 414.373 230.549 428.581 272.097 441.508 230.133 
365.594 47.993 363.431 91.85 387.458 128.603 389.622 84.746 
263.008 -5.729 295.159 24.178 338.748 29.476 306.598 -0.431 
106.081 19.145 145.673 38.134 188.865 30.225 149.273 11.236 
56.478 -84.366 50.443 -40.873 89.942 -21.692 95.978 -65.185 
-29.078 -5.322 -18.905 37.393 18.576 14.518 8.402 -28.197 
-60.964 50.004 -52.081 93.006 -19.618 122.574 -28.502 79.572 
-106.58 123.408 -86.958 162.69 -43.535 156.167 -63.157 116.885 
-114.774 207.062 -70.971 203.992 -37.34 175.761 -81.143 178.831 
-98.92 237.859 -118.534 277.144 -75.11 283.658 -55.496 244.373 
-85.784 326.251 -75.336 368.9 -31.546 372.142 -41.994 329.493 
-24.801 415.531 17.726 426.465 58.558 410.314 16.031 399.38 
37.085 448.615 34.474 492.448 76.968 481.386 79.579 437.554 
99.71 436.144 92.626 479.479 112.368 518.701 119.451 475.366 
152.917 468.608 144.191 511.642 182.423 533.239 191.149 490.205 
239.948 477.939 224.321 518.974 268.177 521.155 283.803 480.12 
326.87 443.151 327.162 487.06 352.734 451.365 352.442 407.456 
382.799 398.65 379.033 442.399 419.476 459.5 423.242 415.752 
386.21 384.234 426.621 401.411 469.411 391.555 429.0 374.378 
432.586 343.066 471.511 363.387 502.866 332.647 463.941 312.326 
485.842 223.351 469.384 264.06 503.014 292.293 519.473 251.584 
442.888 134.958 467.635 171.23 508.976 186.029 484.229 149.757 
445.13 106.995 485.485 124.302 514.416 91.27 474.061 73.963 
432.961 55.595 430.993 99.461 458.369 65.13 460.338 21.264 
393.586 -1.092 408.789 40.102 443.269 12.913 428.064 -28.281 
312.158 -49.482 345.463 -20.866 382.97 -43.699 349.665 -72.315 
220.43 -35.353 261.956 -49.627 287.16 -85.582 245.635 -71.308 
171.295 -83.209 194.268 -45.788 222.758 -79.201 199.786 -116.622 
115.484 -84.538 135.104 -45.254 174.066 -25.005 154.447 -64.289 
124.246 -126.164 157.456 -97.438 195.039 -120.146 161.829 -148.872 
-1.973 -155.901 -2.865 -112.0 39.163 -124.718 40.055 -168.619 
-88.096 -127.418 -75.075 -85.483 -31.168 -84.908 -44.19 -126.843 
-116.598 -78.883 -109.543 -35.543 -66.144 -28.861 -73.2 -72.201 
-107.065 52.246 -118.987 94.507 -75.11 92.785 -63.189 50.525 
-144.893 144.86 -136.331 187.927 -98.018 166.475 -106.58 123.409 
-205.087 272.139 -200.863 315.845 -157.99 325.334 -162.214 281.628 
-209.73 396.161 -167.38 407.76 -143.261 371.068 -185.611 359.468 
-147.705 414.752 -146.431 458.643 -105.082 443.869 -106.355 399.978 
-25.185 435.776 -29.074 479.514 11.322 496.727 15.21 452.99 
35.505 495.838 54.404 535.473 97.939 529.747 79.04 490.112 
143.952 611.889 186.817 621.414 209.122 583.59 166.257 574.065 
230.384 622.008 256.642 657.202 281.999 621.353 255.741 586.159 
288.117 560.275 296.101 603.453 339.633 609.202 331.649 566.024 
348.019 495.02 389.043 510.677 416.61 476.499 375.586 460.842 
432.947 416.019 426.895 459.51 470.128 451.825 476.179 408.334 
535.619 361.894 564.398 395.058 587.046 357.439 558.266 324.275 
574.842 281.452 601.458 316.376 642.898 301.855 616.281 266.931 
581.842 205.595 562.917 245.218 606.449 250.972 625.373 211.349 
499.797 132.675 523.322 169.752 551.315 135.921 527.79 98.845 
487.226 18.029 478.771 61.117 517.138 82.473 525.593 39.385 
434.325 -84.535 464.563 -52.694 504.188 -71.612 473.951 -103.453 
401.477 -151.12 407.317 -107.601 446.902 -126.604 441.062 -170.124 
366.537 -184.807 339.498 -150.209 364.047 -113.802 391.086 -148.4 
219.132 -133.386 236.965 -93.26 280.637 -97.821 262.805 -137.946 
211.205 -203.254 204.365 -159.797 247.728 -166.709 254.555 -210.085 
172.052 -223.077 165.218 -179.702 204.358 -159.798 211.205 -203.254 
-182.941 41.289 -185.313 85.135 -144.346 100.94 -141.974 57.094 
-213.015 119.204 -172.053 135.023 -144.351 100.953 -185.313 85.135 
-56.127 539.639 -13.731 551.065 10.238 514.273 -32.16 502.848 
-12.658 551.741 11.798 588.211 38.926 553.683 14.471 517.213 
411.184 520.073 437.061 555.547 462.803 519.974 436.925 484.499 
439.14 482.936 463.314 519.592 505.647 507.929 481.473 471.272 
544.88 78.905 568.151 116.142 610.756 105.517 587.485 68.28 
547.99 35.042 544.862 78.84 587.484 68.28 590.612 24.482 
289.234 -221.809 284.677 -178.136 306.66 -140.125 311.217 -183.798 
172.049 -223.072 211.205 -203.255 254.555 -210.084 215.412 -229.982 
95.392 -187.118 78.128 -146.744 115.826 -169.26 133.09 -209.633 
-185.569 3.988 -144.623 19.847 -102.175 8.609 -143.121 -7.25 
-210.633 75.366 -213.007 119.212 -185.314 85.135 -182.941 41.289 
-207.694 160.671 -204.984 204.498 -177.031 238.361 -179.741 194.534 
-95.397 486.696 -100.94 530.254 -70.853 498.273 -65.31 454.714 
-56.127 539.639 -30.031 574.953 11.839 588.183 -14.259 552.869 
47.547 596.738 91.457 596.964 127.113 571.337 83.203 571.111 
353.293 536.172 374.733 574.491 414.603 592.889 393.163 554.57 
437.042 555.533 479.08 542.848 505.634 507.877 463.596 520.562 
520.489 394.995 509.094 437.4 524.8 478.405 536.196 436.0 
563.365 178.146 606.346 169.16 635.837 136.627 592.856 145.613 
590.568 24.477 587.488 68.279 610.742 105.526 613.822 61.724 
490.035 -30.047 525.288 -3.867 569.196 -3.409 533.943 -29.588 
