152.263 241.438 140.689 283.795 184.55 281.713 196.123 239.356 
220.182 239.898 207.2 281.845 243.082 307.155 256.064 265.208 
227.91 214.008 264.081 238.904 298.935 212.197 262.764 187.301 
195.766 158.407 209.975 199.955 245.098 173.603 230.89 132.055 
131.1 172.451 143.758 214.497 187.657 215.452 175.0 173.406 
100.616 206.323 89.006 248.67 104.505 289.754 116.115 247.406 
155.632 314.756 193.923 336.248 237.533 331.129 199.243 309.637 
292.468 255.628 284.362 298.783 316.285 268.635 324.392 225.479 
255.886 110.67 269.855 152.298 305.626 177.765 291.657 136.136 
118.209 142.645 162.1 141.353 196.85 114.51 152.959 115.802 
16.18 99.03 45.952 131.306 85.848 112.965 56.077 80.689 
44.767 175.2 23.805 213.783 54.022 245.643 74.985 207.059 
-25.587 280.808 7.813 309.312 45.244 286.355 11.843 257.851 
24.179 324.884 31.013 368.259 70.153 348.356 63.32 304.981 
112.258 360.82 145.173 389.883 182.986 367.56 150.07 338.497 
181.139 411.432 193.308 453.622 229.672 429.012 217.504 386.822 
237.185 375.038 249.12 417.294 292.996 419.001 281.062 376.744 
305.94 311.308 318.281 353.448 354.545 328.688 342.203 286.548 
369.97 261.614 382.644 303.655 426.544 304.593 413.87 262.552 
377.983 200.106 365.048 242.068 408.953 241.403 421.888 199.442 
321.725 110.375 332.191 153.019 375.983 156.242 365.517 113.598 
323.676 39.359 310.381 81.208 354.29 80.92 367.585 39.071 
270.325 8.637 252.594 48.808 285.32 78.085 303.05 37.914 
165.43 43.804 145.17 82.76 188.481 89.99 208.741 51.033 
83.244 20.768 65.942 61.125 98.977 90.052 116.28 49.694 
6.352 32.975 -20.63 67.617 21.561 55.451 48.544 20.809 
-43.672 227.135 -47.015 270.917 -18.576 237.462 -15.232 193.679 
-36.006 312.132 -29.467 355.552 1.345 386.836 -5.194 343.416 
112.818 419.57 139.061 454.775 180.986 467.831 154.742 432.626 
223.804 472.527 267.64 475.07 304.599 451.361 260.763 448.818 
368.981 370.158 410.432 355.671 435.452 319.586 394.001 334.073 
464.847 196.221 446.228 235.988 454.54 279.104 473.159 239.337 
390.576 34.84 386.74 78.582 409.348 116.225 413.183 72.483 
285.266 -37.612 312.596 -3.245 354.908 8.495 327.578 -25.873 
86.059 -18.186 123.879 4.126 167.589 -0.054 129.77 -22.365 
35.639 -119.536 22.496 -77.639 58.281 -52.193 71.424 -94.09 
-52.343 -42.032 -61.374 0.939 -17.715 -3.752 -8.685 -46.723 
-96.504 27.281 -85.81 69.869 -52.127 98.037 -62.821 55.45 
-132.278 116.83 -124.036 159.959 -80.47 165.448 -88.712 122.318 
-162.138 196.543 -121.101 212.165 -78.72 200.682 -119.757 185.06 
-128.47 255.453 -161.101 284.835 -123.074 306.789 -90.443 277.407 
-113.839 349.717 -115.053 393.61 -73.682 408.328 -72.469 364.435 
-53.386 447.265 -10.141 454.878 29.32 435.619 -13.925 428.006 
22.766 479.037 16.752 522.533 59.978 514.812 65.992 471.316 
98.654 471.963 81.515 512.39 91.411 555.17 108.55 514.744 
159.912 506.354 139.932 545.455 170.946 576.54 190.925 537.438 
254.802 517.062 231.482 554.267 274.073 564.949 297.393 527.743 
339.23 478.356 340.956 522.232 365.349 485.721 363.623 441.845 
406.224 424.067 399.31 467.429 438.413 487.405 445.328 444.043 
414.129 399.425 450.131 424.564 494.033 423.741 458.031 398.602 
465.704 351.412 498.222 380.919 536.334 359.111 503.816 329.604 
532.857 228.659 508.6 265.26 535.914 299.641 560.171 263.04 
475.999 135.526 501.15 171.52 542.654 185.855 517.503 149.862 
476.621 92.826 514.675 114.735 547.271 85.315 509.218 63.405 
468.102 36.441 456.633 78.826 490.825 51.277 502.295 8.892 
423.079 -35.0 425.942 8.816 466.73 -7.448 463.865 -51.264 
331.619 -95.662 356.132 -59.231 398.354 -71.286 373.841 -107.717 
227.002 -62.4 268.046 -78.005 292.077 -114.755 251.034 -99.15 
161.668 -120.832 173.545 -78.558 210.079 -102.917 198.202 -145.19 
107.608 -136.426 115.325 -93.199 146.976 -62.764 139.259 -105.99 
125.628 -173.191 151.499 -137.712 193.237 -151.353 167.365 -186.832 
-7.811 -203.04 -20.99 -161.154 22.918 -161.564 36.097 -203.449 
-108.153 -167.554 -101.906 -124.091 -58.64 -116.601 -64.887 -160.064 
-145.889 -108.834 -131.609 -67.311 -87.705 -68.063 -101.986 -109.585 
-152.375 36.535 -161.925 79.394 -118.213 75.233 -108.663 32.374 
-175.613 126.56 -179.689 170.281 -136.849 160.647 -132.772 116.927 
-244.589 268.9 -250.228 312.446 -210.556 331.267 -204.916 287.72 
-260.773 402.415 -220.857 420.713 -191.12 388.406 -231.035 370.107 
-186.823 432.104 -195.774 475.092 -152.125 470.321 -143.173 427.333 
-51.811 468.721 -61.755 511.491 -24.152 534.164 -14.208 491.395 
16.963 523.635 30.549 565.391 74.459 565.373 60.873 523.618 
129.041 652.155 170.0 667.98 197.708 633.916 156.749 618.091 
226.083 667.426 248.798 705.004 277.517 671.789 254.803 634.21 
298.17 601.655 297.221 645.555 338.679 660.022 339.628 616.123 
365.163 529.63 404.509 549.124 435.206 517.727 395.86 498.234 
455.961 445.617 444.261 487.94 488.127 485.989 499.828 443.666 
570.718 386.421 594.845 423.109 622.282 388.825 598.155 352.138 
613.926 296.687 637.9 333.475 680.296 322.042 656.321 285.254 
628.395 215.572 602.383 250.948 644.065 264.755 670.078 229.38 
537.647 128.157 557.875 167.13 588.691 135.849 568.462 96.876 
531.598 9.353 516.294 50.51 550.707 77.783 566.011 36.626 
474.109 -113.15 499.306 -77.189 541.293 -90.04 516.096 -126.001 
426.922 -184.131 430.143 -140.339 470.796 -156.934 467.576 -200.726 
394.874 -220.733 362.857 -190.682 381.543 -150.946 413.56 -180.997 
227.977 -173.014 239.646 -130.683 283.512 -128.701 271.842 -171.032 
225.39 -247.175 212.898 -204.994 256.793 -206.146 269.262 -248.249 
190.637 -276.566 173.258 -236.242 206.239 -207.252 223.65 -247.652 
-210.5 15.244 -219.069 58.31 -180.758 79.767 -172.19 36.701 
-253.782 86.664 -217.057 110.734 -182.816 83.245 -219.541 59.175 
-88.678 563.896 -45.615 572.471 -24.151 534.164 -67.216 525.589 
-40.611 574.871 -22.221 614.745 10.019 584.934 -8.372 545.06 
421.524 559.451 448.54 594.065 473.112 557.674 446.094 523.059 
456.237 516.173 475.584 555.591 519.052 549.371 499.704 509.953 
587.229 77.553 607.827 116.333 651.073 108.728 630.476 69.948 
594.756 32.076 586.861 75.271 630.381 69.431 638.276 26.237 
315.867 -260.686 302.026 -219.014 315.321 -177.166 329.162 -218.837 
190.625 -276.552 225.395 -249.776 269.258 -248.395 234.516 -275.248 
96.457 -234.179 78.958 -193.907 116.787 -216.202 134.287 -256.474 
-206.509 -47.946 -178.137 -14.433 -135.485 -3.996 -163.857 -37.51 
-243.732 43.928 -253.773 86.675 -220.524 57.994 -210.483 15.247 
-242.051 146.836 -247.6 190.395 -226.486 228.895 -220.938 185.337 
-132.574 509.637 -147.068 551.086 -110.98 526.072 -96.486 484.623 
-88.759 564.314 -63.635 600.325 -22.141 614.691 -47.267 578.679 
22.867 626.922 66.131 634.424 105.543 615.062 62.278 607.561 
368.358 574.049 383.528 615.255 420.021 639.675 404.852 598.468 
448.528 594.058 491.054 583.118 519.028 549.272 476.502 560.212 
551.648 430.984 534.03 471.205 543.418 514.1 561.036 473.879 
601.932 177.715 645.772 175.248 679.791 147.484 635.95 149.951 
638.186 26.221 631.201 69.572 651.032 108.749 658.017 65.398 
536.758 -46.365 567.877 -15.385 611.262 -8.613 580.143 -39.593 
