154.284 238.813 144.25 281.561 188.007 277.894 198.041 235.145 
219.375 235.454 208.09 277.889 244.961 301.735 256.246 259.3 
226.173 213.818 263.244 237.353 297.081 209.369 260.011 185.834 
194.531 160.664 210.382 201.613 244.428 173.883 228.577 132.934 
132.601 174.905 147.321 216.275 191.214 215.059 176.494 173.69 
105.498 202.899 95.694 245.701 112.921 286.091 122.725 243.289 
157.648 309.617 196.605 329.876 240.03 323.368 201.073 303.109 
287.692 252.262 280.889 295.642 311.89 264.545 318.692 221.165 
251.011 113.822 266.618 154.865 303.369 178.896 287.762 137.853 
121.558 149.271 165.316 145.616 198.569 116.94 154.811 120.594 
27.407 104.231 59.807 133.868 98.005 112.211 65.605 82.575 
46.19 175.613 27.997 215.577 60.383 245.229 78.576 205.265 
-20.323 271.655 13.746 299.355 50.619 275.512 16.549 247.812 
31.66 315.119 41.067 358.01 78.952 335.81 69.545 292.92 
116.367 358.793 150.782 386.064 187.353 361.761 152.938 334.49 
178.434 404.756 192.195 446.454 227.599 420.48 213.838 378.783 
232.686 366.659 246.23 408.428 290.141 408.454 276.597 366.685 
302.775 307.498 316.83 349.098 352.05 322.875 337.994 281.275 
362.263 261.018 376.379 302.597 420.286 302.02 406.169 260.441 
368.472 200.076 357.08 242.483 400.931 240.213 412.323 197.806 
315.625 113.079 328.11 155.176 372.006 156.309 359.52 114.212 
318.212 45.953 306.554 88.287 350.418 86.293 362.077 43.959 
265.293 17.966 250.431 59.284 285.134 86.187 299.997 44.869 
163.042 50.853 146.481 91.52 190.276 94.703 206.836 54.036 
89.581 26.285 73.701 67.223 107.728 94.977 123.608 54.039 
17.925 38.612 -8.319 73.817 33.606 60.761 59.849 25.556 
-32.713 219.328 -36.007 263.114 -7.606 229.627 -4.312 185.84 
-29.523 306.823 -20.981 349.894 11.247 379.718 2.704 336.647 
113.453 409.186 139.22 444.741 180.965 458.36 155.197 422.805 
222.534 464.096 266.438 464.826 302.386 439.61 258.482 438.88 
361.145 365.833 402.664 351.542 427.854 315.576 386.335 329.867 
453.455 193.85 436.598 234.396 446.793 277.106 463.65 236.561 
383.15 40.353 379.796 84.135 402.816 121.527 406.17 77.745 
278.785 -26.95 307.595 6.189 350.38 16.064 321.571 -17.074 
93.39 -7.694 131.679 13.801 175.29 8.685 137.001 -12.81 
44.428 -109.525 30.393 -67.919 65.626 -41.713 79.661 -83.32 
-46.287 -31.803 -52.359 11.685 -9.123 4.021 -3.052 -39.467 
-86.118 39.763 -74.301 82.053 -39.883 109.32 -51.701 67.03 
-126.548 118.441 -113.788 160.456 -69.886 161.303 -82.646 119.288 
-149.013 199.309 -106.068 208.464 -65.944 190.626 -108.89 181.472 
-119.918 250.132 -149.064 282.975 -108.822 300.545 -79.677 267.703 
-107.185 344.425 -104.144 388.229 -61.543 398.873 -64.584 355.069 
-44.044 439.145 -0.996 447.805 38.92 429.508 -4.127 420.848 
28.395 472.137 24.225 515.849 67.086 506.307 71.255 462.595 
99.074 462.529 85.261 504.21 98.585 546.05 112.399 504.369 
157.969 495.766 142.1 536.708 176.135 564.453 192.004 523.511 
251.263 506.03 230.462 544.701 273.668 552.534 294.469 513.864 
336.874 466.787 338.263 510.675 362.936 474.352 361.547 430.464 
399.849 416.269 394.206 459.815 433.877 478.638 439.52 435.092 
405.995 395.326 443.732 417.776 487.458 413.758 449.721 391.307 
455.695 349.531 490.827 375.872 526.736 350.599 491.604 324.258 
518.925 226.981 497.056 265.057 526.512 297.622 548.381 259.546 
465.701 134.69 490.785 170.731 532.262 185.144 507.178 149.104 
467.172 97.603 506.201 117.724 537.398 86.823 498.369 66.702 
457.306 43.004 449.264 86.172 481.144 55.976 489.185 12.808 
414.409 -23.517 421.923 19.745 460.746 -0.77 453.231 -44.033 
326.064 -81.22 353.65 -47.057 394.665 -62.737 367.078 -96.899 
224.162 -53.252 265.257 -68.724 289.408 -105.395 248.314 -89.923 
165.606 -109.235 181.703 -68.382 215.582 -96.315 199.486 -137.169 
110.976 -120.395 123.277 -78.243 158.004 -51.371 145.704 -93.523 
126.273 -158.476 154.648 -124.965 195.287 -141.596 166.912 -175.106 
-6.679 -188.665 -16.072 -145.772 27.625 -150.093 37.018 -192.987 
-103.153 -155.916 -97.042 -112.433 -53.799 -104.808 -59.91 -148.291 
-140.847 -96.994 -127.636 -55.118 -83.728 -54.743 -96.939 -96.619 
-132.68 42.174 -144.748 84.393 -100.866 82.824 -88.798 40.605 
-167.917 133.163 -166.698 177.056 -125.33 162.334 -126.548 118.441 
-233.47 272.408 -236.169 316.235 -195.321 332.345 -192.622 288.518 
-245.4 404.172 -204.484 420.108 -176.684 386.118 -217.6 370.182 
-175.009 429.996 -181.109 473.48 -137.868 465.844 -131.768 422.36 
-42.77 461.334 -50.937 504.477 -12.429 525.578 -4.261 482.434 
24.253 515.97 39.294 557.224 83.177 555.667 68.135 514.413 
135.374 641.205 177.075 654.958 203.041 619.549 161.341 605.796 
229.757 654.395 253.787 691.146 281.313 656.936 257.284 620.184 
297.136 589.645 299.122 633.51 341.454 645.176 339.468 601.311 
360.866 518.213 400.801 536.468 430.503 504.129 390.568 485.873 
449.704 436.179 439.984 478.999 483.712 475.012 493.433 432.191 
560.734 378.389 586.53 413.923 612.354 378.409 586.557 342.875 
602.627 291.012 627.557 327.159 669.638 314.619 644.708 278.472 
614.667 211.367 590.806 248.228 633.236 259.53 657.097 222.669 
525.681 129.14 547.049 167.501 576.929 135.325 555.561 96.965 
517.543 11.988 504.565 53.936 540.451 79.241 553.428 37.293 
462.188 -104.053 489.103 -69.358 530.416 -84.233 503.502 -118.928 
418.72 -174.357 422.727 -130.63 463.076 -147.953 459.069 -191.68 
385.955 -210.266 355.225 -178.901 375.558 -139.982 406.288 -171.347 
225.348 -159.304 238.737 -117.485 282.647 -117.297 269.258 -159.116 
219.754 -233.536 208.828 -190.923 252.65 -193.694 263.556 -236.229 
182.861 -257.742 171.141 -215.425 207.766 -191.202 219.507 -233.598 
-203.998 26.155 -209.801 69.68 -170.199 88.648 -164.396 45.124 
-240.574 101.233 -201.228 120.727 -170.529 89.331 -209.875 69.837 
-77.333 559.825 -34.21 568.101 -13.014 529.645 -56.137 521.37 
-30.463 569.938 -9.52 608.532 20.713 576.688 -0.23 538.094 
420.538 546.893 447.382 581.641 472.134 545.372 445.289 510.624 
452.319 505.713 473.818 544.0 516.875 535.386 495.376 497.098 
573.785 77.029 595.512 115.187 638.517 106.315 616.789 68.157 
579.092 32.709 573.633 76.278 616.757 68.006 622.216 24.437 
306.044 -249.144 295.817 -206.441 312.643 -165.883 322.869 -208.586 
182.851 -257.728 219.731 -233.942 263.556 -236.22 226.698 -260.085 
97.365 -219.885 78.968 -180.015 117.287 -201.457 135.685 -241.327 
-205.09 -26.567 -169.439 -0.933 -125.529 -1.15 -161.181 -26.784 
-234.474 57.757 -240.565 101.242 -210.077 69.642 -203.986 26.156 
-231.36 152.667 -235.009 196.425 -212.24 233.971 -208.591 190.213 
-120.424 506.138 -131.755 548.561 -97.653 520.9 -86.322 478.477 
-77.333 559.825 -51.294 595.181 -9.446 608.479 -35.486 573.123 
32.059 619.107 75.662 624.292 113.985 602.858 70.382 597.673 
365.678 562.821 383.343 603.021 421.263 625.16 403.598 584.96 
447.361 581.628 489.634 569.746 516.849 535.287 474.577 547.169 
542.911 418.964 527.385 460.037 538.966 502.393 554.493 461.319 
590.573 177.062 634.195 172.04 666.534 142.336 622.912 147.359 
622.144 24.427 617.005 68.035 638.481 106.335 643.619 62.727 
522.083 -41.122 554.583 -11.595 598.232 -6.811 565.732 -36.338 
