161.83 217.114 161.801 261.024 203.571 247.483 203.6 203.573 
204.02 203.545 204.025 247.455 245.788 261.019 245.783 217.109 
204.151 203.156 245.924 216.687 271.701 181.14 229.928 167.609 
177.946 167.446 203.801 202.938 229.565 167.382 203.712 131.89 
135.892 181.237 161.702 216.761 203.463 203.191 177.653 167.668 
135.413 181.678 135.405 225.588 161.209 261.116 161.217 217.206 
162.103 261.725 203.858 275.313 245.625 261.763 203.871 248.175 
246.509 217.105 246.507 261.015 272.317 225.492 272.319 181.582 
204.238 131.356 230.052 166.877 271.815 180.44 246.001 144.919 
135.626 180.675 177.393 167.126 203.22 131.614 161.452 145.163 
93.622 166.839 135.367 180.456 161.218 144.962 119.473 131.345 
93.287 168.074 93.314 211.984 135.084 225.527 135.056 181.617 
67.454 247.608 109.217 261.167 135.019 225.637 93.254 212.078 
109.325 261.221 135.111 296.762 160.945 261.256 135.158 225.714 
136.209 297.458 177.976 311.007 203.769 275.47 162.002 261.921 
178.013 311.026 203.817 346.555 229.632 311.035 203.829 275.507 
203.853 275.471 229.629 311.019 271.403 297.489 245.627 261.941 
246.698 261.116 272.52 296.631 298.317 261.097 272.494 225.583 
272.536 225.562 298.351 261.082 340.11 247.507 314.295 211.987 
272.533 181.569 272.488 225.479 314.263 211.953 314.308 168.043 
246.236 144.871 272.098 180.357 313.839 166.725 287.977 131.24 
246.2 100.813 246.216 144.723 287.972 131.139 287.956 87.229 
204.344 87.227 204.33 131.137 246.086 144.719 246.1 100.809 
161.364 100.969 161.414 144.879 203.16 131.262 203.109 87.352 
119.556 87.327 119.511 131.237 161.258 144.85 161.303 100.94 
93.634 122.729 93.493 166.639 119.417 131.197 119.557 87.287 
67.333 203.644 67.427 247.554 93.16 211.975 93.067 168.065 
67.553 247.67 93.264 283.265 134.988 296.949 109.276 261.354 
136.179 297.558 162.035 333.048 203.814 346.562 177.958 311.072 
203.814 346.557 245.608 333.09 271.503 297.629 229.709 311.096 
272.636 296.666 314.386 283.065 340.169 247.522 298.419 261.123 
314.395 167.938 314.316 211.848 340.063 247.418 340.141 203.508 
287.959 87.262 288.032 131.172 313.901 166.653 313.827 122.743 
204.441 86.981 246.163 100.67 287.963 87.221 246.241 73.532 
119.519 87.315 161.29 100.852 203.04 87.252 161.269 73.714 
93.534 51.584 119.419 87.053 161.151 73.396 135.266 37.926 
67.678 87.069 93.424 122.639 119.297 87.161 93.55 51.591 
67.639 87.059 67.336 130.968 92.899 166.669 93.202 122.76 
24.787 145.169 50.571 180.711 92.342 167.17 66.557 131.629 
25.264 217.121 66.978 203.407 92.664 167.794 50.95 181.508 
25.31 217.305 25.388 261.214 67.125 247.571 67.047 203.661 
25.428 261.233 51.122 296.841 92.926 283.407 67.233 247.8 
51.186 297.231 92.914 310.9 134.708 297.43 92.979 283.762 
93.265 311.56 93.251 355.47 135.016 341.914 135.03 298.004 
135.654 297.918 135.694 341.828 161.536 377.329 161.496 333.419 
161.921 333.489 162.003 377.399 203.79 390.889 203.707 346.979 
203.908 346.981 203.815 390.891 245.604 377.411 245.698 333.501 
246.173 333.504 246.127 377.414 271.973 341.916 272.018 298.006 
272.622 297.938 272.617 341.848 314.377 355.421 314.381 311.511 
272.772 297.27 314.55 310.787 356.294 297.166 314.516 283.649 
314.689 283.295 356.472 296.795 382.224 261.228 340.44 247.728 
340.539 203.577 340.467 247.487 382.205 261.124 382.278 217.215 
314.931 167.671 340.688 203.233 382.429 216.865 356.672 181.302 
315.083 167.02 356.846 180.584 382.651 145.057 340.889 131.493 
314.531 122.607 314.58 166.517 340.351 130.964 340.301 87.054 
288.281 86.958 314.161 122.43 339.9 86.855 314.019 51.382 
246.364 73.208 288.113 86.816 313.955 51.315 272.206 37.708 
204.276 86.427 246.078 72.983 271.993 37.537 230.191 50.98 
177.877 50.711 203.733 86.202 229.496 50.645 203.642 15.154 
135.471 37.807 161.442 73.214 203.264 86.593 177.293 51.187 
135.817 36.785 177.547 50.448 203.437 14.982 161.706 1.32 
92.713 5.854 92.903 49.764 134.605 36.014 134.415 -7.896 
50.489 -7.685 50.479 36.225 92.237 49.804 92.247 5.894 
24.268 72.042 65.939 85.885 91.981 50.532 50.31 36.688 
24.551 100.878 24.732 144.788 66.437 131.047 66.256 87.137 
-1.461 180.941 24.271 216.522 50.158 181.055 24.428 145.474 
-18.581 203.947 -18.469 247.857 23.326 261.319 23.214 217.409 
-44.476 283.997 -2.716 297.57 23.097 262.047 -18.663 248.475 
-2.091 298.006 23.68 333.558 49.528 298.062 23.757 262.51 
50.984 298.077 51.057 341.987 92.84 355.487 92.767 311.577 
93.363 355.821 119.119 391.384 160.901 377.878 135.144 342.315 
135.717 414.804 177.495 428.32 203.26 392.764 161.482 379.247 
178.134 428.758 203.944 464.282 229.753 428.758 203.943 393.234 
204.527 392.819 230.314 428.359 272.083 414.816 246.296 379.276 
246.736 377.823 288.51 391.354 314.286 355.807 272.513 342.276 
314.82 311.485 314.779 355.395 356.553 341.866 356.594 297.956 
358.065 297.841 383.896 333.349 409.685 297.809 383.853 262.301 
384.526 261.825 410.335 297.35 452.096 283.782 426.287 248.257 
384.247 217.182 384.221 261.092 425.99 247.547 426.016 203.637 
357.246 180.844 383.089 216.344 408.866 180.796 383.023 145.296 
341.082 87.189 341.043 131.099 382.792 144.705 382.831 100.795 
315.576 50.016 341.426 85.511 383.172 71.894 357.322 36.4 
315.306 5.406 315.316 49.316 357.074 35.738 357.064 -8.172 
272.765 -8.09 272.737 35.82 314.489 49.416 314.518 5.506 
204.002 14.822 229.882 50.294 271.616 36.642 245.736 1.17 
203.706 -29.993 203.715 13.999 245.473 0.421 245.464 -43.489 
161.953 -43.435 161.973 0.475 203.74 14.025 203.72 -29.967 
-18.15 87.319 -18.196 131.229 23.551 144.842 23.596 100.932 
-44.008 166.789 -2.252 180.373 23.572 144.858 -18.184 131.274 
24.957 378.358 66.708 391.955 92.541 356.447 50.789 342.851 
66.792 391.959 92.637 427.458 118.412 391.909 92.568 356.41 
289.295 391.904 315.106 427.426 340.914 391.901 315.102 356.378 
315.08 356.313 340.921 391.815 382.67 378.211 356.83 342.709 
383.816 144.71 409.587 180.262 451.363 166.738 425.591 131.186 
383.779 100.776 383.788 144.686 425.546 131.108 425.538 87.198 
246.896 -43.576 246.897 0.334 272.707 35.857 272.706 -8.053 
161.959 -43.472 203.725 -29.999 245.481 -43.5 203.716 -57.055 
134.654 -7.896 134.69 36.014 160.471 0.469 160.435 -43.441 
-17.605 85.709 24.101 99.445 65.916 86.044 24.21 72.307 
-43.934 122.771 -43.957 166.681 -18.128 131.171 -18.105 87.261 
-44.456 168.363 -18.593 203.848 23.189 217.354 -2.675 181.869 
23.763 333.588 23.733 377.498 49.566 341.992 49.596 298.082 
25.011 378.455 50.819 413.98 92.579 427.55 66.771 392.025 
93.782 428.28 135.543 414.712 161.354 379.189 119.593 392.757 
246.372 379.357 272.167 414.891 313.923 428.476 288.128 392.942 
315.214 427.431 356.975 413.862 382.785 378.338 341.024 391.907 
357.995 297.869 358.011 341.779 383.834 377.294 383.818 333.384 
384.24 217.151 426.008 203.605 451.838 168.095 410.069 181.641 
425.745 87.053 425.744 130.963 451.554 166.488 451.554 122.578 
341.447 85.517 383.205 99.094 424.969 85.533 383.21 71.956 
