153.11 240.411 142.2 282.944 186.023 280.176 196.932 237.643 
219.955 238.031 207.729 280.204 244.061 304.864 256.286 262.69 
227.308 213.933 263.864 238.259 298.295 211.009 261.739 186.683 
195.357 159.269 210.199 200.594 244.915 173.708 230.074 132.383 
131.694 173.523 145.236 215.293 189.146 215.322 175.604 173.552 
102.549 205.004 91.685 247.549 107.905 288.354 118.768 245.809 
156.675 312.837 195.27 333.778 238.803 328.034 200.208 307.093 
290.608 254.24 283.056 297.496 314.59 266.94 322.142 223.684 
253.921 112.036 268.619 153.413 304.831 178.249 290.133 136.872 
119.404 145.238 163.257 142.996 197.418 115.407 153.565 117.649 
20.398 100.539 51.206 131.828 90.484 112.196 59.676 80.908 
45.428 175.356 25.588 214.529 56.713 245.502 76.552 206.33 
-23.709 276.985 9.84 305.314 47.15 282.16 13.6 253.832 
27.018 321.184 34.918 364.378 73.557 343.518 65.657 300.324 
114.184 360.178 147.752 388.485 185.047 365.307 151.479 337.0 
180.105 408.938 192.926 450.935 228.905 425.765 216.085 383.768 
235.437 371.815 248.05 413.874 291.949 414.874 279.336 372.815 
304.767 309.737 317.814 351.663 353.657 326.298 340.609 284.371 
366.933 261.507 380.197 303.367 424.106 303.687 410.842 261.828 
374.153 200.208 361.879 242.367 405.768 241.013 418.042 198.853 
319.269 111.524 330.585 153.951 374.433 156.299 363.117 113.872 
321.541 42.095 308.901 84.146 352.8 83.173 365.44 41.122 
268.391 12.495 251.861 53.175 285.443 81.467 301.972 40.786 
164.406 46.716 145.644 86.416 189.199 91.991 207.961 52.292 
85.672 22.931 68.806 63.473 102.151 92.042 119.018 51.5 
11.521 34.75 -15.204 69.59 26.896 57.113 53.621 22.272 
-39.462 223.761 -42.795 267.544 -14.364 234.081 -11.031 190.298 
-33.76 310.515 -26.478 353.816 4.865 384.568 -2.417 341.266 
113.138 415.503 139.124 450.898 180.953 464.258 154.966 428.863 
223.451 469.334 267.325 471.125 303.871 446.786 259.998 444.995 
365.83 368.487 407.318 354.107 432.431 318.086 390.942 332.467 
460.375 195.251 442.466 235.343 451.543 278.305 469.452 238.213 
387.656 37.152 384.014 80.91 406.787 118.453 410.429 74.694 
282.745 -33.215 310.677 0.666 353.189 11.657 325.257 -22.223 
88.879 -14.16 126.897 7.811 170.569 3.24 132.551 -18.731 
39.21 -115.584 25.388 -73.906 60.755 -47.881 74.577 -89.559 
-49.857 -38.286 -58.41 4.783 -14.806 -0.392 -6.253 -43.462 
-92.285 32.72 -80.858 75.117 -46.694 102.701 -58.121 60.304 
-130.449 117.355 -120.245 160.063 -76.474 163.556 -86.678 120.848 
-157.277 197.402 -115.348 210.442 -73.762 196.346 -115.691 183.306 
-125.122 253.251 -156.586 283.879 -117.733 304.339 -86.269 273.71 
-111.714 347.834 -111.23 391.741 -69.322 404.849 -69.806 360.942 
-50.422 444.483 -7.251 452.503 32.39 433.615 -10.782 425.596 
25.302 476.949 20.232 520.566 63.28 511.909 68.35 468.293 
98.957 468.637 83.188 509.618 94.519 552.041 110.288 511.06 
159.304 502.46 141.047 542.395 173.386 572.099 191.643 532.164 
253.726 512.876 231.442 550.712 274.312 560.213 296.596 522.377 
338.601 473.654 340.238 517.533 364.705 481.072 363.068 437.193 
403.823 421.023 397.476 464.472 436.837 483.935 443.184 440.486 
410.992 397.863 447.723 421.925 491.581 419.802 454.851 395.74 
461.802 350.727 495.429 378.964 532.675 355.708 499.048 327.472 
527.454 227.933 504.136 265.14 532.317 298.815 555.635 261.608 
471.905 135.092 497.043 171.094 538.542 185.445 513.403 149.443 
472.962 94.849 511.445 115.995 543.448 85.93 504.965 64.784 
463.826 39.163 453.744 81.9 487.021 53.251 497.102 10.514 
419.736 -30.347 424.523 13.301 464.556 -4.741 459.767 -48.389 
329.41 -89.97 355.145 -54.391 396.934 -67.872 371.199 -103.451 
225.738 -58.501 266.776 -74.119 290.797 -110.876 249.758 -95.258 
163.212 -116.377 176.667 -74.579 212.261 -100.291 198.807 -142.089 
109.036 -130.513 118.444 -87.622 151.266 -58.453 141.858 -101.344 
126.117 -167.518 152.891 -132.715 194.264 -147.424 167.491 -182.227 
-7.135 -197.52 -18.851 -155.202 25.016 -157.136 36.732 -199.455 
-105.931 -163.255 -100.228 -119.717 -57.059 -111.687 -62.761 -155.225 
-144.274 -103.854 -130.14 -62.281 -86.235 -62.877 -100.368 -104.45 
-143.818 38.917 -154.208 81.58 -110.422 78.277 -100.032 35.614 
-172.807 129.157 -174.667 173.027 -132.37 161.24 -130.508 117.369 
-240.383 270.642 -244.937 314.316 -204.809 332.143 -200.255 288.469 
-254.944 403.606 -214.618 420.981 -185.632 387.998 -225.958 370.623 
-182.267 431.778 -190.184 474.968 -146.662 469.152 -138.743 425.962 
-48.607 467.257 -57.921 510.168 -19.989 532.287 -10.675 489.376 
20.289 520.846 34.393 562.429 78.299 561.866 64.196 520.283 
131.858 648.153 173.123 663.16 200.149 628.552 158.883 613.544 
227.875 662.6 251.13 699.847 279.367 666.22 256.113 628.974 
298.109 597.115 298.336 641.024 340.167 654.376 339.939 610.467 
363.599 524.968 403.176 543.987 433.494 512.224 393.917 493.205 
453.611 441.854 442.727 484.394 486.548 481.6 497.432 439.06 
566.913 383.202 591.727 419.429 618.513 384.635 593.699 348.408 
609.588 294.354 633.957 330.881 676.227 318.992 651.858 282.465 
623.092 213.804 597.922 249.783 639.919 262.604 665.089 226.624 
532.841 128.54 553.532 167.27 583.973 135.625 563.283 96.895 
526.054 10.44 511.683 51.932 546.704 78.421 561.074 36.929 
469.544 -109.454 495.441 -73.993 537.169 -87.663 511.272 -123.124 
423.745 -180.216 427.273 -136.448 467.809 -153.329 464.28 -197.097 
391.516 -216.597 359.984 -186.038 379.302 -146.606 410.835 -177.164 
227.065 -167.285 239.303 -125.115 283.191 -123.724 270.953 -165.894 
223.139 -241.807 211.14 -199.483 255.019 -201.147 266.995 -243.393 
187.461 -268.862 172.626 -227.533 207.347 -200.654 222.21 -242.059 
-208.053 19.844 -215.512 63.116 -176.662 83.581 -169.204 40.309 
-248.373 92.979 -210.336 114.917 -177.717 85.522 -215.754 63.583 
-84.111 562.871 -40.937 570.871 -19.986 532.281 -63.162 524.281 
-36.247 573.068 -16.907 612.49 14.609 581.915 -4.731 542.493 
421.458 554.453 448.444 589.091 473.048 552.721 446.061 518.083 
454.875 512.012 475.181 550.944 518.483 543.663 498.177 504.73 
581.871 77.223 602.94 115.748 646.09 107.615 625.021 69.09 
588.368 32.357 581.606 75.743 624.958 68.768 631.72 25.381 
312.091 -256.15 299.651 -214.039 314.338 -172.658 326.778 -214.769 
187.448 -268.845 223.11 -243.269 266.995 -243.384 231.358 -269.038 
97.218 -228.738 79.293 -188.653 117.356 -210.546 135.281 -250.63 
-206.671 -38.926 -174.75 -8.773 -131.202 -3.142 -163.123 -33.295 
-240.084 49.866 -248.365 92.988 -216.319 62.969 -208.038 19.847 
-237.661 149.29 -242.711 192.909 -221.158 231.165 -216.108 187.546 
-127.757 508.782 -141.201 550.583 -105.755 524.667 -92.311 482.866 
-84.129 562.97 -58.518 598.637 -16.833 612.438 -42.445 576.771 
26.751 624.113 70.16 630.726 109.166 610.56 65.757 603.948 
367.614 569.745 383.847 610.544 420.962 634.009 404.729 593.21 
448.429 589.081 490.838 577.699 518.459 543.564 476.049 554.946 
548.329 426.115 531.557 466.695 541.84 509.384 558.613 468.804 
597.531 177.389 641.298 173.847 674.625 145.256 630.858 148.798 
631.639 25.368 625.478 68.844 646.049 107.638 652.21 64.162 
531.02 -44.186 562.688 -13.769 606.187 -7.775 574.519 -38.192 
