159.647 223.618 155.385 267.321 198.266 257.869 202.527 214.167 
211.775 214.107 207.423 257.801 247.633 275.443 251.985 231.749 
214.259 205.962 254.816 222.791 283.354 189.419 242.796 172.59 
184.798 163.828 207.683 201.303 236.252 167.959 213.368 130.483 
135.414 177.483 157.174 215.622 200.171 206.713 178.411 168.574 
124.119 186.72 120.537 230.483 143.362 267.995 146.945 224.231 
161.533 281.925 202.478 297.788 244.927 286.554 203.982 270.692 
266.553 229.986 264.465 273.847 291.934 239.59 294.022 195.73 
223.672 121.985 246.131 159.716 286.479 177.041 264.02 139.309 
131.852 168.036 174.447 157.371 202.639 123.706 160.044 134.371 
66.055 133.393 104.569 154.484 136.529 124.374 98.016 103.282 
63.503 170.027 56.008 213.293 94.84 233.791 102.335 190.525 
21.325 254.213 60.518 274.01 91.458 242.852 52.264 223.055 
70.796 281.596 89.634 321.261 121.536 291.088 102.698 251.424 
128.78 334.396 168.528 353.054 198.557 321.017 158.808 302.359 
178.217 359.931 199.438 398.373 229.44 366.311 208.22 327.87 
217.802 321.085 238.157 359.992 281.45 352.655 261.095 313.749 
282.402 282.451 304.497 320.396 333.758 287.656 311.661 249.71 
321.37 242.401 342.668 280.8 385.769 272.41 364.471 234.011 
323.897 188.831 318.218 232.372 361.384 224.318 367.062 180.776 
281.344 121.39 302.95 159.616 345.982 150.88 324.377 112.654 
282.942 68.725 278.382 112.397 321.326 103.239 325.886 59.566 
232.819 49.871 226.953 93.388 266.527 112.414 272.393 68.898 
154.167 70.328 149.6 114.0 192.546 104.848 197.113 61.176 
108.157 50.396 101.492 93.797 140.709 113.548 147.375 70.147 
59.979 77.562 47.977 119.8 82.514 92.683 94.516 50.445 
16.152 206.474 15.289 250.375 41.791 215.365 42.653 171.463 
16.618 273.19 35.948 312.616 74.761 333.15 55.43 293.724 
124.73 356.182 151.073 391.313 193.034 404.251 166.691 369.12 
213.674 407.292 256.857 399.334 287.115 367.513 243.932 375.471 
322.511 330.1 363.97 315.636 389.009 279.564 347.55 294.029 
384.492 179.932 377.859 223.339 398.007 262.354 404.64 218.948 
333.669 58.793 334.097 102.701 360.251 137.972 359.823 94.064 
239.546 25.605 276.72 48.975 320.532 46.031 283.357 22.661 
109.774 45.369 150.692 61.3 193.16 50.138 152.242 34.207 
76.088 -39.447 86.471 3.218 130.256 6.527 119.873 -36.137 
13.693 28.369 35.517 66.471 65.01 33.941 43.185 -4.162 
-5.2 50.035 -6.269 93.932 18.667 130.074 19.736 86.177 
-64.847 125.035 -41.426 162.176 1.136 151.378 -22.286 114.236 
-59.626 213.245 -18.011 199.235 7.421 163.439 -34.195 177.45 
-56.466 220.43 -66.307 263.223 -22.568 259.358 -12.727 216.565 
-46.504 296.172 -28.986 336.436 14.721 332.217 -2.797 291.953 
-2.376 372.662 39.345 386.354 81.146 372.909 39.425 359.216 
49.455 403.302 48.799 447.207 90.758 434.264 91.414 390.359 
107.333 387.431 107.174 431.341 132.855 466.958 133.014 423.048 
151.913 419.651 150.042 463.521 191.186 478.858 193.058 434.987 
224.681 429.213 216.209 472.298 259.804 467.042 268.276 423.957 
302.035 408.81 301.457 452.716 327.731 417.535 328.309 373.628 
345.269 370.571 344.425 414.473 385.918 428.842 386.761 384.94 
347.172 356.208 389.152 369.082 430.682 354.823 388.702 341.948 
390.868 323.435 432.403 337.679 458.786 302.579 417.251 288.334 
431.483 216.109 422.456 259.081 460.535 280.946 469.563 237.974 
404.094 142.325 428.389 178.901 469.544 194.211 445.248 157.635 
406.586 127.065 447.998 141.665 474.681 106.791 433.269 92.192 
391.44 77.747 394.044 121.579 417.702 84.587 415.098 40.754 
353.589 31.654 376.321 69.221 405.025 35.992 382.291 -1.576 
289.098 -4.985 326.938 17.291 359.816 -11.813 321.976 -34.09 
215.951 -2.103 258.175 -14.156 285.249 -48.726 243.025 -36.672 
177.559 -42.501 204.376 -7.731 229.156 -43.98 202.34 -78.75 
121.9 -37.714 147.821 -2.27 189.624 11.169 163.703 -24.275 
124.904 -74.692 163.071 -52.981 195.514 -82.572 157.346 -104.282 
9.213 -100.58 17.256 -57.413 55.825 -78.402 47.782 -121.569 
-51.582 -87.741 -32.822 -48.04 10.733 -53.614 -8.027 -93.315 
-76.012 -42.763 -61.231 -1.415 -17.341 -2.696 -32.121 -44.044 
-68.884 64.743 -72.61 108.495 -29.848 98.518 -26.122 54.767 
-103.658 158.75 -86.053 198.977 -53.236 169.802 -70.841 129.576 
-154.013 264.762 -141.712 306.914 -97.822 308.241 -110.123 266.089 
-158.041 366.022 -114.804 373.681 -94.158 334.926 -137.395 327.268 
-106.314 377.12 -94.576 419.432 -57.962 395.194 -69.699 352.882 
-4.231 391.76 -3.589 435.665 38.366 448.622 37.724 404.717 
52.209 455.288 75.257 492.663 117.925 482.293 94.877 444.918 
152.133 557.488 195.711 562.876 214.302 523.096 170.724 517.708 
213.808 567.003 241.747 600.878 265.33 563.839 237.392 529.964 
259.956 510.951 275.322 552.084 319.191 550.181 303.825 509.047 
316.917 460.092 358.855 473.104 384.189 437.24 342.251 424.228 
397.972 384.117 395.554 427.961 437.999 416.711 440.417 372.868 
489.227 334.224 520.275 365.275 540.212 326.151 509.164 295.101 
522.092 277.68 549.796 311.748 590.757 295.928 563.053 261.86 
523.479 208.558 511.552 250.817 555.429 249.101 567.356 206.842 
455.957 146.508 481.747 182.047 507.577 146.537 481.786 110.999 
440.002 35.34 436.477 79.108 477.014 95.985 480.539 52.217 
385.271 -60.904 416.08 -29.617 455.357 -49.25 424.547 -80.537 
378.669 -108.241 383.404 -64.587 423.459 -82.58 418.724 -126.234 
337.526 -136.031 319.321 -96.073 351.698 -66.411 369.903 -106.37 
213.025 -88.227 236.43 -51.075 278.996 -61.855 255.591 -99.006 
205.212 -154.004 200.853 -110.229 243.753 -119.593 248.103 -163.287 
164.992 -171.563 160.641 -127.869 200.852 -110.229 205.211 -154.005 
-137.242 56.168 -138.96 100.045 -97.761 115.237 -96.044 71.36 
-166.141 134.532 -124.942 149.725 -97.762 115.238 -138.96 100.045 
-31.369 491.976 10.058 506.532 36.703 471.63 -4.724 457.074 
10.058 506.531 35.012 542.662 61.663 507.765 36.71 471.634 
378.402 480.767 402.995 517.144 429.992 482.513 405.398 446.136 
405.403 446.132 429.991 482.512 472.189 470.37 447.601 433.989 
498.092 92.468 521.576 129.571 564.12 118.701 540.636 81.599 
500.904 48.645 498.092 92.465 540.636 81.598 543.448 37.778 
275.245 -171.755 274.049 -127.862 298.88 -91.647 300.077 -135.541 
164.992 -171.563 205.212 -154.005 248.103 -163.287 207.892 -180.927 
94.323 -133.847 80.421 -92.195 116.15 -117.721 130.052 -159.372 
-138.58 40.068 -94.898 44.545 -56.928 22.492 -100.609 18.015 
-164.422 90.656 -166.14 134.532 -138.96 100.045 -137.242 56.168 
-164.191 169.413 -152.587 211.763 -118.308 239.204 -129.911 196.854 
-61.642 438.949 -63.346 482.825 -36.178 448.33 -34.474 404.453 
-31.369 491.975 -6.411 528.103 35.016 542.66 10.057 506.533 
65.657 551.493 109.155 545.488 140.815 515.062 97.318 521.067 
319.133 491.819 343.151 528.578 384.188 544.199 360.171 507.44 
402.993 517.142 445.19 504.996 472.189 470.367 429.992 482.513 
476.497 361.876 470.013 405.305 490.295 444.251 496.779 400.822 
513.227 190.082 555.62 178.64 583.192 144.466 540.799 155.907 
543.445 37.779 540.636 81.599 564.12 118.701 566.929 74.881 
440.841 -7.808 478.656 14.51 522.368 10.339 484.552 -11.979 
