156.971 231.052 149.837 274.379 193.248 267.775 200.381 224.448 
215.533 224.656 207.363 267.799 245.87 288.901 254.04 245.758 
219.871 212.062 258.736 232.499 290.181 201.852 251.316 181.415 
189.377 164.701 208.992 203.987 240.293 173.192 220.678 133.906 
134.593 178.103 153.186 217.882 196.764 212.491 178.171 172.712 
116.705 193.447 110.222 236.875 130.504 275.821 136.987 232.392 
159.045 295.311 199.084 313.34 242.072 304.392 202.034 286.363 
274.604 242.905 270.183 286.592 299.438 253.847 303.859 210.16 
237.702 119.511 256.612 159.14 295.206 180.085 276.295 140.456 
128.415 162.468 171.586 154.449 201.799 122.585 158.628 130.605 
51.768 121.126 88.076 145.82 122.782 118.92 86.474 94.225 
53.48 172.861 40.372 214.769 76.178 240.186 89.286 198.278 
-0.895 257.787 35.795 281.91 70.075 254.47 33.385 230.347 
52.346 294.642 66.84 336.091 101.782 309.498 87.287 268.049 
122.053 348.448 159.263 371.761 192.934 343.576 155.723 320.263 
175.514 383.883 193.027 424.149 225.911 395.051 208.399 354.784 
223.559 344.209 240.538 384.703 284.297 381.069 267.319 340.574 
293.097 297.296 311.109 337.341 343.628 307.836 325.616 267.79 
341.848 255.435 359.597 295.598 403.279 291.129 385.53 250.966 
345.038 196.294 336.625 239.391 380.212 234.074 388.625 190.977 
299.155 118.273 316.22 158.73 359.971 155.002 342.906 114.544 
300.792 57.871 292.98 101.081 336.488 95.158 344.301 51.949 
249.161 35.164 239.496 77.997 277.247 100.425 286.911 57.592 
156.691 62.335 147.284 105.225 190.982 100.919 200.39 58.028 
103.682 37.965 92.367 80.392 129.221 104.264 140.536 61.837 
38.594 58.006 17.879 96.723 57.395 77.577 78.111 38.861 
-5.959 208.993 -8.427 252.834 19.338 218.817 21.807 174.976 
-7.441 289.566 6.39 331.241 42.076 356.826 28.244 315.152 
116.861 383.169 142.484 418.828 184.173 432.617 158.55 396.958 
217.567 438.159 261.334 434.622 294.663 406.034 250.895 409.571 
341.661 351.702 383.226 337.546 408.533 301.661 366.968 315.818 
421.707 187.302 409.653 229.525 424.719 270.769 436.774 228.546 
361.74 49.132 359.878 93.003 384.158 129.589 386.02 85.718 
259.526 -1.511 292.412 27.585 336.12 31.794 303.234 2.698 
107.507 24.204 147.338 42.686 190.425 34.226 150.594 15.744 
58.721 -78.814 55.045 -35.057 95.524 -18.04 99.2 -61.796 
-24.089 -0.909 -11.692 41.214 24.539 16.406 12.141 -25.717 
-54.656 50.277 -46.946 93.505 -15.3 123.945 -23.01 80.717 
-101.852 124.373 -81.223 163.135 -37.983 155.493 -58.612 116.731 
-107.644 208.3 -64.03 203.206 -31.741 173.449 -75.355 178.543 
-94.056 235.245 -111.996 275.323 -68.336 280.0 -50.396 239.922 
-80.802 322.104 -69.168 364.444 -25.304 366.462 -36.938 324.122 
-21.501 410.208 20.909 421.588 61.908 405.866 19.498 394.486 
38.646 443.108 36.287 486.954 78.717 475.648 81.075 431.801 
100.064 430.174 94.225 473.694 115.082 512.335 120.921 468.815 
152.081 462.587 144.522 505.841 183.323 526.397 190.883 483.143 
237.64 471.59 223.068 513.012 266.965 514.071 281.537 472.649 
324.248 438.48 324.354 482.39 350.077 446.804 349.971 402.894 
378.605 395.058 375.196 438.835 415.777 455.606 419.186 411.828 
381.653 381.428 422.433 397.708 464.995 386.908 424.214 370.628 
427.52 341.254 466.955 360.568 497.51 329.033 458.075 309.718 
478.665 222.377 463.323 263.52 497.712 290.825 513.053 249.682 
438.064 135.348 462.74 171.669 504.052 186.55 479.376 150.229 
440.424 109.157 480.97 126.013 509.531 92.66 468.985 75.805 
427.791 58.215 426.755 102.113 453.396 67.208 454.433 23.31 
388.929 3.232 405.343 43.958 439.004 15.761 422.589 -24.965 
308.891 -43.209 343.108 -15.69 379.853 -39.729 345.635 -67.248 
219.744 -31.392 261.366 -45.383 286.814 -81.166 245.193 -67.175 
172.174 -77.991 195.97 -41.087 223.713 -75.121 199.919 -112.025 
116.314 -78.013 136.85 -39.201 176.277 -19.872 155.741 -58.684 
124.021 -119.622 158.0 -91.81 194.952 -115.531 160.973 -143.343 
-0.363 -149.026 0.351 -105.122 41.885 -119.368 41.171 -163.272 
-83.78 -121.864 -69.397 -80.376 -25.495 -81.234 -39.878 -122.722 
-110.478 -75.483 -104.534 -31.977 -61.322 -24.185 -67.265 -67.692 
-103.149 54.154 -114.049 96.689 -70.226 93.911 -59.326 51.376 
-139.597 146.81 -129.923 189.641 -92.178 167.204 -101.852 124.373 
-198.846 271.334 -193.296 314.892 -150.155 323.073 -155.705 279.516 
-202.621 393.164 -160.078 404.038 -136.589 366.939 -179.132 356.064 
-142.186 410.49 -139.39 454.311 -98.578 438.11 -101.374 394.289 
-22.133 430.278 -25.256 474.077 15.434 490.582 18.557 446.783 
37.617 491.105 57.226 530.394 100.652 523.886 81.043 484.597 
145.027 605.238 188.058 613.98 209.671 575.757 166.64 567.015 
229.367 615.0 255.99 649.919 280.972 613.809 254.35 578.89 
285.251 553.991 294.377 596.942 338.046 601.535 328.92 558.584 
344.679 490.38 385.873 505.585 413.062 471.106 371.868 455.901 
428.923 411.947 423.521 455.524 466.634 447.196 472.037 403.62 
529.876 358.706 559.159 391.427 581.23 353.467 551.948 320.746 
568.554 280.114 595.454 314.82 636.774 299.961 609.874 265.255 
574.647 205.148 556.736 245.239 600.4 249.884 618.311 209.793 
494.327 133.854 518.227 170.69 545.875 136.577 521.975 99.741 
481.094 19.649 473.45 62.888 512.211 83.52 519.856 40.28 
428.4 -80.527 459.191 -49.221 498.479 -68.831 467.689 -100.136 
398.329 -145.769 404.497 -102.295 443.938 -121.595 437.77 -165.069 
362.957 -178.927 336.809 -143.652 362.277 -107.882 388.426 -143.157 
218.076 -127.839 236.731 -88.089 280.3 -93.548 261.646 -133.298 
210.067 -197.051 203.691 -153.524 246.978 -160.897 253.342 -204.344 
170.704 -216.452 164.335 -173.007 203.686 -153.524 210.067 -197.051 
-177.737 43.58 -179.734 87.444 -138.633 102.899 -136.636 59.034 
-207.142 121.75 -166.046 137.216 -138.638 102.91 -179.734 87.445 
-52.406 534.208 -10.188 546.277 14.337 509.855 -27.882 497.785 
-9.44 546.769 15.359 583.006 42.16 548.223 17.361 511.986 
408.048 514.729 433.7 550.366 459.667 514.956 434.013 479.319 
435.566 478.226 460.021 514.696 502.263 502.708 477.808 466.238 
538.908 79.902 562.335 117.04 604.895 106.237 581.468 69.098 
541.824 36.037 538.893 79.849 581.466 69.098 584.398 25.286 
286.968 -215.721 283.027 -171.989 305.544 -134.292 309.485 -178.024 
170.702 -216.449 210.067 -197.052 253.342 -204.343 213.988 -223.822 
95.107 -180.375 78.29 -139.813 115.737 -162.744 132.554 -203.306 
-180.204 8.931 -138.743 23.391 -96.701 10.719 -138.162 -3.741 
-205.136 77.892 -207.135 121.757 -179.735 87.444 -177.737 43.58 
-202.419 161.815 -198.471 205.547 -169.572 238.607 -173.52 194.874 
-90.624 481.292 -95.363 524.945 -65.871 492.414 -61.133 448.76 
-52.406 534.208 -26.43 569.61 15.394 582.982 -10.583 547.58 
50.163 591.398 94.068 590.68 129.165 564.294 85.261 565.011 
349.712 530.494 371.692 568.506 411.818 586.339 389.838 548.327 
433.683 550.353 475.715 537.649 502.253 502.665 460.22 515.37 
515.261 390.444 504.628 433.047 521.068 473.764 531.701 431.16 
557.324 178.968 600.185 169.43 629.255 136.52 586.393 146.058 
584.36 25.282 581.47 69.097 604.885 106.243 607.776 62.428 
483.593 -27.522 519.309 -1.979 563.218 -2.309 527.502 -27.851 
