148.418 242.097 134.159 283.628 178.063 284.355 192.322 242.825 
221.029 243.932 205.075 284.841 239.051 312.657 255.006 271.748 
229.997 213.642 264.798 240.418 301.018 215.595 266.217 188.818 
197.245 155.33 209.599 197.467 245.855 172.696 233.501 130.56 
129.711 168.633 139.505 211.437 183.241 215.349 173.446 172.545 
95.983 205.616 82.094 247.272 95.343 289.135 109.232 247.48 
151.49 319.311 188.608 342.771 232.426 339.932 195.308 316.473 
297.319 259.348 286.841 301.99 320.382 273.651 330.86 231.01 
262.328 105.552 273.829 147.929 308.043 175.452 296.542 133.075 
114.63 133.268 158.485 135.465 195.256 111.465 151.401 109.268 
7.456 92.821 33.947 127.839 75.439 113.466 48.948 78.448 
40.394 171.273 15.818 207.662 42.831 242.28 67.407 205.891 
-33.075 286.304 0.762 314.287 37.833 290.752 3.994 262.769 
17.769 329.811 21.999 373.517 62.259 355.989 58.029 312.283 
105.491 363.679 136.386 394.882 175.608 375.141 144.713 343.938 
182.498 418.507 193.154 461.105 230.373 437.808 219.718 395.21 
241.665 382.86 251.323 425.694 295.046 429.744 285.387 386.91 
309.328 316.147 319.225 358.926 356.853 336.294 346.955 293.513 
378.461 261.879 389.499 304.379 433.33 307.015 422.292 264.515 
389.076 199.099 373.785 240.26 417.657 242.083 432.948 200.922 
329.342 106.778 337.057 150.004 380.552 156.024 372.838 112.798 
328.671 30.266 313.618 71.515 357.5 73.084 372.553 31.835 
274.788 -3.736 253.277 34.544 283.036 66.831 304.547 28.552 
168.816 33.582 143.922 69.753 186.016 82.251 210.91 46.08 
77.248 12.61 59.792 52.901 92.718 81.953 110.173 41.662 
-6.534 25.623 -35.403 58.709 7.4 48.911 36.269 15.825 
-55.562 232.176 -58.852 275.963 -30.454 242.472 -27.165 198.686 
-43.134 315.342 -38.405 358.996 -8.919 391.534 -13.649 347.879 
111.058 430.751 138.326 465.168 180.616 476.986 153.348 442.568 
224.629 481.34 268.296 485.951 306.334 464.014 262.666 459.403 
378.004 374.774 419.309 359.876 443.97 323.544 402.664 338.442 
477.832 198.97 457.029 237.639 462.928 281.152 483.732 242.482 
398.68 26.278 394.319 69.971 416.472 107.883 420.833 64.19 
291.548 -51.615 316.999 -15.833 358.621 -1.844 333.17 -37.626 
79.566 -30.106 116.699 -6.67 160.515 -9.537 123.382 -32.972 
25.067 -129.944 14.512 -87.322 51.788 -64.112 62.342 -106.735 
-60.248 -52.549 -70.271 -9.799 -26.515 -13.478 -16.493 -56.229 
-107.703 13.154 -101.244 56.587 -70.49 87.927 -76.949 44.495 
-137.315 112.833 -135.217 156.693 -92.855 168.25 -94.953 124.39 
-175.533 192.13 -138.048 214.998 -94.281 211.465 -131.766 188.597 
-139.2 258.894 -173.185 286.699 -136.238 310.428 -102.254 282.623 
-120.972 351.599 -125.862 395.235 -85.872 413.37 -80.982 369.734 
-64.901 451.949 -21.546 458.909 17.62 439.057 -25.735 432.096 
15.044 482.891 5.703 525.796 49.395 521.421 58.735 478.516 
97.233 480.646 75.804 518.972 80.995 562.574 102.424 524.248 
160.998 516.269 136.093 552.434 162.792 587.295 187.696 551.13 
256.052 528.119 229.866 563.367 271.481 577.379 297.666 542.131 
339.572 492.707 341.225 536.586 365.678 500.115 364.026 456.237 
412.81 432.318 403.604 475.252 441.593 497.275 450.798 454.341 
423.057 403.626 456.717 431.824 500.522 434.851 466.862 406.654 
476.801 352.702 505.552 385.89 546.001 368.802 517.25 335.614 
547.726 231.114 520.893 265.872 545.658 302.132 572.491 267.374 
488.444 137.403 513.55 173.428 555.035 187.816 529.93 151.791 
486.325 85.659 522.817 110.08 557.321 82.92 520.828 58.499 
479.968 27.414 464.529 68.521 501.181 44.339 516.62 3.233 
432.377 -48.674 429.651 -4.849 472.174 -15.799 474.899 -59.624 
338.289 -110.848 359.779 -72.556 402.837 -81.161 381.348 -119.453 
232.045 -76.531 273.305 -91.556 297.852 -127.963 256.593 -112.938 
157.289 -133.252 163.972 -89.854 203.181 -109.621 196.499 -153.019 
102.697 -152.496 106.207 -108.726 134.774 -75.379 131.263 -119.149 
121.588 -187.46 146.592 -151.364 188.648 -163.99 163.644 -200.085 
-12.165 -217.159 -30.364 -177.198 13.266 -172.239 31.464 -212.201 
-117.864 -178.63 -108.54 -135.721 -64.85 -131.329 -74.174 -174.238 
-151.387 -122.594 -139.418 -80.346 -95.541 -78.674 -107.509 -120.922 
-177.903 29.4 -189.544 71.738 -145.68 69.727 -134.039 27.388 
-185.239 118.553 -193.67 161.646 -150.082 156.349 -141.649 113.257 
-255.365 262.338 -263.805 305.429 -225.431 326.772 -216.991 283.681 
-275.821 396.982 -237.016 417.533 -205.48 386.978 -244.285 366.428 
-199.108 430.423 -210.196 472.91 -166.362 470.326 -155.274 427.839 
-63.38 472.251 -74.153 514.819 -36.998 538.219 -26.225 495.651 
6.232 529.487 17.998 571.792 61.868 573.675 50.102 531.37 
119.316 661.351 159.274 679.559 188.938 647.184 148.981 628.976 
219.216 678.984 240.131 717.593 270.387 685.771 249.473 647.162 
296.472 613.483 292.222 657.186 332.475 674.732 336.724 631.029 
369.058 543.895 407.707 564.736 439.471 534.418 400.821 513.577 
462.368 456.585 448.296 498.179 492.203 498.71 506.275 457.116 
580.927 395.416 602.962 433.397 632.276 400.704 610.241 362.723 
625.764 303.676 648.527 341.225 691.273 331.18 668.51 293.63 
642.769 220.955 614.483 254.541 655.166 271.064 683.452 237.477 
552.589 126.574 571.388 166.257 603.32 136.115 584.52 96.433 
546.866 5.254 528.996 45.363 561.619 74.753 579.49 34.644 
486.208 -123.928 509.476 -86.69 552.082 -97.312 528.814 -134.55 
435.819 -195.172 438.346 -151.334 479.257 -167.284 476.73 -211.121 
403.882 -232.109 370.802 -203.234 388.041 -162.85 421.122 -191.725 
229.964 -193.138 240.334 -150.471 284.119 -147.149 273.749 -189.817 
232.772 -261.547 220.356 -219.343 264.249 -220.574 276.642 -262.698 
192.546 -296.042 170.372 -258.142 199.564 -225.341 221.78 -263.312 
-218.278 2.898 -231.478 44.777 -195.727 70.272 -182.527 28.393 
-271.956 67.248 -240.68 98.068 -201.703 77.846 -232.979 47.026 
-102.901 564.761 -60.308 575.431 -36.997 538.219 -79.591 527.549 
-55.07 578.237 -39.764 619.393 -5.352 592.119 -20.658 550.963 
420.211 573.879 446.925 608.727 471.813 572.55 445.097 537.702 
459.826 528.373 475.487 569.395 519.341 567.178 503.68 526.155 
603.194 79.221 622.346 118.734 665.844 112.73 646.691 73.217 
615.312 30.064 602.477 72.057 646.381 71.287 659.215 29.294 
327.125 -272.872 308.91 -232.918 317.658 -189.889 335.873 -229.843 
197.619 -303.667 231.419 -275.676 275.205 -272.742 241.436 -300.809 
91.305 -247.693 75.053 -206.901 112.178 -230.35 128.43 -271.141 
-204.847 -70.639 -188.892 -29.73 -151.939 -6.012 -167.894 -46.921 
-255.926 26.313 -272.004 67.173 -234.979 43.567 -218.901 2.707 
-255.865 139.269 -261.192 182.855 -239.883 221.248 -234.556 177.662 
-145.781 509.112 -163.263 549.392 -125.445 527.08 -107.963 486.801 
-102.9 564.758 -80.163 602.323 -39.688 619.348 -62.426 581.784 
10.08 633.228 52.86 643.126 93.288 625.988 50.508 616.09 
368.993 585.455 380.515 627.826 414.743 655.332 403.22 612.961 
446.924 608.726 489.889 599.664 519.321 567.078 476.356 576.14 
560.679 445.238 540.72 484.35 547.563 527.724 567.522 488.612 
614.03 178.699 657.928 179.746 694.057 154.79 650.159 153.744 
659.125 29.273 649.218 72.05 666.348 112.482 676.254 69.704 
552.006 -53.402 581.89 -21.231 624.977 -12.769 595.093 -44.941 
