156.44 233.004 148.659 276.219 192.164 270.265 199.945 227.05 
216.616 227.273 207.7 270.268 245.836 292.034 254.752 249.039 
221.527 212.848 260.006 234.001 292.014 203.942 253.535 182.789 
190.642 164.207 209.49 203.867 241.383 173.686 222.536 134.027 
134.3 177.779 152.071 217.932 195.751 213.44 177.98 173.286 
114.271 195.589 107.092 238.908 126.747 278.174 133.926 234.855 
158.859 298.88 198.672 317.402 241.768 308.985 201.955 290.463 
277.696 245.451 272.765 289.083 302.4 256.682 307.33 213.049 
241.078 118.206 259.187 158.208 297.35 179.925 279.241 139.924 
127.227 160.272 170.525 152.963 201.258 121.6 157.96 128.909 
47.041 118.002 82.81 143.471 118.086 117.323 82.317 91.854 
51.154 173.901 36.963 215.455 72.097 241.793 86.289 200.239 
-5.968 260.029 30.107 285.061 65.062 258.486 28.987 233.454 
47.501 298.732 60.893 340.551 96.526 314.892 83.134 273.074 
120.883 351.427 157.469 375.709 191.867 348.417 155.281 324.136 
175.615 389.208 192.222 429.857 225.749 401.502 209.143 360.853 
225.329 349.702 241.517 390.519 285.339 387.736 269.151 346.919 
295.501 300.046 312.588 340.495 345.777 311.745 328.69 271.295 
346.782 257.336 363.634 297.884 407.405 294.387 390.553 253.839 
350.587 197.672 341.497 240.631 385.162 236.001 394.252 193.043 
303.25 117.199 319.209 158.105 363.046 155.568 347.087 114.661 
305.298 55.504 296.603 98.545 340.224 93.513 348.918 50.473 
253.364 31.723 242.673 74.312 279.874 97.64 290.565 55.052 
158.209 60.63 147.443 103.2 191.257 100.284 202.022 57.714 
100.893 35.781 88.591 77.932 124.877 102.658 137.18 60.507 
33.615 53.954 11.237 91.734 51.548 74.323 73.926 36.544 
-11.82 210.68 -14.514 254.508 13.426 220.634 16.12 176.807 
-12.956 293.635 -0.397 335.71 34.496 362.367 21.935 320.291 
115.714 389.298 141.312 424.976 182.991 438.794 157.393 403.117 
218.643 444.832 262.482 442.338 296.483 414.553 252.643 417.046 
346.279 355.652 387.835 341.468 413.118 305.567 371.562 319.751 
429.691 189.111 416.396 230.96 430.237 272.632 443.533 230.783 
367.229 47.504 364.941 91.355 388.865 128.175 391.152 84.325 
264.495 -7.57 296.331 22.672 339.863 28.425 308.026 -1.817 
105.323 16.846 144.803 36.066 188.04 28.41 148.56 9.189 
55.579 -86.754 48.541 -43.411 87.586 -23.323 94.625 -66.666 
-31.087 -7.36 -22.034 35.606 16.032 13.718 6.978 -29.248 
-63.58 49.817 -54.223 92.719 -21.436 121.927 -30.793 79.025 
-108.562 122.973 -89.411 162.486 -45.913 156.482 -65.064 116.969 
-117.851 206.477 -73.994 204.332 -39.774 176.817 -83.631 178.962 
-100.949 238.995 -121.325 277.891 -78.036 285.25 -57.66 246.354 
-87.881 328.042 -77.97 370.818 -34.224 374.61 -44.135 331.834 
-26.269 417.794 16.309 428.529 57.065 412.188 14.487 401.453 
36.398 450.93 33.674 494.756 76.197 483.803 78.92 439.977 
99.59 438.667 91.951 481.907 111.187 521.38 118.826 478.139 
153.313 471.156 144.052 514.079 182.011 536.151 191.273 493.228 
240.971 480.618 224.889 521.477 268.718 524.146 284.8 483.287 
327.945 445.182 328.325 489.09 353.826 453.344 353.446 409.436 
384.524 400.204 380.604 443.939 420.988 461.181 424.907 417.446 
388.112 385.378 428.345 402.967 471.233 393.548 431.0 375.959 
434.726 343.792 473.407 364.574 505.125 334.208 466.444 313.426 
488.901 223.741 471.958 264.25 505.25 292.882 522.193 252.372 
444.95 134.831 469.729 171.081 511.083 185.844 486.304 149.594 
447.138 106.108 487.404 123.62 516.503 90.737 476.237 73.224 
435.173 54.489 432.768 98.333 460.485 64.276 462.89 20.432 
395.541 -2.971 410.189 38.424 445.031 11.701 430.383 -29.694 
313.538 -52.227 346.419 -23.126 384.257 -45.405 351.375 -74.507 
220.737 -37.025 262.221 -51.421 287.319 -87.45 245.836 -73.054 
170.923 -85.462 193.496 -47.798 222.34 -80.905 199.768 -118.569 
115.143 -87.414 134.332 -47.918 173.07 -27.244 153.882 -66.739 
124.389 -128.978 157.253 -99.857 195.105 -122.114 162.24 -151.235 
-2.646 -158.834 -4.26 -114.954 37.972 -126.979 39.585 -170.859 
-89.881 -129.842 -77.476 -87.721 -33.583 -86.503 -45.988 -128.624 
-119.206 -80.321 -111.613 -37.072 -68.135 -30.929 -75.728 -74.178 
-108.735 51.393 -121.08 93.532 -77.188 92.251 -64.843 50.112 
-147.125 143.973 -139.069 187.138 -100.507 166.138 -108.562 122.973 
-207.733 272.426 -204.1 316.186 -161.359 326.253 -164.993 282.493 
-212.824 397.337 -170.566 409.267 -146.161 372.763 -188.419 360.833 
-150.098 416.496 -149.487 460.402 -107.919 446.252 -108.53 402.347 
-26.543 438.112 -30.776 481.818 9.483 499.349 13.716 455.644 
34.584 497.82 53.167 537.603 96.747 532.224 78.163 492.44 
143.429 614.694 186.215 624.565 208.825 586.924 166.039 577.052 
230.702 624.994 256.795 660.311 282.319 624.582 256.227 589.265 
289.246 562.961 296.726 606.228 340.189 612.484 332.708 569.216 
349.377 497.028 390.322 512.89 418.06 478.851 377.115 462.989 
434.614 417.778 428.271 461.227 471.554 453.833 477.897 410.383 
538.025 363.289 566.577 396.649 589.482 359.186 560.93 325.826 
577.481 282.106 603.969 317.127 645.461 302.759 618.974 267.737 
584.89 205.877 565.526 245.286 608.99 251.525 628.355 212.116 
502.132 132.228 525.487 169.412 553.634 135.709 530.278 98.525 
489.875 17.392 481.057 60.407 519.243 82.085 528.06 39.07 
436.848 -86.271 466.827 -54.188 506.604 -72.785 476.625 -104.869 
402.886 -153.356 408.574 -109.816 448.225 -128.681 442.537 -172.221 
368.131 -187.263 340.722 -152.958 364.877 -116.289 392.287 -150.594 
219.63 -135.732 237.095 -95.445 280.808 -99.607 263.343 -139.894 
211.767 -205.917 204.689 -162.499 248.089 -169.172 255.154 -212.51 
172.724 -225.955 165.651 -182.618 204.681 -162.5 211.767 -205.917 
-185.124 40.248 -187.668 84.084 -146.764 100.05 -144.22 56.214 
-215.505 118.044 -174.605 134.023 -146.769 100.064 -187.668 84.084 
-57.789 541.868 -15.316 553.004 8.401 516.049 -34.074 504.914 
-14.08 553.767 10.193 590.358 37.493 555.966 13.22 519.374 
412.402 522.395 438.377 557.798 464.021 522.154 438.045 486.751 
440.582 484.959 464.609 521.712 506.988 510.219 482.962 473.466 
547.444 78.552 570.631 115.841 613.26 105.312 590.073 68.023 
550.658 34.689 547.424 78.479 590.071 68.023 593.305 24.232 
290.334 -224.376 285.462 -180.737 307.171 -142.569 312.042 -186.208 
172.721 -225.949 211.767 -205.918 255.154 -212.509 216.121 -232.621 
95.529 -190.011 78.072 -149.72 115.878 -172.055 133.334 -212.346 
-187.802 1.826 -147.097 18.293 -104.486 7.689 -145.192 -8.778 
-212.949 74.215 -215.496 118.052 -187.669 84.084 -185.123 40.248 
-209.91 160.133 -207.75 203.99 -180.225 238.201 -182.384 194.344 
-97.495 488.905 -103.421 532.414 -73.054 500.697 -67.128 457.189 
-57.789 541.868 -31.649 577.15 10.237 590.328 -15.904 555.046 
46.371 598.969 90.277 599.608 126.173 574.317 82.267 573.679 
354.725 538.6 375.91 577.061 415.656 595.724 394.471 557.263 
438.357 557.784 480.402 545.121 506.974 510.163 464.929 522.826 
522.669 396.994 510.936 439.307 526.315 480.436 538.048 438.123 
565.914 177.867 608.949 169.146 638.64 136.796 595.605 145.516 
593.259 24.227 590.076 68.021 613.244 105.322 616.426 61.528 
492.826 -31.094 527.865 -4.629 571.767 -3.815 536.728 -30.279 
