153.887 239.398 143.552 282.075 187.333 278.716 197.668 236.039 
219.607 236.366 208.004 278.715 244.695 302.837 256.298 260.488 
226.607 213.857 263.498 237.673 297.547 209.948 260.657 186.131 
194.858 160.148 210.338 201.239 244.634 173.818 229.154 132.728 
132.28 174.429 146.594 215.941 190.497 215.155 176.183 173.644 
104.431 203.679 94.258 246.394 111.135 286.931 121.309 244.216 
157.356 310.801 196.193 331.289 239.656 325.037 200.819 304.548 
288.759 252.969 281.696 296.307 312.883 265.397 319.946 222.059 
252.061 113.212 267.359 154.37 303.929 178.676 288.631 137.517 
120.747 147.787 164.544 144.646 198.131 116.36 154.333 119.502 
24.83 102.703 56.659 132.952 95.263 112.029 63.434 81.78 
45.929 175.531 27.155 215.226 59.105 245.347 77.879 205.653 
-21.619 273.504 12.235 301.466 49.291 277.909 15.436 249.946 
29.932 317.322 38.812 360.325 76.967 338.591 68.087 295.588 
115.655 359.36 149.781 386.992 186.606 363.075 152.48 335.443 
178.995 406.321 192.421 448.128 228.033 422.44 214.607 380.633 
233.663 368.536 246.878 410.41 290.787 410.78 277.571 368.906 
303.515 308.295 317.209 350.015 352.655 324.098 338.96 282.378 
363.96 261.235 377.77 302.917 421.68 302.663 407.869 260.981 
370.513 200.161 358.816 242.484 402.683 240.53 414.379 198.206 
316.94 112.538 329.015 154.755 372.898 156.316 360.823 114.099 
319.439 44.598 307.427 86.833 351.307 85.206 363.319 42.971 
266.441 16.041 250.996 57.145 285.315 84.536 300.76 43.432 
163.521 49.378 146.173 89.716 189.898 93.749 207.245 53.411 
88.154 25.038 71.88 65.821 105.638 93.901 121.912 53.118 
15.797 37.038 -10.655 72.086 31.346 59.279 57.798 24.231 
-35.19 220.825 -38.505 264.609 -10.088 231.135 -6.773 187.35 
-31.147 308.25 -23.071 351.411 8.833 381.581 0.756 338.42 
113.322 411.463 139.151 446.973 180.92 460.518 155.09 425.009 
222.903 466.048 266.799 467.153 302.96 442.244 259.064 441.14 
362.828 366.814 404.339 352.498 429.507 316.516 387.996 330.832 
455.983 194.351 438.745 234.736 448.537 277.54 465.775 237.155 
384.796 39.239 381.338 83.013 404.269 120.459 407.727 76.686 
280.24 -29.178 308.733 4.232 351.423 14.514 322.929 -18.896 
91.751 -10.124 129.941 11.548 173.575 6.634 135.386 -15.038 
42.575 -111.72 28.471 -70.136 63.66 -43.873 77.764 -85.456 
-47.57 -34.264 -54.841 9.039 -11.409 2.572 -4.14 -40.732 
-88.334 37.434 -76.561 79.736 -42.173 107.04 -53.946 64.737 
-128.073 117.983 -116.207 160.259 -72.333 162.037 -84.199 119.761 
-152.122 198.524 -109.502 209.088 -68.812 192.582 -111.433 182.018 
-121.826 251.233 -151.879 283.247 -112.145 301.936 -82.092 269.922 
-108.956 345.731 -106.835 389.589 -64.467 401.124 -66.588 357.266 
-46.468 441.176 -3.376 449.612 36.444 431.108 -6.648 422.672 
27.347 474.065 22.922 517.751 65.838 508.46 70.263 464.773 
99.05 464.862 84.527 506.3 97.135 548.362 111.658 506.923 
158.487 498.265 141.779 538.872 175.235 567.311 191.943 526.704 
252.235 508.577 230.903 546.957 273.997 555.384 295.329 517.004 
337.58 469.255 339.068 513.14 363.658 476.761 362.169 432.876 
401.327 418.012 395.445 461.526 435.012 480.567 440.894 437.053 
407.832 396.269 445.217 419.301 488.999 415.96 451.615 392.928 
457.928 349.988 492.537 377.011 528.933 352.446 494.324 325.423 
522.06 227.312 499.662 265.08 528.659 298.053 551.058 260.285 
467.953 134.804 493.061 170.828 534.548 185.214 509.44 149.191 
469.297 96.633 508.14 117.109 539.618 86.495 500.775 66.018 
459.678 41.641 450.906 84.665 483.292 55.013 492.064 11.988 
416.366 -25.966 422.919 17.452 462.187 -2.197 455.634 -45.616 
327.279 -84.415 354.198 -49.724 395.509 -64.606 368.59 -99.297 
224.67 -55.083 265.738 -70.624 289.827 -107.336 248.759 -91.795 
164.714 -111.879 179.829 -70.652 214.367 -97.767 199.253 -138.994 
110.291 -124.234 121.52 -81.784 155.556 -54.041 144.327 -96.491 
126.282 -161.79 154.058 -127.781 194.985 -143.688 167.21 -177.697 
-6.794 -191.922 -17.043 -149.225 26.732 -152.672 36.98 -195.37 
-104.114 -158.677 -98.313 -115.151 -55.125 -107.219 -60.927 -150.744 
-142.249 -99.366 -128.615 -57.627 -84.705 -57.696 -98.34 -99.436 
-136.417 41.005 -147.914 83.383 -104.057 81.222 -92.56 38.844 
-169.783 131.707 -169.62 175.617 -127.91 161.892 -128.073 117.983 
-236.052 271.862 -239.435 315.642 -198.844 332.388 -195.46 288.609 
-248.912 404.116 -208.199 420.563 -179.976 386.924 -220.689 370.477 
-177.691 430.774 -184.475 474.157 -141.119 467.202 -134.335 423.819 
-44.933 463.793 -53.541 506.851 -15.251 528.344 -6.642 485.286 
22.922 517.751 37.584 559.141 81.479 557.988 66.817 516.598 
134.154 643.799 175.7 658.013 202.057 622.892 160.511 608.679 
229.168 657.432 252.92 694.363 280.703 660.36 256.952 623.429 
297.579 592.424 298.928 636.313 341.086 648.592 339.737 604.703 
361.897 520.635 401.703 539.171 431.631 507.041 391.825 488.505 
451.161 438.238 441.027 480.963 484.792 477.398 494.926 434.674 
563.021 380.126 588.468 415.911 614.638 380.651 589.191 344.866 
605.196 292.196 629.927 328.479 672.077 316.171 647.346 279.888 
617.769 212.216 593.427 248.762 635.706 260.619 660.048 224.073 
528.268 128.913 549.393 167.408 579.476 135.421 558.351 96.927 
520.634 11.433 507.156 53.223 542.735 78.956 556.214 37.166 
464.896 -106.003 491.444 -71.028 532.912 -85.468 506.363 -120.444 
420.552 -176.496 424.382 -132.753 464.8 -149.913 460.97 -193.655 
387.999 -212.588 356.966 -181.522 376.922 -142.409 407.954 -173.474 
225.972 -162.115 238.917 -120.157 282.822 -119.504 269.877 -161.462 
220.929 -236.549 209.58 -194.046 253.428 -196.383 264.756 -238.807 
184.432 -261.667 171.714 -219.639 207.755 -194.556 220.497 -236.662 
-205.528 23.954 -211.917 67.397 -172.575 86.898 -166.186 43.455 
-243.362 98.406 -204.418 118.691 -173.091 87.922 -212.035 67.637 
-79.78 561.086 -36.618 569.15 -15.611 530.59 -58.774 522.527 
-32.497 571.122 -12.121 610.019 18.575 578.621 -1.8 539.725 
420.961 549.634 447.867 584.335 472.555 548.022 445.648 513.322 
453.301 507.999 474.395 546.511 517.54 538.351 496.447 499.839 
576.712 77.062 598.211 115.349 641.267 106.734 619.768 68.447 
582.409 32.583 576.524 76.096 619.727 68.246 625.611 24.733 
308.222 -251.709 297.19 -209.207 313.245 -168.338 324.278 -210.84 
184.422 -261.651 220.898 -237.252 264.756 -238.798 228.302 -263.276 
97.435 -223.156 79.177 -183.223 117.421 -204.797 135.68 -244.731 
-205.91 -30.817 -171.397 -3.67 -127.519 -1.994 -162.031 -29.141 
-236.531 55.039 -243.353 98.415 -212.337 67.333 -205.515 23.956 
-233.616 151.487 -237.831 195.194 -215.551 233.032 -211.336 189.324 
-123.052 507.221 -135.174 549.425 -100.561 522.406 -88.44 480.202 
-79.784 561.106 -53.852 596.54 -12.044 609.964 -37.977 574.53 
30.159 620.976 73.695 626.692 112.277 605.727 68.741 600.011 
366.465 565.37 383.632 605.785 421.276 628.392 404.109 587.977 
447.849 584.323 490.166 572.605 517.515 538.252 475.197 549.969 
544.921 421.537 528.945 462.438 540.062 504.918 556.038 464.017 
593.131 177.155 636.809 172.65 669.499 143.333 625.82 147.837 
625.537 24.721 620.055 68.288 641.228 106.756 646.71 63.19 
525.341 -42.217 557.539 -12.361 601.137 -7.133 568.939 -36.989 
