157.151 230.427 150.22 273.786 193.6 266.979 200.531 223.62 
215.173 223.824 207.245 267.012 245.87 287.898 253.798 244.71 
219.338 211.756 258.32 231.966 289.587 201.136 250.604 180.926 
188.996 164.802 208.843 203.971 239.961 172.992 220.115 133.823 
134.689 178.156 153.534 217.817 197.077 212.151 178.233 172.49 
117.457 192.787 111.189 236.247 131.664 275.091 137.932 231.631 
159.1 294.142 199.207 312.017 242.161 302.904 202.054 285.029 
273.656 242.053 269.395 285.755 298.529 252.904 302.791 209.201 
236.614 119.931 255.779 159.438 294.506 180.134 275.34 140.628 
128.773 163.073 171.907 154.856 201.974 122.854 158.84 131.072 
53.139 122.054 89.6 146.523 124.138 119.408 87.677 94.939 
54.225 172.537 41.465 214.552 77.48 239.671 90.241 197.656 
0.723 257.157 37.607 280.982 71.664 253.265 34.779 229.44 
53.875 293.411 68.711 334.739 103.432 307.858 88.596 266.53 
122.421 347.449 159.826 370.448 193.259 341.981 155.854 318.982 
175.541 382.157 193.344 422.297 226.016 392.961 208.214 352.822 
223.046 342.436 240.277 382.823 284.013 378.915 266.782 338.528 
292.327 296.373 310.634 336.284 342.935 306.54 324.627 266.628 
340.292 254.741 358.329 294.775 401.977 289.993 383.941 249.958 
343.305 195.792 335.106 238.93 378.666 233.397 386.865 190.26 
297.857 118.579 315.272 158.888 358.99 154.779 341.574 114.471 
299.389 58.619 291.851 101.877 335.322 95.678 342.859 52.42 
247.823 36.237 238.464 79.138 276.373 101.296 285.733 58.395 
156.264 62.814 147.253 105.789 190.91 101.079 199.921 58.103 
104.442 38.664 93.442 81.173 130.472 104.772 141.472 62.262 
40.179 59.273 20.019 98.281 59.258 78.572 79.418 39.564 
-4.141 208.518 -6.536 252.363 21.172 218.299 23.567 174.455 
-5.684 288.318 8.556 329.855 44.492 355.088 30.251 313.551 
117.259 381.224 142.897 416.872 184.592 430.642 158.954 394.994 
217.275 435.991 261.014 432.118 294.122 403.275 250.383 407.149 
340.221 350.366 381.789 336.217 407.102 300.337 365.534 314.486 
419.13 186.692 407.482 229.029 422.943 270.127 434.591 227.79 
359.94 49.679 358.223 93.555 382.623 130.061 384.34 86.185 
257.926 0.389 291.15 29.099 334.904 32.798 301.68 4.087 
108.014 26.365 147.945 44.63 190.986 35.935 151.055 17.67 
59.841 -76.268 57.243 -32.434 98.129 -16.419 100.726 -60.252 
-21.664 0.986 -8.396 42.843 27.313 17.289 14.044 -24.568 
-51.665 50.317 -44.517 93.641 -13.27 124.49 -20.417 81.166 
-99.626 124.769 -78.571 163.301 -35.418 155.183 -56.473 116.651 
-104.384 208.787 -60.879 202.835 -29.182 172.448 -72.687 178.4 
-91.751 234.06 -108.971 274.452 -65.234 278.347 -48.014 237.954 
-78.474 320.214 -66.324 362.409 -22.439 363.893 -34.589 321.697 
-20.037 407.737 22.319 419.314 63.391 403.783 21.035 392.206 
39.348 440.525 37.102 484.378 79.502 472.963 81.749 429.11 
100.265 427.391 94.971 470.98 116.31 509.357 121.604 465.767 
151.744 459.782 144.684 503.121 183.72 523.228 190.78 479.889 
236.624 468.631 222.532 510.218 266.439 510.769 280.53 469.182 
322.987 436.364 323.017 480.274 348.802 444.732 348.772 400.822 
376.592 393.419 373.35 437.209 413.995 453.824 417.237 410.034 
379.496 380.067 420.427 395.967 462.886 384.771 421.955 368.872 
425.152 340.365 464.796 359.246 495.004 327.378 455.36 308.497 
475.35 221.903 460.515 263.231 495.235 290.111 510.071 248.784 
435.836 135.577 460.48 171.92 501.779 186.836 477.135 150.494 
438.245 110.201 478.872 126.862 507.272 93.372 466.645 76.711 
425.405 59.445 424.756 103.351 451.088 68.212 451.737 24.307 
386.733 5.2 403.669 45.712 436.965 17.085 420.028 -23.427 
307.376 -40.39 341.977 -13.355 378.38 -37.908 343.78 -64.943 
219.444 -29.544 261.109 -43.406 286.668 -79.11 245.003 -65.248 
172.594 -75.603 196.722 -38.916 224.157 -73.199 200.03 -109.887 
116.719 -75.086 137.648 -36.485 177.269 -17.557 156.34 -56.158 
123.973 -116.616 158.291 -89.223 194.948 -113.397 160.63 -140.789 
0.376 -145.84 1.787 -101.953 43.091 -116.857 41.679 -160.745 
-81.744 -119.347 -66.773 -78.068 -22.888 -79.549 -37.859 -120.829 
-107.686 -73.862 -102.147 -30.303 -59.008 -22.111 -64.547 -65.67 
-101.316 54.97 -111.74 97.625 -67.952 94.358 -57.528 51.703 
-137.115 147.631 -126.957 190.35 -89.468 167.488 -99.626 124.769 
-195.94 270.901 -189.807 314.38 -146.56 321.984 -152.693 278.504 
-199.397 391.669 -156.776 402.231 -133.56 364.96 -176.181 354.398 
-139.676 408.442 -136.191 452.213 -95.639 435.373 -99.124 391.601 
-20.778 427.724 -23.568 471.546 17.246 487.741 20.037 443.92 
38.576 488.873 58.498 528.005 101.87 521.151 81.948 482.019 
145.459 602.128 188.559 610.524 209.863 572.127 166.763 563.732 
228.77 611.757 255.55 646.555 280.369 610.332 253.589 575.534 
283.824 551.09 293.458 593.929 337.179 598.004 327.544 555.164 
343.059 488.265 384.324 503.274 411.35 468.667 370.085 453.658 
427.008 410.087 421.889 453.697 464.947 445.09 470.066 401.479 
527.173 357.265 556.673 389.79 578.491 351.684 548.991 319.159 
565.596 279.589 592.618 314.199 633.885 299.195 606.863 264.584 
571.296 205.043 553.844 245.336 597.558 249.482 615.01 209.189 
491.796 134.464 515.86 171.193 543.355 136.958 519.291 100.228 
478.292 20.463 471.003 63.764 509.933 84.076 517.221 40.775 
425.641 -78.72 456.659 -47.639 495.803 -67.534 464.786 -98.615 
396.949 -143.246 403.248 -99.79 442.63 -119.209 436.331 -162.665 
361.371 -176.151 335.643 -140.568 361.534 -105.103 387.262 -140.686 
217.643 -125.252 236.66 -85.674 280.178 -91.531 261.161 -131.109 
209.624 -194.194 203.425 -150.641 246.681 -158.19 252.869 -201.661 
170.182 -213.434 163.99 -169.963 203.421 -150.641 209.624 -194.194 
-175.293 44.558 -177.12 88.43 -135.96 103.726 -134.133 59.854 
-204.394 122.843 -163.238 138.148 -135.964 103.736 -177.12 88.431 
-50.765 531.606 -8.627 543.952 16.137 507.691 -26.002 495.345 
-8.004 544.368 16.917 580.522 43.6 545.649 18.679 509.495 
406.466 512.305 432.018 548.015 458.084 512.678 432.532 476.968 
433.821 476.062 458.377 512.464 500.586 500.36 476.03 463.957 
536.16 80.445 559.641 117.55 602.186 106.684 578.705 69.579 
539.009 36.581 536.146 80.397 578.703 69.58 581.566 25.763 
286.055 -212.872 282.349 -169.119 305.068 -131.544 308.774 -175.297 
170.18 -213.431 209.624 -194.194 252.869 -201.661 213.437 -220.98 
94.992 -177.271 78.373 -136.628 115.708 -159.741 132.326 -200.385 
-177.67 11.205 -135.981 24.996 -94.149 11.649 -135.837 -2.142 
-202.559 78.977 -204.387 122.849 -177.121 88.43 -175.293 44.558 
-199.927 162.273 -195.441 205.953 -166.136 238.654 -170.623 194.974 
-88.484 478.694 -92.891 522.382 -63.647 489.628 -59.24 445.94 
-50.765 531.606 -24.851 567.054 16.949 580.5 -8.965 545.052 
51.311 588.877 95.206 587.736 130.048 561.012 86.153 562.153 
347.953 527.875 370.155 565.758 410.385 583.355 388.182 545.472 
432.002 548.003 474.035 535.302 500.576 500.321 458.543 513.021 
512.786 388.401 502.493 431.088 519.257 471.672 529.55 428.985 
554.496 179.431 597.307 169.668 626.204 136.606 583.393 146.369 
581.53 25.759 578.706 69.578 602.178 106.689 605.002 62.87 
480.655 -26.321 516.569 -1.056 560.474 -1.725 524.56 -26.99 
