161.269 218.158 161.097 262.067 202.911 248.661 203.082 204.752 
204.911 204.713 204.88 248.623 246.632 262.222 246.663 218.312 
205.457 202.881 247.248 216.357 272.978 180.776 231.187 167.3 
178.046 166.404 203.963 201.85 229.664 166.248 203.748 130.803 
134.96 180.84 160.673 216.434 202.471 202.979 176.757 167.385 
132.568 182.7 132.532 226.61 158.314 262.155 158.349 218.245 
162.23 265.184 203.972 278.809 245.752 265.296 204.009 251.671 
249.986 218.185 249.986 262.095 275.795 226.571 275.796 182.661 
206.185 128.893 232.015 164.402 273.784 177.946 247.954 142.437 
134.104 178.438 175.884 164.927 201.744 129.44 159.964 142.95 
90.775 163.358 132.426 177.259 158.519 141.942 116.867 128.041 
89.262 169.205 89.316 213.115 131.094 226.633 131.04 182.723 
63.365 248.915 105.107 262.537 130.963 227.047 89.219 213.424 
105.422 262.766 130.999 298.458 157.041 263.104 131.464 227.412 
136.111 301.702 177.873 315.266 203.679 279.739 161.916 266.175 
178.124 315.445 203.809 351.06 229.743 315.627 204.06 280.012 
204.317 279.829 229.88 315.53 271.734 302.25 246.171 266.548 
250.79 262.668 276.648 298.156 302.409 262.597 276.55 227.108 
276.773 226.944 302.526 262.509 344.309 249.007 318.555 213.442 
276.939 182.652 276.651 226.561 318.5 213.267 318.788 169.358 
248.847 141.771 274.75 177.227 316.475 163.549 290.573 128.093 
248.802 97.409 248.698 141.319 290.491 127.849 290.596 83.94 
206.865 83.602 206.616 127.511 248.3 141.316 248.548 97.407 
159.359 97.636 159.478 141.546 201.202 127.863 201.082 83.953 
117.219 83.833 116.967 127.742 158.649 141.55 158.901 97.641 
90.792 118.901 90.025 162.805 116.452 127.737 117.219 83.834 
62.91 204.993 63.348 248.901 88.802 213.121 88.363 169.214 
63.309 249.101 88.716 284.913 130.322 298.951 104.913 263.139 
135.866 302.472 161.936 337.806 203.796 351.068 177.726 315.734 
203.857 351.092 245.731 337.875 271.838 302.57 229.964 315.787 
276.92 298.354 318.631 284.631 344.309 249.012 302.599 262.735 
319.157 169.356 318.794 213.265 344.309 249.001 344.672 205.093 
290.62 83.941 290.902 127.85 316.939 163.207 316.657 119.298 
207.075 82.961 248.675 97.015 290.591 83.933 248.991 69.879 
117.222 83.825 159.124 96.953 200.74 82.945 158.838 69.817 
90.6 47.126 116.724 82.42 158.363 68.482 132.24 33.188 
64.384 82.35 89.781 118.17 115.999 82.946 90.601 47.126 
63.934 82.675 62.691 126.568 87.484 162.808 88.727 118.916 
17.509 142.885 43.419 178.335 85.141 164.646 59.231 129.196 
19.602 218.033 61.147 203.814 86.398 167.892 44.854 182.111 
19.931 218.96 20.314 262.868 61.955 248.935 61.572 205.027 
20.316 262.868 45.641 298.739 87.582 285.738 62.257 249.867 
46.173 300.336 87.824 314.24 129.692 301.007 88.042 287.103 
89.123 317.806 89.232 361.716 130.959 348.043 130.851 304.133 
133.896 304.011 134.121 347.921 160.113 383.312 159.888 339.402 
161.475 339.358 161.946 383.266 203.85 396.386 203.379 352.479 
204.317 352.477 203.85 396.384 245.753 383.26 246.22 339.353 
247.821 339.326 247.644 383.236 273.596 347.816 273.772 303.906 
277.239 303.762 277.329 347.672 319.117 361.156 319.028 317.246 
277.97 301.216 319.792 314.595 361.491 300.837 319.669 287.457 
320.183 285.701 362.072 298.871 387.541 263.102 345.653 249.933 
346.369 205.078 345.956 248.986 387.588 262.947 388.0 219.039 
321.268 167.74 346.882 203.405 388.568 217.203 362.954 181.538 
322.189 164.453 363.978 177.936 389.715 142.359 347.926 128.876 
319.845 119.161 320.143 163.07 345.711 127.371 345.413 83.462 
291.976 82.887 318.238 118.077 343.591 82.226 317.328 47.035 
249.513 68.23 291.12 82.267 317.326 47.035 275.72 32.998 
206.14 80.282 248.054 67.193 274.269 31.967 232.355 45.056 
177.632 43.234 203.639 78.614 229.25 42.946 203.243 7.567 
132.899 32.678 159.432 67.665 201.462 80.376 174.929 45.388 
134.228 27.879 175.821 41.954 202.06 6.746 160.467 -7.329 
85.278 -4.276 86.983 39.6 128.186 24.42 126.48 -19.457 
43.138 -17.741 43.231 26.169 85.02 39.65 84.928 -4.26 
15.115 60.928 56.003 76.937 83.863 42.997 42.975 26.988 
16.032 97.372 16.915 141.273 58.394 126.867 57.512 82.966 
-10.257 179.354 15.182 215.145 41.36 179.892 15.922 144.101 
-31.62 207.767 -30.285 251.657 11.869 263.95 10.534 220.06 
-56.616 289.117 -14.857 302.691 10.958 267.171 -30.802 253.596 
-13.068 303.925 12.053 339.94 38.542 304.92 13.422 268.905 
44.974 304.662 45.352 348.571 87.229 361.779 86.85 317.87 
89.759 363.228 115.351 398.909 157.194 385.597 131.602 349.915 
134.896 427.966 176.861 440.889 202.119 404.97 160.154 392.048 
179.159 442.397 204.975 477.917 230.778 442.389 204.964 406.869 
207.542 404.895 232.934 440.718 274.85 427.639 249.459 391.815 
251.063 385.501 292.893 398.855 318.52 363.199 276.689 349.845 
320.75 317.219 320.562 361.128 362.38 347.738 362.568 303.829 
369.606 303.183 395.777 338.441 421.223 302.655 395.051 267.397 
397.723 265.291 423.537 300.812 465.297 287.237 439.482 251.717 
397.057 218.195 396.587 262.102 438.491 248.981 438.961 205.074 
365.848 179.217 391.828 214.617 417.468 178.97 391.488 143.569 
348.637 83.364 348.422 127.273 390.116 141.047 390.331 97.137 
323.835 41.036 350.195 76.153 391.74 61.934 365.379 26.817 
322.828 -5.576 322.854 38.334 364.607 24.74 364.581 -19.17 
278.708 -19.907 277.818 23.994 319.295 38.407 320.185 -5.494 
204.923 6.261 231.022 41.573 272.67 27.663 246.572 -7.649 
203.553 -41.891 203.354 2.101 245.176 -11.279 245.374 -55.189 
161.852 -55.563 161.654 -11.654 203.354 2.103 203.552 -41.889 
-29.495 83.89 -29.662 127.8 12.048 141.527 12.214 97.617 
-55.605 163.228 -13.896 176.955 12.048 141.529 -29.661 127.802 
18.443 388.093 60.188 401.708 86.037 366.213 44.291 352.598 
60.202 401.716 85.984 437.26 111.822 401.756 86.039 366.212 
296.419 401.139 322.21 436.676 348.038 401.165 322.246 365.628 
322.268 365.608 348.058 401.147 389.827 387.601 364.037 352.063 
394.922 140.826 420.561 176.474 462.387 163.105 436.748 127.458 
395.077 96.9 394.915 140.81 436.726 127.395 436.888 83.485 
251.744 -55.611 251.446 -11.702 277.013 23.997 277.311 -19.912 
161.853 -55.567 203.553 -41.891 245.375 -55.188 203.675 -68.946 
128.693 -19.51 128.616 24.4 154.488 -11.079 154.566 -54.989 
-27.942 77.765 13.734 91.595 55.579 78.288 13.903 64.458 
-55.44 119.317 -55.604 163.227 -29.662 127.799 -29.498 83.889 
-57.349 170.637 -31.064 205.811 10.875 218.818 -15.41 183.644 
12.791 340.486 12.483 384.395 38.541 349.053 38.849 305.144 
18.424 388.152 44.226 423.682 85.984 437.259 60.182 401.73 
92.38 441.128 134.09 427.402 159.766 391.781 118.056 405.507 
249.564 391.74 275.176 427.407 316.861 441.208 291.249 405.541 
322.272 436.72 364.029 423.138 389.828 387.606 348.071 401.188 
369.515 303.253 369.661 347.163 395.59 382.6 395.443 338.69 
396.921 217.777 438.765 204.465 464.794 169.101 422.95 182.412 
436.888 83.485 436.833 127.395 462.598 162.951 462.653 119.041 
350.274 76.374 392.065 89.85 433.796 76.187 392.005 62.712 
