156.364 233.291 148.485 276.489 192.003 270.633 199.882 227.436 
216.77 227.663 207.745 270.635 245.826 292.498 254.851 249.525 
221.769 212.944 260.189 234.204 292.281 204.235 253.861 182.974 
190.837 164.11 209.565 203.827 241.549 173.743 222.823 134.027 
134.256 177.708 151.899 217.918 195.593 213.564 177.95 173.354 
113.899 195.916 106.614 239.218 126.171 278.532 133.457 235.231 
158.828 299.399 198.606 317.996 241.718 309.66 201.94 291.063 
278.165 245.813 273.157 289.436 302.849 257.088 307.857 213.464 
241.575 118.015 259.564 158.07 297.663 179.902 279.673 139.846 
127.04 159.902 170.357 152.713 201.177 121.435 157.859 128.624 
46.282 117.503 81.959 143.1 117.329 117.079 81.651 91.481 
50.816 174.054 36.463 215.552 71.494 242.027 85.847 200.529 
-6.719 260.403 29.264 285.567 64.317 259.12 28.333 233.956 
46.774 299.374 59.998 341.246 95.734 315.731 82.511 273.859 
120.705 351.849 157.196 376.273 191.701 349.115 155.21 324.692 
175.658 389.989 192.131 430.692 225.751 402.447 209.278 361.744 
225.615 350.511 241.684 391.374 285.514 388.718 269.445 347.855 
295.858 300.437 312.806 340.944 346.094 312.307 329.144 271.8 
347.52 257.586 364.24 298.188 408.022 294.834 391.302 254.232 
351.421 197.851 342.229 240.789 385.906 236.262 395.097 193.325 
303.86 117.027 319.655 157.998 363.501 155.636 347.707 114.666 
305.972 55.141 297.144 98.154 340.78 93.258 349.608 50.244 
253.985 31.193 243.132 73.74 280.243 97.21 291.096 54.663 
158.45 60.339 147.467 102.853 191.294 100.161 202.278 57.647 
100.431 35.448 87.98 77.556 124.18 102.409 136.631 60.302 
32.88 53.334 10.268 90.974 50.686 73.814 73.298 36.173 
-12.718 210.959 -15.446 254.784 12.52 220.932 15.248 177.107 
-13.776 294.258 -1.403 336.389 33.371 363.201 20.997 321.07 
115.559 390.216 141.155 425.895 182.833 439.714 157.238 404.036 
218.821 445.806 262.669 443.466 296.766 415.8 252.919 418.139 
346.975 356.208 388.529 342.02 413.808 306.116 372.254 320.305 
430.864 189.364 417.389 231.156 431.052 272.886 444.527 231.095 
368.029 47.259 365.682 91.107 389.555 127.959 391.902 84.112 
265.222 -8.48 296.905 21.922 340.407 27.896 308.724 -2.506 
104.916 15.692 144.339 35.028 187.599 27.5 148.176 8.163 
55.145 -87.927 47.619 -44.667 86.436 -24.141 93.962 -67.401 
-32.045 -8.396 -23.583 34.69 14.78 13.327 6.317 -29.76 
-64.844 49.709 -55.262 92.561 -22.323 121.596 -31.905 78.745 
-109.526 122.757 -90.616 162.386 -47.082 156.647 -65.992 117.017 
-119.369 206.179 -75.491 204.501 -40.98 177.352 -84.858 179.03 
-101.934 239.555 -122.694 278.248 -79.48 286.035 -58.72 247.343 
-88.902 328.923 -79.261 371.761 -35.54 375.829 -45.181 332.991 
-27.003 418.901 15.6 429.538 56.318 413.102 13.715 402.465 
36.055 452.057 33.275 495.879 75.811 484.98 78.591 441.158 
99.537 439.898 91.62 483.089 110.603 522.684 118.519 479.493 
153.515 472.402 143.983 515.265 181.802 537.576 191.334 494.713 
241.48 481.925 225.173 522.695 268.987 525.604 285.293 484.834 
328.462 446.187 328.887 490.095 354.351 454.323 353.927 410.415 
385.355 400.971 381.361 444.699 421.715 462.01 425.709 418.282 
389.036 385.928 429.178 403.725 472.114 394.528 431.972 376.731 
435.771 344.139 474.327 365.153 506.227 334.978 467.671 313.964 
490.399 223.925 473.218 264.335 506.34 293.162 523.521 252.753 
445.962 134.777 470.757 171.016 512.117 185.761 487.322 149.521 
448.123 105.679 488.344 123.296 517.528 90.487 477.307 72.87 
436.259 53.948 433.632 97.779 461.521 63.863 464.149 20.032 
396.495 -3.901 410.861 37.592 445.884 11.106 431.517 -30.387 
314.209 -53.587 346.876 -24.245 384.876 -46.245 352.21 -75.588 
220.891 -37.84 262.353 -52.296 287.399 -88.362 245.937 -73.906 
170.738 -86.574 193.102 -48.786 222.129 -81.732 199.766 -119.521 
114.977 -88.847 133.942 -49.244 172.564 -28.352 153.598 -67.955 
124.468 -130.364 157.158 -101.048 195.142 -123.078 162.452 -152.395 
-2.969 -160.274 -4.945 -116.409 37.384 -128.085 39.36 -171.951 
-90.74 -131.045 -78.644 -88.834 -34.761 -87.293 -46.857 -129.504 
-120.477 -81.028 -112.613 -37.828 -69.097 -31.959 -76.962 -75.159 
-109.557 50.969 -122.105 93.048 -78.208 91.978 -65.66 49.899 
-148.213 143.526 -140.415 186.739 -101.728 165.968 -109.526 122.757 
-209.028 272.554 -205.689 316.337 -163.018 326.692 -166.356 282.909 
-214.355 397.889 -172.144 409.986 -147.595 373.58 -189.806 361.483 
-151.281 417.334 -150.996 461.243 -109.324 447.403 -109.609 403.495 
-27.221 439.256 -31.628 482.944 8.561 500.636 12.967 456.947 
34.127 498.783 52.553 538.64 96.153 533.433 77.727 493.576 
143.156 616.063 185.902 626.107 208.664 588.557 165.918 578.513 
230.832 626.458 256.842 661.836 282.45 626.167 256.441 590.789 
289.778 564.279 297.009 607.589 340.434 614.095 333.204 570.785 
350.028 498.019 390.933 513.985 418.757 480.016 377.852 464.05 
435.421 418.646 428.932 462.074 472.24 454.825 478.728 411.397 
539.196 363.98 567.633 397.439 590.667 360.055 562.23 326.597 
578.766 282.444 605.189 317.514 646.708 303.222 620.285 268.152 
586.381 206.035 566.799 245.337 610.229 251.815 629.811 212.513 
503.277 132.02 526.548 169.257 554.771 135.619 531.501 98.382 
491.182 17.09 482.183 60.068 520.277 81.907 529.276 38.929 
438.085 -87.127 467.933 -54.922 507.786 -73.357 477.938 -105.562 
403.591 -154.443 409.202 -110.893 448.886 -129.687 443.275 -173.237 
368.928 -188.456 341.339 -154.296 365.301 -117.501 392.891 -151.661 
219.884 -136.879 237.165 -96.513 280.896 -100.476 263.615 -140.842 
212.06 -207.229 204.855 -163.831 248.274 -170.377 255.466 -213.694 
173.076 -227.381 165.875 -184.065 204.846 -163.832 212.06 -207.228 
-186.185 39.723 -188.818 83.554 -147.946 99.603 -145.313 55.772 
-216.724 117.456 -175.857 133.52 -147.952 99.617 -188.818 83.554 
-58.621 542.94 -16.11 553.931 7.48 516.896 -35.032 505.905 
-14.79 554.738 9.386 591.394 36.777 557.075 12.602 520.419 
412.974 523.544 438.997 558.911 464.592 523.232 438.568 487.865 
441.271 485.954 465.219 522.759 507.623 511.357 483.675 474.552 
548.705 78.394 571.847 115.711 614.489 105.234 591.347 67.917 
551.976 34.53 548.685 78.316 591.345 67.915 594.636 24.129 
290.904 -225.628 285.865 -182.008 307.427 -143.757 312.466 -187.377 
173.072 -227.374 212.06 -207.229 255.466 -213.693 216.491 -233.92 
95.6 -191.435 78.049 -151.185 115.907 -173.432 133.457 -213.682 
-188.883 0.746 -148.303 17.519 -105.613 7.236 -146.194 -9.537 
-214.079 73.634 -216.715 117.465 -188.819 83.554 -186.184 39.723 
-210.991 159.858 -209.105 203.728 -181.793 238.111 -183.679 194.241 
-98.538 489.966 -104.66 533.448 -74.15 501.869 -68.029 458.387 
-58.621 542.94 -32.462 578.207 9.431 591.363 -16.729 556.096 
45.781 600.052 89.683 600.896 125.696 575.774 81.794 574.93 
355.406 539.791 376.459 578.325 416.142 597.124 395.089 558.59 
438.976 558.897 481.025 546.247 507.608 511.298 465.559 523.948 
523.727 397.987 511.826 440.254 527.041 481.444 538.943 439.177 
567.158 177.746 610.221 169.162 640.014 136.905 596.951 145.489 
594.589 24.124 591.352 67.914 614.472 105.244 617.71 61.454 
494.204 -31.601 529.135 -4.995 573.034 -4.001 538.103 -30.608 
