154.816 237.859 145.219 280.707 188.936 276.594 198.533 233.745 
218.984 234.034 208.154 276.588 245.279 300.037 256.108 257.483 
225.461 213.753 262.802 236.856 296.313 208.481 258.971 185.378 
193.965 161.456 210.393 202.177 244.044 173.97 227.618 133.249 
133.058 175.597 148.374 216.749 192.245 214.9 176.929 173.747 
107.154 201.618 97.888 244.539 115.62 284.71 124.886 241.789 
158.01 307.765 197.139 327.689 240.507 320.808 201.377 300.884 
285.995 251.161 279.571 294.598 310.299 263.232 316.723 219.795 
249.369 114.705 265.429 155.572 302.444 179.195 286.384 138.327 
122.802 151.56 166.487 147.126 199.224 117.862 155.539 122.295 
31.349 106.84 64.578 135.544 102.145 112.812 68.916 84.108 
46.65 175.628 29.298 215.964 62.297 244.932 79.65 204.596 
-18.173 268.974 16.252 296.231 52.814 271.914 18.388 244.656 
34.438 311.795 44.626 354.507 82.1 331.618 71.911 288.907 
117.355 357.794 152.192 384.523 188.379 359.651 153.542 332.922 
177.664 402.234 191.938 443.759 227.02 417.352 212.746 375.827 
231.228 363.727 245.266 405.332 289.174 404.836 275.135 363.231 
301.59 306.269 316.197 347.678 351.066 320.989 336.457 279.58 
359.606 260.608 374.198 302.023 418.095 300.944 403.503 259.529 
365.32 199.867 354.373 242.39 398.198 239.661 409.145 197.137 
313.566 113.88 326.672 155.788 370.58 156.273 357.474 114.365 
316.226 47.945 305.109 90.424 348.945 87.871 360.062 45.392 
263.433 20.806 249.428 62.423 284.68 88.603 298.685 46.987 
162.288 53.049 146.907 94.177 190.775 96.096 206.156 54.967 
91.771 28.229 76.542 69.413 111.005 96.624 126.234 55.439 
20.903 41.32 -4.91 76.841 36.853 63.276 62.665 27.754 
-28.86 217.238 -32.097 261.029 -3.739 227.504 -0.502 183.714 
-26.854 304.589 -17.589 347.51 15.135 376.789 5.869 333.867 
113.708 405.666 139.404 441.273 181.121 454.975 155.425 419.369 
221.917 460.963 265.827 461.123 301.444 435.442 257.534 435.283 
358.54 364.258 400.069 349.997 425.285 314.048 383.755 328.31 
449.474 193.074 433.214 233.862 444.034 276.418 460.294 235.63 
380.545 41.959 377.355 85.753 400.514 123.058 403.705 79.264 
276.465 -23.542 305.77 9.158 348.699 18.389 319.394 -14.312 
95.883 -3.693 134.347 17.487 177.914 12.013 139.45 -9.167 
47.138 -106.065 33.583 -64.3 69.116 -38.502 82.671 -80.268 
-44.2 -27.748 -47.795 16.014 -5.063 5.91 -1.469 -37.853 
-82.645 42.725 -70.933 85.044 -36.583 112.397 -48.296 70.078 
-123.946 119.23 -109.857 160.818 -65.95 160.269 -80.04 118.681 
-143.94 200.633 -100.587 207.61 -61.414 187.771 -104.767 180.795 
-116.896 248.379 -144.522 282.51 -103.524 298.237 -75.899 264.106 
-104.243 342.141 -99.807 385.826 -56.889 395.106 -61.325 351.421 
-40.475 435.833 2.503 444.833 42.563 426.853 -0.415 417.853 
29.93 468.906 26.075 512.647 68.866 502.796 72.721 459.056 
99.117 458.74 86.418 500.774 100.851 542.244 113.55 500.21 
157.151 491.766 142.553 533.178 177.427 559.859 192.026 518.447 
249.65 501.944 229.673 541.046 273.035 547.963 293.012 508.861 
335.655 462.967 336.877 506.86 361.687 470.631 360.466 426.738 
397.474 413.523 392.176 457.112 431.994 475.62 437.292 432.031 
403.088 393.803 441.344 415.357 484.963 410.308 446.707 388.754 
452.187 348.753 488.08 374.047 523.228 347.727 487.335 322.433 
513.956 226.471 492.922 265.016 523.079 296.931 544.114 258.387 
462.18 134.568 487.22 170.639 528.679 185.103 503.639 149.032 
463.817 99.078 503.112 118.674 533.892 87.358 494.598 67.762 
453.582 45.078 446.646 88.437 477.743 57.435 484.679 14.077 
411.311 -19.765 420.257 23.223 458.378 1.431 449.431 -41.558 
324.133 -76.194 352.739 -42.881 393.261 -59.793 364.655 -93.106 
223.498 -50.496 264.644 -65.831 288.917 -102.422 247.771 -87.087 
166.97 -105.047 184.563 -64.815 217.389 -93.979 199.797 -134.21 
111.983 -114.217 125.901 -72.571 161.639 -47.058 147.721 -88.705 
126.126 -153.293 155.428 -120.59 195.586 -138.352 166.283 -171.055 
-6.47 -183.545 -14.515 -140.378 29.025 -146.066 37.071 -189.232 
-101.596 -151.443 -94.69 -108.08 -51.314 -101.248 -58.221 -144.612 
-138.209 -93.58 -125.802 -51.459 -81.909 -50.243 -94.316 -92.364 
-127.576 43.937 -140.273 85.971 -96.372 85.058 -83.675 43.023 
-164.786 135.362 -162.063 179.188 -121.225 163.055 -123.947 119.23 
-229.311 273.004 -230.918 316.884 -189.682 331.973 -188.075 288.092 
-239.822 403.892 -198.613 419.055 -171.458 384.549 -212.667 369.385 
-170.758 428.453 -175.747 472.078 -132.715 463.342 -127.725 419.717 
-39.572 457.395 -47.033 500.667 -8.185 521.135 -0.724 477.863 
26.202 513.184 41.885 554.198 85.738 551.957 70.055 510.943 
137.158 637.007 179.086 650.049 204.447 614.203 162.518 601.161 
230.484 649.559 254.926 686.037 282.066 651.519 257.624 615.041 
296.274 585.218 299.246 629.027 341.83 639.738 338.858 595.929 
359.174 514.469 399.305 532.289 428.654 499.629 388.523 481.808 
447.354 432.971 438.265 475.93 481.93 471.3 491.019 428.341 
557.076 375.699 583.401 410.843 608.69 374.947 582.365 339.803 
598.534 289.234 623.764 325.172 665.74 312.282 640.51 276.344 
609.745 210.129 586.644 247.471 629.297 257.902 652.398 220.56 
521.654 129.528 543.393 167.679 572.959 135.214 551.22 97.063 
512.727 12.851 500.519 55.03 536.861 79.675 549.069 37.496 
457.917 -100.999 485.397 -66.75 526.461 -82.3 498.982 -116.549 
415.879 -170.951 420.172 -127.251 460.407 -144.838 456.114 -188.537 
382.778 -206.556 352.548 -174.708 373.496 -136.117 403.725 -167.964 
224.403 -155.074 238.512 -113.493 282.418 -114.063 268.31 -155.644 
218.088 -228.794 207.879 -186.003 251.649 -189.51 261.839 -232.221 
180.665 -251.852 170.211 -209.205 207.541 -186.084 218.014 -228.811 
-201.403 29.305 -206.358 72.935 -166.395 91.129 -161.44 47.5 
-236.273 105.192 -196.438 123.665 -166.559 91.488 -206.394 73.015 
-73.611 557.527 -30.569 566.207 -9.012 527.952 -52.056 519.272 
-27.361 567.843 -5.628 605.998 23.944 573.538 2.21 535.383 
419.697 542.616 446.425 577.453 471.298 541.267 444.568 506.429 
450.675 502.141 472.751 540.099 515.672 530.833 493.597 492.876 
569.232 77.056 591.289 115.024 634.215 105.779 612.158 67.811 
574.01 32.92 569.125 76.558 612.136 67.719 617.021 24.081 
302.799 -245.071 293.785 -202.096 311.752 -162.031 320.766 -205.005 
180.656 -251.839 218.079 -228.917 261.84 -232.214 224.436 -255.216 
97.086 -214.719 78.576 -174.901 116.956 -196.235 135.466 -236.053 
-203.258 -20.509 -166.205 3.053 -122.379 0.336 -159.432 -23.226 
-231.159 61.589 -236.264 105.201 -206.499 72.918 -201.394 29.306 
-227.831 154.366 -230.515 198.194 -206.925 235.229 -204.241 191.401 
-116.353 504.088 -126.521 546.804 -93.187 518.222 -83.019 475.506 
-73.611 557.527 -47.452 592.793 -5.559 605.949 -31.719 570.682 
34.869 616.067 78.562 620.428 116.474 598.274 72.781 593.913 
364.285 558.779 382.681 598.649 421.0 620.091 402.604 580.221 
446.402 577.438 488.611 565.335 515.646 530.734 473.437 542.837 
539.689 415.0 524.855 456.328 537.148 498.483 551.981 457.154 
586.514 176.98 630.041 171.193 661.854 140.926 618.327 146.714 
616.952 24.072 612.291 67.734 634.184 105.797 638.845 62.135 
516.994 -39.423 549.964 -10.421 593.683 -6.336 560.714 -35.339 
