160.944 218.896 160.633 262.804 202.489 249.531 202.8 205.622 
205.613 205.535 205.533 249.445 247.269 263.091 247.349 219.181 
206.419 202.706 248.216 216.163 273.931 180.571 232.134 167.113 
178.174 165.698 204.096 201.14 229.792 165.535 203.871 130.092 
134.395 180.51 159.985 216.193 201.829 202.882 176.239 167.199 
130.644 183.526 130.557 227.436 156.297 263.011 156.384 219.101 
162.484 267.63 204.212 281.298 246.005 267.829 204.277 254.16 
252.476 218.881 252.462 262.791 278.282 227.276 278.297 183.366 
207.509 127.139 233.324 162.659 275.087 176.221 249.273 140.701 
133.081 176.961 174.881 163.512 200.794 128.063 158.994 141.511 
88.772 160.875 130.329 175.059 156.66 139.919 115.103 125.736 
86.711 170.008 86.714 213.918 128.477 227.484 128.473 183.574 
60.559 249.839 102.25 263.62 128.24 228.227 86.548 214.446 
102.642 263.906 128.009 299.748 154.258 264.547 128.891 228.705 
136.199 304.57 177.949 318.173 203.788 282.669 162.038 269.067 
178.396 318.491 203.94 354.207 230.013 318.876 204.47 283.161 
204.779 282.941 230.14 318.787 272.068 305.743 246.708 269.898 
253.638 263.619 279.481 299.118 305.257 263.569 279.412 228.07 
279.825 227.767 305.472 263.409 347.295 250.031 321.648 214.389 
280.17 183.346 279.663 227.253 321.578 214.167 322.085 170.26 
250.645 139.66 276.518 175.138 318.255 161.494 292.382 126.016 
250.635 94.977 250.389 138.886 292.225 125.551 292.471 81.642 
208.639 80.985 208.197 124.893 249.819 138.882 250.261 94.975 
158.138 95.426 158.219 139.336 199.955 125.69 199.874 81.78 
115.74 81.399 115.247 125.306 156.853 139.343 157.346 95.436 
88.938 116.182 87.698 160.074 114.501 125.293 115.741 81.401 
59.916 205.92 60.542 249.825 85.842 213.937 85.217 170.032 
60.494 250.047 85.655 286.032 127.164 300.355 102.001 264.37 
135.793 305.88 161.982 341.125 203.887 354.245 177.697 319.0 
203.944 354.206 245.879 341.185 272.15 306.001 230.216 319.023 
279.983 299.479 321.671 285.69 347.294 250.031 305.605 263.82 
322.529 170.263 321.952 214.169 347.293 250.029 347.87 206.123 
292.606 81.642 293.004 125.55 319.134 160.839 318.736 116.93 
208.956 80.034 250.451 94.395 292.462 81.622 250.967 67.262 
115.769 81.312 157.725 94.264 199.281 80.08 157.325 67.128 
88.809 43.949 114.994 79.197 156.609 65.186 130.424 29.938 
62.243 78.99 87.336 115.023 113.851 80.022 88.756 43.989 
61.32 79.653 59.504 123.525 83.822 160.086 85.638 116.214 
12.416 141.669 38.49 176.999 80.148 163.118 54.074 127.788 
15.789 218.698 57.237 204.202 82.248 168.111 40.8 182.608 
16.296 220.073 16.833 263.98 58.425 249.902 57.888 205.995 
16.835 263.979 41.93 300.011 83.953 287.278 58.858 251.246 
42.741 302.42 84.338 316.481 126.257 303.405 84.659 289.344 
86.715 322.499 87.031 366.408 128.693 352.538 128.377 308.629 
132.727 308.378 133.091 352.286 159.196 387.594 158.831 343.686 
161.292 343.575 162.039 387.479 204.025 400.335 203.278 356.431 
204.698 356.428 204.025 400.333 245.989 387.405 246.661 343.5 
249.205 343.436 248.964 387.345 274.967 351.964 275.208 308.054 
280.746 307.671 281.004 351.58 322.843 364.904 322.586 320.995 
281.745 303.97 323.598 317.252 365.265 303.397 323.412 290.115 
324.161 287.355 366.143 300.221 391.354 264.27 349.371 251.403 
350.511 206.086 349.826 249.991 391.37 264.21 392.055 220.305 
325.777 167.701 351.301 203.431 392.952 217.334 367.427 181.604 
327.121 162.358 368.948 175.721 394.583 140.071 352.756 126.707 
323.794 116.585 324.267 160.493 349.693 124.693 349.221 80.786 
294.711 79.942 321.238 114.934 346.32 78.892 319.792 43.9 
251.808 64.559 293.302 78.922 319.784 43.896 278.29 29.533 
207.373 75.699 249.36 62.847 275.773 27.77 233.786 40.622 
177.499 38.104 203.689 73.348 229.115 37.549 202.926 2.305 
131.212 29.312 158.11 64.02 200.271 76.289 173.373 41.582 
133.103 21.728 174.598 36.089 201.079 1.062 159.584 -13.299 
79.575 -11.052 82.34 32.771 123.163 16.599 120.398 -27.224 
37.697 -24.278 38.056 19.631 79.927 32.858 79.568 -11.05 
8.613 53.128 48.813 70.792 78.035 38.018 37.835 20.354 
10.101 95.137 11.375 139.028 52.725 124.253 51.45 80.361 
-16.233 178.571 9.004 214.504 35.379 179.399 10.143 143.466 
-40.718 211.558 -38.234 255.398 4.228 266.583 1.744 222.743 
-64.538 293.077 -22.772 306.631 3.025 271.097 -38.741 257.544 
-20.363 308.26 4.101 344.724 31.22 310.189 6.756 273.725 
40.957 309.701 41.563 353.607 83.508 366.598 82.901 322.692 
87.731 368.354 113.233 404.1 155.11 390.893 129.608 355.147 
135.366 437.248 177.509 449.581 202.261 413.312 160.119 400.979 
180.511 451.454 206.343 486.962 232.13 451.423 206.3 415.915 
210.215 412.868 235.179 448.99 277.249 436.409 252.284 400.287 
254.538 390.829 296.413 404.043 321.919 368.301 280.045 355.087 
325.01 320.942 324.749 364.851 366.59 351.531 366.851 307.622 
377.964 306.09 404.512 341.066 429.573 305.009 403.025 270.033 
406.724 267.019 432.555 302.527 474.308 288.933 448.477 253.425 
405.973 218.368 404.992 262.267 447.046 249.634 448.027 205.735 
371.993 177.724 398.067 213.055 423.611 177.339 397.537 142.009 
353.74 80.587 353.427 124.496 395.09 138.363 395.403 94.454 
328.854 34.42 355.712 69.159 397.05 54.35 370.192 19.612 
327.441 -13.105 327.494 30.805 369.238 17.185 369.185 -26.725 
282.797 -28.225 281.006 15.648 322.179 30.91 323.97 -12.964 
205.475 0.257 231.682 35.488 273.288 21.45 247.08 -13.781 
203.384 -50.12 202.908 -6.13 244.813 -19.247 245.288 -63.154 
161.77 -64.056 161.295 -20.149 202.907 -6.129 203.382 -50.118 
-37.179 81.657 -37.648 125.565 3.966 139.579 4.434 95.671 
-63.836 160.811 -22.223 174.827 3.966 139.581 -37.647 125.566 
14.201 395.031 55.904 408.774 81.862 373.358 40.158 359.615 
55.908 408.774 81.564 444.41 107.528 408.998 81.872 373.363 
301.693 407.273 327.356 442.903 353.312 407.486 327.648 371.856 
327.659 371.845 353.343 407.461 395.152 394.04 369.468 358.425 
402.606 137.784 428.09 173.543 469.974 160.357 444.49 124.598 
402.966 93.864 402.601 137.772 444.473 124.551 444.839 80.643 
254.802 -64.082 254.28 -20.175 279.664 15.653 280.187 -28.254 
161.77 -64.056 203.384 -50.12 245.287 -63.157 203.675 -77.174 
124.314 -27.369 123.966 16.539 150.057 -18.779 150.405 -62.687 
-35.398 73.499 6.416 86.905 48.124 73.173 6.31 59.767 
-63.367 116.904 -63.836 160.811 -37.648 125.565 -37.179 81.657 
-66.083 172.731 -39.755 207.872 2.201 220.827 -24.128 185.686 
5.761 345.964 5.235 389.871 31.468 354.659 31.995 310.752 
14.2 395.034 39.86 430.666 81.564 444.409 55.903 408.778 
92.546 450.274 134.227 436.46 159.827 400.785 118.147 414.599 
252.69 399.994 278.134 435.78 319.754 449.776 294.31 413.99 
327.479 442.993 369.268 429.51 395.151 394.039 353.362 407.522 
377.871 306.164 378.08 350.073 404.058 385.474 403.849 341.565 
405.663 217.413 447.575 204.319 473.786 169.089 431.874 182.184 
444.838 80.644 444.553 124.553 470.131 160.244 470.417 116.335 
355.804 69.405 397.591 82.893 439.326 69.244 397.539 55.755 
