156.676 232.12 149.191 275.388 192.654 269.136 200.139 225.868 
216.133 226.083 207.554 269.147 245.859 290.613 254.438 247.549 
220.779 212.523 259.437 233.349 291.188 203.019 252.531 182.193 
190.055 164.465 209.261 203.953 240.88 173.485 221.675 133.998 
134.432 177.957 152.584 217.94 196.219 213.032 178.067 173.049 
115.39 194.602 108.532 237.974 128.477 277.093 135.335 233.722 
158.948 297.277 198.865 315.572 241.912 306.911 201.995 288.615 
276.274 244.318 271.577 287.976 301.038 255.416 305.735 211.758 
239.551 118.795 258.025 158.629 296.385 179.997 277.911 140.163 
127.781 161.329 171.019 153.679 201.503 122.074 158.265 129.725 
49.27 119.467 85.299 144.568 120.305 118.06 84.276 92.959 
52.205 173.428 38.505 215.146 73.948 241.067 87.648 199.348 
-3.665 258.955 32.689 283.579 67.343 256.612 30.988 231.988 
49.711 296.827 63.61 338.48 98.929 312.39 85.03 270.737 
121.418 350.103 158.291 373.947 192.362 346.248 155.49 322.404 
175.532 386.804 192.549 427.283 225.788 398.59 208.771 358.112 
224.493 347.218 241.04 387.89 284.836 384.721 268.289 344.049 
294.41 298.823 311.917 339.091 344.805 309.996 327.297 269.728 
344.532 256.521 361.791 296.898 405.524 292.961 388.266 252.585 
348.049 197.084 339.268 240.107 382.899 235.163 391.68 192.14 
301.386 117.705 317.848 158.412 361.65 155.334 345.188 114.627 
303.238 56.591 294.948 99.711 338.519 94.27 346.81 51.15 
251.457 33.309 241.246 76.015 278.707 98.923 288.918 56.217 
157.492 61.453 147.366 104.179 191.131 100.606 201.256 57.88 
102.233 36.779 90.38 79.059 126.928 103.397 138.781 61.117 
35.873 55.817 14.233 94.025 54.199 75.834 75.839 37.627 
-9.122 209.875 -11.713 253.708 16.148 219.77 18.739 175.936 
-10.451 291.757 2.684 333.656 37.939 359.833 24.803 317.933 
116.215 386.506 141.82 422.177 183.502 435.987 157.897 400.315 
218.125 441.825 261.935 438.859 295.634 410.709 251.824 413.675 
344.165 353.902 385.725 339.732 411.02 303.839 369.459 318.009 
426.083 188.312 413.345 230.333 427.739 271.817 440.478 229.795 
364.76 48.24 362.66 92.1 386.742 128.817 388.841 84.957 
262.25 -4.8 294.561 24.934 338.178 29.997 305.868 0.263 
106.432 20.286 146.079 39.161 189.248 31.127 149.601 12.252 
56.947 -83.153 51.425 -39.592 91.148 -20.878 96.67 -64.44 
-28.025 -4.32 -17.324 38.265 19.871 14.927 9.168 -27.659 
-59.613 50.083 -50.978 93.136 -18.687 122.891 -27.322 79.838 
-105.562 123.626 -85.71 162.792 -42.326 156.014 -62.178 116.848 
-113.214 207.349 -69.446 203.82 -36.112 175.239 -79.88 178.768 
-97.876 237.284 -117.112 276.756 -73.628 282.854 -54.391 243.382 
-84.708 325.343 -73.994 367.925 -30.184 370.894 -40.899 328.311 
-24.067 414.376 18.434 425.409 59.303 409.353 16.802 398.32 
37.43 447.427 34.875 491.263 77.355 480.147 79.91 436.311 
99.778 434.852 92.972 478.232 112.964 517.327 119.77 473.947 
152.724 467.304 144.262 510.391 182.625 531.754 191.087 488.667 
239.434 476.566 224.038 517.688 267.906 519.623 283.302 478.501 
326.312 442.124 326.561 486.034 352.168 450.364 351.919 406.454 
381.906 397.864 378.217 441.618 418.69 458.648 422.379 414.893 
385.231 383.639 425.728 400.613 468.468 390.542 427.971 373.568 
431.491 342.685 470.533 362.779 501.709 331.856 462.666 311.763 
484.282 223.147 468.069 263.954 501.868 291.984 518.082 251.177 
441.838 135.031 466.57 171.314 507.904 186.131 483.173 149.848 
444.107 107.455 484.506 124.661 513.353 91.556 472.954 74.35 
431.836 56.161 430.081 100.036 457.29 65.572 459.045 21.697 
392.583 -0.143 408.059 40.949 442.358 13.531 426.88 -27.561 
311.451 -48.099 344.964 -19.727 382.303 -42.832 348.79 -71.204 
220.277 -34.496 261.824 -48.708 287.082 -84.626 245.535 -70.414 
171.484 -82.068 194.649 -44.765 222.967 -78.323 199.803 -115.626 
115.66 -83.094 135.489 -43.916 174.559 -23.875 154.73 -63.054 
124.184 -124.736 157.566 -96.21 195.012 -119.143 161.63 -147.669 
-1.625 -154.407 -2.157 -110.5 39.766 -123.562 40.297 -167.469 
-87.171 -126.196 -73.844 -84.357 -29.935 -84.103 -43.262 -125.942 
-115.265 -78.15 -108.472 -34.769 -65.115 -27.824 -71.908 -71.206 
-106.216 52.673 -117.917 94.995 -74.051 93.046 -62.349 50.724 
-143.75 145.301 -134.937 188.317 -96.749 166.643 -105.562 123.626 
-203.735 271.979 -199.215 315.656 -156.279 324.854 -160.799 281.178 
-208.168 395.537 -165.773 406.973 -141.795 370.188 -184.19 358.751 
-146.494 413.845 -144.886 457.726 -103.651 442.636 -105.258 398.756 
-24.507 434.584 -28.223 478.336 12.239 495.391 15.956 451.639 
35.969 494.82 55.027 534.379 98.539 528.479 79.481 488.92 
144.204 610.451 187.107 619.803 209.258 581.89 166.355 572.538 
230.195 620.485 256.536 655.617 281.808 619.71 255.469 584.578 
287.52 558.907 295.757 602.038 339.322 607.532 331.085 564.402 
347.312 494.004 388.375 509.559 415.857 475.312 374.794 459.758 
432.086 415.127 426.18 458.638 469.386 450.81 475.292 407.299 
534.382 361.192 563.275 394.257 585.794 356.561 556.902 323.496 
573.487 281.138 600.168 316.013 641.58 301.416 614.9 266.541 
580.284 205.472 561.582 245.2 605.145 250.71 623.847 210.982 
498.608 132.916 522.217 169.939 550.133 136.045 526.524 99.022 
485.884 18.365 477.61 61.489 516.066 82.683 524.34 39.56 
433.04 -83.655 463.404 -51.935 502.954 -71.011 472.59 -102.731 
400.774 -149.97 406.69 -106.46 446.242 -125.532 440.326 -169.041 
365.74 -183.543 338.893 -148.797 363.642 -112.526 390.489 -147.272 
218.889 -132.186 236.905 -92.142 280.556 -96.902 262.54 -136.946 
210.936 -201.902 204.208 -158.427 247.553 -165.45 254.268 -208.843 
171.732 -221.623 165.01 -178.231 204.201 -158.428 210.936 -201.902 
-181.82 41.806 -184.108 85.656 -143.111 101.383 -140.823 57.532 
-211.744 119.778 -170.752 135.517 -143.115 101.395 -184.108 85.656 
-55.298 538.482 -12.941 550.053 11.153 513.343 -31.205 501.773 
-11.944 550.686 12.595 587.099 39.643 552.509 15.104 516.095 
410.536 518.899 436.363 554.409 462.155 518.872 436.326 483.361 
438.386 481.908 462.629 518.519 504.94 506.777 480.697 470.165 
543.578 79.101 566.887 116.314 609.481 105.645 586.172 68.432 
546.64 35.238 543.56 79.039 586.17 68.433 589.25 24.631 
288.706 -220.494 284.296 -176.806 306.408 -138.87 310.817 -182.558 
171.729 -221.618 210.936 -201.902 254.269 -208.843 215.074 -228.64 
95.326 -185.648 78.16 -145.232 115.803 -167.839 132.969 -208.255 
-184.417 5.074 -143.354 20.628 -100.991 9.075 -142.054 -6.479 
-209.446 75.936 -211.735 119.786 -184.109 85.656 -181.819 41.806 
-206.558 160.934 -203.572 204.743 -175.406 238.43 -178.392 194.621 
-94.342 485.547 -99.7 529.129 -69.749 497.019 -64.392 453.437 
-55.298 538.482 -29.226 573.814 12.635 587.072 -13.438 551.741 
48.132 595.591 92.042 595.608 127.577 569.812 83.666 569.795 
352.541 534.936 374.106 573.185 414.035 591.454 392.47 553.205 
436.344 554.396 478.38 541.703 504.927 506.727 462.892 519.419 
519.367 393.989 508.14 436.44 524.01 477.382 535.237 434.931 
562.06 178.304 605.014 169.19 634.408 136.57 591.454 145.683 
589.207 24.626 586.174 68.431 609.468 105.653 612.501 61.848 
488.623 -29.506 523.981 -3.469 567.89 -3.188 532.533 -29.225 
