160.009 222.228 157.932 266.089 200.288 254.509 202.364 210.649 
211.907 209.881 210.625 253.773 251.972 268.555 253.254 224.664 
213.742 202.056 255.391 215.964 281.488 180.651 239.839 166.743 
181.344 161.792 206.611 197.704 232.957 162.576 207.691 126.664 
133.329 177.792 157.211 214.64 199.636 203.314 175.753 166.466 
123.04 187.066 121.661 230.954 146.342 267.272 147.722 223.383 
166.068 282.023 207.576 296.348 249.576 283.539 208.068 269.214 
267.797 222.37 267.268 266.276 293.503 231.066 294.032 187.159 
217.358 117.547 242.3 153.684 283.721 168.259 258.778 132.121 
129.473 168.756 171.534 156.149 198.153 121.227 156.092 133.834 
75.108 142.814 115.363 160.354 144.484 127.49 104.229 109.95 
72.944 171.694 70.3 215.524 111.168 231.583 113.812 187.753 
39.564 255.657 80.054 272.644 108.723 239.383 68.231 222.397 
81.545 273.873 103.464 311.921 132.877 279.318 110.958 241.269 
137.06 323.027 178.209 338.351 205.5 303.952 164.351 288.627 
182.225 341.184 205.516 378.409 233.721 344.755 210.431 307.531 
212.118 306.453 234.912 343.983 277.649 333.902 254.855 296.372 
273.035 269.912 297.629 306.288 324.625 271.656 300.03 235.28 
303.764 232.638 327.207 269.767 369.763 258.945 346.32 221.816 
306.398 186.344 303.075 230.128 345.743 219.758 349.066 175.974 
265.807 126.298 290.15 162.843 332.429 150.983 308.086 114.439 
266.746 77.558 264.208 121.395 306.683 110.263 309.221 66.426 
223.183 61.222 220.32 105.038 261.107 121.302 263.97 77.485 
153.773 80.501 152.159 124.382 194.39 112.357 196.004 68.477 
108.927 63.538 105.247 107.294 145.723 124.315 149.403 80.559 
75.956 95.008 69.874 138.495 100.355 106.888 106.437 63.401 
34.239 209.012 35.084 252.914 60.205 216.9 59.36 172.998 
38.532 258.368 61.192 295.979 101.633 313.087 78.972 275.476 
134.623 333.03 161.626 367.656 203.824 379.797 176.821 345.171 
207.249 379.786 249.858 369.176 278.092 335.547 235.483 346.157 
303.645 310.23 345.043 295.593 369.933 259.418 328.534 274.055 
352.47 176.097 349.185 219.884 372.265 257.239 375.55 213.453 
311.527 66.297 312.83 110.188 339.683 144.93 338.379 101.04 
225.751 54.226 265.54 72.797 308.647 64.433 268.857 45.862 
109.591 61.262 151.395 74.698 193.113 60.996 151.309 47.56 
80.976 7.212 102.777 45.328 145.764 36.372 123.963 -1.744 
41.085 51.522 64.885 88.422 92.625 54.384 68.824 17.484 
31.63 59.75 27.399 103.456 49.665 141.301 53.896 97.596 
-28.834 131.297 -2.758 166.625 38.9 152.74 12.823 117.412 
-17.539 219.215 23.6 203.865 47.86 167.265 6.72 182.615 
-16.685 221.335 -19.024 265.182 23.4 253.858 25.74 210.01 
-15.172 274.842 5.491 313.586 48.724 305.906 28.061 267.162 
16.913 336.172 58.207 351.1 100.39 338.905 59.095 323.977 
65.178 365.139 65.687 409.046 107.288 394.994 106.779 351.087 
122.46 347.796 123.483 391.694 150.113 426.607 149.09 382.709 
159.931 381.012 161.248 424.902 203.397 437.213 202.08 393.323 
213.043 393.11 208.404 436.775 251.365 427.693 256.004 384.029 
276.437 379.424 275.592 423.326 302.08 388.306 302.926 344.404 
314.525 342.729 314.943 386.637 356.831 399.808 356.413 355.9 
316.335 328.823 358.413 341.375 399.833 326.797 357.755 314.245 
359.372 302.039 401.663 313.853 425.968 277.283 383.677 265.469 
391.545 212.27 386.732 255.916 426.754 273.981 431.567 230.335 
369.308 154.512 393.785 190.968 435.014 206.074 410.538 169.619 
371.256 144.765 413.064 158.188 438.75 122.574 396.942 109.151 
357.321 95.606 359.654 139.454 383.541 102.609 381.208 58.761 
321.574 55.64 348.052 90.668 373.183 54.661 346.704 19.633 
272.868 30.581 312.642 49.184 342.625 17.105 302.851 -1.498 
212.955 32.972 255.441 21.876 283.289 -12.073 240.804 -0.977 
178.115 -5.242 205.54 29.051 229.679 -7.629 202.254 -41.921 
123.962 -1.744 152.275 31.82 194.908 42.332 166.596 8.769 
126.263 -30.27 166.492 -12.672 195.661 -45.494 155.431 -63.092 
30.184 -57.727 39.138 -14.74 77.255 -36.54 68.3 -79.527 
-13.41 -62.986 -4.94 -19.9 38.654 -14.642 30.184 -57.727 
-43.18 1.682 -10.837 31.381 27.402 9.799 -4.94 -19.901 
-33.811 78.473 -33.074 122.376 8.453 108.109 7.717 64.205 
-65.02 169.803 -43.266 207.946 -13.713 175.471 -35.465 137.328 
-105.634 252.111 -95.34 294.797 -51.562 298.197 -61.856 255.511 
-118.911 331.847 -76.392 342.815 -52.822 305.767 -95.34 294.799 
-70.475 345.972 -51.932 385.775 -19.808 355.84 -38.35 316.038 
14.426 354.453 16.484 398.315 58.835 409.912 56.777 366.05 
69.349 417.101 93.565 453.73 135.884 442.018 111.668 405.389 
154.125 509.197 197.401 516.637 217.849 477.779 174.574 470.339 
197.426 516.65 223.857 551.715 249.037 515.742 222.607 480.678 
236.608 469.049 257.053 507.909 300.329 500.472 279.883 461.612 
288.65 430.11 330.815 442.366 355.5 406.051 313.335 393.796 
366.262 355.102 364.859 398.99 407.032 386.762 408.435 342.874 
446.43 316.134 476.284 348.334 497.683 309.991 467.828 277.791 
472.196 274.034 498.582 309.133 540.116 294.885 513.731 259.786 
472.221 214.284 465.881 257.734 509.163 250.337 515.504 206.887 
418.663 161.62 445.141 196.649 470.274 160.642 443.795 125.614 
401.261 54.844 399.424 98.716 440.581 114.02 442.418 70.148 
359.146 -21.645 389.552 10.033 429.077 -9.096 398.67 -40.774 
355.697 -69.373 357.502 -25.5 398.67 -40.774 396.865 -84.647 
311.199 -90.899 301.66 -48.037 339.476 -25.72 349.015 -68.582 
208.889 -47.941 234.921 -12.58 276.596 -26.412 250.563 -61.773 
202.118 -110.112 199.232 -66.215 241.794 -77.015 244.674 -120.83 
161.332 -126.31 158.45 -82.495 199.231 -66.215 202.118 -110.112 
-93.739 67.266 -96.194 111.107 -55.257 126.989 -52.802 83.148 
-123.951 145.132 -83.015 161.016 -55.258 126.991 -96.195 111.107 
-11.777 449.78 29.49 464.781 56.509 430.168 15.241 415.167 
29.49 464.781 54.06 501.174 81.08 466.561 56.51 430.168 
345.81 448.878 370.46 485.216 397.402 450.543 372.751 414.205 
372.752 414.203 397.402 450.542 439.579 438.328 414.929 401.989 
457.493 111.391 481.46 148.184 523.858 136.759 499.891 99.967 
459.73 67.537 457.493 111.39 499.891 99.967 502.128 56.114 
266.257 -126.448 266.165 -82.538 291.899 -46.96 291.991 -90.87 
161.332 -126.31 202.118 -110.112 244.674 -120.83 203.893 -137.11 
100.533 -86.698 93.252 -43.395 124.595 -74.148 131.876 -117.45 
-93.691 54.251 -50.29 60.915 -11.26 40.795 -54.662 34.131 
-121.495 101.29 -123.951 145.132 -96.194 111.107 -93.738 67.266 
-124.475 175.477 -104.53 214.596 -65.401 234.521 -85.346 195.402 
-34.65 397.165 -35.347 441.07 -8.977 405.959 -8.281 362.055 
-11.777 449.78 12.792 486.173 54.06 501.174 29.49 464.781 
80.875 510.471 123.353 499.351 151.183 465.386 108.705 476.506 
288.445 453.891 313.317 490.076 354.71 504.731 329.837 468.545 
370.459 485.216 412.636 473.001 439.579 438.328 397.402 450.543 
434.162 335.933 432.198 379.799 456.393 416.442 458.357 372.576 
468.026 204.495 510.185 192.219 537.076 157.507 494.917 169.783 
502.128 56.114 499.891 99.967 523.858 136.759 526.095 92.906 
402.888 26.149 443.5 42.844 486.169 32.479 445.557 15.784 
