152.402 241.281 140.943 283.669 184.798 281.469 196.257 239.081 
220.152 239.591 207.302 281.578 243.264 306.774 256.114 264.787 
227.818 213.999 264.055 238.798 298.837 211.998 262.601 187.199 
195.704 158.546 210.014 200.059 245.072 173.621 230.763 132.109 
131.192 172.636 143.998 214.637 187.901 215.437 175.095 173.436 
100.921 206.127 89.434 248.507 105.052 289.546 116.539 247.165 
155.826 314.465 194.17 335.862 237.768 330.635 199.424 309.237 
292.171 255.399 284.16 298.572 316.017 268.353 324.028 225.179 
255.561 110.904 269.656 152.49 305.503 177.848 291.408 136.262 
118.39 143.072 162.277 141.622 196.929 114.653 153.043 116.103 
16.833 99.239 46.773 131.359 86.573 112.811 56.633 80.691 
44.904 175.23 24.127 213.913 54.497 245.627 75.274 206.944 
-25.27 280.211 8.142 308.7 45.563 285.726 12.149 257.237 
24.62 324.321 31.625 367.669 70.687 347.612 63.682 304.264 
112.597 360.714 145.622 389.652 183.35 367.187 150.325 338.248 
181.001 411.034 193.274 453.194 229.577 428.494 217.305 386.334 
236.915 374.537 248.964 416.761 292.846 418.349 280.796 376.125 
305.756 311.046 318.216 353.151 354.41 328.289 341.949 286.184 
369.479 261.606 382.25 303.618 426.152 304.455 413.381 262.443 
377.357 200.134 364.534 242.13 408.437 241.348 421.26 199.352 
321.32 110.569 331.929 153.177 375.731 156.254 365.122 113.645 
323.332 39.816 310.144 81.699 354.052 81.299 367.24 39.417 
270.016 9.28 252.486 49.539 285.358 78.651 302.888 38.392 
165.254 44.296 145.242 83.381 188.597 90.336 208.61 51.252 
83.625 21.132 66.381 61.514 99.458 90.393 116.702 50.011 
7.238 33.238 -19.698 67.915 22.477 55.693 49.413 21.015 
-42.998 226.597 -46.342 270.379 -17.903 236.924 -14.559 193.141 
-35.652 311.881 -28.996 355.283 1.901 386.484 -4.756 343.081 
112.891 418.924 139.088 454.163 180.995 467.274 154.798 432.035 
223.754 472.015 267.597 474.436 304.49 450.624 260.646 448.203 
368.466 369.889 409.924 355.422 434.961 319.349 393.503 333.816 
464.121 196.063 445.62 235.885 454.059 278.976 472.561 239.154 
390.102 35.231 386.298 78.975 408.932 116.602 412.736 72.857 
284.86 -36.88 312.291 -2.592 354.636 9.025 327.206 -25.263 
86.5 -17.531 124.354 4.722 168.058 0.476 130.205 -21.778 
36.225 -118.9 22.953 -77.044 58.66 -51.487 71.931 -93.344 
-51.931 -41.447 -60.922 1.533 -17.268 -3.198 -8.277 -46.178 
-95.81 28.196 -84.969 70.746 -51.189 98.799 -62.029 56.248 
-132.025 116.934 -123.445 159.998 -79.837 165.144 -88.418 122.081 
-161.379 196.681 -120.187 211.89 -77.923 199.982 -119.115 184.773 
-127.922 255.114 -160.388 284.678 -122.238 306.419 -89.772 276.855 
-113.508 349.453 -114.453 393.352 -72.994 407.817 -72.048 363.917 
-52.877 446.848 -9.643 454.525 29.846 435.324 -13.387 427.646 
23.192 478.726 17.337 522.244 60.534 514.365 66.389 470.847 
98.717 471.436 81.808 511.96 91.947 554.683 108.857 514.16 
159.822 505.742 140.125 544.986 171.363 575.846 191.059 536.601 
254.651 516.394 231.5 553.706 274.14 564.194 297.291 526.883 
339.149 477.583 340.864 521.459 365.266 484.954 363.551 441.078 
405.841 423.578 399.025 466.956 438.174 486.842 444.989 443.464 
413.622 399.176 449.746 424.14 493.644 423.103 457.52 398.139 
465.072 351.309 497.778 380.608 535.75 358.557 503.045 329.258 
531.988 228.538 507.882 265.24 535.339 299.507 559.444 262.805 
475.33 135.449 500.481 171.443 541.984 185.78 516.834 149.786 
476.035 93.171 514.163 114.951 546.659 85.42 508.532 63.64 
467.406 36.898 456.164 79.345 490.209 51.612 501.45 9.166 
422.543 -34.234 425.726 9.561 466.394 -7.0 463.21 -50.795 
331.258 -94.74 355.968 -58.442 398.124 -70.726 373.414 -107.024 
226.787 -61.737 267.827 -77.352 291.85 -114.107 250.81 -98.492 
161.922 -120.116 174.05 -77.914 210.438 -102.49 198.311 -144.691 
107.851 -135.491 115.829 -92.311 147.664 -62.068 139.686 -105.247 
125.732 -172.286 151.739 -136.906 193.424 -150.706 167.418 -186.086 
-7.677 -202.162 -20.619 -160.203 23.286 -160.861 36.228 -202.82 
-107.762 -166.886 -101.65 -123.404 -58.407 -115.779 -64.519 -159.262 
-145.656 -108.004 -131.371 -66.482 -87.468 -67.237 -101.753 -108.759 
-150.936 36.949 -160.584 79.786 -116.862 75.725 -107.214 32.888 
-175.16 126.989 -178.883 170.742 -136.123 160.762 -132.399 117.011 
-243.926 269.215 -249.396 312.783 -209.65 331.449 -204.18 287.881 
-259.855 402.65 -219.872 420.801 -190.253 388.385 -230.236 370.233 
-186.097 432.097 -194.891 475.118 -151.259 470.186 -142.465 427.166 
-51.267 468.508 -61.114 511.299 -23.46 533.888 -13.613 491.096 
17.525 523.216 31.199 564.943 75.109 564.833 61.435 523.106 
129.525 651.538 170.537 667.228 198.132 633.073 157.121 617.382 
226.4 666.672 249.207 704.195 277.845 670.91 255.04 633.387 
298.186 600.933 297.429 644.837 338.95 659.122 339.707 615.219 
364.918 528.862 404.301 548.28 434.938 516.824 395.554 497.407 
455.586 445.004 444.02 487.364 487.881 485.274 499.447 442.914 
570.11 385.898 594.351 422.511 621.682 388.143 597.441 351.53 
613.231 296.302 637.271 333.047 679.646 321.539 655.606 284.794 
627.543 215.278 601.667 250.753 643.402 264.401 669.279 228.925 
536.858 128.222 557.163 167.156 587.916 135.814 567.611 96.881 
530.701 9.537 515.549 50.75 550.063 77.896 565.215 36.683 
473.383 -112.539 498.695 -76.659 540.641 -89.644 515.329 -125.525 
426.413 -183.488 429.684 -139.7 470.318 -156.341 467.048 -200.129 
394.346 -220.059 362.406 -189.928 381.193 -150.239 413.133 -180.371 
227.848 -172.053 239.598 -129.745 283.467 -127.846 271.717 -170.155 
225.029 -246.309 212.604 -204.108 256.497 -205.33 268.899 -247.452 
190.136 -275.304 173.186 -234.797 206.472 -206.159 223.454 -246.741 
-210.113 16.02 -218.492 59.123 -180.087 80.412 -171.709 37.309 
-252.878 87.751 -215.909 111.445 -181.95 83.607 -218.919 59.914 
-87.918 563.766 -44.834 572.243 -23.459 533.887 -66.543 525.41 
-39.876 574.611 -21.329 614.412 10.793 584.474 -7.754 544.673 
421.535 558.639 448.551 593.254 473.124 556.863 446.107 522.248 
456.025 515.495 475.539 554.831 518.979 548.429 499.466 509.093 
586.355 77.49 607.03 116.228 650.261 108.535 629.586 69.797 
593.698 32.13 586.004 75.36 629.497 69.318 637.19 26.087 
315.269 -259.954 301.654 -218.208 315.175 -176.432 328.791 -218.178 
190.123 -275.286 225.027 -248.686 268.897 -247.527 234.019 -274.204 
96.615 -233.316 79.043 -193.076 116.912 -215.302 134.485 -255.542 
-206.602 -46.446 -177.592 -13.484 -134.748 -3.868 -163.758 -36.831 
-243.137 44.944 -252.869 87.762 -219.828 58.841 -210.096 16.023 
-241.324 147.253 -246.814 190.818 -225.648 229.291 -220.158 185.725 
-131.797 509.546 -146.124 551.053 -110.137 525.894 -95.81 484.387 
-87.99 564.143 -62.778 600.093 -21.25 614.358 -46.462 578.408 
23.526 626.498 66.815 633.854 106.161 614.36 62.872 607.004 
368.259 573.361 383.609 614.501 420.209 638.76 404.859 597.621 
448.539 593.246 491.044 582.228 518.955 548.33 476.45 559.348 
551.118 430.187 533.637 470.467 543.172 513.33 560.652 473.049 
601.224 177.659 645.054 175.012 678.958 147.107 635.127 149.755 
637.102 26.072 630.26 69.446 650.219 108.557 657.062 65.184 
535.836 -45.998 567.043 -15.108 610.447 -8.46 579.24 -39.351 
