161.196 218.307 160.999 262.217 202.82 248.835 203.017 204.926 
205.041 204.879 205.001 248.789 246.749 262.397 246.79 218.487 
205.642 202.844 247.435 216.316 273.161 180.732 231.368 167.26 
178.074 166.268 203.993 201.712 229.692 166.108 203.774 130.664 
134.841 180.787 160.533 216.397 202.339 202.967 176.647 167.357 
132.187 182.864 132.143 226.773 157.918 262.323 157.962 218.413 
162.267 265.669 204.007 279.303 245.789 265.799 204.049 252.165 
250.481 218.331 250.479 262.241 276.29 226.718 276.292 182.808 
206.442 128.56 232.269 164.07 274.038 177.617 248.21 142.107 
133.89 178.138 175.673 164.637 201.541 129.156 159.758 142.656 
90.369 162.865 132.004 176.817 158.139 141.532 116.505 127.58 
88.731 169.37 88.781 213.28 130.557 226.802 130.507 182.892 
62.797 249.102 104.531 262.749 130.407 227.273 88.672 213.626 
104.871 262.996 130.41 298.716 156.49 263.39 130.952 227.67 
136.111 302.283 177.871 315.855 203.684 280.332 161.923 266.761 
178.162 316.062 203.823 351.695 229.781 316.28 204.122 280.647 
204.396 280.451 229.923 316.179 271.79 302.942 246.264 267.214 
251.36 262.867 277.219 298.355 302.979 262.796 277.12 227.307 
277.376 227.119 303.112 262.696 344.901 249.213 319.165 213.636 
277.574 182.797 277.245 226.706 319.106 213.45 319.435 169.542 
249.211 141.357 275.11 176.815 316.837 163.14 290.938 127.682 
249.165 96.916 249.035 140.826 290.836 127.381 290.966 83.471 
207.22 83.072 206.932 126.981 248.603 140.824 248.891 96.915 
159.095 97.181 159.213 141.091 200.938 127.41 200.82 83.5 
116.913 83.336 116.616 127.245 158.285 141.096 158.582 97.187 
90.396 118.351 89.539 162.252 116.037 127.239 116.894 83.337 
62.305 205.184 62.784 249.092 88.204 213.288 87.725 169.381 
62.734 249.306 88.094 285.151 129.681 299.245 104.32 263.399 
135.833 303.164 161.927 338.48 203.796 351.713 177.701 316.397 
203.869 351.725 245.755 338.547 271.895 303.266 230.009 316.444 
277.528 298.581 319.234 284.843 344.901 249.215 303.195 262.953 
319.822 169.542 319.418 213.45 344.9 249.21 345.304 205.302 
291.041 83.472 291.344 127.381 317.398 162.726 317.095 118.817 
207.448 82.377 249.028 96.491 290.963 83.469 249.383 69.355 
116.915 83.334 158.831 96.417 200.432 82.364 158.516 69.281 
90.213 46.5 116.359 81.778 157.989 67.813 131.844 32.536 
63.94 81.681 89.279 117.542 115.554 82.361 90.214 46.5 
63.416 82.059 62.053 125.948 86.747 162.256 88.11 118.367 
16.482 142.624 42.422 178.052 84.133 164.328 58.192 128.9 
18.831 218.171 60.354 203.891 85.553 167.932 44.03 182.212 
19.196 219.193 19.616 263.101 61.245 249.133 60.825 205.225 
19.618 263.1 44.898 299.002 86.855 286.054 61.575 250.151 
45.481 300.749 87.121 314.685 128.999 301.484 87.359 287.548 
88.615 318.724 88.759 362.634 130.475 348.928 130.331 305.018 
133.663 304.873 133.916 348.782 159.93 384.157 159.677 340.247 
161.423 340.193 161.949 384.1 203.869 397.168 203.344 353.261 
204.381 353.259 203.871 397.166 245.787 384.083 246.296 340.176 
248.066 340.144 247.874 384.054 273.838 348.643 274.029 304.733 
277.919 304.55 278.036 348.46 319.833 361.917 319.716 318.008 
278.71 301.758 320.539 315.117 362.231 301.339 320.403 287.979 
320.965 286.029 362.872 299.142 388.293 263.339 346.386 250.226 
347.183 205.284 346.718 249.191 388.334 263.201 388.798 219.294 
322.154 167.745 347.751 203.423 389.43 217.242 363.833 181.564 
323.169 164.051 364.964 177.514 390.683 141.924 348.888 128.462 
320.614 118.65 320.944 162.559 346.486 126.842 346.156 82.933 
292.52 82.315 318.839 117.463 344.134 81.57 317.814 46.422 
249.967 67.505 291.55 81.612 317.815 46.424 276.232 32.317 
206.394 79.379 248.323 66.34 274.58 31.146 232.65 44.185 
177.6 42.195 203.635 77.555 229.218 41.868 203.184 6.508 
132.549 31.987 159.156 66.918 201.213 79.539 174.606 44.608 
134.001 26.634 175.574 40.768 201.863 5.597 160.29 -8.537 
84.141 -5.658 86.068 38.21 127.194 22.821 125.266 -21.047 
42.106 -19.113 42.213 24.797 84.007 38.265 83.9 -5.645 
13.811 59.342 54.564 75.69 82.705 41.983 41.952 25.635 
14.831 96.911 15.803 140.81 57.253 126.32 56.281 82.421 
-11.47 179.185 13.929 215.005 40.146 179.78 14.748 143.961 
-33.456 208.472 -31.901 252.355 10.315 264.436 8.759 220.553 
-58.239 289.898 -16.478 303.47 9.334 267.948 -32.426 254.376 
-14.558 304.789 10.438 340.89 37.047 305.961 12.052 269.86 
44.154 305.641 44.577 349.549 86.466 362.716 86.044 318.808 
89.328 364.257 114.901 399.952 156.751 386.661 131.178 350.966 
134.922 429.826 176.922 442.636 202.084 406.651 160.084 393.84 
179.397 444.244 205.215 479.762 231.016 444.233 205.199 408.714 
208.045 406.527 233.358 442.406 275.303 429.419 249.991 393.54 
251.723 386.575 293.562 399.903 319.166 364.231 277.327 350.903 
321.593 317.976 321.39 361.885 363.213 348.51 363.416 304.6 
371.27 303.816 397.512 339.023 422.887 303.187 396.645 267.98 
399.551 265.672 425.368 301.191 467.126 287.614 441.309 252.095 
398.859 218.259 398.295 262.165 440.227 249.133 440.79 205.227 
367.066 178.942 393.065 214.327 418.685 178.666 392.685 143.28 
349.662 82.815 349.423 126.725 391.109 140.521 391.348 96.611 
324.881 39.737 351.339 74.781 392.844 60.448 366.386 25.404 
323.781 -7.099 323.81 36.811 365.562 23.214 365.533 -20.696 
279.544 -21.58 278.483 22.317 319.904 36.891 320.965 -7.006 
205.041 5.056 231.162 40.351 272.802 26.415 246.68 -8.88 
203.524 -43.554 203.275 0.437 245.112 -12.895 245.361 -56.804 
161.838 -57.274 161.591 -13.365 203.275 0.439 203.522 -43.552 
-31.058 83.432 -31.275 127.342 10.419 141.116 10.635 97.207 
-57.259 162.74 -15.565 176.515 10.42 141.118 -31.274 127.343 
17.567 389.482 59.305 403.117 85.171 367.633 43.432 353.998 
59.318 403.123 85.083 438.68 110.938 403.189 85.173 367.632 
297.455 402.395 323.224 437.949 349.074 402.454 323.305 366.901 
323.328 366.881 349.1 402.432 390.876 388.907 365.103 353.356 
396.478 140.222 422.085 175.893 463.923 162.563 438.316 126.892 
396.665 96.313 396.477 140.223 438.296 126.833 438.484 82.924 
252.401 -57.317 252.052 -13.408 277.578 22.32 277.927 -21.589 
161.84 -57.279 203.524 -43.555 245.361 -56.804 203.678 -70.61 
127.822 -21.115 127.698 22.794 153.608 -12.657 153.732 -56.567 
-29.435 76.842 12.262 90.607 54.086 77.234 12.389 63.469 
-57.043 118.829 -57.258 162.739 -31.275 127.341 -31.06 83.432 
-59.134 171.044 -32.821 206.197 9.129 219.171 -17.184 184.017 
11.318 341.542 10.964 385.45 37.058 350.136 37.412 306.227 
17.55 389.537 43.333 425.079 85.084 438.678 59.3 403.136 
92.358 442.975 134.06 429.224 159.714 393.587 118.013 407.338 
250.13 393.44 275.708 429.13 317.38 442.97 291.802 407.279 
323.311 438.011 365.07 424.437 390.877 388.911 349.117 402.484 
371.192 303.878 371.357 347.787 397.3 383.214 397.135 339.305 
398.698 217.764 440.555 204.495 466.62 169.157 424.762 182.426 
438.485 82.924 438.396 126.834 464.133 162.41 464.223 118.5 
351.414 74.99 393.209 88.456 434.936 74.785 393.142 61.318 
