160.507 220.659 159.737 264.562 201.73 251.727 202.499 207.824 
207.757 207.539 207.479 251.448 249.153 265.282 249.431 221.373 
209.08 202.374 250.873 215.844 276.597 180.259 234.804 166.789 
178.657 163.973 204.502 199.471 230.276 163.922 204.431 128.423 
133.393 179.348 158.515 215.362 200.529 202.599 175.408 166.585 
126.157 185.681 125.835 229.59 151.383 265.303 151.706 221.394 
163.68 273.641 205.356 287.467 247.2 274.156 205.524 260.33 
258.77 220.386 258.683 264.296 284.562 228.823 284.649 184.913 
211.011 122.591 236.698 158.203 278.413 171.915 252.725 136.303 
131.142 173.635 173.019 160.431 199.138 125.133 157.261 138.337 
83.856 154.505 125.077 169.635 152.205 135.106 110.983 119.977 
81.225 171.853 80.848 215.761 122.492 229.688 122.868 185.779 
53.721 252.07 95.133 266.665 121.812 231.789 80.398 217.194 
95.386 266.858 119.913 303.28 146.974 268.699 122.447 232.277 
136.868 311.429 178.527 325.308 204.601 289.977 162.942 276.098 
179.552 326.039 204.54 362.146 231.157 327.224 206.171 291.117 
206.582 290.835 231.277 327.142 273.439 314.875 248.744 278.568 
260.65 265.652 286.325 301.273 312.268 265.847 286.592 230.226 
287.743 229.39 312.916 265.368 354.912 252.545 329.739 216.567 
288.779 184.834 287.543 228.726 329.67 216.338 330.906 172.446 
255.099 134.473 280.724 170.13 322.554 156.777 296.929 121.12 
255.41 89.057 254.605 132.959 296.608 120.157 297.412 76.255 
213.329 74.469 212.262 118.366 253.682 132.945 254.748 89.048 
155.956 90.211 155.677 134.12 197.523 120.816 197.802 76.907 
112.561 75.411 111.221 119.3 152.549 134.137 153.888 90.247 
84.737 109.418 82.254 153.258 110.031 119.25 112.514 75.41 
52.58 208.085 53.597 251.983 78.576 215.871 77.56 171.973 
53.723 252.07 78.224 288.509 119.464 303.587 94.962 267.148 
135.99 314.406 162.489 349.419 204.507 362.17 178.008 327.157 
204.626 362.209 246.723 349.721 273.439 314.874 231.342 327.362 
287.852 302.345 329.473 288.35 354.918 252.564 313.298 266.559 
331.217 172.452 330.052 216.347 354.911 252.543 356.076 208.648 
297.431 76.255 298.163 120.159 324.561 155.248 323.829 111.344 
213.964 72.644 255.1 88.003 297.408 76.25 256.272 60.891 
112.849 74.433 154.835 87.289 196.359 73.011 154.373 60.155 
85.716 34.811 111.36 70.455 153.184 57.081 127.54 21.437 
56.949 70.256 81.186 106.87 108.519 72.504 84.281 35.89 
53.985 72.403 50.937 116.207 74.218 153.437 77.266 109.633 
-0.389 138.657 25.908 173.821 67.478 159.676 41.18 124.512 
6.117 220.052 47.393 205.071 71.98 168.691 30.704 183.671 
7.063 222.437 7.607 266.343 49.197 252.259 48.653 208.352 
7.621 266.378 31.657 303.124 74.033 291.619 49.997 254.872 
34.012 309.677 75.476 324.131 117.516 311.452 76.052 296.999 
80.629 335.273 81.377 379.177 122.901 364.899 122.153 320.995 
129.698 320.211 130.443 364.115 156.852 399.196 156.107 355.293 
161.212 354.84 162.532 398.73 204.682 411.037 203.362 367.147 
206.414 367.141 204.939 411.026 247.132 398.868 248.607 354.982 
254.74 354.601 254.363 398.509 280.476 363.208 280.853 319.3 
290.814 317.994 291.499 361.899 333.467 374.815 332.782 330.91 
292.271 311.68 334.212 324.68 375.785 310.545 333.843 297.545 
335.096 291.747 377.292 303.898 401.887 267.523 359.692 255.372 
362.292 208.437 360.682 252.317 401.918 267.409 403.528 223.528 
338.694 165.774 364.008 201.653 405.577 215.801 380.262 179.922 
340.482 156.911 382.401 169.984 407.789 134.157 365.87 121.084 
334.182 109.866 335.178 153.765 360.175 117.664 359.18 73.766 
301.943 72.207 328.947 106.831 353.532 70.449 326.528 35.824 
258.06 54.807 299.189 70.187 326.525 35.824 285.396 20.444 
210.001 63.291 252.143 50.957 278.986 16.208 236.844 28.542 
177.345 25.356 204.299 60.02 228.936 23.674 201.983 -10.99 
127.538 21.438 155.342 55.424 197.812 66.577 170.008 32.591 
130.218 6.355 171.45 21.455 198.553 -13.092 157.322 -28.193 
64.343 -27.363 69.531 16.24 109.396 -2.168 104.209 -45.77 
21.915 -38.665 24.277 5.181 66.707 16.485 64.346 -27.362 
-8.019 34.931 30.254 56.454 62.55 26.704 24.277 5.181 
-4.325 89.844 -2.569 133.719 38.616 118.49 36.86 74.616 
-31.437 176.561 -6.939 213.002 20.147 178.442 -4.35 142.001 
-63.337 224.274 -57.668 267.816 -14.504 275.88 -20.174 232.337 
-83.396 303.78 -41.581 317.181 -15.913 281.554 -57.728 268.152 
-37.803 319.619 -15.204 357.267 13.617 324.14 -8.981 286.492 
31.571 323.568 32.82 367.46 74.95 379.835 73.701 335.943 
82.595 382.318 107.826 418.256 149.801 405.364 124.57 369.427 
139.532 461.34 182.153 471.903 205.37 434.632 162.749 424.069 
184.998 473.528 210.941 508.955 236.616 473.335 210.675 437.907 
218.162 431.865 241.828 468.851 284.317 457.771 260.651 420.785 
264.922 404.269 306.934 417.039 332.061 381.03 290.049 368.259 
336.807 330.768 336.327 374.676 378.234 361.564 378.714 317.657 
400.134 311.399 427.851 345.456 451.676 308.572 423.959 274.515 
428.781 270.416 454.721 305.844 496.432 292.122 470.491 256.693 
427.985 217.755 425.423 261.59 467.904 250.481 470.467 206.646 
387.49 173.094 413.83 208.227 439.104 172.32 412.764 137.187 
367.611 73.061 367.045 116.968 408.627 131.074 409.193 87.168 
339.885 16.201 368.156 49.8 408.846 33.296 380.576 -0.303 
338.148 -31.69 338.351 12.22 380.049 -1.542 379.846 -45.452 
292.771 -49.051 288.363 -5.362 328.551 12.33 332.959 -31.358 
206.477 -14.885 232.923 20.167 274.433 5.847 247.987 -29.205 
202.625 -70.439 201.201 -26.47 243.379 -38.68 244.8 -82.567 
161.322 -85.271 159.9 -41.384 201.199 -26.469 202.624 -70.438 
-55.952 76.543 -57.43 120.428 -16.15 135.395 -14.671 91.51 
-84.422 155.063 -43.142 170.031 -16.149 135.397 -57.43 120.429 
4.63 412.731 46.131 427.073 72.596 392.035 31.094 377.693 
46.133 427.072 71.276 463.072 97.744 428.035 72.601 392.036 
315.803 421.816 341.074 457.725 367.416 422.594 342.144 386.685 
342.192 386.648 367.426 422.583 409.4 409.688 384.166 373.753 
421.4 129.352 446.321 165.505 488.406 152.975 463.484 116.822 
422.482 85.453 421.397 129.35 463.481 116.817 464.566 72.92 
260.306 -85.125 259.583 -41.221 284.803 -5.276 285.526 -49.18 
161.322 -85.27 202.625 -70.439 244.801 -82.567 203.501 -97.481 
112.959 -46.273 111.081 -2.403 138.387 -36.79 140.266 -80.66 
-54.302 64.702 -12.042 76.627 29.156 61.434 -13.103 49.51 
-82.943 111.178 -84.422 155.063 -57.43 120.428 -55.952 76.543 
-86.511 176.902 -61.103 212.714 -19.498 226.754 -44.906 190.941 
-9.413 361.524 -10.22 405.427 16.238 370.384 17.046 326.481 
4.63 412.731 29.774 448.729 71.276 463.072 46.131 427.074 
92.641 471.648 134.419 458.132 160.274 422.64 118.496 436.157 
263.067 418.972 288.193 454.982 329.687 469.346 304.561 433.336 
341.075 457.726 383.042 444.807 409.4 409.688 367.434 422.607 
398.085 313.179 398.036 357.089 423.806 392.641 423.855 348.731 
426.86 214.488 468.908 201.838 495.491 166.889 453.442 179.539 
464.564 72.92 463.491 116.817 488.426 152.961 489.499 109.064 
369.512 52.808 411.091 66.926 453.027 53.908 411.448 39.79 
