153.606 239.77 143.065 282.396 186.862 279.249 197.403 236.623 
219.747 236.966 207.923 279.254 244.488 303.567 256.312 261.279 
226.877 213.885 263.647 237.887 297.836 210.334 261.066 186.332 
195.053 159.819 210.295 200.999 244.749 173.778 229.508 132.598 
132.065 174.107 146.103 215.713 190.011 215.218 175.972 173.613 
103.739 204.166 93.316 246.821 109.955 287.456 120.378 244.801 
157.132 311.563 195.885 332.211 239.373 326.137 200.62 305.489 
289.442 253.434 282.202 296.743 313.515 265.961 320.755 222.652 
252.746 112.792 267.832 154.029 304.276 178.523 289.19 137.286 
120.234 146.836 164.054 144.028 197.855 115.999 154.035 118.807 
23.165 101.821 54.616 132.463 93.477 112.02 62.026 81.378 
45.737 175.466 26.572 214.973 58.222 245.408 77.388 205.902 
-22.447 274.736 11.278 302.854 48.442 279.467 14.716 251.349 
28.84 318.76 37.367 361.834 75.699 340.415 67.172 297.34 
115.148 359.698 149.076 387.573 186.071 363.92 152.143 336.045 
179.381 407.317 192.587 449.195 228.333 423.695 215.129 381.817 
234.309 369.754 247.306 411.696 291.212 412.295 278.215 370.353 
303.984 308.823 317.44 350.62 353.033 324.905 339.576 283.108 
365.06 261.354 378.67 303.102 422.58 303.059 408.97 261.311 
371.848 200.193 359.944 242.458 403.82 240.719 415.724 198.453 
317.798 112.173 329.599 154.467 373.47 156.313 361.67 114.019 
320.222 43.689 307.979 85.858 351.867 84.471 364.111 42.302 
267.171 14.752 251.334 55.706 285.39 83.424 301.227 42.47 
163.839 48.405 145.973 88.516 189.642 93.113 207.508 53.002 
87.228 24.247 70.718 64.935 104.312 93.211 120.822 52.523 
14.297 36.12 -12.266 71.084 29.776 58.411 56.339 23.447 
-36.793 221.849 -40.115 265.633 -11.692 232.164 -8.37 188.38 
-32.172 309.18 -24.399 352.396 7.293 382.789 -0.482 339.573 
113.244 412.954 139.122 448.428 180.909 461.917 155.031 426.442 
223.126 467.294 267.015 468.647 303.317 443.944 259.428 442.591 
363.93 367.442 405.434 353.106 430.585 317.112 389.081 331.448 
457.615 194.678 440.129 234.956 449.658 277.82 467.144 237.542 
385.858 38.485 382.332 82.253 405.206 119.735 408.731 75.966 
281.174 -30.651 309.461 2.934 352.087 13.478 323.799 -20.107 
90.682 -11.646 128.809 10.136 172.457 5.348 134.331 -16.434 
41.343 -113.149 27.289 -71.549 62.51 -45.327 76.564 -86.927 
-48.404 -35.799 -56.266 7.401 -12.75 1.529 -4.889 -41.672 
-89.785 35.765 -78.097 78.091 -43.763 105.464 -55.451 63.138 
-129.005 117.71 -117.733 160.148 -73.888 162.541 -85.16 120.103 
-154.074 198.05 -111.69 209.526 -70.656 193.896 -113.04 182.421 
-123.061 251.938 -153.663 283.427 -114.258 302.801 -83.656 271.312 
-110.071 346.511 -108.549 390.395 -66.342 402.507 -67.864 358.624 
-48.124 442.46 -5.002 450.738 34.751 432.088 -8.372 423.81 
26.644 475.243 22.022 518.909 64.98 509.811 69.601 466.145 
99.029 466.335 84.045 507.61 96.184 549.809 111.168 508.535 
158.816 499.864 141.549 540.236 174.61 569.134 191.877 528.761 
252.834 510.204 231.156 548.389 274.171 557.207 295.85 519.021 
338.002 470.869 339.552 514.752 364.091 478.339 362.541 434.456 
402.269 419.136 396.223 462.628 435.718 481.817 441.764 438.326 
409.015 396.87 446.163 420.281 489.978 417.386 452.829 393.975 
459.371 350.27 493.627 377.74 530.339 353.65 496.083 326.179 
524.073 227.532 501.333 265.095 530.03 298.33 552.77 260.767 
469.415 134.895 494.536 170.909 536.028 185.28 510.907 149.266 
470.664 95.987 509.38 116.704 541.047 86.286 502.332 65.568 
461.214 40.737 451.962 83.662 484.678 54.374 493.93 11.449 
417.624 -27.575 423.535 15.935 463.09 -3.132 457.178 -46.643 
328.067 -86.478 354.549 -51.452 396.043 -65.815 369.561 -100.841 
225.04 -56.313 266.094 -71.89 290.151 -108.624 249.097 -93.046 
164.15 -113.566 178.637 -72.114 213.582 -98.701 199.096 -140.153 
109.836 -126.629 120.377 -84.003 153.959 -55.713 143.418 -98.339 
126.251 -163.929 153.645 -129.612 194.748 -145.061 167.353 -179.378 
-6.891 -194.017 -17.688 -151.455 26.127 -154.339 36.925 -196.9 
-104.757 -160.413 -99.059 -116.875 -55.89 -108.839 -61.588 -152.378 
-143.055 -100.984 -129.196 -59.318 -85.288 -59.624 -99.146 -101.29 
-139.031 40.234 -150.117 82.721 -106.283 80.135 -95.197 37.648 
-170.937 130.745 -171.497 174.652 -129.567 161.616 -129.006 117.71 
-237.69 271.441 -241.511 315.184 -201.09 332.336 -197.268 288.593 
-251.162 403.985 -210.587 420.769 -182.084 387.367 -222.66 370.582 
-179.415 431.195 -186.628 474.509 -143.206 467.984 -135.992 424.671 
-46.403 465.367 -55.284 508.369 -17.13 530.104 -8.249 487.102 
22.022 518.909 36.461 560.377 80.361 559.46 65.923 517.992 
133.332 645.451 174.775 659.962 201.382 625.03 159.939 610.52 
228.737 659.377 252.307 696.425 280.258 662.56 256.689 625.512 
297.82 594.204 298.754 638.103 340.794 650.78 339.86 606.88 
362.546 522.221 402.267 540.938 432.342 508.945 392.621 490.228 
452.088 439.577 441.68 482.236 485.468 478.951 495.875 436.292 
564.482 381.26 589.698 417.208 616.095 382.118 590.879 346.17 
606.841 292.983 631.44 329.356 673.634 317.2 649.035 280.827 
619.759 212.789 595.108 249.127 637.285 261.342 661.936 225.004 
529.954 128.771 550.919 167.353 581.134 135.492 560.169 96.91 
522.642 11.069 508.836 52.752 544.212 78.763 558.019 37.08 
466.635 -107.272 492.944 -72.117 534.509 -86.274 508.2 -121.43 
421.74 -177.873 425.458 -134.12 465.92 -151.176 462.203 -194.928 
389.319 -214.078 358.097 -183.203 377.813 -143.968 409.035 -174.843 
226.384 -163.989 239.054 -121.947 282.954 -121.006 270.284 -163.048 
221.733 -238.499 210.128 -196.065 253.989 -198.137 265.572 -240.492 
185.521 -264.286 172.071 -222.486 207.669 -196.778 221.144 -238.656 
-206.482 22.461 -213.267 65.844 -174.104 85.703 -167.319 42.321 
-245.194 96.46 -206.551 117.312 -174.778 87.003 -213.421 66.152 
-81.396 561.82 -38.212 569.766 -17.31 531.15 -60.495 523.204 
-33.838 571.829 -13.866 610.934 17.154 579.855 -2.819 540.75 
421.189 551.415 448.129 586.089 472.781 549.752 445.84 515.078 
453.911 509.483 474.726 548.146 517.929 540.297 497.113 501.634 
578.618 77.104 599.961 115.478 643.052 107.038 621.709 68.664 
584.592 32.5 578.403 75.972 621.66 68.424 627.848 24.952 
309.659 -253.359 298.101 -210.997 313.65 -169.933 325.208 -212.295 
185.509 -264.27 221.7 -239.448 265.573 -240.483 229.405 -265.383 
97.412 -225.251 79.265 -185.266 117.449 -206.948 135.596 -246.933 
-206.291 -33.728 -172.641 -5.519 -128.836 -2.477 -162.487 -30.686 
-237.85 53.176 -245.186 96.469 -213.804 65.756 -206.467 22.463 
-235.087 150.685 -239.641 194.359 -217.655 232.368 -213.101 188.694 
-124.751 507.825 -137.392 549.876 -102.449 523.287 -89.807 481.236 
-81.401 561.846 -55.559 597.347 -13.786 610.878 -39.628 575.377 
28.922 622.159 72.412 628.215 111.157 607.553 67.667 601.496 
366.933 567.007 383.763 607.563 421.218 630.481 404.388 589.925 
448.111 586.078 490.461 574.477 517.904 540.198 475.554 551.8 
546.203 423.222 529.934 464.007 540.746 506.565 557.015 465.78 
594.773 177.231 638.486 173.074 671.408 144.018 627.695 148.174 
627.77 24.94 622.051 68.476 643.013 107.06 648.733 63.524 
527.451 -42.935 559.454 -12.87 603.016 -7.357 571.014 -37.423 
