157.015 230.897 149.932 274.232 193.335 267.577 200.418 224.242 
215.444 224.449 207.334 267.603 245.87 288.652 253.98 245.497 
219.739 211.989 258.633 232.369 290.034 201.676 251.139 181.296 
189.281 164.729 208.954 203.985 240.209 173.144 220.537 133.888 
134.616 178.119 153.273 217.868 196.842 212.409 178.186 172.659 
116.893 193.281 110.463 236.718 130.794 275.638 137.223 232.202 
159.059 295.022 199.114 313.013 242.095 304.024 202.039 286.033 
274.366 242.695 269.985 286.386 299.21 253.614 303.591 209.923 
237.432 119.616 256.406 159.214 295.032 180.097 276.058 140.499 
128.504 162.622 171.667 154.553 201.843 122.654 158.68 130.724 
52.115 121.359 88.461 145.996 123.125 119.042 86.778 94.405 
53.666 172.78 40.644 214.714 76.502 240.058 89.524 198.123 
-0.492 257.627 36.246 281.676 70.471 254.167 33.732 230.118 
52.726 294.333 67.307 335.752 102.193 309.087 87.613 267.668 
122.144 348.202 159.403 371.437 193.015 343.182 155.756 319.947 
175.519 383.455 193.104 423.69 225.935 394.533 208.351 354.298 
223.43 343.769 240.471 384.237 284.225 380.535 267.184 340.067 
292.906 297.068 310.991 337.081 343.456 307.516 325.37 267.503 
341.46 255.267 359.281 295.398 402.955 290.851 385.134 250.72 
344.605 196.172 336.246 239.279 379.826 233.909 388.185 190.802 
298.832 118.351 315.984 158.772 359.727 154.949 342.575 114.528 
300.441 58.057 292.697 101.278 336.197 95.287 343.94 52.065 
248.828 35.431 239.24 78.282 277.031 100.642 286.618 57.791 
156.582 62.456 147.274 105.368 190.963 100.96 200.27 58.047 
103.877 38.138 92.64 80.586 129.538 104.39 140.775 61.942 
38.989 58.322 18.41 97.111 57.859 77.826 78.437 39.036 
-5.505 208.872 -7.956 252.714 19.796 218.686 22.246 174.844 
-7.004 289.254 6.929 330.895 42.677 356.393 28.743 314.752 
116.958 382.686 142.585 418.342 184.275 432.127 158.649 396.47 
217.492 437.622 261.252 434.001 294.526 405.35 250.766 408.971 
341.301 351.373 382.867 337.219 408.176 301.336 366.609 315.49 
421.068 187.151 409.114 229.403 424.279 270.612 436.232 228.36 
361.295 49.266 359.469 93.138 383.778 129.704 385.605 85.832 
259.128 -1.037 292.098 27.964 335.818 32.047 302.848 3.046 
107.641 24.75 147.497 43.177 190.573 34.658 150.716 16.231 
58.993 -78.182 55.586 -34.404 96.168 -17.635 99.575 -61.413 
-23.495 -0.432 -10.873 41.625 25.225 16.624 12.603 -25.433 
-53.919 50.292 -46.348 93.544 -14.8 124.086 -22.371 80.834 
-101.303 124.475 -80.566 163.18 -37.348 155.417 -58.085 116.713 
-106.834 208.427 -63.246 203.115 -31.106 173.197 -74.694 178.509 
-93.489 234.95 -111.247 275.109 -67.566 279.589 -49.808 239.43 
-80.226 321.634 -68.462 363.938 -24.593 365.822 -36.357 323.518 
-21.135 409.596 21.262 421.026 62.279 405.352 19.883 393.923 
38.821 442.47 36.49 486.318 78.913 474.985 81.243 431.136 
100.111 429.486 94.41 473.024 115.388 511.599 121.09 468.06 
151.995 461.893 144.561 505.169 183.422 525.612 190.856 482.336 
237.385 470.858 222.932 512.321 266.833 513.254 281.285 471.79 
323.938 437.953 324.025 481.863 349.764 446.288 349.677 402.379 
378.111 394.65 374.743 438.431 415.34 455.163 418.708 411.383 
381.121 381.095 421.94 397.278 464.476 386.378 423.657 370.195 
426.935 341.037 466.423 360.242 496.891 328.622 457.403 309.417 
477.843 222.261 462.628 263.451 497.1 290.65 512.315 249.46 
437.512 135.402 462.18 171.728 503.489 186.618 478.821 150.291 
439.885 109.413 480.451 126.22 508.971 92.833 468.405 76.026 
427.2 58.519 426.262 102.419 452.825 67.454 453.763 23.554 
388.388 3.721 404.934 44.394 438.503 16.089 421.956 -24.584 
308.515 -42.506 342.83 -15.108 379.489 -39.277 345.175 -66.675 
219.669 -30.935 261.301 -44.893 286.777 -80.657 245.145 -66.698 
172.277 -77.398 196.158 -40.549 223.823 -74.647 199.943 -111.496 
116.413 -77.283 137.048 -38.523 176.524 -19.295 155.889 -58.054 
124.006 -118.876 158.07 -91.168 194.949 -115.002 160.885 -142.711 
-0.179 -148.237 0.71 -104.336 42.188 -118.749 41.298 -162.649 
-83.277 -121.237 -68.746 -79.801 -24.848 -80.817 -39.378 -122.253 
-109.782 -75.085 -103.947 -31.565 -60.754 -23.666 -66.589 -67.187 
-102.697 54.361 -113.479 96.926 -69.665 94.027 -58.883 51.461 
-138.985 147.019 -129.188 189.823 -91.508 167.279 -101.303 124.476 
-198.128 271.23 -192.431 314.769 -149.263 322.806 -154.959 279.267 
-201.818 392.8 -159.256 403.596 -135.836 366.453 -178.398 355.657 
-141.562 409.987 -138.594 453.797 -97.846 437.436 -100.814 393.626 
-21.794 429.646 -24.833 473.451 15.888 489.878 18.928 446.074 
37.856 490.555 57.543 529.804 100.955 523.209 81.268 483.96 
145.138 604.469 188.186 613.125 209.721 574.858 166.673 566.202 
229.227 614.197 255.889 649.085 280.83 612.947 254.169 578.058 
284.903 553.272 294.156 596.195 337.839 600.659 328.586 557.735 
344.283 489.855 385.494 505.01 412.642 470.498 371.43 455.343 
428.452 411.485 423.121 455.07 466.22 446.672 471.552 403.087 
529.21 358.347 558.547 391.019 580.554 353.022 551.217 320.35 
567.824 279.978 594.755 314.66 636.062 299.764 609.13 265.083 
573.818 205.116 556.022 245.258 599.699 249.778 617.495 209.636 
493.7 134.001 517.642 170.811 545.251 136.667 521.31 99.857 
480.398 19.846 472.843 63.102 511.647 83.653 519.202 40.398 
427.719 -80.075 458.567 -48.827 497.819 -68.51 466.97 -99.758 
397.983 -145.147 404.184 -101.677 443.61 -121.008 437.409 -164.478 
362.561 -178.243 336.516 -142.891 362.089 -107.196 388.134 -142.548 
217.966 -127.2 236.711 -87.492 280.268 -93.051 261.522 -132.758 
209.952 -196.343 203.623 -152.809 246.901 -160.228 253.219 -203.681 
170.569 -215.703 164.246 -172.25 203.618 -152.809 209.952 -196.343 
-177.134 43.827 -179.088 87.694 -137.973 103.108 -136.018 59.242 
-206.464 122.026 -165.353 137.453 -137.977 103.121 -179.088 87.694 
-51.995 533.568 -9.797 545.708 14.789 509.326 -27.41 497.186 
-9.081 546.18 15.75 582.395 42.52 547.588 17.688 511.373 
407.664 514.125 433.291 549.781 459.282 514.389 433.654 478.734 
435.139 477.689 459.621 514.141 501.854 502.122 477.372 465.67 
538.226 80.031 561.668 117.161 604.224 106.341 580.782 69.211 
541.125 36.166 538.211 79.98 580.781 69.211 583.694 25.398 
286.735 -215.018 282.855 -171.279 305.424 -133.614 309.304 -177.352 
170.567 -215.699 209.952 -196.343 253.22 -203.68 213.846 -223.118 
95.077 -179.606 78.31 -139.023 115.729 -162.0 132.496 -202.582 
-179.579 9.493 -138.062 23.79 -96.07 10.953 -137.587 -3.344 
-204.5 78.166 -206.456 122.033 -179.089 87.694 -177.133 43.827 
-201.806 161.933 -197.721 205.653 -168.72 238.623 -172.804 194.903 
-90.09 480.654 -94.744 524.316 -65.315 491.728 -60.662 448.065 
-51.995 533.568 -26.034 568.981 15.785 582.372 -10.177 546.958 
50.451 590.776 94.354 589.953 129.388 563.482 85.485 564.305 
349.282 529.845 371.319 567.824 411.472 585.597 389.435 547.617 
433.274 549.768 475.306 537.064 501.844 502.081 459.812 514.785 
514.651 389.934 504.103 432.559 520.625 473.242 531.172 430.618 
556.625 179.078 599.474 169.482 628.5 136.533 585.651 146.129 
583.657 25.394 580.784 69.21 604.215 106.346 607.087 62.53 
482.863 -27.226 518.629 -1.754 562.537 -2.169 526.771 -27.642 
