151.685 241.985 139.64 284.21 183.521 282.618 195.567 240.392 
220.285 241.083 206.748 282.854 242.291 308.637 255.829 266.866 
228.261 214.025 264.159 239.313 299.301 212.985 263.403 187.698 
196.011 157.848 209.823 199.53 245.196 173.513 231.384 131.832 
130.751 171.695 142.817 213.915 186.699 215.487 174.633 173.267 
99.461 206.958 87.369 249.17 102.398 290.429 114.491 248.216 
154.793 315.826 192.863 337.707 236.524 333.033 198.454 311.151 
293.603 256.524 285.094 299.601 317.298 269.752 325.807 226.675 
257.184 109.711 270.638 151.509 306.092 177.415 292.637 135.618 
117.514 140.913 161.42 140.27 196.562 113.942 152.656 114.586 
13.776 98.235 42.886 131.109 83.147 113.583 54.037 80.709 
44.119 175.002 22.418 213.174 52.016 245.609 73.718 207.437 
-26.9 282.96 6.493 311.472 43.929 288.523 10.535 260.011 
22.531 326.867 28.715 370.34 68.149 351.025 61.965 307.552 
110.849 361.264 143.327 390.816 181.468 369.059 148.99 339.508 
181.572 412.969 193.345 455.272 229.938 431.004 218.167 388.701 
238.192 376.911 249.664 419.296 293.52 421.481 282.047 379.097 
306.647 312.351 318.507 354.628 355.051 330.283 343.19 288.005 
371.874 261.63 384.167 303.785 428.057 305.12 415.764 262.966 
380.432 199.962 367.038 241.779 410.948 241.595 424.342 199.778 
323.327 109.599 333.222 152.38 376.966 156.189 367.072 113.408 
324.979 37.519 311.274 79.235 355.184 79.379 368.889 37.663 
271.49 6.067 252.953 45.872 285.082 75.803 303.619 35.997 
166.135 41.784 144.894 80.215 188.008 88.54 209.249 50.11 
81.815 19.239 64.33 59.518 97.233 88.594 114.719 48.316 
2.811 31.942 -24.396 66.407 17.873 54.517 45.081 20.052 
-46.273 229.102 -49.609 272.886 -21.176 239.425 -17.84 195.642 
-37.388 313.055 -31.293 356.539 -0.801 388.136 -6.897 344.651 
112.464 422.05 138.902 457.109 180.898 469.932 154.46 434.873 
223.982 474.507 267.788 477.523 305.0 454.214 261.194 451.198 
370.992 371.198 412.414 356.627 437.361 320.492 395.939 335.063 
467.677 196.835 448.596 236.382 456.404 279.593 475.485 240.046 
392.422 33.238 388.463 76.969 410.963 114.676 414.923 70.944 
286.814 -40.53 313.751 -5.853 355.926 6.369 328.99 -28.308 
84.426 -20.758 122.108 1.786 165.844 -2.125 128.162 -24.668 
33.341 -121.98 20.748 -79.914 56.863 -54.939 69.456 -97.005 
-53.972 -44.277 -63.101 -1.327 -19.432 -5.917 -10.303 -48.868 
-99.218 23.646 -89.223 66.404 -56.005 95.121 -66.0 52.363 
-133.119 116.311 -126.281 159.685 -82.917 166.585 -89.754 123.211 
-165.031 195.955 -124.635 213.168 -81.837 203.349 -122.233 186.136 
-130.649 256.665 -163.829 285.425 -126.223 308.094 -93.043 279.334 
-115.14 350.582 -117.357 394.436 -76.334 410.096 -74.117 366.242 
-55.501 448.749 -12.216 456.131 27.141 436.661 -16.144 429.279 
21.073 480.15 14.409 523.551 57.746 516.477 64.41 473.075 
98.363 473.983 80.303 514.007 89.218 557.003 107.278 516.979 
160.231 508.675 139.143 547.189 169.255 579.147 190.344 540.633 
255.301 519.62 231.323 556.405 273.717 567.843 297.696 531.058 
339.473 481.411 341.225 525.286 365.596 488.761 363.844 444.886 
407.702 425.955 400.375 469.25 439.286 489.597 446.613 446.303 
416.096 400.383 451.611 426.206 495.521 426.222 460.006 400.399 
468.161 351.788 499.924 382.107 538.574 361.267 506.811 330.949 
536.215 229.146 511.37 265.351 538.126 300.168 562.971 263.963 
478.633 135.857 503.786 171.849 545.29 186.183 520.137 150.191 
478.882 91.423 516.631 113.852 549.628 84.881 511.879 62.452 
470.812 34.605 458.449 76.739 493.217 49.919 505.581 7.786 
425.157 -38.008 426.761 5.872 467.999 -9.214 466.393 -53.095 
333.045 -99.214 356.803 -62.286 399.264 -73.471 375.506 -110.398 
227.91 -65.11 268.977 -80.654 293.063 -117.368 251.997 -101.824 
160.682 -123.621 171.563 -81.08 208.659 -104.574 197.779 -147.115 
106.631 -140.036 113.365 -96.645 144.317 -65.499 137.583 -108.89 
125.126 -176.656 150.534 -140.843 192.445 -153.94 167.038 -189.753 
-8.419 -206.389 -22.55 -164.815 21.356 -164.223 35.487 -205.797 
-109.809 -170.053 -102.889 -126.692 -59.511 -119.875 -66.432 -163.236 
-146.74 -112.124 -132.604 -70.551 -88.698 -71.15 -102.835 -112.722 
-158.182 34.825 -167.561 77.722 -123.865 73.386 -114.486 30.489 
-177.42 124.863 -182.802 168.442 -139.693 160.094 -134.31 116.515 
-247.101 267.569 -253.385 311.027 -213.996 330.433 -207.712 286.975 
-264.258 401.371 -224.604 420.23 -194.414 388.344 -234.068 369.486 
-189.604 431.989 -199.134 474.853 -155.424 470.671 -145.893 427.808 
-54.039 469.508 -64.32 512.197 -26.898 535.168 -16.616 492.478 
14.703 525.159 27.931 567.029 71.84 567.387 58.611 525.517 
127.066 654.453 167.816 670.809 195.964 637.108 155.214 620.752 
224.758 670.258 247.102 708.057 276.147 675.126 253.803 637.326 
298.022 604.412 296.321 648.289 337.526 663.465 339.226 619.588 
366.091 532.668 405.291 552.453 436.22 521.285 397.02 501.5 
457.401 448.016 445.174 490.189 489.062 488.786 501.289 446.613 
573.052 388.459 596.732 425.437 624.583 391.49 600.904 354.512 
616.603 298.207 640.32 335.162 682.794 324.026 659.078 287.071 
631.676 216.744 605.141 251.73 646.615 266.155 673.149 231.169 
540.771 127.889 560.695 167.019 591.753 135.978 571.829 96.848 
535.082 8.604 519.185 49.535 553.201 77.302 569.098 36.371 
476.907 -115.534 501.655 -79.262 543.799 -91.59 519.051 -127.862 
428.906 -186.621 431.94 -142.816 472.663 -159.238 469.629 -203.043 
396.92 -223.333 364.619 -193.588 382.927 -153.677 415.228 -183.422 
228.456 -176.907 239.837 -134.498 283.688 -132.217 272.307 -174.626 
226.857 -250.501 214.171 -208.377 258.071 -209.327 270.733 -251.372 
192.42 -281.459 173.393 -241.885 205.15 -211.56 224.212 -251.208 
-212.007 12.146 -221.362 55.048 -183.45 77.203 -174.095 34.301 
-257.432 82.222 -221.784 107.859 -186.385 81.878 -222.033 56.24 
-91.701 564.291 -48.72 573.271 -26.897 535.168 -69.879 526.188 
-43.575 575.786 -25.808 615.942 6.892 586.636 -10.875 546.481 
421.404 562.62 448.406 597.246 472.993 560.865 445.99 526.239 
457.034 518.825 475.698 558.572 519.266 553.104 500.603 513.358 
590.664 77.843 610.953 116.785 654.259 109.523 633.97 70.581 
598.972 31.838 590.22 74.867 633.848 69.894 642.6 26.865 
318.223 -263.496 303.491 -222.131 315.886 -180.007 330.618 -221.372 
192.57 -281.649 226.878 -254.283 270.711 -252.154 236.432 -279.596 
95.741 -237.483 78.525 -197.089 116.196 -219.648 133.413 -260.043 
-205.937 -53.835 -180.275 -18.204 -138.57 -4.462 -164.233 -40.093 
-246.092 39.811 -257.423 82.233 -223.32 54.573 -211.989 12.15 
-244.949 145.162 -250.643 188.701 -229.658 227.272 -223.964 183.733 
-135.58 509.839 -150.724 551.055 -114.247 526.612 -99.102 485.396 
-91.806 564.806 -67.064 601.082 -25.724 615.886 -50.467 579.61 
20.209 628.478 63.372 636.546 103.034 617.704 59.871 609.635 
368.672 576.685 383.111 618.153 419.167 643.215 404.728 601.747 
448.397 597.24 491.006 586.632 519.243 553.005 476.634 563.613 
553.688 434.113 535.536 474.095 544.352 517.112 562.504 477.129 
604.668 177.946 648.543 176.204 683.016 149.006 639.14 150.748 
642.504 26.847 634.927 70.098 654.22 109.543 661.797 66.291 
540.322 -47.818 571.105 -16.506 614.415 -9.267 583.632 -40.58 
