152.612 241.033 141.32 283.467 185.166 281.093 196.457 238.659 
220.102 239.125 207.446 281.172 243.524 306.201 256.18 264.155 
227.674 213.981 264.009 238.637 298.685 211.7 262.351 187.044 
195.606 158.757 210.071 200.216 245.031 173.648 230.567 132.189 
131.336 172.909 144.363 214.842 188.27 215.41 175.242 173.477 
101.392 205.812 90.09 248.243 105.887 289.213 117.189 246.782 
156.102 314.007 194.524 335.264 238.103 329.878 199.681 308.621 
291.716 255.053 283.846 298.252 315.604 267.928 323.474 224.729 
255.071 111.25 269.352 152.773 305.313 177.971 291.032 136.448 
118.673 143.714 162.551 142.027 197.057 114.871 153.18 116.558 
17.85 99.577 48.045 131.458 87.696 112.593 57.502 80.712 
45.089 175.268 24.591 214.1 55.189 245.595 75.687 206.763 
-24.801 279.281 8.64 307.737 46.037 284.725 12.596 256.269 
25.304 323.433 32.572 366.738 71.511 346.445 64.244 303.14 
113.093 360.555 146.282 389.306 183.881 366.625 150.692 337.875 
180.768 410.425 193.202 452.538 229.411 427.7 216.978 385.587 
236.495 373.758 248.715 415.933 292.602 417.344 280.382 375.169 
305.473 310.653 318.11 352.705 354.199 327.691 341.561 285.639 
368.731 261.588 381.65 303.555 425.554 304.238 412.636 262.271 
376.408 200.168 363.752 242.214 407.652 241.258 420.308 199.211 
320.71 110.858 331.532 153.414 375.349 156.271 364.527 113.716 
322.806 40.501 309.78 82.434 353.686 81.865 366.713 39.932 
269.542 10.243 252.313 50.632 285.402 79.499 302.63 39.11 
164.994 45.028 145.353 84.301 188.773 90.845 208.414 51.572 
84.215 21.671 67.068 62.095 100.215 90.894 117.362 50.47 
8.554 33.649 -18.317 68.378 23.835 56.076 50.706 21.348 
-41.969 225.767 -45.311 269.549 -16.873 236.093 -13.531 192.31 
-35.109 311.489 -28.272 354.864 2.754 385.936 -4.083 342.561 
112.986 417.932 139.116 453.221 180.999 466.411 154.868 431.123 
223.673 471.232 267.526 473.468 304.318 449.5 260.464 447.265 
367.685 369.479 409.154 355.04 434.215 318.985 392.747 333.424 
463.019 195.822 444.694 235.726 453.324 278.78 471.649 238.876 
389.382 35.811 385.625 79.56 408.301 117.161 412.057 73.412 
284.241 -35.78 311.821 -1.613 354.217 9.818 326.637 -24.349 
87.185 -16.539 125.089 5.628 168.784 1.282 130.88 -20.885 
37.112 -117.928 23.656 -76.131 59.249 -50.417 72.705 -92.215 
-51.311 -40.542 -60.219 2.454 -16.574 -2.36 -7.666 -45.357 
-94.76 29.565 -83.718 72.064 -49.806 99.956 -60.848 57.457 
-131.608 117.077 -122.529 160.038 -78.865 164.678 -87.944 121.717 
-160.206 196.889 -118.786 211.465 -76.709 198.911 -118.129 184.335 
-127.093 254.583 -159.289 284.44 -120.944 305.835 -88.747 275.977 
-112.998 349.02 -113.529 392.926 -71.936 406.999 -71.404 363.093 
-52.126 446.186 -8.91 453.964 30.624 434.854 -12.592 427.077 
23.83 478.235 18.212 521.784 61.366 513.669 66.983 470.12 
98.803 470.628 82.238 511.293 92.74 553.929 109.305 513.264 
159.678 504.798 140.411 544.255 171.982 574.773 191.25 535.316 
254.405 515.372 231.511 552.841 274.221 563.036 297.115 525.567 
339.011 476.415 340.707 520.292 365.125 483.798 363.429 439.92 
405.254 422.831 398.583 466.231 437.798 485.986 444.469 442.586 
412.851 398.795 449.158 423.492 493.047 422.132 456.74 397.435 
464.111 351.145 497.096 380.13 534.855 357.717 501.871 328.732 
530.661 228.356 506.787 265.209 534.458 299.303 558.332 262.45 
474.318 135.337 499.466 171.333 540.968 185.673 515.821 149.677 
475.138 93.683 513.375 115.271 545.723 85.576 507.486 63.989 
466.349 37.581 455.452 80.118 489.271 52.11 500.168 9.574 
421.726 -33.077 425.389 10.68 465.872 -6.326 462.208 -50.083 
330.712 -93.335 355.723 -57.244 397.775 -69.879 372.764 -105.97 
226.469 -60.752 267.505 -76.376 291.52 -113.137 250.484 -97.513 
162.306 -119.024 174.818 -76.934 210.981 -101.84 198.47 -143.93 
108.213 -134.055 116.597 -90.953 148.715 -61.01 140.331 -104.113 
125.873 -170.9 152.093 -135.678 193.694 -149.731 167.474 -184.953 
-7.491 -200.815 -20.074 -158.747 23.824 -159.78 36.407 -201.848 
-107.192 -165.849 -101.251 -122.343 -58.038 -114.548 -63.979 -158.055 
-145.282 -106.757 -131.014 -65.23 -87.11 -65.968 -101.378 -107.495 
-148.788 37.558 -158.618 80.353 -114.879 76.478 -105.049 33.682 
-174.474 127.636 -177.652 171.432 -135.019 160.921 -131.84 117.126 
-242.904 269.672 -248.111 313.272 -208.254 331.698 -203.047 288.098 
-258.439 402.979 -218.355 420.904 -188.919 388.321 -229.004 370.395 
-184.983 432.054 -193.53 475.124 -149.927 469.942 -141.38 426.873 
-50.459 468.168 -60.153 510.995 -22.418 533.449 -12.724 490.623 
18.364 522.555 32.168 564.239 76.078 563.992 62.274 522.308 
130.243 650.576 171.331 666.063 198.757 631.771 157.669 616.284 
226.864 665.505 249.807 702.945 278.324 669.556 255.382 632.116 
298.191 599.825 297.726 643.732 339.342 657.742 339.807 613.835 
364.539 527.703 403.979 547.005 434.523 515.459 395.083 496.157 
455.012 444.074 443.649 486.488 487.499 484.188 498.862 441.774 
569.179 385.102 593.591 421.602 620.761 387.106 596.349 350.607 
612.168 295.722 636.306 332.402 678.65 320.78 654.512 284.1 
626.242 214.835 600.573 250.46 642.387 263.865 668.057 228.24 
535.666 128.319 556.086 167.193 586.747 135.76 566.327 96.886 
529.336 9.811 514.415 51.108 549.08 78.061 564.001 36.764 
472.27 -111.617 497.756 -75.86 539.639 -89.05 514.152 -124.806 
425.636 -182.515 428.982 -138.732 469.588 -155.444 466.241 -199.227 
393.534 -219.036 361.711 -188.78 380.653 -149.165 412.475 -179.421 
227.639 -170.616 239.52 -128.344 283.395 -126.581 271.514 -168.853 
224.479 -244.987 212.166 -202.754 256.056 -204.092 268.346 -246.247 
189.36 -273.39 173.052 -232.621 206.787 -204.513 223.125 -245.358 
-209.518 17.179 -217.617 60.336 -179.075 81.374 -170.976 38.218 
-251.526 89.357 -214.211 112.502 -180.667 84.165 -217.982 61.02 
-86.774 563.544 -43.663 571.875 -22.417 533.447 -65.53 525.116 
-38.777 574.194 -19.994 613.884 11.949 583.756 -6.834 544.066 
421.537 557.405 448.549 592.023 473.126 555.635 446.113 521.017 
455.698 514.467 475.456 553.681 518.856 547.008 499.098 507.794 
585.029 77.401 605.822 116.076 649.03 108.251 628.237 69.577 
592.106 32.204 584.706 75.486 628.156 69.15 635.557 25.868 
314.353 -258.837 301.081 -216.981 314.945 -175.317 328.217 -217.174 
189.346 -273.373 224.468 -247.06 268.345 -246.26 233.251 -272.651 
96.832 -231.99 79.151 -191.797 117.08 -213.921 134.762 -254.114 
-206.695 -44.19 -176.762 -12.063 -133.663 -3.666 -163.595 -35.793 
-242.237 46.449 -251.517 89.367 -218.782 60.101 -209.502 17.182 
-240.23 147.873 -245.614 191.452 -224.355 229.872 -218.971 186.294 
-130.612 509.375 -144.683 550.969 -108.852 525.589 -94.781 483.995 
-86.832 563.849 -61.495 599.711 -19.917 613.831 -45.255 577.969 
24.507 625.832 67.834 632.967 107.08 613.273 63.753 606.138 
368.094 572.309 383.712 613.347 420.47 637.367 404.851 596.329 
448.536 592.015 491.012 580.882 518.832 546.909 476.356 558.042 
550.306 428.979 533.034 469.35 542.791 512.163 560.062 471.792 
600.144 177.576 643.957 174.658 677.688 146.545 633.875 149.463 
635.471 25.853 628.839 69.259 648.988 108.274 655.62 64.868 
534.428 -45.45 565.771 -14.697 609.203 -8.241 577.861 -38.993 
