159.904 222.17 157.475 266.013 199.923 254.775 202.352 210.932 
212.266 210.181 210.599 254.059 251.814 269.204 253.482 225.326 
214.166 202.299 255.717 216.496 282.059 181.366 240.508 167.168 
182.006 161.75 206.995 197.856 233.612 162.933 208.624 126.827 
133.648 177.517 157.19 214.584 199.716 203.648 176.174 166.582 
123.272 186.698 121.535 230.574 145.919 267.091 147.656 223.215 
165.853 282.474 207.296 296.986 249.353 284.367 207.911 269.855 
268.212 223.033 267.499 266.937 293.881 231.837 294.594 187.933 
218.436 117.7 243.08 154.042 284.38 168.957 259.736 132.615 
129.749 168.303 171.874 155.911 198.67 121.126 156.545 133.517 
73.443 140.754 113.436 158.883 143.036 126.45 103.043 108.321 
71.226 170.979 67.81 214.756 108.389 231.533 111.805 187.756 
36.247 255.913 76.528 273.39 105.599 240.481 65.317 223.003 
79.066 275.469 100.382 313.858 130.306 281.723 108.99 243.334 
136.102 325.248 177.077 341.032 204.751 306.94 163.776 291.156 
182.229 344.633 205.13 382.099 233.685 348.742 210.785 311.276 
213.414 309.597 235.728 347.414 278.59 337.877 256.276 300.06 
275.188 271.567 299.427 308.18 326.758 273.812 302.517 237.199 
307.156 233.907 330.185 271.294 372.859 260.945 349.829 223.559 
309.951 186.549 306.155 230.294 348.933 220.386 352.729 176.64 
268.568 125.025 292.514 161.83 334.918 150.429 310.972 113.623 
269.685 75.588 266.737 119.399 309.315 108.664 312.262 64.853 
225.091 58.768 221.722 102.548 262.318 119.282 265.688 75.501 
153.784 78.458 151.724 122.32 194.076 110.725 196.136 66.864 
108.712 60.943 104.454 104.646 144.702 122.201 148.961 78.498 
73.461 91.631 66.376 134.966 97.579 104.072 104.664 60.737 
29.888 208.576 30.5 252.482 55.812 216.602 55.2 172.696 
34.543 260.541 56.675 298.465 96.872 316.137 74.739 278.213 
133.305 337.562 160.324 372.175 202.528 384.297 175.508 349.684 
208.124 384.443 250.847 374.301 279.448 340.984 236.726 351.126 
307.124 313.089 348.49 298.36 373.299 262.13 331.933 276.859 
358.122 176.786 354.25 220.525 376.828 258.186 380.699 214.447 
315.155 64.671 316.476 108.561 343.342 143.292 342.021 99.402 
228.507 49.18 267.885 68.608 311.162 61.18 271.784 41.752 
109.481 58.348 151.183 72.097 193.002 58.709 151.3 44.959 
80.279 -0.912 100.462 38.085 143.787 30.941 123.604 -8.056 
36.471 47.324 60.259 84.231 88.009 50.201 64.219 13.293 
25.539 57.352 21.489 101.074 43.912 138.827 47.961 95.104 
-35.442 129.788 -9.587 165.279 32.156 151.657 6.302 116.166 
-24.221 218.173 16.894 202.756 41.094 166.117 -0.021 181.534 
-23.439 220.116 -27.049 263.877 15.686 253.787 19.296 210.026 
-20.944 278.005 -0.897 317.071 42.453 310.077 22.406 271.011 
13.245 342.863 54.597 357.634 96.732 345.277 55.381 330.507 
62.005 372.15 62.489 416.057 104.098 402.029 103.614 358.121 
120.134 354.479 121.147 398.377 147.77 433.296 146.757 389.398 
158.731 387.44 159.76 431.338 201.827 443.924 200.798 400.027 
214.875 399.483 209.51 443.064 252.616 434.699 257.981 391.118 
281.452 384.847 280.607 428.748 307.095 393.728 307.94 349.826 
320.184 347.986 320.519 391.895 362.382 405.145 362.047 361.236 
321.936 333.334 364.038 345.804 405.429 331.146 363.327 318.676 
364.968 305.242 407.213 317.219 431.659 280.743 389.414 268.766 
398.708 213.006 393.132 256.561 432.832 275.323 438.408 231.769 
376.063 151.982 400.438 188.506 441.626 203.727 417.251 167.204 
378.076 141.717 419.852 155.239 445.622 119.687 403.846 106.164 
363.277 92.461 365.836 136.296 389.532 99.329 386.973 55.493 
326.894 51.663 352.967 86.993 378.511 51.278 352.437 15.947 
276.245 24.363 315.65 43.738 346.253 12.25 306.849 -7.126 
213.647 26.102 256.147 15.063 284.041 -18.849 241.541 -7.81 
178.189 -12.336 205.631 21.943 229.752 -14.749 202.31 -49.027 
123.604 -8.056 151.769 25.632 194.355 36.331 166.191 2.643 
125.818 -38.625 165.753 -20.369 195.457 -52.708 155.521 -70.964 
24.07 -65.01 33.062 -22.031 71.159 -43.864 62.167 -86.844 
-21.359 -67.702 -10.737 -25.096 33.066 -22.032 22.444 -64.638 
-50.425 -6.278 -20.291 25.66 19.395 6.87 -10.739 -25.068 
-40.399 75.764 -40.267 119.674 1.453 105.98 1.322 62.07 
-72.274 167.919 -51.111 206.393 -21.061 174.377 -42.223 135.903 
-114.676 258.065 -103.75 300.594 -59.927 303.346 -70.852 260.817 
-126.618 338.403 -83.895 348.546 -61.047 311.048 -103.769 300.906 
-77.451 351.779 -60.134 392.13 -27.11 363.192 -44.426 322.841 
10.86 361.529 12.904 405.392 55.252 417.002 53.208 373.14 
66.449 424.627 90.55 461.332 132.906 449.754 108.805 413.049 
156.675 519.043 199.997 526.202 220.194 487.212 176.871 480.053 
200.307 526.361 226.927 561.282 251.912 525.173 225.292 490.252 
241.031 477.053 260.594 516.364 304.026 509.906 284.463 470.595 
294.167 435.69 336.331 447.948 361.018 411.635 318.853 399.377 
372.611 360.319 371.097 404.203 413.301 392.082 414.814 348.198 
456.022 317.274 486.031 349.33 507.245 310.884 477.236 278.828 
481.804 274.839 508.334 309.828 549.809 295.409 523.279 260.42 
481.954 213.253 474.655 256.552 518.091 250.114 525.39 206.815 
425.696 158.815 452.131 193.877 477.308 157.902 450.874 122.84 
408.573 50.97 406.486 94.831 447.554 110.369 449.642 66.509 
363.418 -30.057 393.915 1.535 433.385 -17.706 402.888 -49.298 
359.57 -77.372 361.909 -33.524 402.888 -49.298 400.549 -93.146 
315.421 -99.896 304.562 -57.349 341.671 -33.875 352.529 -76.421 
209.556 -55.626 235.315 -20.066 277.095 -33.577 251.336 -69.137 
202.371 -118.631 199.271 -74.748 241.884 -85.34 244.979 -129.141 
161.665 -135.03 158.568 -91.229 199.269 -74.749 202.371 -118.631 
-102.068 65.164 -104.511 109.006 -63.569 124.877 -61.127 81.035 
-132.259 143.04 -91.318 158.912 -63.571 124.879 -104.512 109.007 
-15.266 457.971 25.976 473.041 53.054 438.474 11.811 423.404 
25.977 473.042 50.483 509.478 77.563 474.912 53.057 438.476 
352.456 454.701 377.008 491.106 404.044 456.506 379.491 420.101 
379.492 420.101 404.044 456.506 446.254 444.405 421.702 408.0 
465.299 107.534 489.111 144.426 531.557 133.18 507.744 96.287 
467.719 63.69 465.299 107.533 507.744 96.287 510.164 52.443 
267.369 -135.28 267.373 -91.37 293.186 -55.849 293.181 -99.759 
161.665 -135.028 202.371 -118.631 244.979 -129.141 204.279 -145.62 
98.612 -95.766 89.83 -52.743 122.224 -82.388 131.006 -125.41 
-102.329 52.374 -58.766 57.881 -20.285 36.731 -63.848 31.224 
-129.815 99.197 -132.258 143.039 -104.512 109.006 -102.068 65.164 
-132.096 175.199 -114.146 215.273 -76.07 237.143 -94.02 197.069 
-39.741 405.245 -40.501 449.149 -14.081 414.077 -13.321 370.173 
-15.266 457.971 9.241 494.406 50.483 509.477 25.976 473.042 
78.81 518.804 121.568 508.814 150.289 475.6 107.531 485.589 
294.454 461.154 319.243 497.398 360.602 512.148 335.813 475.905 
377.008 491.106 419.217 479.005 446.253 444.405 404.044 456.506 
443.074 340.23 440.175 384.044 463.582 421.195 466.482 377.381 
476.773 201.809 518.953 189.607 545.907 154.942 503.726 167.144 
510.164 52.444 507.744 96.287 531.557 133.18 533.977 89.336 
410.091 19.516 450.274 37.219 493.189 27.922 453.006 10.219 
