151.531 242.096 139.363 284.287 183.248 282.822 195.417 240.631 
220.309 241.361 206.628 283.085 242.082 308.991 255.763 267.267 
228.347 214.023 264.176 239.409 299.39 213.179 263.562 187.793 
196.073 157.706 209.789 199.42 245.221 173.486 231.507 131.773 
130.669 171.503 142.586 213.765 186.463 215.491 174.545 173.229 
99.19 207.07 86.979 249.248 101.891 290.548 114.103 248.37 
154.572 316.074 192.584 338.055 236.257 333.494 198.244 311.513 
293.873 256.74 285.257 299.797 317.535 270.027 326.151 226.971 
257.508 109.467 270.832 151.306 306.205 177.323 292.881 135.484 
117.342 140.47 161.25 139.993 196.491 113.799 152.584 114.276 
13.227 98.026 42.172 131.046 82.52 113.721 53.575 80.701 
43.934 174.92 22.047 212.987 51.488 245.565 73.374 207.499 
-27.244 283.429 6.158 311.93 43.587 288.97 10.184 260.468 
22.146 327.29 28.177 370.784 67.679 351.608 61.647 308.114 
110.487 361.383 142.857 391.053 181.078 369.436 148.708 339.766 
181.656 413.343 193.335 455.671 229.982 431.483 218.304 389.155 
238.428 377.35 249.785 419.766 293.634 422.072 282.278 379.657 
306.819 312.609 318.557 354.921 355.171 330.681 343.432 288.369 
372.335 261.634 384.535 303.816 428.422 305.247 416.222 263.066 
381.029 199.918 367.518 241.698 411.428 241.638 424.939 199.858 
323.724 109.407 333.475 152.22 377.207 156.175 367.455 113.362 
325.285 37.056 311.48 78.74 355.39 78.988 369.194 37.304 
271.762 5.425 253.024 45.136 285.001 75.229 303.739 35.517 
166.31 41.267 144.825 79.561 187.884 88.161 209.37 49.867 
81.481 18.835 63.961 59.098 96.84 88.203 114.36 47.939 
1.948 31.671 -25.328 66.081 16.965 54.276 44.242 19.865 
-46.904 229.537 -50.236 273.32 -21.806 239.857 -18.474 196.073 
-37.731 313.262 -31.741 356.762 -1.326 388.432 -7.317 344.933 
112.363 422.648 138.853 457.668 180.868 470.43 154.378 435.41 
224.022 474.986 267.82 478.117 305.093 454.905 261.295 451.774 
371.481 371.45 412.896 356.858 437.824 320.709 396.409 335.302 
468.369 196.983 449.173 236.475 456.856 279.708 476.052 240.216 
392.872 32.825 388.882 76.553 411.356 114.275 415.346 70.547 
287.181 -41.256 314.02 -6.503 356.161 5.836 329.321 -28.916 
84.051 -21.391 121.699 1.209 165.44 -2.635 127.793 -25.235 
32.778 -122.565 20.327 -80.457 56.526 -55.603 68.978 -97.711 
-54.375 -44.822 -63.526 -1.876 -19.854 -6.444 -10.703 -49.39 
-99.874 22.758 -90.082 65.562 -57.0 94.436 -66.793 51.632 
-133.298 116.152 -126.82 159.581 -83.515 166.841 -89.992 123.411 
-165.727 195.791 -125.497 213.387 -82.608 203.976 -122.838 186.379 
-131.192 256.927 -164.483 285.558 -126.965 308.373 -93.674 279.741 
-115.467 350.751 -117.917 394.592 -76.978 410.469 -74.528 366.628 
-56.052 449.072 -12.758 456.404 26.577 436.889 -16.717 429.556 
20.654 480.397 13.825 523.773 57.188 516.864 64.017 473.488 
98.283 474.467 79.994 514.387 88.662 557.433 106.951 517.513 
160.301 509.226 138.942 547.591 168.828 579.76 190.188 541.395 
255.402 520.234 231.264 556.914 273.608 568.536 297.746 531.855 
339.515 482.166 341.269 526.041 365.638 489.514 363.884 445.639 
408.059 426.411 400.624 469.687 439.484 490.131 446.919 446.855 
416.575 400.614 451.967 426.603 495.877 426.825 460.484 400.836 
468.758 351.872 500.331 382.389 539.111 361.793 507.539 331.276 
537.026 229.268 512.039 265.376 538.658 300.298 563.645 264.19 
479.283 135.945 504.436 171.938 545.94 186.272 520.788 150.28 
479.427 91.068 517.099 113.627 550.195 84.77 512.523 62.211 
471.471 34.146 458.889 76.215 493.795 49.577 506.378 7.508 
425.664 -38.743 426.96 5.147 468.302 -9.649 467.005 -53.54 
333.398 -100.064 356.978 -63.022 399.493 -74.001 375.914 -111.043 
228.154 -65.804 269.228 -81.328 293.332 -118.031 252.258 -102.506 
160.445 -124.302 171.075 -81.698 208.308 -104.973 197.679 -147.577 
106.388 -140.914 112.887 -97.487 143.671 -66.174 137.171 -109.601 
124.981 -177.484 150.292 -141.604 192.239 -154.588 166.927 -190.469 
-8.59 -207.188 -22.964 -165.698 20.938 -164.849 35.312 -206.339 
-110.249 -170.64 -103.136 -127.31 -59.729 -120.685 -66.842 -164.015 
-146.946 -112.93 -132.881 -71.334 -88.975 -71.856 -103.04 -113.453 
-159.641 34.392 -169.039 77.284 -125.342 72.968 -115.943 30.076 
-177.878 124.443 -183.554 167.985 -140.39 159.928 -134.713 116.387 
-247.697 267.223 -254.135 310.659 -214.815 330.204 -208.376 286.769 
-265.086 401.091 -225.495 420.082 -195.199 388.298 -234.789 369.307 
-190.27 431.93 -199.933 474.764 -156.21 470.717 -146.547 427.884 
-54.609 469.692 -64.961 512.365 -27.577 535.397 -17.224 492.724 
14.137 525.505 27.274 567.404 71.182 567.857 58.044 525.958 
126.565 654.987 167.263 671.473 195.518 637.862 154.82 621.376 
224.415 670.922 246.666 708.777 275.792 675.917 253.541 638.062 
297.964 605.071 296.081 648.94 337.222 664.287 339.105 620.418 
366.31 533.418 405.475 553.274 436.461 522.162 397.296 502.307 
457.748 448.603 445.391 490.738 489.283 489.47 501.64 447.334 
573.613 388.954 597.182 426.003 625.135 392.139 601.566 355.09 
617.248 298.582 640.901 335.577 683.395 324.515 659.742 287.519 
632.466 217.035 605.806 251.925 647.227 266.498 673.887 231.608 
541.546 127.82 561.395 166.988 592.513 136.007 572.664 96.839 
535.928 8.413 519.887 49.288 553.805 77.175 569.846 36.3 
477.584 -116.112 502.223 -79.766 544.404 -91.968 519.764 -128.314 
429.391 -187.22 432.382 -143.412 473.122 -159.794 470.131 -203.602 
397.421 -223.957 365.056 -194.283 383.276 -154.331 415.642 -184.005 
228.574 -177.9 239.887 -135.473 283.734 -133.122 272.421 -175.55 
227.238 -251.296 214.525 -209.181 258.425 -210.102 271.115 -252.139 
192.794 -282.634 173.383 -243.247 204.844 -212.615 224.291 -252.075 
-212.381 11.388 -221.942 54.244 -184.137 76.581 -174.576 33.724 
-258.356 81.103 -222.998 107.139 -187.309 81.558 -222.668 55.521 
-92.45 564.364 -49.491 573.447 -27.576 535.397 -70.537 526.313 
-44.321 575.988 -26.709 616.212 6.104 587.033 -11.507 546.809 
421.358 563.393 448.353 598.025 472.948 561.649 445.952 527.018 
457.224 519.474 475.711 559.303 519.303 554.029 500.816 514.2 
591.508 77.924 611.722 116.905 655.041 109.727 634.828 70.746 
600.024 31.772 591.045 74.754 634.699 70.011 643.677 27.029 
318.814 -264.168 303.86 -222.883 316.028 -180.693 330.982 -221.978 
193.048 -282.953 227.258 -255.465 271.083 -253.179 236.903 -280.744 
95.542 -238.272 78.393 -197.849 116.027 -220.472 133.176 -260.895 
-205.762 -55.258 -180.807 -19.128 -139.382 -4.566 -164.337 -40.696 
-246.682 38.783 -258.347 81.115 -224.028 53.724 -212.363 11.392 
-245.67 144.744 -251.38 188.281 -230.409 226.86 -224.699 183.322 
-136.306 509.855 -151.609 551.012 -115.038 526.71 -99.735 485.553 
-92.557 564.884 -67.921 601.231 -26.625 616.156 -51.262 579.808 
19.542 628.836 62.679 637.042 102.4 618.325 59.263 610.12 
368.732 577.317 382.985 618.849 418.929 644.071 404.676 602.539 
448.343 598.019 490.974 587.499 519.28 553.929 476.649 564.45 
554.179 434.88 535.898 474.803 544.575 517.848 562.856 477.924 
605.33 178.005 649.212 176.444 683.797 149.388 639.914 150.949 
643.58 27.01 635.85 70.234 655.004 109.747 662.733 66.522 
541.183 -48.177 571.888 -16.787 615.179 -9.44 584.474 -40.83 
