160.213 221.735 158.896 265.625 201.045 253.315 202.362 209.424 
209.777 208.901 209.137 252.806 250.695 266.983 251.336 223.078 
211.382 202.236 253.135 215.831 278.966 180.324 237.214 166.728 
179.563 162.822 205.219 198.457 231.181 163.046 205.527 127.41 
133.019 178.563 157.623 214.933 199.816 202.772 175.211 166.402 
123.833 186.894 123.123 230.798 148.355 266.735 149.065 222.831 
164.918 278.272 206.53 292.294 248.435 279.179 206.824 265.157 
263.516 221.425 263.269 265.334 289.278 229.956 289.525 186.047 
213.994 119.521 239.429 155.313 281.046 169.318 255.61 133.526 
129.984 171.189 171.941 158.238 198.272 123.098 156.316 136.05 
79.876 149.195 120.72 165.316 148.674 131.454 107.83 115.332 
77.396 172.46 76.263 216.356 117.66 230.998 118.793 187.102 
47.724 253.927 88.774 269.511 116.282 235.285 75.23 219.7 
89.047 269.73 112.54 306.827 140.562 273.021 117.07 235.923 
137.402 316.815 178.893 331.188 205.384 296.169 163.893 281.796 
180.789 332.542 205.135 369.085 232.365 334.638 208.02 298.095 
208.621 297.697 232.591 334.487 274.988 323.059 251.018 286.269 
266.216 267.322 291.529 303.201 317.83 268.039 292.516 232.16 
294.701 230.588 319.207 267.023 361.432 254.976 336.926 218.54 
296.56 185.821 294.444 229.68 336.81 218.14 338.927 174.281 
259.377 130.574 284.542 166.557 326.541 153.742 301.376 117.759 
259.944 83.844 258.451 127.729 300.649 115.588 302.142 71.703 
217.72 68.583 215.954 112.458 257.136 127.695 258.901 83.82 
154.614 85.902 153.867 129.805 195.853 116.949 196.6 73.045 
110.509 70.279 108.27 114.131 149.285 129.812 151.524 85.959 
81.148 103.397 77.326 147.141 106.13 113.998 109.952 70.255 
45.134 209.049 46.237 252.945 71.145 216.784 70.042 172.888 
47.621 254.204 71.454 291.083 112.413 306.909 88.579 270.031 
135.935 322.088 162.695 356.902 204.807 369.338 178.047 334.524 
205.397 369.287 247.701 357.522 275.01 323.137 232.705 334.903 
294.754 305.398 336.287 291.146 361.51 255.203 319.978 269.455 
339.393 174.298 337.478 218.167 361.713 254.783 363.629 210.915 
302.995 71.676 304.021 115.574 330.653 150.485 329.627 106.587 
218.826 65.557 259.485 82.138 302.125 71.653 261.466 55.072 
110.984 68.637 152.921 81.654 194.499 67.536 152.563 54.518 
83.389 24.01 107.791 60.516 150.05 48.59 125.649 12.084 
50.64 62.349 74.69 99.087 102.198 64.86 78.147 28.123 
45.099 66.647 41.237 110.387 63.821 148.043 67.683 104.304 
-12.488 135.166 13.712 170.403 55.321 156.373 29.121 121.137 
-3.299 220.373 37.884 205.139 62.247 168.609 21.064 183.842 
-2.294 222.853 -2.571 266.763 39.275 253.456 39.551 209.547 
-1.696 269.249 20.925 306.884 63.708 297.0 41.088 259.365 
26.369 320.101 67.711 334.899 109.854 322.571 68.513 307.773 
73.789 347.618 74.463 391.523 116.011 377.315 115.337 333.41 
126.783 331.63 127.747 375.53 154.33 410.478 153.366 366.579 
161.053 365.636 162.536 409.521 204.731 421.672 203.249 377.787 
208.743 377.782 206.019 421.607 248.541 410.655 251.265 366.829 
263.022 365.377 262.466 409.283 288.723 374.089 289.278 330.182 
300.417 328.568 301.092 372.473 343.056 385.399 342.382 341.494 
302.215 318.849 344.219 331.646 385.723 317.309 343.719 304.512 
345.227 295.983 387.502 307.856 411.857 271.319 369.582 259.446 
374.175 210.332 371.312 254.149 412.099 270.412 414.962 226.595 
351.618 161.497 376.607 197.604 418.045 212.127 393.057 176.021 
353.474 152.032 395.375 165.164 420.812 129.373 378.912 116.241 
343.606 103.772 345.177 147.654 369.7 111.23 368.129 67.348 
309.615 65.293 336.614 99.921 361.204 63.542 334.204 28.914 
264.251 45.082 304.862 61.779 333.291 28.315 292.679 11.618 
211.387 50.618 253.698 38.875 281.025 4.505 238.714 16.248 
177.586 12.591 204.837 47.023 229.162 10.467 201.912 -23.965 
125.649 12.084 153.839 45.751 196.433 56.419 168.244 22.752 
128.359 -8.632 169.294 7.255 197.053 -26.768 156.118 -42.655 
49.895 -40.519 57.579 2.714 96.321 -17.953 88.637 -61.186 
6.984 -49.819 11.4 -6.132 54.314 3.169 49.898 -40.519 
-23.286 20.794 13.041 45.462 47.726 18.536 11.4 -6.132 
-17.032 85.113 -15.324 128.989 25.877 113.807 24.17 69.93 
-46.228 173.858 -22.849 211.027 5.276 177.307 -18.102 140.138 
-82.054 235.934 -73.909 279.082 -30.356 284.669 -38.501 241.521 
-98.961 315.144 -56.922 327.826 -31.87 291.763 -73.909 279.081 
-52.346 330.606 -31.285 369.136 -1.15 337.2 -22.21 298.67 
23.831 336.501 25.556 380.377 67.818 392.295 66.093 348.419 
76.738 396.956 101.527 433.2 143.657 420.824 118.868 384.58 
145.713 482.876 188.748 491.599 210.343 453.366 167.308 444.643 
189.766 492.154 215.886 527.451 241.383 491.703 215.264 456.406 
225.507 448.038 247.846 485.841 290.702 476.277 268.363 438.474 
274.694 415.696 316.802 428.145 341.654 391.944 299.545 379.495 
348.841 341.142 347.989 385.044 390.006 372.287 390.857 328.386 
420.368 314.397 449.314 347.416 471.772 309.684 442.827 276.665 
447.584 272.587 473.7 307.887 515.342 293.957 489.226 258.658 
447.078 216.749 442.913 260.461 485.773 250.914 489.938 207.202 
400.83 168.473 427.295 203.511 452.441 167.514 425.976 132.476 
381.709 65.523 380.702 109.422 422.14 123.946 423.148 80.047 
348.444 -0.108 377.978 32.386 418.008 14.339 388.474 -18.155 
346.295 -47.916 346.902 -4.01 388.472 -18.155 387.865 -62.061 
301.167 -67.193 294.493 -23.793 333.706 -4.034 340.38 -47.433 
207.381 -28.844 233.779 6.244 275.308 -8.019 248.91 -43.108 
202.182 -87.788 200.014 -43.849 242.393 -55.343 244.557 -99.2 
161.137 -103.318 158.971 -59.461 200.013 -43.849 202.182 -87.788 
-72.241 72.495 -74.336 116.355 -33.27 131.901 -31.174 88.041 
-101.813 150.607 -60.747 166.154 -33.27 131.903 -74.336 116.355 
-2.833 428.483 38.544 443.18 65.308 408.369 23.93 393.672 
38.545 443.179 63.381 479.391 90.146 444.581 65.31 408.369 
328.417 433.81 353.372 469.939 380.021 435.04 355.065 398.911 
355.078 398.9 380.023 435.037 422.099 422.479 397.154 386.343 
437.154 121.666 461.606 158.138 503.849 146.154 479.397 109.682 
438.809 77.787 437.152 121.665 479.395 109.682 481.052 65.803 
263.328 -103.159 262.786 -59.252 288.155 -23.412 288.697 -67.319 
161.137 -103.317 202.182 -87.788 244.557 -99.2 203.516 -114.811 
106.033 -63.126 102.103 -19.392 130.989 -52.463 134.919 -96.197 
-71.211 59.248 -28.451 69.234 12.011 52.179 -30.748 42.193 
-99.716 106.746 -101.812 150.606 -74.336 116.355 -72.24 72.495 
-103.46 176.336 -79.639 213.223 -38.685 229.063 -62.507 192.176 
-20.938 376.397 -21.697 420.301 4.722 385.228 5.481 341.324 
-2.833 428.483 22.003 464.694 63.381 479.391 38.544 443.18 
87.773 488.427 129.699 475.377 155.948 440.176 114.022 453.226 
273.348 434.456 298.333 470.565 339.771 485.091 314.786 448.983 
353.372 469.939 395.446 457.374 422.1 422.479 380.026 435.043 
413.079 322.617 412.619 366.525 438.055 402.317 438.515 358.409 
444.826 210.759 486.944 198.343 513.721 163.542 471.603 175.958 
481.052 65.803 479.396 109.682 503.848 146.154 505.504 102.275 
383.309 41.245 424.609 56.156 466.787 43.944 425.487 29.033 
