158.743 226.021 153.364 269.6 196.473 261.249 201.851 217.67 
212.456 217.825 206.511 261.33 246.05 280.428 251.995 236.922 
215.527 208.575 255.404 226.959 285.209 194.714 245.332 176.331 
186.316 164.709 207.891 202.953 237.595 170.616 216.021 132.371 
135.345 177.911 155.986 216.667 199.224 209.013 178.583 170.256 
122.206 188.616 117.541 232.277 139.432 270.342 144.096 226.68 
159.799 285.395 200.405 302.107 243.078 291.759 202.472 275.048 
267.934 235.082 264.914 278.888 293.105 245.223 296.125 201.417 
228.307 122.381 249.41 160.887 289.116 179.636 268.014 141.129 
131.114 166.59 173.971 157.028 203.022 124.101 160.165 133.664 
61.587 128.685 99.16 151.409 132.383 122.697 94.81 99.973 
59.711 170.692 49.869 213.485 87.526 236.069 97.368 193.277 
12.983 254.149 51.302 275.589 83.535 245.77 45.215 224.33 
64.717 285.443 82.018 325.802 115.055 296.876 97.754 256.518 
125.53 339.518 164.359 360.021 195.858 329.428 157.028 308.925 
176.448 368.814 196.412 407.923 227.437 376.851 207.474 337.741 
219.709 328.934 238.863 368.446 282.36 362.439 263.206 322.927 
286.315 288.603 306.887 327.395 337.424 295.842 316.85 257.049 
328.989 247.804 349.118 286.828 392.453 279.743 372.323 240.719 
331.342 191.367 324.685 234.77 368.021 227.688 374.677 184.286 
288.001 120.158 308.011 159.244 351.367 152.29 331.357 113.205 
289.58 64.723 283.943 108.27 327.1 100.175 332.738 56.628 
238.199 44.592 230.926 87.895 269.863 108.194 277.136 64.89 
154.356 66.68 148.035 110.133 191.314 102.716 197.635 59.264 
107.836 44.882 99.355 87.965 137.708 109.345 146.19 66.262 
52.243 69.456 36.761 110.546 73.439 86.404 88.92 45.313 
8.776 206.384 7.126 250.263 34.252 215.734 35.902 171.855 
7.551 279.292 24.898 319.629 62.644 342.066 45.295 301.728 
120.905 366.334 146.819 401.782 188.619 415.229 162.706 379.781 
215.577 419.127 259.017 412.716 290.391 381.996 246.952 388.407 
330.083 339.134 371.631 324.926 396.893 289.01 355.345 303.218 
398.923 182.214 390.392 225.287 408.809 265.149 417.339 222.075 
344.561 55.128 344.125 99.036 369.58 134.815 370.016 90.907 
246.197 14.601 281.887 40.18 325.797 39.895 290.106 14.317 
109.768 39.164 150.305 56.042 193.021 45.869 152.484 28.991 
70.068 -56.013 75.281 -12.414 118.358 -3.899 113.145 -47.498 
-0.714 15.741 17.831 55.542 49.953 25.605 31.408 -14.196 
-25.659 49.482 -22.959 93.309 4.985 127.179 2.286 83.352 
-79.903 124.424 -57.375 162.114 -14.568 152.334 -37.096 114.644 
-78.328 211.413 -35.915 200.047 -8.282 165.922 -50.696 177.288 
-72.073 224.96 -84.864 266.965 -40.961 266.149 -28.171 224.144 
-59.877 305.777 -44.34 346.846 -0.48 344.76 -16.017 303.691 
-9.531 387.727 32.428 400.672 73.982 386.481 32.023 373.537 
44.897 419.377 43.484 463.264 85.66 451.045 87.073 407.158 
103.014 404.84 101.249 448.714 125.611 485.247 127.376 441.373 
150.522 437.061 146.692 480.804 187.111 497.963 190.94 454.221 
229.612 445.326 219.056 487.948 262.854 484.816 273.41 442.194 
311.747 420.362 311.367 464.27 337.483 428.971 337.862 385.062 
359.115 380.591 357.246 424.461 398.392 439.795 400.26 395.925 
361.297 367.604 403.017 381.299 444.819 367.856 403.099 354.161 
405.702 332.027 446.582 348.057 474.46 314.132 433.581 298.102 
449.57 218.161 438.373 260.619 475.294 284.388 486.491 241.93 
417.829 138.553 442.244 175.049 483.448 190.225 459.033 153.729 
420.433 119.474 461.578 134.809 488.878 100.417 447.733 85.081 
405.933 69.73 407.604 113.608 432.043 77.128 430.372 33.25 
367.714 20.497 388.272 59.297 418.82 27.755 398.261 -11.045 
296.006 -19.647 332.846 4.247 366.954 -23.407 330.114 -47.301 
217.417 -14.417 259.402 -27.275 285.81 -62.357 243.825 -49.498 
176.101 -56.813 202.109 -21.433 227.719 -57.101 201.712 -92.48 
120.239 -53.206 144.068 -16.324 185.024 -0.491 161.195 -37.374 
124.605 -92.741 161.334 -68.676 195.571 -96.17 158.842 -120.235 
5.709 -120.093 11.621 -76.582 51.175 -95.651 45.263 -139.161 
-65.026 -100.242 -46.563 -60.402 -2.967 -65.651 -21.431 -105.49 
-87.988 -58.246 -80.865 -14.917 -37.456 -8.302 -44.579 -51.631 
-83.222 60.325 -89.457 103.79 -46.192 96.288 -39.957 52.823 
-118.65 154.318 -103.595 195.566 -69.018 168.501 -84.073 127.253 
-172.39 267.287 -162.114 309.978 -118.337 313.397 -128.613 270.706 
-174.934 377.96 -131.845 386.415 -110.488 348.049 -153.577 339.593 
-120.334 390.84 -111.784 433.91 -73.465 412.468 -82.015 369.399 
-10.998 407.171 -11.582 451.077 29.995 465.2 30.578 421.294 
46.106 470.112 68.103 508.114 111.044 498.937 89.046 460.934 
148.2 576.691 191.686 582.781 210.916 543.306 167.43 537.216 
221.436 585.936 249.198 619.955 272.974 583.039 245.212 549.019 
270.616 528.034 283.835 569.907 327.743 570.274 314.524 528.401 
328.641 471.981 370.344 485.727 396.304 450.313 354.601 436.567 
410.675 395.465 407.389 439.252 450.048 428.846 453.334 385.059 
504.92 345.759 535.753 377.023 555.96 338.039 525.127 306.774 
541.052 277.342 568.794 311.379 609.737 295.512 581.995 261.476 
544.123 206.091 530.022 247.676 573.929 248.236 588.03 206.652 
471.31 140.659 496.501 176.625 522.923 141.553 497.732 105.587 
456.22 28.172 451.369 71.813 491.376 89.912 496.226 46.271 
401.497 -68.229 433.112 -37.756 471.863 -58.406 440.248 -88.879 
387.585 -122.747 393.78 -79.276 433.209 -98.602 427.013 -142.073 
349.148 -153.118 327.12 -115.133 356.438 -82.445 378.467 -120.429 
215.105 -104.202 236.727 -65.984 279.755 -74.739 258.134 -112.956 
207.33 -171.333 202.123 -127.65 245.196 -136.18 250.394 -179.782 
167.459 -189.669 162.261 -146.068 202.122 -127.65 207.33 -171.333 
-154.282 51.778 -155.734 95.664 -114.444 110.606 -112.993 66.72 
-182.707 130.313 -141.419 145.259 -114.445 110.61 -155.734 95.664 
-39.143 509.361 2.49 523.312 28.625 488.027 -13.009 474.075 
2.561 523.363 27.797 559.298 54.175 524.193 28.939 488.259 
391.293 493.937 416.197 530.101 442.895 495.24 417.99 459.075 
418.117 458.987 442.919 495.222 485.044 482.831 460.243 446.596 
514.313 86.298 537.894 123.339 580.409 112.359 556.828 75.318 
517.018 42.458 514.309 86.284 556.828 75.318 559.537 31.491 
280.398 -189.485 278.007 -145.64 301.843 -108.763 304.234 -152.608 
167.459 -189.669 207.33 -171.333 250.394 -179.782 210.533 -198.199 
94.51 -152.579 79.279 -111.395 115.809 -135.761 131.04 -176.944 
-156.225 29.711 -112.927 37.018 -73.603 17.481 -116.901 10.173 
-181.252 86.429 -182.704 130.315 -155.734 95.664 -154.282 51.778 
-179.891 166.424 -171.114 209.448 -138.725 239.096 -147.502 196.072 
-72.63 456.369 -75.153 500.206 -47.345 466.224 -44.823 422.387 
-39.143 509.36 -13.777 545.202 27.812 559.289 2.445 523.447 
59.497 567.779 103.205 563.575 136.095 534.483 92.387 538.687 
332.007 507.137 355.472 544.251 396.271 560.485 372.806 523.37 
416.189 530.095 458.296 517.641 485.042 482.817 442.935 495.27 
492.014 373.16 484.133 416.357 503.148 455.937 511.029 412.74 
531.236 184.669 573.749 173.683 601.687 139.806 559.173 150.792 
559.523 31.49 556.828 75.318 580.409 112.359 583.104 68.532 
457.525 -16.903 494.536 6.725 538.366 4.087 501.356 -19.542 
