159.893 222.445 156.459 266.221 199.153 255.959 202.587 212.183 
212.257 211.786 209.205 255.59 249.922 272.029 252.974 228.225 
214.389 204.054 255.471 219.557 282.91 185.276 241.828 169.773 
183.774 162.716 207.661 199.56 235.32 165.457 211.434 128.612 
134.9 177.255 157.444 214.936 200.248 205.139 177.703 167.459 
124.359 186.069 121.565 229.89 145.062 266.984 147.856 223.163 
163.796 281.993 204.992 297.19 247.253 285.269 206.057 270.073 
267.283 226.309 265.87 270.197 292.809 235.522 294.222 191.634 
221.246 120.115 244.765 157.195 285.589 173.368 262.069 136.288 
131.295 168.162 173.664 156.629 201.162 122.396 158.794 133.928 
69.278 136.421 108.488 156.187 139.403 125.005 100.193 105.238 
66.748 169.816 61.055 213.355 100.705 232.223 106.397 188.684 
27.64 255.323 67.364 274.032 97.433 242.032 57.708 223.323 
74.23 279.311 94.111 318.463 125.204 287.456 105.322 248.305 
132.205 330.804 172.586 348.052 201.468 314.978 161.088 297.729 
180.42 353.513 202.388 391.532 231.758 358.891 209.79 320.871 
216.344 316.458 237.493 354.939 280.626 346.715 259.477 308.234 
279.775 277.45 302.895 314.78 331.253 281.255 308.132 243.925 
315.536 238.525 337.561 276.512 380.495 267.304 358.47 229.317 
318.286 187.53 313.347 231.161 356.369 222.375 361.308 178.744 
276.139 122.702 298.835 160.291 341.598 150.321 318.902 112.732 
277.574 71.423 273.674 115.16 316.475 105.353 320.375 61.616 
229.625 53.39 224.835 97.038 264.867 115.082 269.657 71.434 
154.172 73.483 150.766 117.26 193.454 106.972 196.86 63.194 
108.456 54.62 102.828 98.168 142.505 116.978 148.133 73.43 
65.808 83.294 55.998 126.094 89.092 97.235 98.902 54.435 
20.845 207.211 20.629 251.121 46.612 215.724 46.828 171.815 
23.889 267.883 44.518 306.645 83.992 325.878 63.362 287.116 
128.68 348.616 155.454 383.419 197.572 395.838 170.797 361.035 
211.281 397.732 254.274 388.802 283.806 356.307 240.813 365.237 
316.043 322.446 357.418 307.741 382.248 271.525 340.873 286.23 
373.526 178.554 368.094 222.127 389.311 260.571 394.743 216.998 
325.748 61.166 326.721 105.065 353.31 140.009 352.338 96.11 
235.213 35.32 273.385 57.023 317.023 52.144 278.851 30.441 
109.711 50.55 150.996 65.504 193.186 53.334 151.901 38.381 
78.514 -24.216 93.091 17.204 136.988 16.14 122.411 -25.28 
23.315 36.764 46.618 73.98 74.811 40.316 51.507 3.1 
8.456 52.262 5.533 96.075 28.921 133.238 31.843 89.425 
-52.959 126.373 -28.484 162.829 13.752 150.816 -10.723 114.36 
-44.855 214.887 -3.631 199.765 20.83 163.299 -20.394 178.422 
-43.29 218.612 -50.688 261.895 -7.238 255.556 0.161 212.274 
-36.102 288.649 -17.363 328.359 26.195 322.808 7.456 283.098 
3.935 360.658 45.493 374.836 87.448 361.879 45.89 347.701 
54.16 390.514 54.159 434.424 95.92 420.856 95.921 376.946 
112.715 373.334 113.366 417.239 139.7 452.376 139.049 408.471 
154.785 405.702 154.397 449.611 196.036 463.548 196.424 419.64 
220.482 416.842 213.329 460.166 256.743 453.581 263.896 410.257 
293.941 399.03 293.227 442.934 319.61 407.835 320.324 363.93 
334.827 361.529 334.646 405.439 376.351 419.18 376.532 375.27 
336.567 346.387 378.657 358.898 420.062 344.28 377.972 331.769 
379.816 315.367 421.751 328.389 447.095 292.531 405.16 279.509 
417.82 214.821 410.261 258.075 449.062 278.631 456.622 235.377 
392.962 146.097 417.24 182.685 458.387 198.015 434.109 161.427 
395.245 133.387 436.852 147.419 463.056 112.185 421.448 98.152 
379.78 84.117 382.591 127.937 406.074 90.834 403.263 47.014 
342.36 40.454 366.704 76.998 393.936 42.552 369.592 6.008 
284.244 7.194 322.713 28.366 354.735 -1.678 316.266 -22.85 
215.07 8.907 257.463 -2.534 285.035 -36.708 242.641 -25.267 
178.009 -30.511 205.191 3.975 229.588 -32.533 202.407 -67.019 
122.687 -25.5 149.894 8.965 192.163 20.857 164.956 -13.609 
125.122 -60.07 164.152 -39.951 195.347 -70.853 156.317 -90.972 
12.95 -85.345 21.771 -42.33 59.955 -64.011 51.134 -107.026 
-40.028 -79.279 -23.542 -38.581 20.258 -41.685 3.772 -82.382 
-66.392 -28.32 -44.396 9.684 -1.456 0.508 -23.452 -37.496 
-57.335 68.853 -59.39 112.715 -17.04 101.115 -14.985 57.254 
-91.09 162.266 -71.833 201.728 -40.253 171.219 -59.509 131.757 
-138.424 263.533 -125.713 305.563 -81.812 306.462 -94.524 264.432 
-145.324 355.613 -102.135 363.535 -81.254 324.907 -124.443 316.985 
-94.826 366.667 -80.843 408.291 -45.577 382.13 -59.559 340.506 
1.836 379.533 3.301 423.418 45.492 435.586 44.026 391.7 
58.19 443.318 81.858 480.304 124.347 469.225 100.68 432.238 
157.963 542.683 201.441 548.828 220.72 509.376 177.242 503.232 
207.583 551.276 234.97 585.598 259.149 548.946 231.763 514.623 
252.104 497.245 269.099 537.733 312.857 534.081 295.862 493.593 
307.806 450.128 349.883 462.683 374.826 426.546 332.749 413.99 
387.981 374.262 386.073 418.131 428.384 406.389 430.292 362.521 
477.714 324.003 508.224 355.583 528.83 316.808 498.321 285.228 
506.1 277.335 533.235 311.858 574.453 296.72 547.318 262.197 
506.714 210.764 496.618 253.498 540.38 249.894 550.476 207.16 
443.738 151.617 469.874 186.901 495.356 151.141 469.22 115.856 
427.215 41.679 424.406 85.499 465.213 101.712 468.022 57.892 
375.406 -50.127 405.963 -18.593 445.396 -37.908 414.84 -69.443 
370.532 -96.382 374.258 -52.631 414.717 -69.694 410.991 -113.446 
327.879 -121.93 312.915 -80.649 347.552 -53.66 362.516 -94.942 
211.451 -75.176 236.053 -38.805 278.246 -50.964 253.644 -87.335 
203.679 -139.896 199.932 -96.064 242.697 -106.027 246.437 -149.777 
163.217 -156.891 159.478 -113.141 199.932 -96.064 203.678 -139.896 
-123.048 59.525 -125.131 103.385 -84.06 118.92 -81.978 75.059 
-152.599 137.645 -111.529 153.181 -84.062 118.922 -125.132 103.386 
-24.626 478.395 16.662 493.341 43.635 458.691 2.346 443.746 
16.662 493.341 41.28 529.701 68.253 495.051 43.635 458.692 
368.33 469.973 392.768 506.454 419.912 471.938 395.473 435.457 
395.474 435.457 419.912 471.938 462.159 459.97 437.721 423.488 
484.986 98.395 508.503 135.477 551.037 124.569 527.52 87.488 
487.758 54.57 484.986 98.392 527.52 87.487 530.292 43.664 
271.363 -157.269 270.972 -113.361 296.463 -77.608 296.855 -121.516 
163.218 -156.891 203.679 -139.896 246.437 -149.777 205.983 -166.854 
94.981 -118.592 82.649 -76.449 117.397 -103.295 129.729 -145.438 
-123.92 45.725 -80.208 49.888 -42.397 27.562 -86.11 23.399 
-150.514 93.784 -152.598 137.645 -125.131 103.385 -123.048 59.525 
-151.2 172.004 -137.429 213.699 -101.782 239.338 -115.552 197.642 
-52.745 425.45 -53.98 469.343 -27.182 434.559 -25.946 390.667 
-24.626 478.395 -0.008 514.755 41.28 529.7 16.662 493.341 
72.057 538.797 115.379 531.633 146.216 500.373 102.894 507.537 
309.289 479.422 333.652 515.953 374.835 531.187 350.472 494.656 
392.768 506.454 435.015 494.485 462.159 459.97 419.912 471.938 
464.451 352.109 459.068 395.687 480.328 434.108 485.711 390.529 
498.555 194.934 540.854 183.15 568.149 148.754 525.849 160.538 
530.291 43.665 527.52 87.487 551.037 124.569 553.808 80.747 
428.236 2.51 467.009 23.12 510.491 17.003 471.718 -3.607 
