159.855 222.129 157.162 265.957 199.677 254.974 202.369 211.147 
212.382 210.45 210.396 254.315 251.501 269.759 253.487 225.894 
214.328 202.615 255.786 217.083 282.356 182.125 240.898 167.657 
182.478 161.867 207.223 198.141 234.074 163.398 209.33 127.125 
133.94 177.373 157.226 214.6 199.827 203.958 176.541 166.731 
123.565 186.406 121.554 230.27 145.71 266.939 147.721 223.075 
165.488 282.527 206.875 297.195 248.981 284.735 207.593 270.067 
268.162 223.675 267.291 267.576 293.8 232.572 294.672 188.67 
219.164 118.118 243.557 154.628 284.753 169.828 260.36 133.317 
130.084 168.145 172.264 155.939 199.214 121.273 157.034 133.478 
72.334 139.476 112.135 158.023 142.074 125.901 102.273 107.354 
70.033 170.489 66.033 214.216 106.385 231.533 110.385 187.805 
33.929 255.958 74.07 273.754 103.401 241.077 63.259 223.28 
77.561 276.58 98.48 315.187 128.734 283.362 107.815 244.755 
135.214 326.79 176.054 342.92 204.015 309.062 163.175 292.933 
181.991 347.048 204.636 384.669 233.417 351.506 210.772 313.886 
214.272 311.634 236.259 349.642 279.202 340.476 257.215 302.468 
276.549 272.949 300.518 309.739 328.101 275.574 304.131 238.783 
309.461 234.982 332.212 272.538 374.961 262.507 352.21 224.95 
312.307 186.733 308.188 230.449 351.038 220.857 355.156 177.14 
270.568 124.28 294.212 161.281 336.708 150.228 313.064 113.227 
271.793 74.359 268.574 118.15 311.217 107.679 314.436 63.887 
226.36 57.199 222.621 100.95 263.075 118.026 266.814 74.275 
153.869 77.065 151.471 120.91 193.911 109.642 196.309 65.798 
108.642 59.176 103.998 102.84 144.09 120.75 148.734 77.086 
71.551 89.309 63.748 132.521 95.46 102.148 103.262 58.937 
27.01 208.207 27.415 252.115 52.895 216.355 52.491 172.447 
31.678 262.319 53.43 300.462 93.448 318.535 71.695 280.392 
132.202 340.679 159.197 375.311 201.393 387.461 174.397 352.829 
208.838 387.891 251.636 378.071 280.488 344.97 237.69 354.79 
309.533 315.365 350.887 300.603 375.667 264.353 334.313 279.115 
362.199 177.264 357.912 220.964 380.131 258.838 384.417 215.138 
317.849 63.654 319.134 107.545 345.972 142.298 344.687 98.407 
230.393 45.529 269.467 65.563 312.853 58.803 273.78 38.769 
109.508 56.283 151.119 70.307 193.025 57.193 151.414 43.17 
79.828 -7.054 98.654 32.615 142.2 26.97 123.374 -12.7 
32.993 44.473 56.775 81.386 84.531 47.361 60.749 10.449 
21.075 55.821 17.231 99.563 39.832 137.209 43.675 93.468 
-40.153 128.741 -14.577 164.433 27.272 151.138 1.695 115.446 
-29.425 217.295 11.679 201.85 35.855 165.195 -5.25 180.639 
-28.617 219.294 -33.24 262.96 9.718 253.864 14.341 210.198 
-25.064 280.668 -5.364 319.911 38.046 313.3 18.345 274.058 
10.718 347.669 52.122 362.291 94.213 349.784 52.809 335.162 
59.82 377.083 60.241 420.991 101.87 407.023 101.45 363.115 
118.288 359.347 119.265 403.247 145.859 438.188 144.882 394.289 
157.733 392.139 158.469 436.043 200.452 448.91 199.716 405.006 
216.257 404.08 210.398 447.597 253.596 439.722 259.455 396.205 
284.902 388.657 284.08 432.559 310.549 397.524 311.371 353.622 
324.141 351.648 324.388 395.557 366.224 408.891 365.978 364.982 
325.864 336.689 367.977 349.123 409.356 334.43 367.243 321.995 
368.914 307.74 411.103 319.911 435.716 283.547 393.527 271.376 
403.809 213.508 397.7 256.991 437.168 276.237 443.276 232.754 
380.717 150.301 405.048 186.854 446.217 202.125 421.886 165.572 
382.788 139.543 424.534 153.158 450.383 117.662 408.637 104.047 
367.602 90.261 370.281 134.089 393.876 97.057 391.197 53.228 
330.851 48.789 356.553 84.39 382.47 48.944 356.767 13.343 
278.535 19.853 317.68 39.748 348.697 8.668 309.553 -11.227 
214.078 21.348 256.569 10.275 284.437 -23.658 241.945 -12.586 
178.191 -17.312 205.596 16.997 229.756 -19.668 202.352 -53.977 
123.373 -12.701 151.364 21.132 193.894 32.052 165.904 -1.781 
125.588 -44.439 165.309 -25.722 195.385 -57.716 155.663 -76.432 
20.427 -70.308 29.463 -27.338 67.538 -49.209 58.503 -92.18 
-26.698 -70.858 -14.429 -28.697 29.46 -27.337 17.191 -69.498 
-55.112 -12.103 -26.822 21.48 13.858 4.952 -14.431 -28.631 
-44.997 73.859 -45.378 117.768 -3.501 104.562 -3.119 60.654 
-77.382 166.46 -56.657 205.172 -26.245 173.5 -46.968 134.788 
-120.998 261.197 -109.592 303.599 -65.74 305.854 -77.146 263.451 
-131.937 342.992 -89.069 352.503 -66.777 314.672 -109.645 305.161 
-82.267 355.759 -65.861 396.489 -32.195 368.299 -48.6 327.569 
8.408 366.435 10.371 410.301 52.696 421.99 50.734 378.124 
64.325 429.794 88.346 466.551 130.727 455.064 106.706 418.307 
157.986 525.729 201.341 532.687 221.356 493.604 178.001 486.646 
202.251 533.14 229.034 567.936 253.85 531.712 227.068 496.915 
244.058 482.583 262.953 522.22 306.489 516.497 287.593 476.86 
297.955 439.588 340.108 451.882 364.827 415.591 322.673 403.296 
376.9 364.007 375.31 407.889 417.535 395.84 419.125 351.959 
462.41 318.412 492.52 350.373 513.612 311.86 483.502 279.899 
488.448 275.493 515.104 310.386 556.527 295.818 529.87 260.924 
488.705 212.574 480.686 255.746 524.222 250.032 532.242 206.86 
430.598 156.862 456.979 191.964 482.211 156.028 455.831 120.926 
413.625 48.381 411.367 92.233 452.375 107.931 454.633 64.079 
366.492 -35.782 397.014 -4.214 436.469 -23.486 405.947 -55.054 
362.388 -82.753 365.106 -38.927 405.947 -55.055 403.229 -98.881 
318.561 -106.035 306.691 -63.76 343.228 -39.407 355.099 -81.682 
210.037 -60.975 235.55 -25.238 277.422 -38.459 251.91 -74.196 
202.628 -124.482 199.376 -80.611 242.025 -91.056 245.271 -134.845 
161.977 -141.02 158.731 -97.231 199.374 -80.611 202.627 -124.483 
-107.81 63.648 -110.195 107.493 -69.233 123.31 -66.848 79.465 
-137.899 141.563 -96.937 157.381 -69.235 123.312 -110.197 107.494 
-17.739 463.591 23.495 478.683 50.591 444.129 9.356 429.038 
23.495 478.683 47.984 515.13 75.08 480.577 50.591 444.13 
356.942 458.787 381.439 495.228 408.527 460.669 384.029 424.227 
384.032 424.225 408.528 460.668 450.756 448.633 426.261 412.19 
470.689 104.95 494.405 141.904 536.88 130.768 513.163 93.814 
473.224 61.112 470.689 104.949 513.163 93.813 515.698 49.976 
268.261 -141.342 268.258 -97.432 294.065 -61.907 294.068 -105.817 
161.978 -141.02 202.627 -124.483 245.271 -134.845 204.628 -151.465 
97.382 -102.03 87.537 -59.238 120.655 -88.071 130.5 -130.863 
-108.252 50.812 -64.619 55.734 -26.425 34.07 -70.059 29.147 
-135.512 97.717 -137.898 141.562 -110.196 107.493 -107.81 63.648 
-137.271 174.738 -120.691 215.398 -83.38 238.548 -99.959 197.888 
-43.264 410.791 -44.125 454.692 -17.625 419.68 -16.765 375.779 
-17.739 463.591 6.749 500.038 47.984 515.13 23.495 478.683 
77.286 524.432 120.231 515.277 149.594 482.629 106.648 491.783 
298.578 466.141 323.28 502.444 364.603 517.294 339.901 480.991 
381.439 495.228 423.667 483.191 450.756 448.632 408.528 460.669 
449.195 343.231 445.595 386.994 468.407 424.514 472.006 380.751 
482.764 199.935 524.968 187.813 551.987 153.2 509.783 165.321 
515.698 49.977 513.163 93.814 536.88 130.768 539.414 86.932 
415.026 14.833 454.864 33.3 497.948 24.825 458.11 6.357 
