156.636 232.27 149.101 275.528 192.571 269.326 200.106 226.068 
216.215 226.283 207.579 269.336 245.856 290.853 254.492 247.801 
220.906 212.581 259.534 233.462 291.328 203.178 252.701 182.297 
190.153 164.426 209.299 203.942 240.964 173.522 221.819 134.006 
134.41 177.931 152.499 217.942 196.141 213.103 178.053 173.092 
115.203 194.767 108.292 238.13 128.189 277.274 135.1 233.911 
158.933 297.549 198.833 315.882 241.889 307.262 201.989 288.928 
276.512 244.511 271.776 288.165 301.266 255.632 306.002 211.979 
239.809 118.695 258.222 158.558 296.549 179.985 278.137 140.122 
127.689 161.158 170.938 153.563 201.462 121.997 158.214 129.593 
48.904 119.226 84.891 144.387 119.941 117.937 83.954 92.776 
52.027 173.508 38.244 215.199 73.636 241.19 87.418 199.499 
-4.054 259.129 32.254 283.823 66.959 256.922 30.65 232.228 
49.339 297.143 63.154 338.823 98.526 312.805 84.711 271.125 
121.329 350.33 158.153 374.248 192.28 346.617 155.456 322.699 
175.541 387.212 192.489 427.719 225.777 399.083 208.83 358.576 
224.63 347.638 241.117 388.335 284.917 385.231 268.431 344.534 
294.594 299.032 312.03 339.331 344.969 310.294 327.532 269.995 
344.911 256.664 362.101 297.07 405.841 293.208 388.651 252.802 
348.475 197.188 339.642 240.2 383.279 235.309 392.112 192.297 
301.7 117.622 318.078 158.363 361.886 155.376 345.508 114.635 
303.584 56.41 295.226 99.517 338.807 94.145 347.165 51.037 
251.779 33.045 241.489 75.732 278.907 98.71 289.198 56.022 
157.61 61.321 147.379 104.022 191.152 100.557 201.383 57.855 
102.015 36.612 90.087 78.871 126.591 103.274 138.52 61.016 
35.492 55.506 13.725 93.642 53.75 75.584 75.517 37.449 
-9.572 210.006 -12.181 253.839 15.693 219.911 18.302 176.078 
-10.873 292.071 2.165 334.0 37.359 360.258 24.32 318.328 
116.128 386.975 141.731 422.648 183.413 436.459 157.809 400.786 
218.21 442.335 262.025 439.449 295.775 411.361 251.96 414.246 
344.52 354.202 386.08 340.03 411.372 304.135 369.812 318.308 
426.694 188.449 413.861 230.442 428.161 271.958 440.995 229.965 
365.178 48.116 363.047 91.975 387.101 128.71 389.233 84.851 
262.631 -5.265 294.861 24.556 338.464 29.737 306.234 -0.084 
106.259 19.716 145.878 38.648 189.059 30.676 149.44 11.745 
56.711 -83.761 50.931 -40.233 90.543 -21.285 96.323 -64.813 
-28.556 -4.819 -18.116 37.831 19.222 14.722 8.781 -27.929 
-60.292 50.045 -51.532 93.072 -19.155 122.733 -27.915 79.706 
-106.073 123.517 -86.336 162.741 -42.932 156.09 -62.669 116.866 
-113.996 207.206 -70.21 203.906 -36.727 175.499 -80.513 178.799 
-98.4 237.572 -117.825 276.952 -74.37 283.257 -54.945 243.877 
-85.248 325.798 -74.667 368.414 -30.867 371.519 -41.448 328.903 
-24.434 414.955 18.08 425.939 58.931 409.836 16.416 398.852 
37.258 448.024 34.675 491.858 77.162 480.769 79.745 436.935 
99.743 435.501 92.799 478.858 112.666 518.017 119.61 474.66 
152.82 467.958 144.226 511.019 182.524 532.499 191.118 489.438 
239.691 477.255 224.179 518.334 268.041 520.392 283.553 479.313 
326.593 442.638 326.863 486.547 352.453 450.865 352.182 406.956 
382.355 398.258 378.627 442.009 419.085 459.075 422.813 415.323 
385.723 383.939 426.177 401.014 468.942 391.05 428.488 373.975 
432.04 342.877 471.024 363.084 502.29 332.253 463.306 312.045 
485.065 223.25 468.728 264.008 502.444 292.139 518.78 251.381 
442.365 134.994 467.104 171.271 508.442 186.079 483.703 149.802 
444.62 107.224 484.997 124.48 513.886 91.411 473.509 74.155 
432.4 55.877 430.539 99.748 457.831 65.349 459.692 21.479 
393.086 -0.618 408.427 40.525 442.816 13.221 427.474 -27.922 
311.806 -48.792 345.215 -20.297 382.638 -43.266 349.229 -71.761 
220.354 -34.926 261.89 -49.169 287.121 -85.106 245.585 -70.863 
171.389 -82.64 194.459 -45.278 222.863 -78.764 199.794 -116.126 
115.572 -83.816 135.296 -44.586 174.313 -24.441 154.588 -63.672 
124.214 -125.452 157.511 -96.826 195.025 -119.646 161.729 -148.272 
-1.8 -155.156 -2.511 -111.252 39.464 -124.142 40.176 -168.047 
-87.636 -126.808 -74.462 -84.921 -30.554 -84.506 -43.728 -126.393 
-115.934 -78.518 -109.01 -35.157 -65.633 -28.343 -72.556 -71.704 
-106.642 52.46 -118.454 94.751 -74.582 92.916 -62.77 50.625 
-144.324 145.081 -135.636 188.123 -97.386 166.559 -106.073 123.518 
-204.413 272.061 -200.041 315.752 -157.137 325.096 -161.509 281.404 
-208.95 395.852 -166.578 407.37 -142.529 370.63 -184.902 359.112 
-147.101 414.301 -145.66 458.188 -104.367 443.256 -105.807 399.37 
-24.846 435.182 -28.648 478.927 11.781 496.061 15.583 452.316 
35.737 495.331 54.715 534.928 98.239 529.115 79.26 489.518 
144.079 611.173 186.963 620.611 209.191 582.743 166.307 573.305 
230.292 621.249 256.592 656.412 281.906 620.534 255.607 585.371 
287.822 559.593 295.931 602.748 339.48 608.369 331.37 565.215 
347.668 494.513 388.712 510.119 416.236 475.907 375.193 460.301 
432.519 415.574 426.54 459.075 469.759 451.318 475.738 407.817 
535.003 361.543 563.839 394.658 586.423 357.001 557.587 323.886 
574.168 281.294 600.816 316.194 642.242 301.634 615.594 266.735 
581.066 205.532 562.252 245.208 605.8 250.84 624.613 211.164 
499.205 132.794 522.772 169.844 550.726 135.982 527.159 98.932 
486.556 18.195 478.192 61.301 516.604 82.577 524.968 39.471 
433.684 -84.095 463.985 -52.316 503.573 -71.313 473.272 -103.093 
401.125 -150.548 407.003 -107.033 446.572 -126.071 440.694 -169.585 
366.138 -184.178 339.195 -149.506 363.844 -113.167 390.787 -147.839 
219.01 -132.788 236.934 -92.703 280.596 -97.364 262.672 -137.448 
211.069 -202.58 204.286 -159.114 247.64 -166.082 254.411 -209.466 
171.89 -222.351 165.113 -178.967 204.279 -159.115 211.069 -202.58 
-182.383 41.548 -184.713 85.396 -143.731 101.162 -141.401 57.314 
-212.382 119.492 -171.405 135.27 -143.736 101.175 -184.713 85.396 
-55.712 539.064 -13.335 550.563 10.696 513.812 -31.682 502.314 
-12.301 551.217 12.197 587.658 39.285 553.098 14.787 516.657 
410.863 519.487 436.715 554.979 462.482 519.424 436.629 483.931 
438.766 482.423 462.975 519.057 505.297 507.354 481.088 470.72 
544.231 79.001 567.521 116.226 610.121 105.579 586.83 68.354 
547.316 35.138 544.213 78.938 586.829 68.354 589.932 24.554 
288.968 -221.154 284.486 -177.473 306.534 -139.5 311.016 -183.181 
171.888 -222.346 211.069 -202.58 254.411 -209.466 215.242 -229.313 
95.359 -186.385 78.144 -145.99 115.815 -168.551 133.029 -208.946 
-184.996 4.531 -143.991 20.237 -101.585 8.842 -142.59 -6.865 
-210.042 75.652 -212.373 119.5 -184.714 85.396 -182.383 41.548 
-207.128 160.803 -204.28 204.621 -176.221 238.396 -179.069 194.579 
-94.87 486.125 -100.32 529.695 -70.302 497.65 -64.852 454.079 
-55.712 539.064 -29.628 574.387 12.237 587.63 -13.848 552.308 
47.84 596.167 91.75 596.289 127.345 570.577 83.435 570.456 
352.92 535.556 374.423 573.84 414.323 592.173 392.82 553.889 
436.696 554.965 478.733 542.277 505.284 507.303 463.247 519.991 
519.931 394.492 508.62 436.921 524.408 477.894 535.719 435.466 
562.715 178.224 605.683 169.173 635.125 136.596 592.157 145.646 
589.889 24.549 586.832 68.353 610.107 105.587 613.164 61.784 
489.331 -29.778 524.636 -3.67 568.545 -3.3 533.239 -29.408 
