159.892 222.159 157.41 265.999 199.871 254.812 202.353 210.972 
212.298 210.229 210.569 254.105 251.764 269.307 253.492 225.431 
214.206 202.353 255.741 216.6 282.125 181.501 240.59 167.254 
182.1 161.763 207.044 197.901 233.704 163.012 208.762 126.874 
133.702 177.484 157.193 214.582 199.735 203.705 176.244 166.607 
123.324 186.638 121.533 230.511 145.872 267.059 147.664 223.185 
165.793 282.5 207.225 297.042 249.292 284.454 207.86 269.912 
268.221 223.149 267.478 267.053 293.884 231.971 294.628 188.067 
218.583 117.765 243.18 154.139 284.46 169.108 259.863 132.734 
129.808 168.261 171.943 155.904 198.769 121.141 156.633 133.498 
73.217 140.486 113.172 158.699 142.84 126.328 102.886 108.115 
70.986 170.876 67.454 214.643 107.989 231.527 111.52 187.759 
35.78 255.931 76.032 273.474 105.156 240.612 64.903 223.069 
78.747 275.693 99.981 314.128 129.973 282.057 108.739 243.622 
135.936 325.559 176.885 341.411 204.615 307.364 163.666 291.513 
182.197 345.119 205.045 382.617 233.646 349.3 210.799 311.802 
213.59 310.018 235.837 347.874 278.716 338.414 256.468 300.557 
275.47 271.831 299.656 308.479 327.037 274.151 302.85 237.503 
307.624 234.112 330.597 271.533 373.285 261.249 350.313 223.828 
310.433 186.582 306.572 230.322 349.364 220.478 353.226 176.738 
268.967 124.866 292.854 161.71 335.276 150.377 311.389 113.533 
270.106 75.332 267.103 119.139 309.695 108.458 312.698 64.65 
225.351 58.442 221.907 102.217 262.476 119.019 265.919 75.244 
153.798 78.175 151.671 122.033 194.04 110.503 196.167 66.645 
108.695 60.583 104.357 104.278 144.574 121.906 148.911 78.211 
73.086 91.159 65.857 134.47 97.164 103.68 104.393 60.369 
29.291 208.504 29.864 252.41 55.207 216.553 54.635 172.646 
33.97 260.881 56.026 298.849 96.187 316.601 74.13 278.633 
133.093 338.195 160.11 372.81 202.313 384.934 175.296 350.319 
208.26 385.126 250.998 375.049 279.65 341.775 236.912 351.852 
307.61 313.53 348.973 298.792 373.775 262.557 332.411 277.294 
358.936 176.882 354.981 220.614 377.486 258.318 381.441 214.587 
315.687 64.459 317.004 108.349 343.867 143.083 342.55 99.193 
228.89 48.451 268.208 68.001 311.508 60.707 272.19 41.157 
109.481 57.934 151.166 71.735 193.002 58.398 151.317 44.597 
80.186 -2.13 100.108 37.0 143.479 30.146 123.558 -8.985 
35.779 46.745 59.57 83.651 87.318 49.618 63.525 12.713 
24.648 57.034 20.636 100.76 43.092 138.494 47.103 94.767 
-36.386 129.575 -10.579 165.101 31.183 151.534 5.376 116.009 
-25.235 218.004 15.876 202.578 40.069 165.934 -1.043 181.36 
-24.455 219.94 -28.264 263.684 14.517 253.788 18.325 210.044 
-21.772 278.515 -1.799 317.619 41.564 310.707 21.591 271.603 
12.736 343.828 54.097 358.57 96.224 346.185 54.863 331.443 
61.562 373.141 62.037 417.049 103.649 403.029 103.174 359.122 
119.775 355.446 120.783 399.344 147.402 434.266 146.394 390.368 
158.538 388.372 159.514 432.271 201.566 444.909 200.59 401.01 
215.145 400.4 209.68 443.969 252.805 435.704 258.271 392.135 
282.151 385.613 281.309 429.514 307.794 394.491 308.636 350.59 
320.981 348.724 321.301 392.633 363.16 405.897 362.84 361.988 
322.726 333.998 364.831 346.459 406.219 331.791 364.114 319.33 
365.76 305.729 407.996 317.74 432.47 281.283 390.235 269.272 
399.73 213.108 394.047 256.649 433.7 275.509 439.384 231.969 
377.005 151.638 401.37 188.168 442.553 203.401 418.189 166.871 
379.029 141.282 420.8 154.821 446.584 119.279 404.813 105.74 
364.138 92.019 366.724 135.852 390.397 98.87 387.811 55.036 
327.676 51.091 353.68 86.472 379.294 50.807 353.288 15.425 
276.713 23.464 316.064 42.946 346.753 11.541 307.401 -7.941 
213.738 25.139 256.237 14.098 284.13 -19.814 241.63 -8.774 
178.192 -13.341 205.629 20.942 229.755 -15.746 202.319 -50.029 
123.558 -8.986 151.691 24.728 194.268 35.467 166.135 1.753 
125.769 -39.798 165.662 -21.451 195.44 -53.722 155.546 -72.069 
23.31 -66.067 32.317 -23.091 70.407 -44.938 61.4 -87.914 
-22.456 -68.341 -11.506 -25.818 32.319 -23.092 21.369 -65.615 
-51.397 -7.433 -21.612 24.831 18.276 6.474 -11.508 -25.79 
-41.326 75.381 -41.292 119.291 0.459 105.689 0.424 61.779 
-73.301 167.634 -52.223 206.155 -22.102 174.205 -43.179 135.685 
-115.946 258.789 -104.93 301.295 -61.1 303.953 -72.116 261.447 
-127.697 339.324 -84.945 349.344 -62.205 311.781 -104.956 301.761 
-78.427 352.584 -61.292 393.013 -28.138 364.223 -45.272 323.794 
10.366 362.52 12.398 406.383 54.743 418.004 52.71 374.142 
66.028 425.674 90.113 462.389 132.474 450.828 108.389 414.113 
156.977 520.404 200.306 527.525 220.467 488.517 177.138 481.396 
200.702 527.727 227.354 562.625 252.307 526.494 225.656 491.597 
241.645 478.172 261.076 517.548 304.53 511.235 285.099 471.858 
294.935 436.475 337.098 448.738 361.789 412.428 319.626 400.165 
373.484 361.058 371.955 404.942 414.163 392.834 415.692 348.951 
457.333 317.476 487.362 349.513 508.552 311.054 478.523 279.017 
483.147 274.965 509.701 309.937 551.166 295.49 524.612 260.518 
483.318 213.114 475.877 256.389 519.333 250.093 526.774 206.818 
426.685 158.421 453.11 193.489 478.297 157.521 451.872 122.452 
409.593 50.441 407.472 94.3 448.529 109.871 450.65 66.012 
364.031 -31.222 394.534 0.363 434.0 -18.887 403.497 -50.472 
360.13 -78.471 362.545 -34.627 403.496 -50.472 401.082 -94.316 
316.04 -101.143 304.984 -58.648 341.983 -35.001 353.039 -77.496 
209.652 -56.708 235.365 -21.115 277.162 -34.571 251.449 -70.164 
202.419 -119.817 199.288 -75.936 241.909 -86.499 245.033 -130.298 
161.723 -136.243 158.597 -92.444 199.286 -75.937 202.418 -119.817 
-103.231 64.862 -105.664 108.705 -64.72 124.568 -62.286 80.725 
-133.406 142.744 -92.462 158.608 -64.722 124.57 -105.666 108.706 
-15.76 459.111 25.479 474.189 52.563 439.626 11.323 424.548 
25.479 474.189 49.981 510.627 77.065 476.065 52.563 439.626 
353.372 455.523 377.911 491.936 404.959 457.345 380.418 420.932 
380.419 420.931 404.959 457.344 447.173 445.258 422.633 408.845 
466.389 107.006 490.181 143.911 532.633 132.688 508.84 95.782 
468.833 63.163 466.389 107.005 508.84 95.782 511.284 51.94 
267.539 -136.509 267.548 -92.599 293.364 -57.08 293.355 -100.99 
161.723 -136.242 202.418 -119.817 245.033 -130.298 204.344 -146.804 
98.358 -97.035 89.36 -54.056 121.901 -83.538 130.899 -126.516 
-103.53 52.077 -59.95 57.452 -21.534 36.184 -65.114 30.81 
-130.97 98.901 -133.405 142.743 -105.665 108.705 -103.23 64.862 
-133.145 175.131 -115.479 215.331 -77.558 237.469 -95.224 197.269 
-40.451 406.37 -41.228 450.273 -14.795 415.211 -14.018 371.308 
-15.76 459.111 8.741 495.549 49.981 510.627 25.479 474.189 
78.512 519.951 121.31 510.129 150.16 477.027 107.363 486.849 
295.291 462.164 320.065 498.418 361.417 513.186 336.643 476.932 
377.911 491.936 420.125 479.849 447.172 445.258 404.959 457.345 
444.319 340.83 441.28 384.635 464.57 421.86 467.609 378.055 
477.987 201.43 520.172 189.242 547.137 154.587 504.952 166.775 
511.284 51.94 508.84 95.782 532.633 132.688 535.077 88.846 
411.09 18.573 451.207 36.427 494.156 27.291 454.039 9.437 
