155.075 237.289 145.715 280.19 189.408 275.835 198.768 232.934 
218.737 233.214 208.153 275.829 245.411 299.064 255.996 256.449 
225.028 213.703 262.519 236.562 295.843 207.969 258.352 185.111 
193.609 161.888 210.361 202.477 243.786 174.003 227.036 133.414 
133.285 175.964 148.929 216.993 192.784 214.793 177.14 173.764 
108.091 200.858 99.114 243.841 117.116 283.891 126.093 240.908 
158.17 306.693 197.393 326.434 240.728 319.349 201.505 299.609 
284.999 250.518 278.778 293.985 309.36 262.476 315.581 219.009 
248.41 115.181 264.721 155.948 301.881 179.342 285.569 138.574 
123.47 152.826 167.111 147.966 199.56 118.383 155.92 123.243 
33.525 108.365 67.182 136.566 104.404 113.272 70.747 85.07 
46.991 175.559 30.082 216.083 63.398 244.686 80.306 204.162 
-16.853 267.562 17.777 294.557 54.153 269.963 19.522 242.967 
36.056 309.97 46.675 352.577 83.915 329.312 73.296 286.705 
117.865 357.161 152.932 383.587 188.902 358.402 153.834 331.976 
177.263 400.742 191.826 442.167 226.723 415.515 212.16 374.091 
230.415 362.031 244.729 403.542 288.632 402.755 274.318 361.244 
300.885 305.56 315.803 346.858 350.47 319.907 335.55 278.609 
358.068 260.329 372.931 301.647 416.82 300.279 401.957 258.961 
363.515 199.703 352.812 242.289 396.62 239.309 407.324 196.723 
312.366 114.321 325.822 156.118 369.732 156.236 356.276 114.439 
315.029 49.022 304.218 91.58 348.034 88.711 358.846 46.153 
262.315 22.347 248.774 64.116 284.314 89.903 297.856 48.133 
161.833 54.229 147.099 95.593 190.992 96.824 205.726 55.459 
92.995 29.305 78.144 70.628 112.856 97.521 127.706 56.198 
22.498 42.934 -3.008 78.677 38.636 64.753 64.142 29.01 
-26.667 216.172 -29.856 259.966 -1.535 226.411 1.654 182.617 
-25.253 303.295 -15.58 346.126 17.422 375.091 7.748 332.26 
113.872 403.647 139.537 439.275 181.243 453.014 155.577 417.385 
221.539 459.117 265.449 458.952 300.875 433.009 256.965 433.174 
357.045 363.322 398.579 349.074 423.807 313.134 382.273 327.382 
447.156 192.623 431.241 233.548 442.421 276.011 458.336 235.087 
379.015 42.805 375.921 86.606 399.163 123.861 402.257 80.06 
275.094 -21.604 304.689 10.835 347.699 19.683 318.104 -12.756 
97.26 -1.29 135.838 19.683 179.376 13.975 140.798 -6.998 
48.541 -104.0 35.458 -62.084 71.28 -36.689 84.362 -78.605 
-42.908 -25.305 -44.857 18.561 -2.535 6.859 -0.586 -37.008 
-80.593 44.076 -69.022 86.434 -34.764 113.902 -46.335 71.544 
-122.333 119.708 -107.518 161.043 -63.627 159.725 -78.443 118.39 
-140.917 201.419 -97.385 207.17 -58.788 186.234 -102.32 180.484 
-115.116 247.341 -141.834 282.187 -100.437 296.829 -73.719 261.983 
-102.456 340.693 -97.251 384.293 -54.176 392.816 -59.381 349.216 
-38.538 433.847 4.398 443.047 44.541 425.254 1.605 416.053 
30.78 466.951 27.09 510.706 69.843 500.695 73.534 456.94 
99.141 456.488 87.076 498.708 102.131 539.957 114.196 497.737 
156.674 489.407 142.786 531.063 178.112 557.143 192.0 515.488 
248.671 499.53 229.166 538.87 272.608 545.264 292.113 505.924 
334.885 460.783 336.006 504.679 360.899 468.507 359.778 424.612 
396.061 411.928 390.948 455.54 430.845 473.879 435.958 430.268 
401.385 392.895 439.923 413.939 483.471 408.312 444.933 387.268 
450.147 348.266 486.449 372.97 521.161 346.079 484.859 321.375 
511.047 226.176 490.498 264.98 521.054 296.515 541.603 257.71 
460.14 134.526 485.153 170.616 526.601 185.112 501.589 149.022 
461.861 99.914 501.298 119.224 531.849 87.684 492.412 68.375 
451.417 46.246 445.096 89.699 475.751 58.26 482.071 14.807 
409.497 -17.644 419.229 25.173 456.944 2.686 447.211 -40.132 
322.983 -73.285 352.161 -40.472 392.385 -58.082 363.207 -90.896 
223.159 -48.933 264.338 -64.176 288.693 -100.713 247.514 -85.47 
167.678 -102.63 186.073 -62.759 218.308 -92.574 199.914 -132.445 
112.503 -110.674 127.281 -69.325 163.54 -44.56 148.762 -85.908 
125.969 -150.317 155.783 -118.08 195.656 -136.473 165.842 -168.71 
-6.276 -180.585 -13.541 -137.28 29.89 -143.752 37.155 -187.057 
-100.596 -148.807 -93.099 -105.542 -49.635 -99.302 -57.131 -142.567 
-136.424 -91.755 -124.531 -49.486 -80.656 -47.735 -92.549 -90.004 
-124.981 44.914 -137.879 86.887 -93.975 86.184 -81.076 44.211 
-162.873 136.579 -159.356 180.348 -118.817 163.477 -122.333 119.708 
-226.848 273.214 -227.816 317.114 -186.364 331.6 -185.396 287.701 
-236.57 403.535 -195.205 418.266 -168.412 383.478 -209.777 368.746 
-168.282 427.387 -172.613 471.084 -129.718 461.699 -125.387 418.004 
-37.819 455.123 -44.876 498.462 -5.839 518.567 1.218 475.228 
27.285 511.507 43.335 552.379 87.166 549.745 71.116 508.873 
138.107 634.504 180.159 647.143 205.175 611.055 163.123 598.416 
230.795 646.714 255.463 683.041 282.388 648.354 257.72 612.028 
295.68 582.623 299.214 626.39 341.932 636.553 338.398 592.786 
358.149 512.331 398.389 529.902 427.536 497.061 387.295 479.489 
445.954 431.127 437.22 474.159 480.845 469.168 489.579 426.136 
554.917 374.162 581.537 409.083 606.523 372.975 579.903 338.054 
596.128 288.249 621.525 324.07 663.44 310.985 638.043 275.164 
606.863 209.465 584.205 247.078 626.978 257.004 649.636 219.391 
519.331 129.772 541.28 167.803 570.667 135.177 548.718 97.146 
509.956 13.352 498.183 55.654 534.777 79.923 546.55 37.621 
455.433 -99.231 483.233 -65.242 524.149 -81.179 496.349 -115.168 
414.257 -168.945 418.718 -125.263 458.884 -143.005 454.423 -186.687 
380.96 -204.367 351.035 -172.234 372.348 -133.843 402.273 -165.977 
223.856 -152.713 238.384 -111.276 282.282 -112.289 267.755 -153.725 
217.208 -226.036 207.436 -183.143 251.168 -187.097 260.922 -229.91 
179.516 -248.563 169.655 -205.775 207.301 -183.174 217.181 -226.042 
-199.766 30.948 -204.28 74.626 -164.134 92.415 -159.621 48.737 
-233.805 107.211 -193.756 125.216 -164.257 92.69 -204.306 74.686 
-71.533 556.032 -28.544 564.974 -6.754 526.852 -49.744 517.909 
-25.63 566.497 -3.483 604.413 25.734 571.634 3.588 533.718 
419.107 540.154 445.76 575.05 470.711 538.917 444.057 504.022 
449.659 500.08 472.04 537.859 514.885 528.248 492.505 490.47 
566.611 77.114 588.844 114.98 631.727 105.536 609.494 67.671 
571.123 33.056 566.525 76.725 609.477 67.603 614.075 23.934 
301.029 -242.683 292.67 -199.576 311.244 -159.788 319.603 -202.895 
179.509 -248.551 217.204 -226.081 260.922 -229.904 223.245 -252.454 
96.878 -211.732 78.37 -171.913 116.749 -193.248 135.256 -233.067 
-201.91 -17.321 -164.207 5.187 -120.475 1.236 -158.178 -21.273 
-229.168 63.555 -233.796 107.221 -204.386 74.614 -199.758 30.949 
-225.777 155.261 -227.879 199.121 -203.799 235.84 -201.698 191.98 
-114.013 502.703 -123.56 545.562 -90.645 516.5 -81.097 473.64 
-71.533 556.032 -45.328 591.265 -3.418 604.366 -29.623 569.133 
36.42 614.224 80.157 618.116 117.83 595.557 74.092 591.665 
363.387 556.415 382.18 596.1 420.711 617.159 401.918 577.474 
445.736 575.033 487.914 562.822 514.859 528.151 472.681 540.362 
537.781 412.745 523.341 454.213 536.033 496.249 550.473 454.781 
584.137 176.97 627.606 170.765 659.127 140.195 615.658 146.4 
614.008 23.926 609.592 67.613 631.698 105.553 636.114 61.865 
514.063 -38.444 547.3 -9.748 591.056 -6.069 557.819 -34.765 
