158.8 225.881 153.476 269.467 196.574 261.061 201.898 217.475 
212.38 217.625 206.511 261.141 246.084 280.169 251.952 236.653 
215.418 208.445 255.328 226.756 285.075 194.458 245.165 176.147 
186.224 164.681 207.864 202.889 237.514 170.501 215.874 132.294 
135.36 177.889 156.062 216.613 199.288 208.89 178.585 170.166 
122.335 188.497 117.728 232.165 139.669 270.2 144.276 226.533 
159.849 285.13 200.472 301.799 243.135 291.408 202.512 274.738 
267.797 234.824 264.823 278.633 292.979 244.939 295.953 201.13 
228.029 122.414 249.201 160.882 288.941 179.559 267.769 141.09 
131.18 166.692 174.025 157.079 203.037 124.119 160.192 133.732 
61.836 128.934 99.454 151.582 132.62 122.804 95.001 100.156 
59.901 170.649 50.174 213.468 87.891 235.951 97.618 193.132 
13.416 254.107 51.784 275.459 83.949 245.567 45.58 224.214 
65.068 285.211 82.454 325.532 115.43 296.538 98.045 256.216 
125.663 339.238 164.541 359.649 195.967 328.981 157.089 308.571 
176.505 368.342 196.542 407.414 227.509 376.285 207.474 337.212 
219.602 328.479 238.823 367.958 282.31 361.877 263.089 322.398 
286.096 288.305 306.75 327.054 337.22 295.436 316.566 256.687 
328.601 247.515 348.799 286.504 392.122 279.342 371.923 240.353 
330.957 191.21 324.352 234.62 367.679 227.487 374.284 184.077 
287.652 120.2 307.75 159.24 351.09 152.189 330.992 113.149 
289.245 64.944 283.669 108.498 326.815 100.343 332.391 56.788 
237.885 44.886 230.684 88.201 269.655 108.435 276.856 65.12 
154.328 66.849 148.1 110.315 191.363 102.807 197.592 59.341 
107.875 45.151 99.493 88.254 137.896 109.546 146.278 66.443 
52.656 69.868 37.359 111.027 73.928 86.721 89.226 45.562 
9.197 206.359 7.581 250.239 34.68 215.689 36.296 171.809 
8.018 278.984 25.475 319.275 63.28 341.609 45.823 301.319 
121.064 365.802 146.994 401.239 188.801 414.667 162.871 379.23 
215.511 418.522 258.937 412.024 290.251 381.242 246.824 387.74 
329.736 338.704 371.282 324.489 396.538 288.569 354.992 302.784 
398.179 182.076 389.756 225.171 408.272 264.986 416.695 221.892 
343.971 55.34 343.584 99.248 369.079 134.998 369.466 91.09 
245.813 15.122 281.585 40.587 325.493 40.162 289.721 14.697 
109.781 39.507 150.336 56.343 193.041 46.126 152.486 29.29 
70.444 -55.235 75.922 -11.668 119.05 -3.414 113.572 -46.982 
0.074 16.362 18.798 56.079 50.786 25.997 32.061 -13.72 
-24.61 49.463 -22.107 93.302 5.685 127.297 3.182 83.458 
-79.146 124.426 -56.578 162.092 -13.781 152.268 -36.348 114.602 
-77.373 211.507 -35.003 199.979 -7.502 165.748 -49.872 177.276 
-71.307 224.679 -83.949 266.73 -40.049 265.759 -27.407 223.708 
-59.191 305.278 -43.543 346.304 0.311 344.099 -15.337 303.073 
-9.168 386.974 32.778 399.961 74.346 385.813 32.4 372.826 
45.11 418.574 43.73 462.463 85.896 450.213 87.277 406.324 
103.169 403.985 101.505 447.863 125.951 484.339 127.614 440.461 
150.534 436.202 146.806 479.953 187.265 497.019 190.992 453.267 
229.371 444.488 218.933 487.14 262.723 483.887 273.16 441.235 
311.283 419.786 310.892 463.694 337.016 428.401 337.407 384.493 
358.425 380.109 356.609 423.981 397.773 439.266 399.589 395.394 
360.592 367.079 402.329 380.719 444.114 367.222 402.376 353.581 
404.961 331.663 445.876 347.602 473.678 313.615 432.763 297.676 
448.639 218.036 437.563 260.526 474.551 284.191 485.627 241.701 
417.139 138.696 441.547 175.198 482.748 190.383 458.34 153.881 
419.744 119.834 460.904 135.129 488.17 100.71 447.009 85.415 
405.191 70.12 406.93 113.995 431.313 77.477 429.574 33.602 
366.977 21.052 387.654 59.789 418.105 28.153 397.427 -10.584 
295.62 -18.916 332.521 4.884 366.558 -22.857 329.657 -46.656 
217.344 -13.831 259.341 -26.652 285.781 -61.709 243.784 -48.888 
176.212 -56.108 202.271 -20.766 227.83 -56.471 201.772 -91.812 
120.356 -52.42 144.292 -15.607 185.295 0.105 161.358 -36.707 
124.638 -91.843 161.446 -67.901 195.591 -95.51 158.782 -119.452 
5.891 -119.118 11.936 -75.626 51.431 -94.815 45.386 -138.307 
-64.372 -99.569 -45.829 -59.766 -2.245 -65.102 -20.788 -104.905 
-87.343 -57.555 -79.962 -14.27 -36.514 -7.915 -43.896 -51.2 
-82.514 60.532 -88.605 104.018 -45.365 96.372 -39.275 52.887 
-117.926 154.554 -102.72 195.748 -68.243 168.557 -83.447 127.364 
-171.488 267.149 -161.084 309.809 -117.297 313.097 -127.701 270.437 
-174.06 377.391 -130.96 385.787 -109.656 347.391 -152.756 338.995 
-119.629 390.153 -110.905 433.188 -72.673 411.593 -81.395 368.558 
-10.658 406.398 -11.174 450.305 30.425 464.364 30.941 420.457 
46.391 469.38 68.451 507.346 111.377 498.098 89.316 460.132 
148.313 575.725 191.808 581.751 210.979 542.247 167.485 536.221 
221.088 584.976 248.874 618.976 272.623 582.043 244.837 548.043 
270.08 527.175 283.416 569.011 327.326 569.254 313.989 527.419 
328.063 471.388 369.778 485.095 395.705 449.657 353.989 435.95 
410.038 394.915 406.805 438.706 449.452 428.249 452.684 384.458 
504.086 345.292 534.951 376.524 555.117 337.518 524.252 306.286 
540.113 277.31 567.87 311.335 608.806 295.451 581.05 261.426 
543.097 206.174 529.111 247.797 573.019 248.237 587.005 206.614 
470.53 140.92 495.757 176.861 522.143 141.762 496.916 105.822 
455.392 28.488 450.622 72.138 490.662 90.163 495.432 46.513 
400.538 -68.02 432.114 -37.507 470.892 -58.109 439.315 -88.622 
387.235 -122.0 393.363 -78.52 432.822 -97.785 426.693 -141.265 
348.636 -152.251 326.773 -114.17 356.234 -81.61 378.097 -119.69 
215.015 -103.406 236.728 -65.24 279.736 -74.098 258.022 -112.263 
207.247 -170.47 202.077 -126.783 245.143 -135.349 250.304 -178.955 
167.361 -188.772 162.2 -145.166 202.076 -126.783 207.247 -170.47 
-153.458 52.022 -154.911 95.908 -113.622 110.852 -112.169 66.966 
-181.886 130.556 -140.598 145.503 -113.624 110.855 -154.911 95.908 
-38.748 508.494 2.872 522.485 29.041 487.224 -12.581 473.233 
2.935 522.529 28.165 558.468 54.548 523.368 29.318 487.429 
390.658 493.276 415.544 529.453 442.26 494.605 417.373 458.428 
417.483 458.35 442.28 494.589 484.407 482.205 459.611 445.966 
513.494 86.551 537.07 123.595 579.586 112.62 556.01 75.576 
516.204 42.712 513.49 86.538 556.01 75.576 558.724 31.75 
280.177 -188.596 277.836 -144.748 301.715 -107.899 304.056 -151.747 
167.361 -188.771 207.247 -170.47 250.304 -178.955 210.427 -197.338 
94.501 -151.649 79.324 -110.445 115.822 -134.859 130.999 -176.063 
-155.374 30.334 -112.042 37.434 -72.812 17.708 -116.145 10.608 
-180.43 86.673 -181.883 130.559 -154.911 95.908 -153.458 52.022 
-179.122 166.575 -170.195 209.568 -137.702 239.103 -146.629 196.11 
-72.07 455.497 -74.543 499.337 -46.774 465.324 -44.301 421.483 
-38.748 508.493 -13.402 544.349 28.179 558.459 2.832 522.603 
59.785 566.964 103.484 562.658 136.306 533.489 92.607 537.795 
331.365 506.366 354.862 543.46 395.676 559.657 372.178 522.564 
415.537 529.447 457.648 517.007 484.405 482.191 442.294 494.631 
491.217 372.611 483.415 415.823 502.503 455.367 510.305 412.156 
530.347 184.9 572.853 173.884 600.766 139.988 558.26 151.004 
558.711 31.749 556.01 75.575 579.586 112.62 582.287 68.793 
456.653 -16.571 493.692 7.013 537.519 4.322 500.48 -19.262 
