150.234 242.493 137.134 284.403 181.041 283.911 194.141 242.001 
220.53 242.981 205.781 284.34 240.558 311.148 255.307 269.789 
229.007 213.918 264.338 239.991 300.053 214.446 264.721 188.373 
196.569 156.646 209.618 198.573 245.46 173.207 232.412 131.281 
130.143 170.154 141.031 212.692 184.853 215.482 173.964 172.943 
97.478 207.113 84.441 249.043 98.54 290.628 111.577 248.698 
152.988 317.691 190.583 340.377 234.333 336.633 196.738 313.946 
295.621 258.131 286.179 301.014 319.023 271.871 328.465 228.988 
259.799 107.7 272.218 149.817 307.021 176.59 294.602 134.473 
116.075 137.183 159.978 137.937 195.94 112.741 152.037 111.987 
9.959 96.083 37.727 130.099 78.659 114.201 50.891 80.186 
42.402 173.759 19.206 211.042 47.496 244.624 70.692 207.341 
-29.881 285.737 3.676 314.056 40.979 290.892 7.422 262.572 
19.739 329.324 24.809 372.94 64.724 354.64 59.654 311.024 
107.954 362.343 139.587 392.797 178.326 372.123 146.692 341.669 
182.085 415.872 193.187 458.355 230.16 434.668 219.058 392.185 
239.996 380.176 250.532 422.803 294.329 425.955 283.793 383.328 
308.011 314.377 318.875 356.922 355.981 333.442 345.116 290.897 
375.408 261.724 387.001 304.076 430.863 306.138 419.269 263.786 
385.033 199.567 370.682 241.066 414.584 241.891 428.935 200.392 
326.466 108.106 335.229 151.132 378.858 156.094 370.095 113.067 
327.167 33.798 312.721 75.264 356.622 76.188 371.067 34.722 
273.419 0.968 253.298 39.996 284.199 71.193 304.32 32.164 
167.507 37.565 144.332 74.861 186.965 85.377 210.139 48.08 
79.333 15.814 61.709 56.032 94.512 85.222 112.136 45.004 
-3.271 29.309 -31.195 63.196 11.315 52.194 39.239 18.307 
-51.178 231.701 -54.46 275.488 -26.068 241.993 -22.786 198.205 
-40.232 314.446 -34.914 358.033 -4.992 390.17 -10.311 346.583 
111.638 426.663 138.507 461.393 180.658 473.698 153.789 438.968 
224.285 478.183 268.023 482.068 305.691 459.502 261.953 455.617 
374.738 373.144 416.098 358.399 440.893 322.16 399.533 336.904 
473.071 197.967 453.085 237.065 459.897 280.443 479.883 241.345 
395.868 29.788 391.673 73.497 413.97 111.324 418.165 67.615 
289.482 -46.291 315.657 -11.035 357.555 2.103 331.381 -33.153 
81.732 -25.715 119.14 -2.72 162.92 -6.105 125.512 -29.1 
28.969 -126.358 17.487 -83.976 54.247 -59.959 65.729 -102.341 
-57.169 -48.585 -66.638 -5.709 -22.933 -9.953 -13.465 -52.83 
-104.098 17.2 -95.922 60.342 -63.95 90.44 -72.126 47.298 
-134.64 114.704 -130.607 158.428 -87.776 168.104 -91.809 124.38 
-170.481 194.29 -131.488 214.481 -88.075 207.897 -127.068 187.705 
-135.012 258.25 -168.825 286.264 -131.733 309.765 -97.921 281.751 
-117.936 351.451 -121.787 395.192 -81.377 412.371 -77.526 368.63 
-60.176 450.823 -16.839 457.899 22.379 438.151 -20.957 431.075 
17.799 481.821 9.784 524.993 53.32 519.274 61.335 476.102 
97.708 477.629 77.844 516.789 84.791 560.146 104.655 520.986 
160.689 512.804 137.521 550.105 165.836 583.666 189.005 546.365 
255.863 524.26 230.67 560.224 272.659 573.07 297.852 537.106 
339.636 487.354 341.367 531.23 365.756 494.716 364.025 450.841 
410.441 429.415 402.196 472.544 440.667 493.713 448.911 450.584 
419.801 402.153 454.35 429.255 498.23 430.874 463.682 403.772 
472.773 352.355 502.993 384.212 542.63 365.315 512.409 333.458 
542.425 230.144 516.498 265.582 542.19 301.191 568.117 265.753 
483.786 136.616 508.925 172.618 550.424 186.968 525.285 150.966 
483.023 88.546 520.146 111.998 553.922 83.938 516.799 60.487 
475.84 30.933 461.799 72.537 497.613 47.132 511.655 5.527 
429.086 -43.684 428.329 0.219 470.317 -12.629 471.073 -56.533 
335.844 -105.581 358.298 -67.846 401.124 -77.54 378.671 -115.275 
230.048 -70.865 271.19 -86.21 295.454 -122.806 254.313 -107.462 
158.871 -128.871 167.671 -85.852 205.865 -107.515 197.066 -150.534 
104.678 -146.811 109.631 -103.181 139.283 -70.795 134.33 -114.425 
123.688 -182.805 148.588 -146.638 190.68 -159.142 165.78 -195.31 
-10.064 -212.359 -26.242 -171.537 17.581 -168.766 33.758 -209.587 
-113.68 -174.51 -105.248 -131.417 -61.659 -126.12 -70.09 -169.212 
-148.668 -118.155 -135.506 -76.264 -91.599 -75.836 -104.76 -117.728 
-169.514 31.583 -179.737 74.286 -135.964 70.813 -125.741 28.11 
-181.281 121.535 -188.602 164.83 -145.164 158.414 -137.842 115.119 
-251.573 264.776 -259.03 308.048 -220.181 328.513 -212.723 285.241 
-270.505 399.055 -231.33 418.89 -200.36 387.763 -239.534 367.927 
-194.676 431.303 -205.14 473.948 -161.349 470.721 -150.885 428.076 
-58.771 470.93 -69.445 513.523 -32.235 536.836 -21.561 494.244 
10.206 527.597 22.682 569.698 66.577 570.843 54.101 528.742 
123.022 658.331 163.355 675.692 192.329 642.698 151.997 625.337 
221.928 675.131 243.526 713.363 273.212 681.008 251.615 642.777 
297.374 609.363 294.277 653.163 334.978 669.644 338.075 625.843 
367.733 538.581 406.652 558.913 438.015 528.181 399.095 507.849 
460.056 452.573 446.831 494.444 490.74 494.084 503.965 452.213 
577.319 392.237 600.129 429.758 628.765 396.469 605.954 358.949 
621.54 301.118 644.754 338.391 687.375 327.832 664.162 290.559 
637.694 218.993 610.203 253.233 651.262 268.797 678.753 234.558 
546.937 127.289 566.275 166.712 597.793 136.137 578.454 96.715 
541.556 7.012 524.558 47.499 557.81 76.176 574.808 35.689 
482.075 -119.945 506.01 -83.132 548.418 -94.52 524.483 -131.333 
432.671 -191.144 435.409 -147.319 476.242 -163.466 473.505 -207.29 
400.829 -228.04 368.072 -198.799 385.76 -158.609 418.517 -187.85 
229.408 -185.139 240.25 -142.589 284.069 -139.752 273.226 -182.302 
230.081 -256.504 217.393 -214.381 261.293 -215.329 273.957 -257.373 
194.177 -290.104 172.654 -251.83 202.404 -219.534 223.967 -257.879 
-215.128 6.646 -226.311 49.108 -189.382 72.865 -178.2 30.403 
-264.932 73.679 -231.66 102.334 -194.126 79.545 -227.398 50.891 
-97.598 564.68 -54.802 574.504 -32.234 536.837 -75.031 527.013 
-49.577 577.175 -33.06 617.86 0.53 589.579 -15.988 548.894 
420.89 568.614 447.789 603.32 472.484 567.012 445.584 532.306 
458.485 523.879 475.672 564.286 519.413 560.426 502.225 520.019 
597.279 78.542 616.979 117.786 660.389 111.178 640.689 71.934 
607.395 31.175 596.688 73.76 640.497 70.783 651.204 28.199 
323.006 -268.564 306.487 -227.879 317.037 -185.256 333.555 -225.94 
196.155 -292.67 229.892 -264.604 273.672 -261.572 239.966 -289.714 
93.832 -243.32 77.127 -202.712 114.511 -225.746 131.216 -266.354 
-204.727 -64.047 -184.672 -24.984 -145.486 -5.17 -165.541 -44.233 
-250.909 32.08 -264.923 73.693 -229.125 48.264 -215.111 6.651 
-250.675 141.913 -256.311 185.46 -235.274 224.003 -229.638 180.456 
-141.129 509.697 -157.496 550.443 -120.306 527.099 -103.939 486.353 
-97.666 564.979 -73.902 601.902 -32.973 617.806 -56.738 580.882 
14.876 631.08 57.832 640.181 97.935 622.294 54.978 613.193 
368.976 581.465 381.916 623.425 417.049 649.765 404.109 607.805 
447.782 603.316 490.57 593.455 519.391 560.326 476.602 570.187 
557.445 440.062 538.304 479.58 546.047 522.802 565.188 483.284 
609.743 178.39 653.652 178.087 688.997 152.032 645.088 152.336 
651.106 28.177 642.258 71.186 660.38 111.183 669.228 68.173 
546.845 -50.638 577.081 -18.797 620.259 -10.809 590.023 -42.65 
