146.939 241.335 131.667 282.504 175.54 284.307 190.813 243.139 
221.682 244.251 204.766 284.772 238.077 313.382 254.993 272.861 
231.066 213.342 265.444 240.659 302.047 216.404 267.669 189.087 
197.807 154.146 209.631 196.434 246.195 172.121 234.372 129.833 
129.502 167.193 138.422 210.188 182.069 214.991 173.149 171.997 
94.993 203.709 80.486 245.154 93.11 287.21 107.617 245.766 
150.589 320.44 187.297 344.537 231.157 342.456 194.45 318.359 
298.66 260.183 287.3 302.598 321.421 274.961 332.782 232.546 
264.403 103.446 275.193 146.009 308.942 174.101 298.151 131.537 
113.653 129.902 157.431 133.31 194.851 110.336 151.074 106.927 
6.045 89.796 31.612 125.495 73.464 112.212 47.897 76.513 
38.624 168.842 13.055 204.54 39.105 239.888 64.674 204.19 
-35.703 285.84 -1.607 313.507 35.243 289.628 1.146 261.961 
16.671 329.418 20.325 373.176 60.813 356.18 57.159 312.422 
103.842 364.93 134.181 396.674 173.746 377.629 143.407 345.886 
182.784 420.6 193.224 463.251 230.561 440.142 220.122 397.491 
242.986 384.744 251.965 427.725 295.618 432.467 286.639 389.485 
310.426 317.471 319.553 360.422 357.582 338.468 348.453 295.517 
380.769 261.881 391.44 304.475 435.247 307.489 424.576 264.895 
392.211 198.588 376.145 239.453 419.975 242.105 436.041 201.24 
331.567 105.676 338.418 149.048 381.785 155.934 374.934 112.562 
329.444 27.352 313.953 68.439 357.816 70.475 373.307 29.388 
275.686 -7.531 253.156 30.159 282.039 63.233 304.569 25.543 
169.966 30.36 143.817 65.635 185.447 79.604 211.596 44.329 
75.676 10.312 58.546 50.743 91.704 79.528 108.834 39.098 
-7.825 22.256 -37.523 54.6 5.515 45.889 35.213 13.546 
-58.936 231.564 -62.415 275.336 -33.872 241.968 -30.394 198.196 
-45.442 316.062 -41.071 359.754 -11.853 392.532 -16.225 348.84 
110.764 433.819 138.289 468.031 180.667 479.531 153.142 445.319 
225.029 483.702 268.638 488.834 306.935 467.354 263.326 462.221 
380.593 375.866 421.86 360.864 446.428 324.47 405.161 339.472 
481.356 199.739 459.944 238.074 465.153 281.674 486.566 243.339 
400.496 23.251 396.07 66.938 418.167 104.882 422.593 61.196 
293.096 -55.843 317.901 -19.61 359.266 -4.877 334.461 -41.11 
77.899 -33.487 114.782 -9.659 158.626 -12.06 121.744 -35.889 
22.07 -132.637 12.164 -89.859 49.787 -67.219 59.693 -109.997 
-62.666 -55.389 -72.936 -12.698 -29.16 -16.123 -18.89 -58.815 
-109.817 11.131 -104.589 54.729 -74.733 86.927 -79.962 43.33 
-140.576 111.475 -139.356 155.368 -97.233 167.771 -98.454 123.878 
-179.363 190.512 -143.175 215.382 -99.28 214.231 -135.469 189.361 
-142.635 259.29 -176.581 287.141 -139.603 310.82 -105.656 282.968 
-123.471 351.659 -128.886 395.233 -89.117 413.849 -83.702 370.274 
-68.579 452.659 -25.218 459.579 13.93 439.69 -29.432 432.77 
13.14 483.593 2.732 526.252 46.519 522.968 56.927 480.309 
96.969 482.89 74.435 520.577 78.357 564.312 100.891 526.625 
161.186 518.883 135.074 554.185 160.578 589.929 186.691 554.627 
256.059 530.904 229.197 565.639 270.533 580.452 297.395 545.717 
339.436 496.879 341.024 540.76 365.532 504.326 363.944 460.445 
414.493 434.523 404.498 477.28 442.074 499.999 452.069 457.241 
425.426 404.629 458.393 433.634 502.112 437.721 469.145 408.716 
479.797 353.012 507.4 387.161 548.408 371.462 520.805 337.313 
551.509 231.973 524.038 266.228 548.129 302.94 575.599 268.684 
492.006 138.174 517.087 174.216 558.563 188.633 533.482 152.591 
488.422 83.149 524.317 108.44 559.463 82.118 523.568 56.827 
482.739 24.495 466.319 65.22 503.54 41.925 519.961 1.2 
434.624 -52.548 430.471 -8.835 473.328 -18.395 477.48 -62.108 
340.014 -114.806 360.89 -76.176 404.08 -84.093 383.203 -122.723 
233.177 -81.081 274.595 -95.665 299.529 -131.808 258.112 -117.224 
156.097 -136.407 161.056 -92.777 201.017 -110.977 196.058 -154.605 
100.926 -156.496 103.523 -112.663 131.387 -78.727 128.791 -122.56 
119.363 -190.55 144.802 -154.76 186.702 -167.894 161.263 -203.684 
-13.884 -220.636 -33.504 -181.354 9.919 -174.833 29.539 -214.115 
-121.02 -182.001 -111.271 -139.186 -67.54 -135.228 -77.289 -178.042 
-153.703 -125.528 -142.122 -83.173 -98.262 -81.099 -109.842 -123.454 
-182.275 27.825 -194.759 69.924 -150.863 68.787 -138.38 26.689 
-188.465 116.45 -197.532 159.414 -153.87 154.761 -144.802 111.797 
-258.302 260.79 -267.421 303.743 -229.389 325.689 -220.27 282.736 
-279.973 395.615 -241.399 416.595 -209.526 386.392 -248.1 365.412 
-202.509 429.737 -213.943 472.133 -170.09 469.906 -158.655 427.511 
-66.924 473.316 -77.732 515.875 -40.596 539.306 -29.787 496.747 
3.343 530.964 14.591 573.409 58.434 575.829 47.187 533.384 
116.517 663.504 156.198 682.305 186.342 650.376 146.66 631.575 
217.082 681.73 237.487 720.611 268.159 689.191 247.756 650.309 
295.595 616.507 290.553 660.126 330.48 678.4 335.522 634.781 
369.95 548.012 408.367 569.278 440.462 539.312 402.045 518.047 
464.092 459.688 449.41 501.071 493.305 502.247 507.987 460.864 
583.487 397.873 604.961 436.174 634.752 403.916 613.279 365.615 
628.745 305.711 651.185 343.454 694.016 333.775 671.575 296.032 
646.392 222.631 617.56 255.749 657.966 272.936 686.799 239.818 
557.038 125.961 575.333 165.878 607.644 136.144 589.348 96.226 
550.436 3.532 532.058 43.411 564.306 73.213 582.684 33.334 
488.883 -127.261 511.634 -89.705 554.383 -99.738 531.631 -137.294 
438.002 -198.573 440.357 -154.727 481.33 -170.516 478.975 -214.363 
405.572 -235.357 372.269 -206.739 389.196 -166.222 422.499 -194.841 
229.782 -199.185 239.928 -156.464 283.694 -152.912 273.549 -195.633 
234.008 -265.248 221.815 -222.979 265.701 -224.443 277.871 -266.633 
189.318 -299.154 167.738 -260.913 197.439 -228.572 219.059 -266.885 
-220.477 0.119 -235.258 41.467 -200.502 68.301 -185.721 26.954 
-277.406 63.601 -247.358 95.62 -207.62 76.938 -237.668 44.919 
-106.931 564.75 -64.521 576.126 -40.596 539.306 -83.006 527.93 
-59.177 579.09 -44.879 620.607 -9.812 594.18 -24.109 552.663 
419.593 577.945 446.094 612.956 471.202 576.933 444.7 541.922 
460.942 531.925 475.285 573.426 519.187 572.611 504.845 531.109 
607.689 80.028 626.435 119.736 669.992 114.178 651.246 74.47 
621.389 28.624 606.79 70.036 650.687 71.124 665.286 29.711 
329.679 -276.149 310.122 -236.835 317.408 -193.534 336.965 -232.848 
196.279 -311.651 230.624 -284.332 274.46 -282.263 240.144 -309.658 
89.069 -250.611 73.223 -209.66 110.113 -233.475 125.959 -274.426 
-205.481 -74.766 -191.724 -33.067 -156.084 -7.418 -169.841 -49.117 
-261.189 21.905 -278.16 62.403 -240.626 39.615 -223.654 -0.882 
-259.839 137.72 -264.808 181.348 -243.185 219.565 -238.216 175.937 
-149.182 508.517 -167.569 548.392 -129.256 526.94 -110.869 487.065 
-106.929 564.744 -84.933 602.747 -44.799 620.562 -66.796 582.559 
6.525 634.939 49.189 645.324 89.81 628.649 47.145 618.264 
368.839 588.399 379.272 631.051 412.783 659.424 402.35 616.772 
446.093 612.956 489.202 604.605 519.169 572.51 476.06 580.861 
563.016 449.162 542.515 487.992 548.754 531.457 569.255 492.626 
617.076 179.029 660.932 181.199 697.689 157.176 653.832 155.006 
665.92 29.862 655.431 72.501 672.009 113.162 682.497 70.523 
555.354 -55.839 585.047 -23.49 628.083 -14.773 598.391 -47.121 
