153.536 239.861 142.942 282.474 186.743 279.381 197.337 236.768 
219.78 237.115 207.9 279.387 244.432 303.749 256.312 261.477 
226.942 213.893 263.682 237.942 297.905 210.432 261.166 186.383 
195.099 159.739 210.283 200.94 244.775 173.768 229.593 132.567 
132.012 174.025 145.981 215.654 189.889 215.233 175.92 173.604 
103.568 204.285 93.082 246.924 109.662 287.584 120.148 244.944 
157.072 311.748 195.803 332.436 239.298 326.408 200.566 305.72 
289.609 253.55 282.325 296.852 313.669 266.102 320.954 222.8 
252.916 112.686 267.948 153.943 304.36 178.484 289.328 137.228 
120.111 146.604 163.936 143.877 197.79 115.912 153.964 118.638 
22.757 101.619 54.114 132.357 93.038 112.033 61.681 81.295 
45.685 175.45 26.421 214.909 57.997 245.423 77.26 205.964 
-22.652 275.043 11.044 303.197 48.233 279.85 14.537 251.696 
28.576 319.115 37.014 362.207 75.39 340.865 66.951 297.774 
115.017 359.78 148.895 387.715 185.932 364.128 152.054 336.193 
179.474 407.561 192.625 449.456 228.405 424.002 215.255 382.108 
234.467 370.051 247.41 412.01 291.315 412.667 278.373 370.708 
304.097 308.955 317.495 350.771 353.124 325.106 339.725 283.29 
365.331 261.38 378.891 303.144 422.801 303.154 409.241 261.39 
372.179 200.198 360.223 242.448 404.1 240.763 416.057 198.512 
318.011 112.08 329.743 154.394 373.611 156.311 361.879 113.998 
320.415 43.462 308.115 85.614 352.005 84.286 364.305 42.134 
267.35 14.43 251.415 55.346 285.404 83.146 301.34 42.229 
163.919 48.163 145.924 88.216 189.578 92.953 207.573 52.9 
87.0 24.055 70.435 64.72 103.991 93.042 120.556 52.376 
13.911 35.907 -12.677 70.852 29.374 58.21 55.962 23.265 
-37.187 222.108 -40.51 265.892 -12.087 232.423 -8.764 188.639 
-32.423 309.413 -24.723 352.643 6.916 383.09 -0.784 339.86 
113.223 413.32 139.114 448.785 180.905 462.259 155.014 426.794 
223.179 467.599 267.067 469.014 303.403 444.361 259.516 442.947 
364.204 367.596 405.705 353.254 430.851 317.257 389.35 331.599 
458.017 194.759 440.469 235.01 449.933 277.888 467.48 237.637 
386.12 38.295 382.577 82.062 405.436 119.552 408.979 75.786 
281.403 -31.018 309.64 2.61 352.249 13.219 324.013 -20.409 
90.419 -12.016 128.53 9.794 172.182 5.037 134.071 -16.773 
41.037 -113.502 27.005 -71.894 62.24 -45.692 76.272 -87.3 
-48.611 -36.169 -56.597 7.008 -13.065 1.261 -5.079 -41.917 
-90.146 35.338 -78.485 77.671 -44.17 105.066 -55.83 62.733 
-129.228 117.645 -118.105 160.123 -74.269 162.67 -85.392 120.192 
-154.548 197.939 -112.225 209.638 -71.109 194.226 -113.432 182.526 
-123.365 252.112 -154.098 283.474 -114.774 303.011 -84.041 271.649 
-110.343 346.697 -108.969 390.585 -66.803 402.84 -68.177 358.952 
-48.545 442.774 -5.415 451.012 34.321 432.326 -8.81 424.088 
26.468 475.528 21.797 519.189 64.764 510.14 69.436 466.479 
99.022 466.696 83.924 507.929 95.945 550.161 111.043 508.929 
158.897 500.254 141.491 540.567 174.452 569.579 191.858 529.266 
252.978 510.602 231.213 548.738 274.209 557.653 295.973 519.516 
338.102 471.269 339.666 515.151 364.193 478.73 362.629 434.848 
402.5 419.412 396.412 462.898 435.889 482.126 441.976 438.64 
409.306 397.017 446.395 420.522 490.216 417.738 453.127 394.233 
459.726 350.338 493.893 377.919 530.683 353.947 496.516 326.366 
524.567 227.587 501.743 265.099 530.366 298.398 553.19 260.886 
469.776 134.919 494.9 170.932 536.393 185.299 511.269 149.286 
471.0 95.825 509.683 116.603 541.398 86.234 502.715 65.456 
461.593 40.512 452.222 83.41 485.019 54.214 494.39 11.315 
417.933 -27.974 423.683 15.557 463.308 -3.364 457.557 -46.896 
328.262 -86.986 354.636 -51.878 396.174 -66.113 369.8 -101.22 
225.136 -56.622 266.188 -72.207 290.237 -108.945 249.186 -93.36 
164.013 -113.978 178.347 -72.474 213.39 -98.932 199.057 -140.436 
109.722 -127.207 120.095 -84.54 153.566 -56.118 143.193 -98.785 
126.238 -164.454 153.54 -130.063 194.684 -145.401 167.382 -179.792 
-6.919 -194.53 -17.85 -152.002 25.974 -154.748 36.905 -197.276 
-104.92 -160.834 -99.235 -117.294 -56.069 -109.246 -61.753 -152.786 
-143.242 -101.392 -129.335 -59.742 -85.426 -60.099 -99.334 -101.749 
-139.698 40.042 -150.68 82.556 -106.852 79.863 -95.87 37.349 
-171.216 130.507 -171.957 174.411 -129.974 161.549 -129.231 117.646 
-238.089 271.329 -242.018 315.063 -201.639 332.315 -197.71 288.581 
-251.714 403.941 -211.174 420.811 -182.602 387.468 -223.142 370.598 
-179.839 431.29 -187.156 474.586 -143.718 468.166 -136.4 424.871 
-46.774 465.76 -55.722 508.748 -17.603 530.543 -8.655 487.554 
21.797 519.189 36.18 560.677 80.082 559.818 65.698 518.33 
133.124 645.854 174.542 660.437 201.21 625.553 159.793 610.97 
228.625 659.852 252.149 696.929 280.142 663.099 256.619 626.022 
297.873 594.64 298.705 638.542 340.715 651.316 339.884 607.415 
362.704 522.615 402.404 541.377 432.515 509.417 392.815 490.655 
452.314 439.907 441.839 482.55 485.631 479.335 496.106 436.692 
564.84 381.541 589.998 417.529 616.451 382.481 591.292 346.493 
607.244 293.179 631.811 329.574 674.016 317.457 649.449 281.062 
620.247 212.933 595.521 249.22 637.672 261.522 662.398 225.236 
530.371 128.737 551.296 167.341 581.544 135.511 560.619 96.907 
523.138 10.978 509.25 52.634 544.576 78.715 558.463 37.059 
467.061 -107.587 493.311 -72.386 534.9 -86.474 508.65 -121.674 
422.033 -178.212 425.723 -134.457 466.196 -151.488 462.506 -195.242 
389.642 -214.444 358.375 -183.615 378.033 -144.351 409.3 -175.18 
226.485 -164.458 239.09 -122.397 282.988 -121.387 270.384 -163.449 
221.935 -238.98 210.269 -196.563 254.133 -198.572 265.777 -240.91 
185.797 -264.94 172.157 -223.203 207.637 -197.333 221.302 -239.148 
-206.713 22.086 -213.598 65.453 -174.481 85.402 -167.596 42.035 
-245.65 95.966 -207.086 116.965 -175.198 86.778 -213.762 65.779 
-81.798 561.993 -38.609 569.911 -17.732 531.281 -60.922 523.363 
-34.174 571.995 -14.303 611.152 16.797 580.154 -3.074 540.997 
421.239 551.855 448.187 586.523 472.831 550.18 445.882 515.512 
454.057 509.85 474.802 548.551 518.02 540.78 497.274 502.079 
579.088 77.118 600.393 115.513 643.493 107.117 622.188 68.721 
585.134 32.48 578.868 75.94 622.138 68.47 628.404 25.01 
310.014 -253.765 298.328 -211.439 313.751 -170.327 325.438 -212.653 
185.785 -264.924 221.902 -239.996 265.777 -240.901 229.684 -265.908 
97.397 -225.763 79.28 -185.765 117.447 -207.475 135.564 -247.474 
-206.367 -34.463 -172.946 -5.983 -129.167 -2.587 -162.588 -31.067 
-238.174 52.705 -245.642 95.975 -214.166 65.359 -206.698 22.088 
-235.452 150.484 -240.085 194.149 -218.169 232.198 -213.535 188.533 
-125.168 507.964 -137.941 549.975 -102.915 523.495 -90.142 481.483 
-81.802 562.015 -55.987 597.535 -14.223 611.096 -40.04 575.577 
28.613 622.445 72.092 628.585 110.876 607.997 67.398 601.857 
367.042 567.408 383.788 607.999 421.195 630.995 404.449 590.404 
448.169 586.512 490.527 574.94 517.994 540.681 475.636 552.253 
546.516 423.639 530.175 464.395 540.911 506.973 557.252 466.217 
595.176 177.251 638.897 173.182 671.877 144.192 628.156 148.261 
628.326 24.998 622.545 68.526 643.454 107.138 649.235 63.61 
527.971 -43.114 559.925 -12.998 603.479 -7.415 571.525 -37.532 
