155.776 235.32 147.172 278.379 190.782 273.255 199.386 230.197 
217.813 230.449 208.011 273.251 245.689 295.8 255.491 252.998 
223.463 213.43 261.433 235.483 294.14 206.186 256.17 184.133 
192.279 163.156 210.063 203.304 242.749 173.983 224.966 133.836 
133.861 177.002 150.545 217.62 194.33 214.304 177.646 173.687 
111.101 198.327 103.011 241.486 121.835 281.157 129.925 237.998 
158.558 303.082 198.071 322.234 241.295 314.503 201.782 295.351 
281.6 248.267 276.008 291.819 306.131 259.871 311.723 216.319 
245.077 116.649 262.222 157.073 299.855 179.699 282.709 139.275 
125.424 156.685 168.903 150.542 200.467 120.017 156.989 126.159 
40.285 113.23 75.115 139.968 111.309 115.105 76.478 88.367 
48.617 174.982 33.048 216.039 67.285 243.533 82.854 202.476 
-12.008 263.532 23.305 289.629 59.037 264.108 23.724 238.011 
41.464 304.349 53.437 346.595 89.916 322.154 77.943 279.907 
119.369 354.721 155.166 380.15 190.413 353.962 154.615 328.534 
176.218 395.515 191.735 436.592 226.006 409.14 210.49 368.064 
227.864 356.309 243.07 397.502 286.946 395.768 271.74 354.576 
298.42 303.098 314.36 344.013 348.347 316.209 332.406 275.295 
352.84 259.149 368.62 300.126 412.468 297.782 396.688 256.805 
357.476 198.943 347.543 241.714 391.291 237.943 401.223 195.171 
308.206 115.723 322.825 157.127 366.721 156.017 352.102 114.613 
310.697 52.292 300.889 95.093 344.626 91.194 354.434 48.394 
258.311 27.054 246.194 69.259 282.589 93.825 294.706 51.62 
160.187 57.674 147.45 99.696 191.352 98.823 204.088 56.801 
96.885 32.604 83.269 74.35 118.764 100.199 132.38 58.454 
27.665 48.301 3.453 84.933 44.573 69.529 68.785 32.898 
-19.506 213.226 -22.48 257.035 5.675 223.34 8.649 179.531 
-19.628 298.834 -8.606 341.337 25.294 369.245 14.272 326.741 
114.579 396.906 140.186 432.576 181.868 446.383 156.262 410.713 
220.187 452.662 264.079 451.416 298.856 424.609 254.964 425.855 
352.022 359.965 393.568 345.75 418.824 309.83 377.278 324.045 
439.18 191.069 424.45 232.435 436.848 274.559 451.578 233.193 
373.676 45.263 370.93 89.087 394.467 126.155 397.213 82.331 
270.303 -15.089 300.908 16.397 344.176 23.881 313.57 -7.606 
101.475 7.126 140.474 27.305 183.886 20.708 144.887 0.529 
52.275 -96.379 41.566 -53.794 78.757 -30.45 89.466 -73.035 
-37.976 -16.725 -34.291 27.03 6.184 10.004 2.498 -33.751 
-73.175 47.428 -62.402 89.996 -28.666 118.102 -39.439 75.534 
-116.327 121.308 -99.294 161.779 -55.539 158.086 -72.572 117.615 
-130.345 203.98 -86.474 205.826 -49.897 181.532 -93.769 179.686 
-108.821 243.624 -132.474 280.619 -89.98 291.683 -66.327 254.688 
-95.991 335.179 -88.419 378.431 -44.943 384.594 -52.516 341.342 
-32.505 426.706 10.274 436.61 50.704 419.478 7.926 409.574 
33.499 459.877 30.296 503.67 72.936 493.183 76.138 449.39 
99.269 448.514 89.303 491.278 106.377 531.733 116.343 488.969 
155.066 481.164 143.452 523.51 180.137 547.642 191.751 505.295 
245.168 491.045 227.253 531.134 270.916 535.784 288.831 495.695 
331.94 453.48 332.709 497.383 357.892 461.412 357.122 417.509 
391.004 406.497 386.467 450.172 426.603 467.984 431.14 424.309 
395.438 389.621 434.841 408.997 478.109 401.512 438.705 382.136 
443.131 346.399 480.662 369.191 513.937 340.539 476.405 317.747 
500.98 225.13 482.091 264.769 513.953 294.983 532.842 255.344 
453.168 134.531 478.076 170.693 519.483 185.308 494.574 149.146 
455.125 102.723 494.986 121.14 524.82 88.921 484.958 70.504 
443.978 50.09 439.604 93.782 468.824 61.006 473.198 17.314 
403.187 -10.692 415.371 31.494 451.727 6.87 439.543 -35.316 
318.831 -63.46 349.834 -32.365 388.987 -52.242 357.984 -83.337 
222.05 -43.571 263.363 -58.448 288.042 -94.766 246.728 -79.89 
169.47 -94.585 190.127 -55.837 220.594 -87.456 199.938 -126.204 
113.877 -99.364 131.057 -58.954 168.707 -36.359 151.528 -76.769 
125.21 -140.356 156.572 -109.623 195.492 -129.953 164.13 -160.686 
-5.021 -170.551 -9.639 -126.884 33.317 -135.986 37.936 -179.652 
-96.338 -139.865 -86.545 -97.061 -42.81 -93.148 -52.603 -135.952 
-129.142 -86.155 -119.167 -43.393 -75.416 -39.666 -85.391 -82.428 
-117.083 47.998 -130.108 89.932 -86.201 89.362 -73.176 47.428 
-155.905 140.325 -150.048 183.843 -110.471 164.825 -116.327 121.308 
-218.203 273.281 -217.006 317.174 -174.89 329.599 -176.088 285.706 
-225.504 401.362 -183.675 414.719 -158.046 379.064 -199.875 365.707 
-159.842 422.937 -161.895 466.799 -119.546 455.197 -117.492 411.336 
-32.301 447.353 -38.013 490.89 1.628 509.776 7.34 466.239 
30.777 505.461 48.037 545.837 91.77 541.899 74.51 501.523 
140.909 625.633 183.335 636.951 207.21 600.099 164.784 588.78 
231.264 636.833 256.638 672.67 282.879 637.464 257.507 601.627 
293.154 573.645 298.553 617.222 341.665 625.553 336.267 581.976 
354.382 505.181 394.972 521.931 423.445 488.504 382.855 471.754 
440.953 424.911 433.372 468.162 476.849 462.007 484.43 418.757 
547.343 369.038 574.906 403.219 598.897 366.442 571.334 332.261 
587.733 285.155 613.663 320.591 655.378 306.881 629.447 271.444 
596.884 207.505 575.743 245.991 618.878 254.204 640.019 215.718 
511.424 130.738 534.053 168.369 562.85 135.22 540.221 97.589 
500.614 15.102 490.259 57.774 527.642 80.808 537.997 38.137 
446.909 -93.239 475.763 -60.14 516.158 -77.353 487.305 -110.452 
408.858 -161.948 413.897 -118.328 453.825 -136.6 448.786 -180.22 
374.885 -196.703 346.064 -163.576 368.664 -125.928 397.485 -159.056 
221.896 -144.92 237.819 -103.999 281.658 -106.498 265.735 -147.419 
214.485 -216.668 206.151 -173.473 249.726 -178.885 258.045 -222.0 
176.042 -237.834 167.709 -194.722 206.137 -173.475 214.485 -216.668 
-193.476 35.687 -196.799 79.471 -156.185 96.161 -152.862 52.377 
-225.41 112.856 -184.878 129.746 -156.29 96.417 -196.822 79.527 
-64.86 550.118 -22.089 560.051 0.575 522.441 -42.197 512.509 
-20.057 561.201 3.258 598.41 31.441 564.737 8.126 527.528 
416.533 531.867 442.892 566.985 468.146 531.063 441.786 495.945 
445.83 493.087 469.096 530.327 511.703 519.708 488.437 482.468 
557.742 77.541 580.49 115.099 623.24 105.071 600.492 67.513 
561.525 33.634 557.702 77.377 600.486 67.495 604.309 23.752 
295.578 -234.396 289.109 -190.966 309.402 -152.027 315.872 -195.458 
176.037 -237.826 214.485 -216.669 258.045 -221.997 219.612 -243.235 
96.175 -201.65 77.999 -161.678 116.199 -183.332 134.375 -223.304 
-196.095 -7.754 -156.716 11.671 -113.439 4.24 -152.819 -15.185 
-221.975 69.09 -225.4 112.866 -196.897 79.463 -193.473 35.687 
-218.633 157.83 -218.732 201.74 -193.002 237.323 -192.903 193.413 
-106.205 497.03 -113.893 540.261 -82.263 509.805 -74.575 466.573 
-64.86 550.118 -38.612 585.32 3.313 598.37 -22.935 563.169 
41.313 607.523 85.16 609.871 122.013 585.997 78.166 583.65 
359.836 548.267 379.844 587.353 419.006 607.214 398.998 568.127 
442.869 566.968 484.966 554.479 511.682 519.632 469.586 532.121 
531.046 405.287 517.898 447.183 531.888 488.805 545.035 446.91 
575.888 177.15 619.155 169.664 649.759 138.176 606.492 145.662 
604.253 23.745 600.519 67.496 623.215 105.086 626.949 61.335 
504.174 -35.111 538.285 -7.46 582.134 -5.14 548.023 -32.791 
