155.817 235.19 147.26 278.259 190.865 273.087 199.421 230.019 
217.749 230.269 207.997 273.083 245.701 295.588 255.454 252.774 
223.357 213.406 261.357 235.408 294.024 206.066 256.023 184.065 
192.187 163.229 210.036 203.348 242.675 173.975 224.827 133.856 
133.891 177.058 150.639 217.649 194.419 214.264 177.67 173.673 
111.288 198.168 103.253 241.336 122.127 280.984 130.162 237.815 
158.578 302.846 198.109 321.962 241.326 314.191 201.795 295.075 
281.378 248.115 275.825 291.672 305.919 259.697 311.472 216.14 
244.855 116.739 262.055 157.14 299.717 179.715 282.517 139.314 
125.54 156.915 169.007 150.697 200.519 120.117 157.051 126.335 
40.697 113.53 75.592 140.185 111.725 115.234 76.83 88.58 
48.744 174.931 33.257 216.019 67.548 243.446 83.036 202.358 
-11.676 263.305 23.68 289.342 59.37 263.762 24.013 237.724 
41.811 304.009 53.867 346.232 90.298 321.718 78.242 279.495 
119.459 354.547 155.302 379.911 190.502 353.661 154.658 328.296 
176.167 395.165 191.746 436.219 225.976 408.716 210.398 367.663 
227.709 355.936 242.972 397.108 286.845 395.314 271.583 354.143 
298.257 302.933 314.262 343.822 348.204 315.964 332.197 275.075 
352.498 259.06 368.338 300.014 412.182 297.605 396.342 256.651 
357.084 198.882 347.2 241.665 390.944 237.845 400.827 195.061 
307.929 115.81 322.624 157.188 366.518 155.998 351.823 114.62 
310.401 52.488 300.658 95.304 344.388 91.34 354.132 48.524 
258.04 27.338 246.009 69.568 282.454 94.059 294.485 51.83 
160.076 57.872 147.461 99.93 191.36 98.931 203.975 56.872 
97.125 32.805 83.587 74.576 119.131 100.359 132.668 58.588 
27.999 48.644 3.883 85.339 44.963 69.827 69.079 33.133 
-19.054 213.062 -22.013 256.873 6.131 223.168 9.09 179.358 
-19.254 298.539 -8.145 341.02 25.812 368.858 14.703 326.376 
114.634 396.471 140.239 432.143 181.921 445.952 156.316 410.28 
220.097 452.23 263.987 450.914 298.721 424.051 254.831 425.367 
351.696 359.735 393.242 345.522 418.499 309.603 376.953 323.816 
438.652 190.965 424.001 232.358 436.479 274.458 451.13 233.065 
373.319 45.405 370.597 89.23 394.155 126.286 396.876 82.46 
269.983 -14.663 300.656 16.757 343.94 24.147 313.267 -7.273 
101.723 7.682 140.75 27.808 184.152 21.15 145.125 1.025 
52.472 -95.848 41.949 -53.218 79.241 -30.036 89.764 -72.667 
-37.626 -16.161 -33.6 27.564 6.741 10.223 2.714 -33.502 
-72.665 47.614 -61.956 90.198 -28.262 118.354 -38.971 75.77 
-115.906 121.406 -98.742 161.822 -55.0 157.987 -72.164 117.571 
-129.642 204.134 -85.761 205.74 -49.318 181.247 -93.199 179.641 
-108.392 243.37 -131.851 280.488 -89.3 291.328 -65.841 254.21 
-95.55 334.791 -87.835 378.018 -44.34 384.038 -52.054 340.811 
-32.134 426.218 10.633 436.169 51.082 419.082 8.315 409.131 
33.669 459.392 30.495 503.187 73.128 492.671 76.301 448.876 
99.281 447.974 89.45 490.77 106.651 531.171 116.482 488.375 
154.963 480.612 143.489 522.996 180.254 547.006 191.727 504.621 
244.932 490.474 227.121 530.609 270.796 535.146 288.607 495.011 
331.73 453.007 332.477 496.91 357.678 460.953 356.931 417.049 
390.657 406.142 386.156 449.82 426.306 467.599 430.807 423.92 
395.038 389.395 434.493 408.666 477.741 401.065 438.285 381.794 
442.665 346.265 480.269 368.937 513.452 340.18 475.848 317.507 
500.31 225.058 481.53 264.749 513.476 294.875 532.256 255.184 
452.708 134.539 477.609 170.706 519.013 185.329 494.111 149.162 
454.679 102.908 494.565 121.271 524.355 89.011 484.469 70.649 
443.486 50.338 439.232 94.042 468.362 61.186 472.617 17.482 
402.765 -10.248 415.098 31.894 451.367 7.142 439.034 -35.001 
318.546 -62.821 349.662 -31.839 388.742 -51.858 357.626 -82.84 
221.975 -43.211 263.298 -58.062 287.999 -94.365 246.676 -79.514 
169.56 -94.067 190.341 -55.385 220.707 -87.102 199.927 -125.784 
113.951 -98.666 131.261 -58.311 168.984 -35.838 151.675 -76.192 
125.157 -139.711 156.611 -109.072 195.47 -129.517 164.017 -160.157 
-4.907 -169.894 -9.354 -126.21 33.566 -135.48 38.013 -179.164 
-96.012 -139.288 -86.066 -96.52 -42.317 -92.763 -52.263 -135.531 
-128.614 -85.812 -118.773 -43.019 -75.034 -39.154 -84.874 -81.948 
-116.572 48.189 -129.593 90.124 -85.687 89.549 -72.666 47.614 
-155.425 140.546 -149.434 184.046 -109.915 164.905 -115.906 121.406 
-217.624 273.253 -216.286 317.143 -174.131 329.434 -175.469 285.544 
-224.782 401.172 -182.926 414.444 -157.369 378.738 -199.225 365.466 
-159.29 422.605 -161.193 466.474 -118.884 454.728 -116.98 410.859 
-31.96 446.839 -37.586 490.388 2.093 509.195 7.718 465.647 
30.998 505.047 48.334 545.39 92.06 541.369 74.723 501.026 
141.071 625.033 183.519 636.267 207.321 599.368 164.873 588.134 
231.264 636.175 256.68 671.981 282.88 636.744 257.464 600.938 
292.961 573.05 298.48 616.611 341.615 624.824 336.097 581.262 
354.119 504.718 394.73 521.416 423.16 487.952 382.549 471.254 
440.612 424.507 433.103 467.77 476.569 461.542 484.078 418.279 
546.833 368.708 574.455 402.842 598.383 366.024 570.761 331.89 
587.17 284.967 613.133 320.379 654.835 306.629 628.872 271.217 
596.219 207.394 575.179 245.934 618.335 254.035 639.376 215.495 
510.904 130.81 533.576 168.415 562.335 135.233 539.663 97.629 
500.005 15.222 489.74 57.915 527.172 80.871 537.437 38.178 
446.346 -92.847 475.266 -59.806 515.627 -77.101 486.707 -110.142 
408.511 -161.479 413.588 -117.864 453.5 -136.17 448.424 -179.785 
374.493 -196.188 345.748 -162.995 368.434 -125.399 397.179 -158.593 
221.763 -144.41 237.776 -103.524 281.609 -106.119 265.596 -147.005 
214.316 -216.059 206.066 -172.847 249.631 -178.344 257.865 -221.475 
175.832 -237.15 167.584 -194.021 206.053 -172.85 214.316 -216.058 
-193.03 35.962 -196.294 79.751 -155.657 96.386 -152.393 52.598 
-224.856 113.177 -184.3 130.008 -155.76 96.637 -196.316 79.806 
-64.443 549.689 -21.688 559.69 1.036 522.116 -41.72 512.116 
-19.708 560.816 3.673 597.985 31.797 564.263 8.417 527.095 
416.333 531.328 442.672 566.462 467.947 530.555 441.607 495.422 
445.558 492.629 468.874 529.838 511.466 519.162 488.15 481.953 
557.162 77.582 579.939 115.123 622.681 105.061 599.904 67.521 
560.906 33.68 557.124 77.427 599.899 67.505 603.68 23.758 
295.25 -233.844 288.886 -190.398 309.275 -151.509 315.638 -194.955 
175.827 -237.141 214.316 -216.059 257.866 -221.473 219.392 -242.635 
96.134 -200.993 77.993 -161.006 116.174 -182.693 134.315 -222.68 
-195.664 -7.173 -156.193 12.065 -112.952 4.429 -152.423 -14.81 
-221.482 69.405 -224.846 113.186 -196.391 79.744 -193.027 35.963 
-218.153 157.973 -218.122 201.884 -192.288 237.39 -192.319 193.479 
-105.703 496.611 -113.281 539.862 -81.728 509.325 -74.15 466.074 
-64.443 549.689 -38.198 584.893 3.727 597.946 -22.519 562.743 
41.614 607.062 85.467 609.311 122.266 585.354 78.414 583.105 
359.576 547.727 379.657 586.776 418.856 606.564 398.775 567.515 
442.649 566.445 484.741 553.943 511.446 519.086 469.354 531.589 
530.59 404.81 517.525 446.731 531.596 488.325 544.661 446.404 
575.337 177.174 618.591 169.612 649.139 138.069 605.885 145.632 
603.625 23.751 599.929 67.505 622.657 105.076 626.353 61.322 
503.53 -34.891 537.696 -7.308 581.549 -5.075 547.383 -32.658 
