158.856 225.743 153.588 269.336 196.675 260.875 201.943 217.282 
212.307 217.425 206.515 260.952 246.121 279.911 251.913 236.384 
215.313 208.314 255.256 226.552 284.944 194.2 245.001 175.962 
186.133 164.653 207.839 202.823 237.433 170.384 215.728 132.214 
135.374 177.867 156.137 216.558 199.35 208.767 178.587 170.076 
122.462 188.381 117.912 232.054 139.903 270.061 144.452 226.387 
159.903 284.871 200.543 301.499 243.195 291.063 202.555 274.435 
267.666 234.566 264.737 278.378 292.858 244.655 295.786 200.842 
227.753 122.442 248.995 160.872 288.769 179.476 267.527 141.047 
131.244 166.793 174.077 157.129 203.05 124.133 160.216 133.797 
62.083 129.184 99.747 151.756 132.854 122.911 95.189 100.339 
60.09 170.607 50.48 213.453 88.259 235.833 97.869 192.987 
13.85 254.069 52.267 275.334 84.363 245.368 45.945 224.103 
65.417 284.981 82.886 325.267 115.802 296.204 98.333 255.918 
125.799 338.96 164.725 359.278 196.078 328.535 157.152 308.217 
176.566 367.871 196.674 406.906 227.584 375.72 207.477 336.684 
219.495 328.027 238.783 367.474 282.259 361.319 262.971 321.873 
285.878 288.005 306.613 326.711 337.017 295.029 316.281 256.323 
328.213 247.225 348.479 286.178 391.789 278.942 371.523 239.988 
330.572 191.055 324.019 234.473 367.337 227.289 373.891 183.871 
287.303 120.244 307.489 159.238 350.814 152.089 330.627 113.095 
288.909 65.163 283.394 108.725 326.528 100.509 332.044 56.947 
237.574 45.178 230.446 88.506 269.45 108.674 276.578 65.347 
154.303 67.02 148.167 110.499 191.414 102.899 197.55 59.42 
107.909 45.424 99.627 88.546 138.079 109.748 146.362 66.627 
53.069 70.284 37.956 111.511 74.416 87.041 89.529 45.814 
9.615 206.338 8.034 250.219 35.105 215.647 36.686 171.766 
8.486 278.676 26.051 318.92 63.917 341.152 46.351 300.909 
121.226 365.271 147.173 400.695 188.986 414.103 163.039 378.679 
215.441 417.915 258.855 411.332 290.107 380.488 246.693 387.071 
329.388 338.271 370.931 324.049 396.18 288.124 354.637 302.347 
397.434 181.941 389.117 225.056 407.732 264.826 416.048 221.71 
343.383 55.548 343.044 99.456 368.578 135.179 368.917 91.27 
245.432 15.647 281.285 40.998 325.192 40.433 289.339 15.082 
109.792 39.845 150.364 56.639 193.058 46.377 152.486 29.584 
70.817 -54.448 76.56 -10.915 119.737 -2.925 113.994 -46.458 
0.862 16.992 19.767 56.624 51.617 26.397 32.712 -13.235 
-23.552 49.446 -21.249 93.296 6.388 127.417 4.085 83.568 
-78.383 124.431 -55.777 162.074 -12.99 152.205 -35.597 114.562 
-76.415 211.601 -34.089 199.913 -6.718 165.578 -49.044 177.266 
-70.534 224.404 -83.027 266.499 -39.131 265.372 -26.638 223.277 
-58.504 304.778 -42.744 345.763 1.104 343.439 -14.655 302.455 
-8.805 386.216 33.128 399.246 74.71 385.14 32.778 372.11 
45.325 417.767 43.978 461.656 86.135 449.375 87.482 405.485 
103.329 403.123 101.765 447.005 126.293 483.426 127.857 439.544 
150.551 435.337 146.925 479.097 187.422 496.068 191.049 452.308 
229.129 443.65 218.808 486.33 262.589 482.956 272.909 440.276 
310.812 419.208 310.411 463.116 336.544 427.83 336.945 383.922 
357.731 379.622 355.967 423.497 397.149 438.733 398.913 394.858 
359.881 366.547 401.636 380.134 443.403 366.583 401.648 352.996 
404.214 331.293 445.165 347.14 472.891 313.091 431.94 297.244 
447.706 217.913 436.749 260.434 473.803 283.995 484.76 241.474 
416.446 138.844 440.846 175.351 482.043 190.545 457.644 154.037 
419.05 120.197 460.225 135.452 487.457 101.006 446.282 85.751 
404.447 70.512 406.252 114.385 430.58 77.83 428.776 33.957 
366.241 21.609 387.036 60.282 417.391 28.553 396.595 -10.12 
295.235 -18.182 332.196 5.524 366.163 -22.302 329.202 -46.009 
217.269 -13.241 259.278 -26.022 285.75 -61.055 243.741 -48.273 
176.319 -55.398 202.429 -20.093 227.937 -55.835 201.828 -91.139 
120.469 -51.63 144.514 -14.888 185.563 0.703 161.518 -36.038 
124.667 -90.94 161.556 -67.121 195.608 -94.844 158.719 -118.663 
6.072 -118.137 12.249 -74.663 51.686 -93.971 45.51 -137.445 
-63.713 -98.896 -45.096 -59.129 -1.521 -64.546 -20.139 -104.314 
-86.703 -56.851 -79.044 -13.614 -35.557 -7.537 -43.216 -50.774 
-81.802 60.742 -87.749 104.248 -44.535 96.46 -38.588 52.954 
-117.195 154.79 -101.841 195.929 -67.461 168.614 -82.814 127.476 
-170.579 267.012 -160.048 309.64 -116.252 312.798 -126.782 270.169 
-173.184 376.815 -130.073 385.153 -108.82 346.728 -151.932 338.391 
-118.92 389.461 -110.024 432.46 -71.878 410.712 -80.773 367.713 
-10.317 405.621 -10.766 449.528 30.855 463.523 31.303 419.616 
46.679 468.642 68.801 506.573 111.711 497.254 89.589 459.324 
148.43 574.753 191.933 580.716 211.049 541.185 167.545 535.222 
220.733 584.013 248.543 617.994 272.266 581.044 244.457 547.063 
269.54 526.312 282.993 568.11 326.903 568.23 313.45 526.432 
327.478 470.793 369.207 484.461 395.1 448.998 353.371 435.33 
409.396 394.362 406.215 438.156 448.85 427.648 452.03 383.854 
503.249 344.816 534.145 376.018 554.272 336.992 523.376 305.791 
539.168 277.283 566.938 311.296 607.869 295.396 580.098 261.382 
542.065 206.261 528.193 247.922 572.102 248.242 585.974 206.58 
469.747 141.186 495.009 177.101 521.361 141.976 496.098 106.061 
454.56 28.809 449.87 72.468 489.942 90.42 494.633 46.762 
399.587 -67.804 431.121 -37.248 469.927 -57.797 438.392 -88.353 
386.871 -121.252 392.929 -77.762 432.419 -96.963 426.361 -140.453 
348.11 -151.381 326.418 -113.203 356.024 -80.775 377.716 -118.953 
214.922 -102.605 236.728 -64.492 279.713 -73.454 257.908 -111.566 
207.16 -169.601 202.028 -125.909 245.087 -134.514 250.209 -178.124 
167.257 -187.868 162.134 -144.258 202.027 -125.91 207.16 -169.601 
-152.626 52.265 -154.082 96.151 -112.794 111.098 -111.338 67.212 
-181.059 130.797 -139.772 145.747 -112.796 111.101 -154.082 96.151 
-38.353 507.62 3.255 521.649 29.456 486.413 -12.153 472.383 
3.309 521.688 28.532 557.632 54.922 522.537 29.7 486.593 
390.016 492.613 414.885 528.802 441.618 493.967 416.749 457.778 
416.844 457.711 441.634 493.954 483.764 481.577 458.974 445.334 
512.67 86.809 536.241 123.856 578.759 112.887 555.188 75.84 
515.386 42.971 512.667 86.797 555.188 75.84 557.907 32.014 
279.948 -187.703 277.66 -143.852 301.583 -107.032 303.871 -150.882 
167.257 -187.868 207.16 -169.601 250.209 -178.124 210.316 -196.472 
94.491 -150.713 79.37 -109.489 115.835 -133.952 130.955 -175.176 
-154.515 30.952 -111.15 37.848 -72.014 17.937 -115.379 11.042 
-179.6 86.914 -181.057 130.799 -154.082 96.151 -152.626 52.265 
-178.346 166.727 -169.269 209.688 -136.673 239.11 -145.751 196.148 
-71.508 454.619 -73.933 498.462 -46.202 464.418 -43.777 420.575 
-38.353 507.62 -13.027 543.49 28.546 557.624 3.22 521.753 
60.076 566.144 103.764 561.735 136.518 532.49 92.83 536.898 
330.716 505.593 354.247 542.665 395.075 558.826 371.544 521.754 
414.877 528.796 456.993 516.371 483.762 481.564 441.647 493.989 
490.415 372.06 482.693 415.286 501.853 454.795 509.575 411.57 
529.451 185.135 571.95 174.09 599.84 140.175 557.342 151.22 
557.895 32.013 555.188 75.84 578.759 112.887 581.466 69.061 
455.778 -16.229 492.846 7.309 536.67 4.564 499.602 -18.974 
