151.908 241.797 140.043 284.074 183.917 282.294 195.782 240.017 
220.249 240.65 206.924 282.489 242.598 308.091 255.923 266.252 
228.132 214.024 264.133 239.163 299.167 212.692 263.165 187.553 
195.919 158.059 209.879 199.691 245.159 173.55 231.201 131.918 
130.878 171.981 143.166 214.137 187.055 215.478 174.768 173.322 
99.881 206.752 87.969 249.015 103.174 290.209 115.086 247.946 
155.118 315.44 193.272 337.174 236.914 332.331 198.76 310.597 
293.188 256.193 284.833 299.301 316.93 269.336 325.284 226.228 
256.697 110.074 270.347 151.809 305.921 177.55 292.271 135.815 
117.772 141.569 161.673 140.679 196.667 114.155 152.766 115.045 
14.639 98.535 43.996 131.188 84.123 113.358 54.766 80.705 
44.38 175.096 22.956 213.425 52.789 245.645 74.213 207.316 
-26.397 282.202 6.99 310.721 44.431 287.779 11.043 259.261 
23.128 326.176 29.549 369.615 68.877 350.085 62.456 306.647 
111.385 361.093 144.027 390.464 182.047 368.496 149.405 339.125 
181.43 412.402 193.347 454.664 229.858 430.271 217.942 388.009 
237.826 376.231 249.473 418.568 293.337 420.574 281.691 378.237 
306.386 311.961 318.428 354.187 354.867 329.686 342.824 287.459 
371.171 261.625 383.605 303.738 427.499 304.927 415.065 262.814 
379.525 200.021 366.304 241.894 410.213 241.528 423.434 199.656 
322.729 109.889 332.838 152.619 376.601 156.209 366.493 113.479 
324.505 38.211 310.951 79.977 354.861 79.962 368.415 38.196 
271.067 7.031 252.833 46.976 285.188 76.662 303.422 36.717 
165.871 42.551 144.997 81.182 188.188 89.097 209.062 50.465 
82.334 19.829 64.908 60.133 97.854 89.161 115.28 48.856 
4.13 32.334 -22.985 66.872 19.253 54.868 46.367 20.329 
-45.313 228.404 -48.654 272.187 -20.217 238.729 -16.876 194.947 
-36.873 312.725 -30.616 356.187 -0.007 387.67 -6.265 344.208 
112.607 421.138 138.97 456.253 180.938 469.166 154.575 434.051 
223.919 473.777 267.737 476.619 304.856 453.162 261.038 450.32 
370.248 370.814 411.681 356.275 436.656 320.159 395.223 334.698 
466.628 196.609 447.719 236.239 455.716 279.415 474.625 239.785 
391.739 33.848 387.826 77.583 410.366 115.266 414.279 71.53 
286.249 -39.438 313.332 -4.876 355.559 7.167 328.475 -27.396 
85.014 -19.8 122.747 2.656 166.473 -1.355 128.74 -23.812 
34.193 -121.083 21.39 -79.081 57.38 -53.925 70.183 -95.927 
-53.365 -43.45 -62.463 -0.493 -18.797 -5.116 -9.7 -48.073 
-98.215 24.999 -87.936 67.689 -54.529 96.185 -64.807 53.495 
-132.831 116.526 -125.459 159.812 -82.012 166.176 -89.385 122.89 
-163.97 196.187 -123.329 212.814 -80.678 202.377 -121.318 185.75 
-129.834 256.239 -162.829 285.212 -125.078 307.639 -92.083 278.666 
-114.653 350.294 -116.507 394.164 -75.356 409.484 -73.502 365.614 
-54.692 448.228 -11.421 455.691 27.973 436.295 -15.298 428.832 
21.705 479.756 15.287 523.194 58.583 515.875 65.001 472.436 
98.479 473.241 80.763 513.419 90.047 556.336 107.763 516.159 
160.119 507.827 139.442 546.564 169.893 578.199 190.57 539.463 
255.133 518.681 231.398 555.623 273.867 566.781 297.602 529.839 
339.397 480.273 341.142 524.148 365.519 487.626 363.773 443.751 
407.158 425.26 399.989 468.581 438.974 488.786 446.143 445.465 
415.369 400.03 451.066 425.6 494.975 425.304 459.278 399.735 
467.253 351.654 499.3 381.672 537.752 360.469 505.704 330.451 
534.977 228.963 510.349 265.315 537.312 299.972 561.941 263.619 
477.652 135.729 502.805 171.721 544.309 186.055 519.156 150.063 
478.049 91.952 515.914 114.186 548.761 85.046 510.896 62.811 
469.81 35.294 457.778 77.524 492.334 50.431 504.366 8.202 
424.387 -36.892 426.46 6.969 467.534 -8.557 465.461 -52.418 
332.512 -97.909 356.547 -61.161 398.923 -72.663 374.889 -109.412 
227.558 -64.081 268.615 -79.652 292.677 -116.382 251.621 -100.811 
161.046 -122.587 172.3 -80.144 209.188 -103.964 197.934 -146.407 
106.997 -138.703 114.09 -95.369 145.298 -64.48 138.206 -107.814 
125.329 -175.384 150.896 -139.685 192.749 -152.969 167.182 -188.668 
-8.178 -205.162 -21.949 -163.468 21.961 -163.255 35.732 -204.95 
-109.17 -169.146 -102.523 -125.742 -59.189 -118.651 -65.836 -162.055 
-146.431 -110.899 -132.215 -69.354 -88.311 -70.037 -102.527 -111.582 
-155.997 35.474 -165.394 78.367 -121.697 74.05 -112.299 31.158 
-176.74 125.496 -181.654 169.131 -138.637 160.321 -133.722 116.687 
-246.184 268.079 -252.232 311.571 -212.739 330.762 -206.69 287.271 
-262.985 401.779 -223.234 420.433 -193.209 388.392 -232.96 369.738 
-188.584 432.057 -197.906 474.966 -154.217 470.572 -144.894 427.664 
-53.194 469.224 -63.359 511.941 -25.873 534.809 -15.708 492.092 
15.552 524.615 28.915 566.442 72.825 566.658 59.461 524.831 
127.812 653.623 168.641 669.781 196.626 635.944 155.797 619.786 
225.264 669.229 247.748 706.946 276.671 673.907 254.188 636.19 
298.093 603.402 296.671 647.289 337.97 662.203 339.393 618.316 
365.752 531.535 405.006 551.213 435.85 519.961 396.596 500.283 
456.872 447.126 444.84 489.356 488.721 487.749 500.752 445.52 
572.195 387.705 596.041 424.576 623.739 390.503 599.893 353.632 
615.618 297.641 639.43 334.534 681.876 323.287 658.063 286.395 
630.468 216.306 604.126 251.437 645.678 265.634 672.02 230.503 
539.605 127.99 559.642 167.062 590.61 135.932 570.573 96.86 
533.794 8.887 518.117 49.903 552.281 77.488 567.958 36.472 
475.875 -114.653 500.789 -78.495 542.876 -91.016 517.962 -127.174 
428.171 -185.705 431.272 -141.904 471.97 -158.389 468.869 -202.189 
396.161 -222.377 363.963 -192.521 382.408 -152.673 414.606 -182.529 
228.28 -175.435 239.764 -133.053 283.62 -130.88 272.136 -173.261 
226.298 -249.281 213.67 -207.14 257.568 -208.15 270.173 -250.212 
191.799 -279.658 173.373 -239.801 205.585 -209.96 224.046 -249.891 
-211.447 13.301 -220.5 56.268 -182.434 78.155 -173.381 35.189 
-256.055 83.899 -219.986 108.941 -185.023 82.374 -221.093 57.333 
-90.572 564.164 -47.559 572.99 -25.873 534.809 -68.887 525.983 
-42.46 575.465 -24.46 615.516 8.069 586.021 -9.931 545.969 
421.462 561.446 448.472 596.065 473.051 559.678 446.039 525.059 
456.743 517.841 475.667 557.464 519.199 551.711 500.275 512.088 
589.387 77.728 609.791 116.61 653.075 109.22 632.671 70.338 
597.393 31.933 588.972 75.027 632.56 69.719 640.981 26.624 
317.341 -262.465 302.942 -220.983 315.674 -178.96 330.073 -220.442 
191.849 -279.721 226.316 -252.557 270.161 -250.684 235.722 -277.925 
96.024 -236.271 78.704 -195.921 116.434 -218.384 133.754 -258.734 
-206.182 -51.656 -179.477 -16.799 -137.385 -4.297 -164.089 -39.153 
-245.209 41.359 -256.047 83.911 -222.267 55.856 -211.429 13.305 
-243.864 145.79 -249.52 189.335 -228.501 227.887 -222.845 184.343 
-134.471 509.791 -149.375 551.094 -113.041 526.439 -98.137 485.136 
-90.67 564.656 -65.778 600.828 -24.377 615.461 -49.271 579.288 
21.209 627.919 64.41 635.778 103.98 616.743 60.779 608.884 
368.569 575.717 383.284 617.088 419.505 641.909 404.791 600.538 
448.462 596.059 491.039 585.323 519.175 551.611 476.598 562.347 
552.938 432.951 534.983 473.022 544.011 515.995 561.966 475.923 
603.659 177.859 647.523 175.845 681.826 148.433 637.962 150.447 
640.888 26.607 633.537 69.897 653.035 109.241 660.386 65.95 
539.008 -47.277 569.913 -16.084 613.251 -9.014 582.346 -40.207 
