149.178 242.349 135.402 284.042 179.311 284.26 193.087 242.567 
220.781 243.648 205.309 284.742 239.611 312.155 255.083 271.061 
229.549 213.768 264.561 240.269 300.583 215.161 265.572 188.659 
196.957 155.88 209.587 197.935 245.68 172.929 233.052 130.874 
129.86 169.263 140.093 211.964 183.866 215.428 173.634 172.726 
96.539 206.383 82.983 248.148 96.565 289.905 110.121 248.14 
152.034 318.67 189.347 341.817 233.14 338.611 195.826 315.464 
296.646 258.893 286.596 301.638 319.851 272.964 329.901 230.219 
261.304 106.461 273.163 148.738 307.608 175.971 295.749 133.693 
115.201 134.881 159.081 136.487 195.526 111.994 151.645 110.388 
8.348 94.249 35.342 128.881 76.622 113.911 49.628 79.278 
41.224 172.395 17.187 209.142 44.707 243.358 68.745 206.612 
-31.789 286.268 1.927 314.397 39.099 291.023 5.382 262.893 
18.466 329.784 23.011 373.458 63.143 355.64 58.598 311.966 
106.415 363.1 137.599 394.014 176.636 373.91 145.453 342.996 
182.311 417.452 193.121 460.011 230.256 436.579 219.447 394.021 
240.981 381.816 250.988 424.57 294.743 428.264 284.735 385.51 
308.791 315.457 319.076 358.145 356.497 335.172 346.211 292.483 
377.262 261.824 388.509 304.269 432.353 306.689 421.105 264.244 
387.477 199.301 372.566 240.601 416.453 242.02 431.364 200.719 
328.199 107.305 336.333 150.455 379.885 156.052 371.751 112.902 
328.133 31.687 313.316 73.022 357.206 74.341 372.023 33.006 
274.28 -1.858 253.311 36.722 283.522 68.587 304.491 30.007 
168.278 35.174 144.056 71.799 186.373 83.518 210.595 46.893 
78.066 13.855 60.508 54.102 93.359 83.238 110.917 42.991 
-5.516 27.221 -33.985 60.652 8.697 50.34 37.167 16.91 
-53.836 232.183 -57.1 275.972 -28.722 242.465 -25.457 198.677 
-41.978 315.01 -37.033 358.64 -7.386 391.031 -12.332 347.4 
111.237 429.131 138.353 463.668 180.591 475.671 153.475 441.134 
224.47 480.106 268.166 484.437 306.062 462.257 262.366 457.926 
376.71 374.153 418.037 359.314 442.749 323.018 401.423 337.857 
475.967 198.57 455.485 237.41 461.745 280.872 482.227 242.032 
397.616 27.713 393.311 71.411 415.512 109.295 419.818 65.596 
290.753 -49.491 316.5 -13.922 358.237 -0.279 332.49 -35.849 
80.416 -28.375 117.664 -5.123 161.465 -8.205 124.217 -31.457 
26.609 -128.55 15.699 -86.017 52.779 -62.497 63.689 -105.031 
-59.008 -50.991 -68.817 -8.191 -25.08 -12.089 -15.272 -54.89 
-106.388 14.535 -99.273 57.864 -68.049 88.737 -75.164 45.407 
-136.045 113.583 -133.292 157.407 -90.763 168.331 -93.515 124.507 
-173.538 193.019 -135.429 214.833 -91.777 210.081 -129.886 188.267 
-137.514 258.694 -171.466 286.538 -134.493 310.225 -100.54 282.381 
-119.745 351.584 -124.275 395.259 -84.137 413.064 -79.606 369.389 
-63.025 451.566 -19.675 458.554 19.504 438.727 -23.847 431.739 
16.073 482.502 7.276 525.522 50.909 520.595 59.706 477.575 
97.385 479.47 76.553 518.124 82.42 561.64 103.252 522.986 
160.869 514.902 136.63 551.516 163.961 585.883 188.2 549.27 
255.987 526.624 230.179 562.149 271.94 575.717 297.749 540.192 
339.6 490.599 341.285 534.477 365.712 497.988 364.027 454.111 
411.882 431.191 403.068 474.208 441.255 495.883 450.069 452.867 
421.776 403.065 455.789 430.836 499.63 433.311 465.617 405.54 
475.219 352.579 504.557 385.249 544.695 367.443 515.356 334.772 
545.664 230.723 519.181 265.748 544.307 301.758 570.791 266.734 
486.613 137.084 511.734 173.098 553.226 187.469 528.105 151.455 
485.088 86.849 521.843 110.874 556.05 83.342 519.295 59.317 
478.392 28.84 463.492 70.144 499.825 45.487 514.726 4.182 
431.121 -46.702 429.156 -2.837 471.483 -14.523 473.447 -58.389 
337.346 -108.795 359.193 -70.706 402.168 -79.714 380.321 -117.803 
231.299 -74.252 272.503 -89.429 296.916 -125.927 255.712 -110.75 
157.913 -131.569 165.457 -88.311 204.265 -108.853 196.723 -152.11 
103.52 -150.315 107.571 -106.592 136.548 -73.601 132.497 -117.324 
122.527 -185.723 147.423 -149.553 189.517 -162.055 164.62 -198.224 
-11.288 -215.314 -28.692 -175.0 15.027 -170.905 32.431 -211.219 
-116.177 -176.967 -107.146 -133.995 -63.487 -129.306 -72.518 -172.277 
-150.229 -120.947 -137.839 -78.821 -93.946 -77.588 -106.337 -119.714 
-174.944 30.197 -186.041 72.682 -142.206 70.107 -131.109 27.623 
-183.642 119.718 -191.685 162.886 -148.146 157.195 -140.102 114.028 
-253.876 263.282 -261.944 306.444 -223.387 327.455 -215.319 284.293 
-273.755 397.787 -234.816 418.081 -203.482 387.32 -242.42 367.025 
-197.363 430.801 -208.232 473.345 -164.413 470.535 -153.543 427.992 
-61.562 471.728 -72.307 514.303 -35.136 537.679 -24.391 495.104 
7.758 528.724 19.794 570.952 63.675 572.554 51.639 530.326 
120.762 660.183 160.866 678.066 190.266 645.451 150.162 627.569 
220.289 677.492 241.472 715.955 271.506 683.923 250.323 645.46 
296.85 611.877 293.04 655.621 333.467 672.761 337.276 629.017 
368.548 541.806 407.308 562.44 438.909 531.952 400.148 511.319 
461.456 455.01 447.71 496.713 491.62 496.9 505.366 455.197 
579.523 394.184 601.861 431.987 630.912 399.061 608.574 361.257 
624.117 302.671 647.057 340.113 689.755 329.867 666.815 292.425 
640.801 220.185 612.821 254.025 653.652 270.179 681.632 236.338 
550.354 126.881 569.372 166.459 601.136 136.141 582.118 96.563 
544.847 6.001 527.302 46.253 560.163 75.378 577.708 35.126 
484.658 -122.32 508.187 -85.245 550.718 -96.166 527.189 -133.24 
434.618 -193.544 437.227 -149.712 478.108 -165.738 475.499 -209.57 
402.777 -230.492 369.818 -201.478 387.227 -161.167 420.186 -190.18 
229.83 -189.96 240.372 -147.335 284.169 -144.19 273.627 -186.815 
231.82 -259.585 219.284 -217.417 263.18 -218.523 275.693 -260.613 
193.586 -293.958 171.458 -256.032 200.689 -223.266 222.86 -261.263 
-217.046 4.298 -229.419 46.429 -193.174 71.216 -180.801 29.085 
-269.17 69.621 -237.133 99.65 -198.674 78.461 -230.71 48.432 
-100.817 564.767 -58.137 575.083 -35.136 537.679 -77.817 527.363 
-52.948 577.813 -37.151 618.783 -3.067 591.099 -18.865 550.129 
420.488 571.812 447.287 606.595 472.087 570.359 445.287 535.576 
459.277 526.599 475.563 567.377 519.378 564.489 503.092 523.711 
600.865 78.953 620.238 118.358 663.701 112.111 644.328 72.705 
612.15 30.587 600.198 72.839 644.076 71.15 656.028 28.898 
325.582 -271.181 308.045 -230.924 317.519 -188.049 335.056 -228.305 
197.409 -299.305 231.099 -271.184 274.874 -268.081 241.214 -296.278 
92.383 -246.064 75.946 -205.346 113.178 -228.627 129.614 -269.344 
-204.663 -68.278 -187.26 -27.964 -149.484 -5.579 -166.888 -45.893 
-253.791 28.502 -269.161 69.634 -232.549 45.392 -217.18 4.259 
-253.816 140.267 -259.29 183.835 -238.11 222.3 -232.636 178.732 
-143.98 509.4 -160.998 549.878 -123.438 527.133 -106.42 486.655 
-100.817 564.766 -77.716 602.107 -37.077 618.739 -60.179 581.397 
11.939 632.366 54.785 641.971 95.095 624.557 52.248 614.952 
369.002 583.905 381.089 626.119 415.68 653.165 403.594 610.952 
447.283 606.594 490.177 597.2 519.357 564.389 476.464 573.782 
559.413 443.22 539.765 482.489 546.952 525.807 566.6 486.538 
612.369 178.59 656.277 179.093 692.094 153.692 648.187 153.189 
655.93 28.875 646.404 71.739 663.892 112.017 673.418 69.153 
550.073 -52.261 580.081 -20.205 623.201 -11.909 593.192 -43.966 
