157.874 228.248 151.68 271.719 194.938 264.176 201.131 220.705 
213.829 220.901 206.806 264.246 245.859 284.319 252.882 240.975 
217.428 210.406 256.829 229.789 287.437 198.306 248.037 178.923 
187.705 164.926 208.354 203.678 238.828 172.066 218.181 133.313 
135.033 178.158 154.747 217.394 198.155 210.77 178.441 171.534 
119.942 190.624 114.43 234.186 135.576 272.669 141.088 229.107 
159.323 289.858 199.671 307.182 242.496 297.482 202.148 280.158 
270.554 238.839 266.873 282.595 295.569 249.36 299.251 205.604 
232.651 121.363 252.729 160.413 291.927 180.203 271.849 141.153 
129.964 164.908 172.972 156.05 202.559 123.605 159.552 132.463 
57.524 125.147 94.486 148.851 128.452 121.023 91.49 97.319 
56.876 171.513 45.424 213.903 82.201 237.894 93.653 195.503 
6.549 255.318 44.123 278.039 77.343 249.324 39.768 226.603 
59.198 289.31 75.224 330.191 109.152 302.317 93.127 261.436 
123.789 343.716 161.882 365.556 194.425 336.076 156.332 314.236 
175.825 375.851 194.672 415.511 226.566 385.332 207.721 345.672 
221.367 335.974 239.513 375.959 283.149 371.057 265.003 331.072 
289.521 292.85 308.896 332.254 340.385 301.651 321.009 262.246 
334.81 251.812 353.87 291.37 397.382 285.468 378.322 245.91 
337.333 193.783 329.89 237.057 373.347 230.763 380.789 187.488 
293.194 119.496 311.858 159.242 355.426 153.774 336.763 114.028 
294.555 61.398 287.966 104.811 331.291 97.662 337.879 54.249 
243.098 40.127 234.763 83.238 273.189 104.488 281.524 61.376 
155.042 64.477 147.354 107.709 190.845 101.661 198.534 58.429 
106.609 41.303 96.743 84.091 134.387 106.696 144.253 63.909 
45.953 63.809 27.894 103.834 66.03 82.068 84.089 42.044 
2.204 207.173 0.117 251.033 27.586 216.776 29.673 172.916 
0.61 283.914 16.324 324.916 53.138 348.85 37.423 307.848 
118.831 374.197 144.56 409.78 186.29 423.444 160.561 387.861 
216.417 428.051 260.031 422.961 292.323 393.207 248.709 398.297 
335.239 345.258 376.808 331.112 402.123 295.234 360.554 309.38 
409.7 184.476 399.539 227.194 416.427 267.726 426.589 225.008 
353.098 51.951 351.943 95.846 376.809 132.036 377.964 88.141 
252.2 7.121 286.63 34.373 330.503 36.183 296.073 8.931 
109.229 33.25 149.48 50.798 192.359 41.335 152.107 23.788 
64.408 -66.942 65.618 -23.048 107.737 -10.635 106.527 -54.529 
-12.195 7.552 3.734 48.471 37.728 20.676 21.798 -20.243 
-40.15 49.94 -34.883 93.533 -5.0 125.705 -10.267 82.112 
-90.693 124.714 -68.771 162.76 -25.813 153.667 -47.735 115.621 
-92.249 210.059 -49.211 201.35 -19.512 169.008 -62.55 177.716 
-82.874 229.544 -97.884 270.809 -54.0 272.332 -38.991 231.067 
-69.851 313.281 -56.029 354.959 -12.12 354.691 -25.942 313.014 
-14.961 398.51 27.202 410.772 68.521 395.91 26.358 383.648 
41.9 430.83 40.042 474.701 82.34 462.911 84.198 419.04 
101.25 417.022 97.78 460.795 120.702 498.247 124.172 454.475 
150.825 449.334 145.405 492.908 185.172 511.528 190.592 467.954 
233.171 457.697 220.794 499.826 264.686 498.579 277.063 456.449 
318.056 428.786 317.858 472.695 343.827 437.288 344.025 393.378 
368.782 387.465 366.166 431.297 407.045 447.329 409.66 403.497 
371.27 374.672 412.649 389.368 454.762 376.935 413.384 362.24 
416.264 336.804 456.56 354.251 485.604 321.319 445.309 303.872 
463.23 220.119 450.177 262.044 486.017 287.414 499.07 245.489 
427.59 136.733 452.124 173.15 493.377 188.192 468.844 151.775 
430.138 114.313 471.028 130.315 498.884 96.371 457.993 80.369 
416.549 64.117 417.115 108.023 442.465 72.17 441.9 28.263 
378.304 12.349 397.006 52.077 429.011 22.013 410.308 -17.715 
301.897 -30.45 337.703 -5.033 372.941 -31.232 337.134 -56.649 
218.437 -22.647 260.253 -36.044 286.209 -71.461 244.392 -58.064 
174.232 -66.89 199.375 -30.891 225.842 -65.927 200.7 -101.927 
118.333 -64.695 140.628 -26.866 180.9 -9.365 158.605 -47.195 
124.091 -105.572 159.59 -79.728 195.139 -105.503 159.64 -131.347 
2.955 -134.005 6.677 -90.253 47.137 -107.313 43.416 -151.065 
-74.17 -110.286 -57.32 -69.737 -13.549 -73.231 -30.399 -113.78 
-98.013 -67.256 -92.915 -23.642 -49.862 -15.014 -54.96 -58.627 
-93.247 57.445 -101.713 100.531 -58.12 95.268 -49.654 52.182 
-128.655 150.759 -116.108 192.838 -79.966 167.902 -92.513 125.823 
-185.173 269.255 -176.973 312.393 -133.413 317.925 -141.613 274.788 
-187.807 385.701 -144.932 395.181 -122.668 357.334 -165.542 347.854 
-130.602 400.52 -124.676 444.029 -85.129 424.948 -91.054 381.44 
-16.067 418.248 -17.736 462.126 23.479 477.273 25.148 433.394 
42.06 480.393 63.034 518.97 106.204 510.943 85.23 472.366 
146.783 590.479 190.097 597.69 210.341 558.725 167.027 551.513 
225.901 599.784 253.203 634.174 277.473 597.581 250.171 563.191 
278.053 540.404 289.454 582.807 333.306 585.067 321.905 542.663 
336.685 480.613 378.178 494.98 404.663 459.957 363.17 445.59 
419.654 403.308 415.481 447.019 458.342 437.48 462.516 393.769 
516.969 352.049 547.183 383.911 568.15 345.33 537.936 313.468 
554.412 278.165 581.833 312.461 622.923 296.98 595.502 262.684 
558.802 205.182 542.974 246.14 586.819 248.537 602.647 207.579 
482.419 137.077 507.039 173.436 534.011 138.786 509.391 102.427 
468.075 23.821 461.99 67.308 501.468 86.532 507.553 43.046 
415.142 -72.608 446.783 -42.161 485.516 -62.845 453.875 -93.291 
392.267 -133.746 398.869 -90.335 438.115 -110.028 431.513 -153.439 
355.778 -165.64 331.658 -128.947 359.101 -94.669 383.221 -131.362 
216.321 -115.588 236.597 -76.64 279.905 -83.889 259.629 -122.837 
208.376 -183.656 202.685 -140.033 245.85 -148.086 251.531 -191.627 
168.712 -202.434 163.029 -158.893 202.683 -140.034 208.376 -183.656 
-165.823 48.015 -167.355 91.898 -126.093 106.916 -124.561 63.033 
-194.395 126.495 -153.135 141.52 -126.095 106.923 -167.355 91.898 
-45.103 521.584 -3.233 534.811 22.285 499.077 -19.586 485.85 
-2.954 535.007 22.24 570.971 48.659 535.897 23.465 499.933 
399.951 503.614 425.165 539.563 451.563 504.474 426.349 468.525 
426.905 468.136 451.685 504.386 493.818 492.022 469.038 455.771 
526.067 82.897 549.663 119.928 592.174 108.931 568.578 71.899 
528.767 39.039 526.058 82.866 568.577 71.899 571.286 28.073 
283.242 -202.182 280.211 -158.377 303.506 -121.156 306.537 -164.961 
168.711 -202.432 208.376 -183.656 251.531 -191.627 211.876 -210.484 
94.666 -165.856 78.714 -124.946 115.666 -148.666 131.618 -189.576 
-168.036 20.051 -125.449 30.75 -84.707 14.373 -127.294 3.674 
-192.857 82.616 -194.389 126.5 -167.355 91.898 -165.823 48.015 
-190.733 164.202 -184.216 207.626 -153.42 238.926 -159.937 195.503 
-80.91 468.654 -84.294 512.433 -55.824 479.004 -52.441 435.224 
-45.103 521.584 -19.441 557.214 22.264 570.955 -3.399 535.325 
55.259 579.308 99.091 576.678 133.005 548.787 89.174 551.417 
340.938 518.246 363.827 555.719 404.371 572.58 381.482 535.108 
425.152 539.554 467.208 526.929 493.812 491.996 451.756 504.62 
503.36 381.165 494.25 424.119 512.127 464.225 521.238 421.271 
543.875 181.574 586.526 171.133 614.894 137.616 572.244 148.057 
571.261 28.07 568.579 71.898 592.171 108.933 594.853 65.105 
469.974 -21.778 506.507 2.582 550.381 0.817 513.849 -23.544 
