159.87 222.141 157.283 265.975 199.771 254.889 202.358 211.056 
212.349 210.333 210.494 254.204 251.645 269.524 253.499 225.653 
214.275 202.474 255.773 216.827 282.247 181.796 240.749 167.443 
182.289 161.806 207.136 198.01 233.89 163.192 209.044 126.988 
133.818 177.424 157.207 214.587 199.778 203.826 176.389 166.664 
123.44 186.519 121.539 230.388 145.788 266.995 147.688 223.127 
165.653 282.529 207.064 297.133 249.149 284.607 207.739 270.003 
268.21 223.4 267.404 267.302 293.86 232.258 294.666 188.355 
218.875 117.923 243.373 154.364 284.611 169.446 260.114 133.005 
129.938 168.193 172.095 155.91 198.982 121.193 156.824 133.476 
72.772 139.969 112.65 158.349 142.454 126.102 102.575 107.722 
70.508 170.675 66.743 214.423 107.187 231.523 110.951 187.775 
34.85 255.954 75.046 273.626 104.274 240.856 64.077 223.185 
78.136 276.14 99.21 314.662 129.335 282.716 108.261 244.193 
135.586 326.178 176.482 342.167 204.326 308.214 163.43 292.225 
182.11 346.088 204.855 383.648 233.548 350.409 210.803 312.849 
213.936 310.841 236.051 348.774 278.963 339.462 256.847 301.529 
276.02 272.378 300.099 309.097 327.579 274.849 303.5 238.13 
308.549 234.537 331.41 272.027 374.129 261.87 351.269 224.38 
311.381 186.654 307.39 230.382 350.211 220.665 354.202 176.937 
269.766 124.563 293.533 161.485 335.992 150.291 312.226 113.369 
270.95 74.835 267.838 118.634 310.456 108.059 313.568 64.26 
225.861 57.81 222.27 101.573 262.782 118.512 266.372 74.749 
153.83 77.615 151.568 121.467 193.973 110.067 196.235 66.215 
108.666 59.873 104.173 103.552 144.326 121.323 148.819 77.644 
72.326 90.226 64.81 133.488 96.32 102.907 103.836 59.645 
28.126 208.356 28.616 252.263 54.027 216.454 53.537 172.546 
32.821 261.586 54.725 299.642 94.816 317.555 72.91 279.499 
132.656 339.448 159.665 374.069 201.865 386.204 174.856 351.582 
208.542 386.502 251.31 376.554 280.063 343.367 237.295 353.315 
308.576 314.434 349.934 299.682 374.722 263.437 333.364 278.19 
360.567 177.074 356.445 220.79 378.807 258.58 382.928 214.864 
316.762 64.049 318.066 107.939 344.919 142.681 343.614 98.79 
229.648 46.992 268.845 66.784 312.189 59.757 272.992 39.965 
109.49 57.107 151.139 71.016 193.009 57.788 151.36 43.879 
80.004 -4.585 99.388 34.815 142.85 28.556 123.466 -10.844 
34.388 45.601 58.179 82.507 85.927 48.475 62.135 11.569 
22.862 56.417 18.931 100.15 41.456 137.842 45.387 94.108 
-38.272 129.154 -12.573 164.757 29.23 151.317 3.531 115.714 
-27.306 217.654 13.801 202.216 37.982 165.564 -3.125 181.002 
-26.52 219.602 -30.733 263.309 12.137 253.81 16.35 210.102 
-23.424 279.572 -3.591 318.747 39.796 311.991 19.963 272.815 
11.719 345.751 53.102 360.434 95.211 347.989 53.829 333.306 
60.685 375.119 61.136 419.027 102.756 405.029 102.304 361.121 
119.042 357.39 120.037 401.289 146.646 436.219 145.651 392.32 
158.142 390.248 159.004 434.15 201.023 446.897 200.161 402.995 
215.696 402.239 210.031 445.782 253.194 437.714 258.858 394.17 
283.536 387.138 282.704 431.04 309.181 396.012 310.014 352.11 
322.567 350.192 322.853 394.101 364.702 407.397 364.416 363.488 
324.3 335.337 366.409 347.782 407.792 333.1 365.683 320.654 
367.34 306.722 409.554 318.808 434.094 282.395 391.879 270.309 
401.772 213.31 395.875 256.822 435.436 275.876 441.332 232.364 
378.873 150.961 403.219 187.504 444.394 202.757 420.048 166.215 
380.919 140.413 422.678 153.988 448.493 118.467 406.734 104.892 
365.867 91.138 368.502 134.969 392.134 97.96 389.498 54.129 
329.254 49.943 355.112 85.431 380.873 49.871 355.014 14.383 
277.634 21.661 316.881 41.353 347.736 10.111 308.489 -9.58 
213.912 23.231 256.408 12.18 284.292 -21.74 241.796 -10.689 
178.194 -15.336 205.617 18.958 229.758 -17.72 202.336 -52.014 
123.466 -10.845 151.532 22.926 194.087 33.75 166.021 -0.02 
125.676 -42.129 165.484 -23.598 195.41 -55.731 155.601 -74.262 
21.837 -68.186 30.866 -25.214 68.944 -47.079 59.916 -90.051 
-24.606 -69.607 -12.997 -27.259 30.865 -25.214 19.256 -67.562 
-53.288 -9.759 -24.231 23.162 16.058 5.7 -12.999 -27.221 
-43.169 74.618 -43.337 118.527 -1.525 105.118 -1.357 61.209 
-75.347 167.054 -54.442 205.669 -24.178 173.855 -45.081 135.24 
-118.477 260.097 -107.272 302.553 -63.431 305.017 -74.636 262.561 
-129.834 341.16 -87.024 350.928 -64.505 313.232 -107.314 303.464 
-80.361 354.179 -63.589 394.76 -30.178 366.269 -46.949 325.688 
9.38 364.489 11.382 408.353 53.718 420.004 51.716 376.14 
65.18 427.749 89.235 464.484 131.606 452.959 107.551 416.224 
157.525 523.092 200.867 530.133 220.957 491.088 177.615 484.047 
201.483 530.444 228.198 565.292 253.085 529.116 226.371 494.268 
242.86 480.39 262.025 519.897 305.52 513.877 286.355 474.37 
296.456 438.037 338.616 450.313 363.318 414.011 321.159 401.735 
375.207 362.534 373.648 406.417 415.865 394.338 417.423 350.456 
459.906 317.917 489.975 349.916 511.116 311.431 481.047 279.431 
485.812 275.225 512.415 310.159 553.86 295.653 527.257 260.719 
486.025 212.841 478.297 256.065 521.794 250.058 529.522 206.834 
428.65 157.638 455.054 192.722 480.263 156.769 453.858 121.684 
411.619 49.401 409.429 93.256 450.462 108.891 452.651 65.035 
365.259 -33.523 395.773 -1.948 435.233 -21.211 404.719 -52.786 
361.255 -80.634 363.822 -36.799 404.719 -52.786 402.152 -96.621 
317.292 -103.608 305.833 -61.22 342.606 -37.223 354.065 -79.611 
209.844 -58.853 235.46 -23.19 277.294 -36.532 251.678 -72.195 
202.519 -122.165 199.328 -78.289 241.963 -88.793 245.148 -132.588 
161.845 -138.646 158.66 -94.852 199.327 -78.289 202.518 -122.165 
-105.534 64.256 -107.946 108.1 -66.994 123.943 -64.582 80.099 
-135.671 142.153 -94.719 157.996 -66.996 123.944 -107.948 108.101 
-16.751 461.366 24.485 476.451 51.576 441.894 10.338 426.808 
24.486 476.452 48.978 512.897 76.071 478.342 51.579 441.897 
355.176 457.159 379.692 493.587 406.762 459.012 382.244 422.584 
382.245 422.584 406.762 459.012 448.983 446.953 424.466 410.524 
468.551 105.966 492.304 142.897 534.768 131.718 511.014 94.788 
471.041 62.126 468.551 105.966 511.014 94.787 513.505 50.948 
267.892 -138.942 267.9 -95.032 293.716 -59.513 293.708 -103.423 
161.846 -138.645 202.518 -122.165 245.148 -132.588 204.481 -149.15 
97.86 -99.548 88.434 -56.662 121.268 -85.817 130.694 -128.703 
-105.907 51.46 -62.297 56.593 -24.0 35.113 -67.609 29.98 
-133.257 98.308 -135.671 142.152 -107.947 108.1 -105.534 64.256 
-135.22 174.96 -118.11 215.399 -80.497 238.058 -97.608 197.619 
-41.864 408.595 -42.679 452.497 -16.215 417.458 -15.4 373.556 
-16.751 461.365 7.742 497.809 48.978 512.896 24.485 476.452 
77.907 522.214 120.78 512.726 149.889 479.851 107.016 489.338 
296.948 464.164 321.687 500.441 363.026 515.248 338.286 478.971 
379.692 493.586 421.913 481.526 448.983 446.952 406.761 459.012 
446.779 342.029 443.46 385.814 466.511 423.187 469.83 379.402 
480.392 200.679 522.586 188.522 549.576 153.886 507.382 166.043 
513.505 50.948 511.014 94.788 534.768 131.718 537.258 87.879 
413.07 16.695 453.049 34.854 496.067 26.046 456.087 7.887 
