157.06 230.741 150.027 274.084 193.422 267.379 200.455 224.035 
215.354 224.241 207.305 267.407 245.87 288.402 253.92 245.236 
219.606 211.913 258.529 232.237 289.885 201.498 250.962 181.175 
189.186 164.755 208.917 203.982 240.126 173.095 220.396 133.868 
134.641 178.132 153.36 217.853 196.92 212.324 178.201 172.604 
117.081 193.116 110.705 236.561 131.084 275.456 137.46 232.011 
159.073 294.731 199.145 312.683 242.117 303.653 202.044 285.7 
274.129 242.483 269.787 286.178 298.982 253.379 303.324 209.685 
237.16 119.721 256.198 159.289 294.858 180.11 275.82 140.542 
128.594 162.775 171.747 154.655 201.886 122.722 158.733 130.841 
52.459 121.591 88.844 146.172 123.466 119.164 87.08 94.583 
53.852 172.699 40.916 214.66 76.827 239.929 89.762 197.968 
-0.088 257.469 36.698 281.443 70.867 253.865 34.08 229.891 
53.109 294.025 67.774 335.414 102.605 308.676 87.94 267.288 
122.236 347.954 159.544 371.111 193.096 342.785 155.789 319.628 
175.524 383.025 193.182 423.229 225.961 394.012 208.304 353.809 
223.301 343.327 240.405 383.769 284.153 379.998 267.049 339.557 
292.714 296.839 310.872 336.818 343.284 307.193 325.124 267.214 
341.071 255.095 358.964 295.194 402.63 290.569 384.737 250.47 
344.172 196.048 335.866 239.165 379.439 233.741 387.746 190.623 
298.508 118.428 315.748 158.812 359.483 154.894 342.243 114.51 
300.09 58.243 292.415 101.477 335.905 95.416 343.58 52.182 
248.494 35.699 238.983 78.566 276.813 100.859 286.324 57.991 
156.474 62.576 147.266 105.51 190.944 101.0 200.152 58.066 
104.069 38.312 92.911 80.781 129.853 104.516 141.011 62.048 
39.385 58.638 18.945 97.5 58.324 78.074 78.764 39.212 
-5.051 208.753 -7.483 252.595 20.254 218.556 22.686 174.713 
-6.565 288.942 7.469 330.548 43.28 355.959 29.244 314.352 
117.057 382.2 142.687 417.854 184.379 431.634 158.749 395.98 
217.418 437.082 261.172 433.377 294.391 404.662 250.637 408.367 
340.941 351.041 382.508 336.888 407.818 301.006 366.251 315.159 
420.425 187.0 408.573 229.28 423.836 270.452 435.688 228.172 
360.847 49.401 359.057 93.275 383.396 129.821 385.186 85.948 
258.729 -0.563 291.783 28.342 335.515 32.298 302.461 3.393 
107.77 25.293 147.652 43.665 190.716 35.087 150.834 16.715 
59.271 -77.547 56.133 -33.749 96.817 -17.23 99.955 -61.028 
-22.892 0.043 -10.052 42.033 25.916 16.844 13.074 -25.146 
-53.175 50.305 -45.743 93.581 -14.294 124.225 -21.726 80.948 
-100.749 124.575 -79.905 163.222 -36.708 155.34 -57.552 116.693 
-106.021 208.55 -62.46 203.023 -30.468 172.946 -74.029 178.474 
-92.915 234.654 -110.493 274.893 -66.792 279.176 -49.215 238.937 
-79.646 321.162 -67.753 363.431 -23.878 365.181 -35.771 322.912 
-20.769 408.981 21.615 420.459 62.65 404.833 20.267 393.355 
38.996 441.827 36.694 485.677 79.109 474.316 81.411 430.466 
100.16 428.792 94.595 472.348 115.695 510.857 121.26 467.301 
151.91 461.195 144.601 504.492 183.521 524.823 190.83 481.525 
237.131 470.121 222.798 511.626 266.701 512.431 281.033 470.926 
323.625 437.425 323.692 481.335 349.447 445.771 349.38 401.861 
377.611 394.241 374.284 438.025 414.897 454.719 418.224 410.935 
380.585 380.757 421.442 396.845 463.952 385.845 423.095 369.757 
426.346 340.816 465.886 359.913 496.267 328.209 456.726 309.113 
477.016 222.143 461.928 263.379 496.483 290.472 511.572 249.236 
436.957 135.458 461.616 171.79 502.922 186.688 478.262 150.356 
439.342 109.672 479.928 126.43 508.408 93.009 467.822 76.251 
426.605 58.825 425.764 102.727 452.25 67.703 453.09 23.801 
387.841 4.212 404.518 44.832 437.996 16.419 421.319 -24.201 
308.138 -41.801 342.548 -14.525 379.123 -38.823 344.712 -66.099 
219.594 -30.474 261.237 -44.401 286.74 -80.145 245.097 -66.218 
172.381 -76.802 196.346 -40.008 223.933 -74.169 199.97 -110.963 
116.513 -76.552 137.247 -37.845 176.771 -18.716 156.038 -57.424 
123.993 -118.127 158.141 -90.523 194.947 -114.47 160.798 -142.074 
0.005 -147.443 1.07 -103.546 42.489 -118.124 41.425 -162.021 
-82.77 -120.609 -68.092 -79.225 -24.197 -80.397 -38.875 -121.781 
-109.085 -74.683 -103.353 -31.148 -60.179 -23.147 -65.91 -66.681 
-102.24 54.567 -112.903 97.162 -69.097 94.141 -58.434 51.545 
-138.367 147.225 -128.449 190.001 -90.833 167.351 -100.749 124.575 
-197.404 271.124 -191.561 314.643 -148.366 322.535 -154.208 279.016 
-201.014 392.429 -158.432 403.147 -135.08 365.961 -177.662 355.243 
-140.936 409.478 -137.795 453.276 -97.112 436.755 -100.252 392.958 
-21.455 429.01 -24.411 472.82 16.341 489.17 19.298 445.36 
38.095 489.999 57.861 529.21 101.26 522.528 81.494 483.318 
145.247 603.695 188.312 612.264 209.77 573.954 166.705 565.385 
229.08 613.388 255.782 648.247 280.682 612.08 253.981 577.222 
284.549 552.549 293.93 595.445 337.625 599.779 328.245 556.883 
343.88 489.327 385.11 504.433 412.217 469.889 370.987 454.783 
427.976 411.021 422.715 454.615 465.801 446.146 471.062 402.553 
528.537 357.987 557.928 390.61 579.872 352.576 550.481 319.954 
567.088 279.846 594.05 314.503 635.343 299.571 608.381 264.913 
572.983 205.088 555.302 245.28 598.991 249.676 616.673 209.483 
493.069 134.152 517.052 170.935 544.623 136.76 520.641 99.977 
479.699 20.048 472.233 63.319 511.079 83.79 518.545 40.52 
427.032 -79.624 457.938 -48.432 497.153 -68.186 466.247 -99.378 
397.637 -144.519 403.872 -101.053 443.283 -120.415 437.048 -163.88 
362.164 -177.552 336.224 -142.123 361.902 -106.504 387.843 -141.933 
217.856 -126.555 236.693 -86.891 280.237 -92.549 261.401 -132.213 
209.841 -195.631 203.555 -152.09 246.827 -159.553 253.1 -203.013 
170.437 -214.95 164.159 -171.491 203.551 -152.09 209.84 -195.63 
-176.525 44.074 -178.438 87.942 -137.308 103.318 -135.395 59.45 
-205.78 122.301 -164.654 137.687 -137.312 103.328 -178.438 87.942 
-51.584 532.921 -9.407 545.13 15.239 508.789 -26.94 496.58 
-8.722 545.584 16.14 581.777 42.88 546.948 18.017 510.754 
407.272 513.52 432.874 549.194 458.89 513.821 433.288 478.147 
434.706 477.15 459.213 513.584 501.438 501.536 476.931 465.101 
537.541 80.165 560.996 117.286 603.548 106.45 580.093 69.329 
540.422 36.3 537.527 80.115 580.092 69.329 582.987 25.515 
286.505 -214.308 282.684 -170.565 305.304 -132.93 309.125 -176.673 
170.435 -214.946 209.84 -195.631 253.1 -203.013 213.706 -222.409 
95.048 -178.832 78.331 -138.229 115.721 -161.251 132.439 -201.854 
-178.949 10.059 -137.375 24.191 -95.434 11.187 -137.008 -2.945 
-203.859 78.439 -205.773 122.307 -178.439 87.942 -176.525 44.074 
-201.186 162.049 -196.967 205.756 -167.863 238.636 -172.082 194.929 
-89.555 480.008 -94.126 523.68 -64.76 491.035 -60.189 447.364 
-51.584 532.921 -25.639 568.346 16.174 581.754 -9.772 546.33 
50.739 590.149 94.639 589.22 129.609 562.664 85.709 563.593 
348.846 529.192 370.939 567.139 411.117 584.852 389.024 546.905 
432.857 549.182 474.89 536.478 501.428 501.495 459.396 514.198 
514.035 389.424 503.573 432.069 520.175 472.72 530.638 430.074 
555.921 179.192 598.757 169.539 627.739 136.552 584.903 146.204 
582.951 25.511 580.095 69.328 603.54 106.455 606.396 62.638 
482.13 -26.927 517.946 -1.524 561.853 -2.025 526.037 -27.428 
