160.576 220.137 159.959 264.042 201.907 251.061 202.523 207.155 
207.097 206.935 206.897 250.845 248.596 264.604 248.796 220.694 
208.282 202.447 250.081 215.895 275.788 180.297 233.988 166.848 
178.477 164.451 204.362 199.92 230.096 164.341 204.211 128.872 
133.617 179.722 158.904 215.621 200.859 202.665 175.573 166.767 
127.414 185.021 127.179 228.931 152.799 264.592 153.034 220.683 
163.279 271.938 204.975 285.706 246.8 272.335 205.104 258.568 
256.92 219.945 256.863 263.855 282.718 228.364 282.775 184.455 
209.967 123.891 235.712 159.461 277.448 173.106 251.703 137.535 
131.604 174.544 173.454 161.253 199.5 125.902 157.65 139.192 
85.349 156.43 126.684 171.245 153.547 136.51 112.212 121.696 
82.775 171.321 82.551 215.23 124.242 229.012 124.467 185.103 
55.774 251.431 97.292 265.723 123.715 230.653 82.196 216.361 
97.586 265.944 122.415 302.16 149.187 267.355 124.358 231.139 
136.672 309.443 178.371 323.2 204.341 287.793 162.642 274.035 
179.176 323.774 204.354 359.749 230.787 324.686 205.61 288.712 
205.962 288.468 230.874 324.626 272.961 312.107 248.049 275.948 
258.61 265.067 284.361 300.633 310.229 265.151 284.477 229.585 
285.359 228.942 310.71 264.795 352.642 251.764 327.291 215.911 
286.144 184.399 285.161 228.298 327.216 215.667 328.198 171.768 
253.749 135.964 279.485 171.541 321.274 158.059 295.538 122.481 
253.946 90.817 253.342 134.722 295.286 121.729 295.89 77.823 
211.895 76.426 211.034 120.328 252.521 134.713 253.382 90.811 
156.482 91.748 156.344 135.658 198.147 122.22 198.286 78.311 
113.49 77.191 112.422 121.088 153.84 135.669 154.909 91.772 
85.976 111.443 83.88 155.303 111.356 121.051 113.452 77.191 
54.758 207.447 55.656 251.348 80.733 215.303 79.834 171.403 
55.775 251.435 80.476 287.738 121.798 302.589 97.096 266.285 
135.964 311.8 162.368 346.885 204.351 359.75 177.948 324.665 
204.356 359.746 246.399 347.077 272.965 312.116 230.922 324.785 
285.49 301.431 327.134 287.509 352.642 251.767 310.998 265.69 
328.605 171.774 327.627 215.673 352.639 251.763 353.617 207.864 
295.89 77.824 296.517 121.73 322.83 156.882 322.204 112.977 
212.417 74.905 253.678 89.925 295.888 77.823 254.626 62.804 
113.646 76.675 155.641 89.503 197.155 75.197 155.16 62.369 
86.426 37.92 112.389 73.331 154.091 59.582 128.128 24.17 
58.676 72.914 83.13 109.384 110.258 74.856 85.803 38.386 
56.434 74.524 53.741 118.351 77.323 155.391 80.016 111.564 
3.544 139.665 29.824 174.842 71.401 160.717 45.12 125.54 
9.104 219.703 50.425 204.849 75.123 168.544 33.802 183.398 
9.909 221.774 10.508 265.68 52.08 251.542 51.481 207.637 
10.51 265.679 34.968 302.146 77.209 290.154 52.751 253.686 
36.685 307.052 78.189 321.387 120.193 308.588 78.688 294.253 
82.608 331.293 83.278 375.198 124.827 360.993 124.157 317.088 
130.655 316.511 131.283 360.416 157.598 395.568 156.97 351.662 
161.254 351.336 162.442 395.23 204.555 407.664 203.367 363.77 
205.781 363.764 204.624 407.659 246.728 395.195 247.885 351.3 
252.702 351.069 252.364 394.977 278.446 359.653 278.784 315.745 
287.659 314.715 288.252 358.621 330.193 371.625 329.6 327.719 
288.987 309.258 330.902 322.343 372.503 308.292 330.588 295.207 
331.71 290.368 373.856 302.693 398.6 266.419 356.455 254.094 
358.53 207.734 357.254 251.625 398.603 266.402 399.879 222.51 
334.553 166.706 359.934 202.538 401.53 216.607 376.148 180.776 
336.284 158.507 378.185 171.64 403.623 135.849 361.723 122.716 
331.067 111.905 331.89 155.807 357.03 119.806 356.207 75.903 
299.692 74.515 326.582 109.227 351.286 72.926 324.395 38.213 
256.108 57.832 297.378 72.83 324.394 38.215 283.124 23.217 
209.293 67.171 251.389 54.68 278.103 19.832 236.007 32.323 
177.372 29.251 204.091 64.097 228.974 27.919 202.257 -6.927 
128.565 23.813 156.107 58.011 198.491 69.489 170.948 35.291 
131.101 11.087 172.426 25.931 199.313 -8.784 157.988 -23.628 
69.005 -22.545 73.429 21.142 113.61 3.435 109.187 -40.252 
26.727 -34.398 28.518 9.475 70.798 21.33 69.007 -22.544 
-2.903 40.144 35.978 60.55 67.399 29.879 28.519 9.472 
-0.009 91.42 1.664 135.298 42.878 120.148 41.205 76.27 
-26.682 177.251 -1.905 213.504 24.916 178.738 0.141 142.485 
-56.551 219.923 -51.875 263.584 -8.906 272.628 -13.583 228.967 
-77.837 300.433 -36.041 313.894 -10.323 278.303 -52.119 264.842 
-32.63 316.124 -9.447 353.416 18.855 319.843 -4.328 282.552 
34.332 319.263 35.383 363.161 77.457 375.726 76.406 331.829 
84.282 377.849 109.61 413.718 151.551 400.714 126.222 364.845 
137.914 453.919 180.386 465.066 204.112 428.119 161.641 416.971 
183.563 466.921 209.46 502.382 235.182 466.795 209.286 431.334 
215.671 426.236 239.756 462.95 282.117 451.388 258.031 414.674 
261.652 400.223 303.621 413.132 328.868 377.206 286.898 364.297 
333.07 327.613 332.668 371.521 374.551 358.335 374.953 314.427 
393.278 310.007 420.609 344.374 444.849 307.761 417.518 273.393 
422.181 269.46 448.077 304.921 489.805 291.251 463.909 255.79 
421.381 218.016 419.329 261.878 461.678 250.276 463.731 206.414 
382.884 174.553 409.141 209.748 434.5 173.9 408.243 138.705 
363.184 75.424 362.712 119.331 404.325 133.348 404.797 89.441 
336.766 21.931 364.585 55.905 405.492 39.947 377.674 5.973 
335.016 -26.129 335.163 17.781 376.878 4.073 376.732 -39.837 
289.769 -42.781 286.195 0.983 326.712 17.906 330.287 -25.858 
206.223 -10.293 232.607 24.805 274.142 10.558 247.757 -24.541 
202.898 -64.357 201.782 -20.379 243.874 -32.884 244.988 -76.78 
161.492 -78.899 160.377 -35.003 201.78 -20.378 202.897 -64.356 
-50.321 78.005 -51.497 121.9 -10.114 136.582 -8.938 92.688 
-78.25 156.719 -36.868 171.404 -10.114 136.585 -51.496 121.9 
7.379 407.358 48.941 421.519 75.254 386.366 33.69 372.204 
48.943 421.518 74.244 457.407 100.558 422.255 75.257 386.366 
311.488 417.528 336.886 453.347 363.104 418.123 337.705 382.304 
337.74 382.276 363.114 418.113 405.037 405.056 379.664 369.219 
415.816 132.001 440.937 168.016 482.951 155.253 457.83 119.239 
416.678 88.051 415.798 131.952 457.823 119.222 458.702 75.321 
258.941 -78.818 258.228 -34.914 283.457 1.024 284.17 -42.88 
161.493 -78.899 202.898 -64.357 244.988 -76.78 203.584 -91.404 
116.288 -40.623 115.011 3.268 141.843 -31.49 143.121 -75.381 
-48.549 67.093 -6.437 79.53 34.942 64.838 -7.17 52.402 
-77.073 112.825 -78.249 156.719 -51.497 121.9 -50.321 78.005 
-80.529 176.075 -54.718 211.598 -12.957 225.166 -38.768 189.643 
-5.112 356.634 -5.878 400.538 20.546 365.469 21.312 321.566 
7.379 407.358 32.68 443.245 74.244 457.407 48.941 421.519 
93.045 465.518 134.774 451.851 160.501 416.266 118.772 429.933 
259.712 413.434 284.912 449.392 326.436 463.671 301.236 427.713 
336.898 453.357 378.814 440.276 405.037 405.056 363.121 418.136 
392.274 310.834 392.352 354.744 418.226 390.222 418.147 346.312 
420.545 215.534 462.561 202.775 489.052 167.756 447.037 180.516 
458.701 75.321 457.852 119.223 482.971 155.239 483.82 111.337 
365.241 57.488 406.906 71.348 448.761 58.071 407.096 44.211 
