155.612 235.83 146.818 278.851 190.451 273.92 199.245 230.9 
218.062 231.158 208.062 273.915 245.635 296.638 255.636 253.882 
223.878 213.516 261.728 235.775 294.593 206.655 256.743 184.397 
192.637 162.858 210.164 203.118 243.037 174.008 225.511 133.748 
133.735 176.767 150.161 217.489 193.966 214.451 177.54 173.729 
110.35 198.965 102.043 242.082 120.666 281.848 128.973 238.73 
158.474 304.011 197.915 323.311 241.168 315.741 201.726 296.442 
282.478 248.86 276.73 292.392 306.967 260.552 312.715 217.02 
245.948 116.289 262.88 156.803 300.393 179.627 283.461 139.113 
124.958 155.751 168.479 149.916 200.258 119.615 156.738 125.45 
38.625 112.024 73.189 139.107 109.627 114.604 75.063 87.522 
48.136 175.169 32.24 216.1 66.255 243.868 82.152 202.936 
-13.304 264.468 21.835 290.798 57.736 265.514 22.596 239.184 
40.085 305.721 51.723 348.061 88.395 323.91 76.757 281.57 
119.005 355.392 154.62 381.076 190.053 355.14 154.437 329.457 
176.439 396.886 191.713 438.055 226.146 410.807 210.873 369.639 
228.491 357.782 243.472 399.057 287.356 397.563 272.375 356.288 
299.065 303.745 314.744 344.759 348.906 317.172 333.226 276.157 
354.191 259.487 369.734 300.555 413.594 298.463 398.051 257.396 
359.025 199.168 348.899 241.895 392.664 238.321 402.789 195.595 
309.293 115.373 323.614 156.881 367.517 156.088 353.196 114.579 
311.852 51.498 301.79 94.24 345.549 90.602 355.611 47.86 
259.371 25.907 246.906 68.011 283.096 92.877 295.562 50.774 
160.622 56.863 147.397 98.734 191.305 98.373 204.531 56.502 
95.92 31.798 81.992 73.441 117.293 99.555 131.22 57.912 
26.345 46.94 1.766 83.326 43.039 68.336 67.618 31.95 
-21.311 213.901 -24.345 257.706 3.857 224.05 6.891 180.245 
-21.099 299.996 -10.422 342.587 23.252 370.769 12.574 328.177 
114.371 398.63 139.988 434.294 181.675 448.089 156.058 412.426 
220.542 454.357 264.441 453.388 299.387 426.801 255.487 427.77 
353.313 360.861 394.856 346.639 420.106 310.714 378.563 324.937 
441.258 191.477 426.219 232.732 438.3 274.947 453.34 233.693 
375.076 44.683 372.237 88.501 395.695 125.62 398.534 81.802 
271.558 -16.77 301.898 14.973 345.102 22.819 314.761 -8.923 
100.462 4.932 139.35 25.324 182.797 18.963 143.909 -1.429 
51.449 -98.439 40.038 -56.037 76.837 -32.081 88.249 -74.483 
-39.326 -18.956 -37.034 24.894 3.961 9.163 1.669 -34.687 
-75.161 46.675 -64.146 89.181 -30.251 117.095 -41.266 74.589 
-117.954 120.909 -101.456 161.601 -57.656 158.485 -74.154 117.792 
-133.11 203.35 -89.29 206.162 -52.187 182.68 -96.007 179.868 
-110.49 244.616 -134.92 281.102 -92.671 293.062 -68.24 256.575 
-97.713 336.681 -90.716 380.03 -47.327 386.77 -54.323 343.422 
-33.993 428.607 8.828 438.327 49.184 421.02 6.363 411.301 
32.819 461.766 29.499 505.551 72.166 495.178 75.486 451.393 
99.226 450.622 88.726 493.258 105.292 533.923 115.792 491.287 
155.477 483.328 143.297 525.515 179.655 550.135 191.835 507.948 
246.092 493.28 227.768 533.184 271.382 538.281 289.706 498.377 
332.747 455.352 333.607 499.253 358.715 463.23 357.855 419.329 
392.352 407.901 387.673 451.561 427.75 469.503 432.429 425.844 
397.002 390.497 436.196 410.294 479.541 403.273 440.347 383.475 
444.959 346.914 482.196 370.185 515.835 341.962 478.599 318.691 
503.61 225.409 484.29 264.84 515.821 295.399 535.141 255.968 
454.978 134.508 479.914 170.65 521.332 185.233 496.396 149.091 
456.879 101.997 496.638 120.633 526.649 88.578 486.889 69.942 
445.913 49.11 441.057 92.751 470.637 60.299 475.493 16.658 
404.841 -12.454 416.423 29.9 453.126 5.797 441.544 -36.558 
319.942 -65.987 350.492 -34.446 389.929 -53.754 359.379 -85.295 
222.342 -44.978 263.618 -59.956 288.208 -96.335 246.931 -81.357 
169.088 -96.639 189.228 -57.62 220.113 -88.831 199.974 -127.85 
113.57 -102.168 130.205 -61.53 167.549 -38.432 150.914 -79.069 
125.419 -142.909 156.41 -111.802 195.572 -131.663 164.581 -162.771 
-5.434 -173.142 -10.734 -129.553 32.36 -137.982 37.66 -181.571 
-97.571 -142.156 -88.385 -99.218 -44.709 -94.686 -53.895 -137.624 
-131.176 -87.53 -120.68 -44.893 -76.886 -41.7 -87.382 -84.337 
-119.078 47.234 -132.116 89.163 -88.21 88.607 -75.171 46.677 
-157.771 139.421 -152.468 183.01 -112.652 164.497 -117.954 120.909 
-220.476 273.353 -219.833 317.258 -177.877 330.214 -178.52 286.309 
-228.358 402.056 -186.639 415.754 -160.72 380.31 -202.438 366.612 
-162.023 424.2 -164.667 468.03 -122.166 457.001 -119.52 413.171 
-33.669 449.374 -39.724 492.865 -0.233 512.062 5.822 468.572 
29.899 507.074 46.852 547.58 90.614 543.973 73.66 503.468 
140.245 627.977 182.581 639.629 206.746 602.966 164.41 591.314 
231.229 639.416 256.428 675.375 282.84 640.297 257.641 604.338 
293.881 575.987 298.805 619.62 341.824 628.42 336.901 584.787 
355.401 507.014 395.904 523.973 424.548 490.692 384.045 473.734 
442.284 426.51 434.412 469.709 477.929 463.846 485.801 420.647 
549.337 370.348 576.665 404.717 600.908 368.106 573.58 333.736 
589.937 285.916 615.734 321.449 657.5 307.895 631.702 272.362 
599.491 207.965 577.957 246.232 621.006 254.888 642.54 216.62 
513.473 130.465 535.931 168.198 564.877 135.18 542.42 97.447 
503.019 14.638 492.306 57.221 529.494 80.569 540.207 37.986 
449.125 -94.784 477.713 -61.455 518.245 -78.345 489.657 -111.674 
410.236 -163.784 415.126 -120.147 455.116 -138.283 450.226 -181.92 
376.44 -198.718 347.324 -165.85 369.586 -128.002 398.702 -160.87 
222.418 -146.926 237.985 -105.869 281.844 -107.987 266.277 -149.045 
215.162 -219.079 206.481 -175.952 250.098 -181.013 258.763 -224.06 
176.891 -240.555 168.21 -197.512 206.465 -175.955 215.162 -219.078 
-195.198 34.565 -198.781 78.329 -158.266 95.26 -154.684 51.496 
-227.589 111.544 -187.158 128.674 -158.373 95.515 -198.804 78.385 
-66.528 551.763 -23.696 561.43 -1.267 523.68 -44.1 514.014 
-21.455 562.673 1.592 600.049 30.017 566.581 6.971 529.205 
417.284 533.997 443.723 569.054 468.895 533.075 442.454 498.018 
446.878 494.893 469.936 532.262 512.601 521.88 489.543 484.511 
560.031 77.395 582.658 115.027 625.44 105.136 602.813 67.504 
563.979 33.463 559.983 77.191 602.805 67.478 606.801 23.75 
296.908 -236.563 290.0 -193.2 309.899 -154.058 316.807 -197.421 
176.885 -240.545 215.162 -219.079 258.763 -224.056 220.503 -245.603 
96.343 -204.244 78.043 -164.329 116.309 -185.864 134.609 -225.779 
-197.746 -10.087 -158.745 10.087 -115.334 3.484 -154.335 -16.69 
-223.894 67.799 -227.579 111.554 -198.879 78.321 -195.194 34.566 
-220.51 157.236 -221.124 201.141 -195.814 237.023 -195.2 193.117 
-108.197 498.628 -116.332 541.778 -84.389 511.65 -76.254 468.5 
-66.528 551.763 -40.277 586.962 1.65 600.008 -24.602 564.809 
40.101 609.318 83.926 612.057 120.991 588.514 77.167 585.775 
360.828 550.389 380.541 589.625 419.552 609.78 399.839 570.544 
443.7 569.038 485.814 556.609 512.58 521.799 470.466 534.228 
532.826 407.186 519.351 448.977 533.014 490.707 546.489 448.916 
578.047 177.069 621.367 169.894 652.197 138.627 608.877 145.802 
606.743 23.743 602.852 67.481 625.413 105.152 629.304 61.415 
506.72 -35.976 540.611 -8.056 584.44 -5.389 550.549 -33.308 
