160.104 222.197 158.308 266.07 200.589 254.22 202.385 210.347 
211.39 209.622 210.385 253.52 251.824 268.042 252.83 224.143 
213.16 202.026 254.866 215.763 280.818 180.343 239.112 166.606 
180.767 162.02 206.211 197.807 232.384 162.55 206.941 126.763 
133.155 178.063 157.304 214.736 199.644 203.103 175.496 166.429 
123.08 187.227 121.972 231.123 146.876 267.288 147.985 223.392 
165.956 281.211 207.508 295.407 249.468 282.467 207.916 268.272 
266.864 221.975 266.458 265.883 292.595 230.599 293.001 186.691 
216.332 117.876 241.486 153.866 282.992 168.198 257.838 132.207 
129.463 169.384 171.483 156.637 197.985 121.627 155.966 134.373 
76.672 144.837 117.144 161.871 145.851 128.645 105.38 111.61 
74.465 172.189 72.422 216.052 113.507 231.549 115.549 187.686 
42.442 255.256 83.126 271.775 111.409 238.187 70.724 221.667 
83.979 272.476 106.447 310.203 135.385 277.177 112.917 239.451 
137.555 321.032 178.841 335.986 205.821 301.342 164.535 286.388 
181.913 338.171 205.567 375.166 233.441 341.238 209.789 304.243 
210.928 303.51 234.141 340.782 276.762 330.223 253.55 292.95 
270.908 268.779 295.782 304.964 322.509 270.125 297.634 233.94 
300.689 231.776 324.503 268.668 366.948 257.42 343.134 220.528 
303.108 186.193 300.202 230.007 342.769 219.231 345.675 175.418 
263.505 127.63 288.159 163.965 330.335 151.746 305.681 115.41 
264.286 79.516 262.113 123.373 304.494 111.887 306.667 68.03 
221.411 63.588 218.965 107.43 259.905 123.304 262.351 79.463 
153.926 82.315 152.65 126.207 194.788 113.858 196.064 69.966 
109.297 65.835 106.131 109.63 146.805 126.175 149.971 82.379 
77.909 97.935 72.657 141.53 102.531 109.348 107.782 65.753 
38.084 209.237 39.068 253.136 64.074 217.043 63.091 173.144 
41.863 256.765 64.964 294.107 105.603 310.739 82.501 273.397 
135.48 329.061 162.433 363.726 204.613 375.928 177.66 341.263 
206.569 375.963 249.074 364.944 276.984 331.046 234.479 342.064 
300.556 308.154 341.995 293.632 366.985 257.526 325.546 272.048 
347.718 175.5 344.934 219.322 368.439 256.411 371.224 212.589 
308.541 67.938 309.776 111.831 336.574 146.615 335.339 102.722 
223.335 58.405 263.456 76.249 306.403 67.103 266.282 49.259 
109.896 63.766 151.762 77.008 193.416 63.113 151.55 49.871 
81.687 13.397 104.553 50.883 147.271 40.72 124.404 3.234 
44.594 55.273 68.498 92.105 96.142 57.988 72.236 21.156 
36.502 62.035 32.295 105.743 54.582 143.576 58.789 99.868 
-23.171 132.597 2.985 167.866 44.611 153.888 18.455 118.619 
-12.306 219.86 28.853 204.563 53.159 167.994 12.0 183.292 
-11.363 222.19 -12.813 266.076 29.374 253.894 30.823 210.008 
-10.331 272.646 10.973 311.041 54.073 302.643 32.768 264.248 
20.17 330.547 61.447 345.525 103.644 333.382 62.368 318.403 
68.019 359.052 68.539 402.959 110.137 388.896 109.616 344.989 
124.191 342.14 125.202 386.039 151.823 420.959 150.812 377.06 
160.705 375.592 162.163 419.478 204.352 431.652 202.893 387.766 
211.52 387.702 207.526 431.43 250.348 421.716 254.342 377.988 
271.916 374.661 271.12 418.564 297.569 383.513 298.365 339.611 
309.571 338.029 310.053 381.936 351.96 395.046 351.479 351.139 
311.428 325.16 353.48 337.799 394.93 323.307 352.878 310.668 
354.479 299.618 396.782 311.388 421.049 274.792 378.746 263.022 
385.403 211.623 381.261 255.338 421.557 272.785 425.698 229.07 
363.273 156.867 387.889 193.229 429.176 208.179 404.56 171.817 
365.18 147.368 407.014 160.709 432.63 125.045 390.796 111.704 
352.366 98.395 354.457 142.255 378.546 105.542 376.455 61.682 
317.247 59.036 343.97 93.877 368.848 57.695 342.124 22.853 
269.883 35.784 309.967 53.709 339.401 21.126 299.317 3.2 
212.356 39.023 254.803 27.782 282.534 -6.262 240.088 4.979 
177.965 0.889 205.316 35.24 229.534 -1.387 202.184 -35.739 
124.404 3.233 152.742 36.775 195.383 47.255 167.045 13.713 
126.873 -22.873 167.36 -5.877 196.036 -39.131 155.548 -56.127 
36.9 -51.652 45.845 -8.663 83.966 -30.454 75.021 -73.443 
-6.46 -58.577 0.353 -15.199 43.713 -8.274 36.9 -51.652 
-36.569 8.568 -2.555 36.338 34.366 12.571 0.352 -15.199 
-28.059 80.828 -26.881 124.723 14.501 110.038 13.323 66.144 
-58.665 171.305 -36.369 209.133 -7.283 176.238 -29.579 138.41 
-97.612 246.518 -87.938 289.349 -44.213 293.384 -53.887 250.553 
-112.091 326.023 -69.752 337.662 -45.599 300.991 -87.938 289.353 
-64.313 340.714 -44.807 380.054 -13.421 349.347 -32.925 310.007 
17.621 348.235 19.611 392.099 61.944 403.762 59.954 359.897 
71.827 410.355 96.184 446.89 138.458 435.016 114.101 398.48 
151.576 500.373 194.799 508.112 215.516 469.396 172.293 461.657 
194.799 508.111 221.094 543.278 246.413 507.403 220.119 472.237 
232.672 461.911 253.808 500.399 296.944 492.19 275.808 453.702 
283.762 425.195 325.916 437.491 350.635 401.201 308.482 388.904 
360.434 350.479 359.165 394.371 401.301 382.014 402.57 338.123 
437.698 315.425 467.362 347.799 488.986 309.582 459.321 277.208 
463.692 273.47 489.975 308.646 531.551 294.519 505.268 259.343 
463.604 215.218 458.037 258.773 501.181 250.609 506.748 207.053 
412.489 164.063 438.978 199.083 464.099 163.069 437.611 128.049 
394.674 58.438 393.092 102.319 434.336 117.385 435.919 73.503 
355.493 -14.141 385.731 17.699 425.357 -1.219 395.119 -33.059 
352.439 -62.092 353.798 -18.203 395.119 -33.058 393.76 -76.947 
307.723 -82.819 299.229 -39.738 337.577 -18.347 346.071 -61.428 
208.339 -41.289 234.536 -6.05 276.146 -20.077 249.949 -55.315 
202.059 -102.506 199.391 -58.595 241.898 -69.606 244.561 -113.435 
161.192 -118.501 158.529 -74.672 199.39 -58.595 202.058 -102.506 
-86.375 69.101 -88.756 112.946 -47.793 128.76 -45.411 84.915 
-116.456 147.018 -75.493 162.832 -47.794 128.761 -88.757 112.946 
-8.724 442.477 32.575 457.39 59.522 422.72 18.222 407.807 
32.576 457.39 57.221 493.731 84.168 459.062 59.523 422.721 
339.813 443.755 364.562 480.026 391.41 445.279 366.66 409.009 
366.664 409.005 391.41 445.278 433.555 432.952 408.809 396.679 
450.552 114.905 474.671 151.598 517.021 139.999 492.902 103.306 
452.607 71.043 450.551 114.904 492.902 103.306 494.958 59.444 
265.328 -118.525 265.084 -74.616 290.695 -38.949 290.939 -82.858 
161.193 -118.501 202.059 -102.506 244.561 -113.435 203.7 -129.512 
102.427 -78.611 96.439 -35.111 126.852 -66.783 132.84 -110.283 
-86.011 55.868 -42.801 63.677 -3.253 44.596 -46.463 36.787 
-114.073 103.173 -116.455 147.018 -88.756 112.946 -86.374 69.101 
-117.487 175.661 -95.978 213.943 -56.076 232.271 -77.585 193.99 
-30.057 389.982 -30.762 433.887 -4.386 398.781 -3.682 354.877 
-8.723 442.476 15.922 478.817 57.222 493.731 32.575 457.39 
82.832 502.952 125.08 490.984 152.224 456.468 109.977 468.437 
283.129 447.359 308.044 483.515 349.454 498.121 324.538 461.965 
364.562 480.026 406.706 467.697 433.555 432.951 391.411 445.28 
426.442 331.875 425.177 375.766 449.952 412.019 451.218 368.128 
460.164 206.803 502.311 194.486 529.17 159.748 487.022 172.065 
494.958 59.444 492.902 103.306 517.021 139.999 519.077 96.137 
396.322 31.721 437.24 47.654 479.708 36.493 438.79 20.561 
