158.512 226.594 152.913 270.146 196.064 262.012 201.662 218.46 
212.789 218.633 206.545 262.097 245.952 281.466 252.196 238.002 
215.994 209.091 255.74 227.756 285.772 195.724 246.027 177.059 
186.689 164.802 208.006 203.19 237.928 171.054 216.611 132.665 
135.277 177.995 155.672 216.882 198.958 209.502 178.563 170.616 
121.661 189.111 116.766 232.747 138.455 270.927 143.35 227.291 
159.628 286.516 200.165 303.393 242.88 293.22 202.343 276.342 
268.534 236.107 265.333 279.9 293.663 246.352 296.864 202.559 
229.448 122.201 250.273 160.859 289.844 179.892 269.019 141.235 
130.834 166.168 173.734 156.802 202.935 124.009 160.035 133.375 
60.565 127.704 97.962 150.716 131.405 122.26 94.007 99.248 
58.957 170.88 48.662 213.566 86.077 236.548 96.372 193.862 
11.256 254.365 49.378 276.153 81.881 246.629 43.758 224.841 
63.287 286.409 80.25 326.91 113.528 298.262 96.565 257.761 
125.024 340.64 163.658 361.508 195.444 331.214 156.81 310.345 
176.243 370.702 195.914 409.96 227.171 379.12 207.5 339.863 
220.143 330.785 239.028 370.426 282.565 364.715 263.68 325.074 
287.186 289.78 307.435 328.742 338.233 297.443 317.983 258.481 
330.536 248.945 350.387 288.112 393.771 281.336 373.92 242.169 
332.894 192.011 326.032 235.382 369.4 228.506 376.262 185.135 
289.401 120.0 309.054 159.266 352.472 152.708 332.819 113.442 
290.91 63.829 285.025 107.342 328.228 99.492 334.113 55.979 
239.476 43.399 231.918 86.653 270.72 107.208 278.278 63.954 
154.484 66.034 147.798 109.432 191.138 102.38 197.824 58.982 
107.63 43.842 98.758 86.846 136.916 108.573 145.788 65.569 
50.577 67.851 34.374 108.662 71.471 85.169 87.675 44.358 
7.068 206.52 5.287 250.394 32.516 215.946 34.297 172.072 
5.687 280.52 22.598 321.043 60.099 343.886 43.187 303.363 
120.301 368.455 146.155 403.947 187.933 417.464 162.079 381.972 
215.823 421.537 259.313 415.474 290.932 385.007 247.443 391.07 
331.453 340.827 373.01 326.643 398.293 290.742 356.737 304.926 
401.867 182.784 392.904 225.77 410.919 265.814 419.882 222.829 
346.928 54.26 346.293 98.165 371.587 134.058 372.221 90.153 
247.76 12.556 283.122 38.588 327.031 38.863 291.669 12.831 
109.689 37.736 150.155 54.784 192.913 44.791 152.447 27.743 
68.541 -59.054 72.694 -15.341 115.551 -5.782 111.398 -49.496 
-3.858 13.358 13.98 53.482 46.628 24.118 28.789 -16.005 
-29.756 49.582 -26.298 93.355 2.228 126.737 -1.23 82.963 
-82.887 124.447 -60.514 162.229 -17.667 152.626 -40.039 114.844 
-82.116 211.042 -39.528 200.348 -11.36 166.664 -53.948 177.358 
-75.08 226.117 -88.463 267.938 -44.554 267.743 -31.171 225.922 
-62.596 307.775 -47.51 349.012 -3.629 347.405 -18.716 306.169 
-10.98 390.696 31.032 403.466 72.526 389.102 30.514 376.333 
44.063 422.537 42.525 466.42 84.736 454.323 86.274 410.44 
102.451 408.204 100.264 452.059 124.273 488.824 126.459 444.969 
150.517 440.446 146.277 484.151 186.533 501.689 190.773 457.984 
230.564 448.665 219.531 491.166 263.362 488.525 274.395 446.024 
313.546 422.645 313.21 466.554 339.29 431.228 339.626 387.32 
361.817 382.489 359.742 426.35 400.816 441.876 402.89 398.015 
364.07 369.635 405.712 383.564 447.589 370.357 405.946 356.427 
408.622 333.42 449.355 349.819 477.539 316.147 436.806 299.748 
453.267 218.673 441.586 261.0 478.232 285.19 489.914 242.863 
420.54 138.017 444.986 174.492 486.204 189.633 461.757 153.157 
423.14 118.048 464.222 133.552 491.663 99.273 450.581 83.768 
408.876 68.19 410.267 112.078 434.939 75.754 433.548 31.866 
370.657 18.289 390.728 57.342 421.668 26.185 401.596 -12.869 
297.564 -22.555 334.152 1.724 368.547 -25.571 331.959 -49.849 
217.697 -16.709 259.636 -29.717 285.919 -64.892 243.98 -51.884 
175.627 -59.589 201.422 -24.054 227.246 -59.568 201.452 -95.102 
119.747 -56.321 143.153 -19.169 183.927 -2.871 160.52 -40.022 
124.461 -96.275 160.866 -71.725 195.466 -98.762 159.06 -123.313 
4.978 -123.932 10.341 -80.351 50.132 -98.919 44.769 -142.5 
-67.583 -102.935 -49.482 -62.929 -5.841 -67.782 -23.942 -107.788 
-90.598 -60.885 -84.343 -17.423 -41.075 -9.942 -47.33 -53.404 
-85.999 59.515 -92.82 102.891 -49.458 95.975 -42.637 52.598 
-121.473 153.37 -107.04 194.841 -72.06 168.299 -86.492 126.829 
-175.935 267.832 -166.186 310.646 -122.455 314.606 -132.203 271.791 
-178.41 380.167 -135.372 388.874 -113.792 350.633 -156.83 341.926 
-123.13 393.538 -115.275 436.74 -76.616 415.919 -84.47 372.717 
-12.356 410.219 -13.216 454.12 28.271 468.505 29.131 424.603 
44.987 472.98 66.725 511.131 109.727 502.246 87.988 464.095 
147.785 580.498 191.232 586.861 210.709 547.507 167.262 541.144 
222.767 589.728 250.422 623.835 274.313 586.994 246.659 552.887 
272.712 531.428 285.456 573.447 329.358 574.31 316.613 532.291 
330.904 474.33 372.554 488.236 398.649 452.922 356.999 439.016 
413.175 397.629 409.669 441.399 452.38 431.207 455.886 387.437 
508.222 347.557 538.913 378.961 559.296 340.069 528.606 308.665 
544.744 277.501 572.417 311.594 613.393 295.811 585.719 261.718 
548.165 205.793 533.606 247.219 577.504 248.264 592.063 206.838 
474.39 139.642 499.432 175.712 525.998 140.749 500.956 104.68 
459.49 26.952 454.314 70.555 494.184 88.953 499.36 45.349 
405.358 -69.078 437.087 -38.724 475.76 -59.52 444.031 -89.874 
388.874 -125.725 395.293 -82.287 434.622 -101.816 428.202 -145.254 
351.078 -156.559 328.428 -118.941 357.206 -85.776 379.855 -123.393 
215.442 -107.34 236.701 -68.919 279.81 -77.266 258.551 -115.686 
207.627 -174.732 202.281 -131.066 245.382 -139.46 250.717 -183.045 
167.815 -193.195 162.478 -149.611 202.28 -131.067 207.627 -174.733 
-157.507 50.789 -158.961 94.675 -117.673 109.62 -116.218 65.734 
-185.938 129.322 -144.651 144.271 -117.675 109.625 -158.962 94.675 
-40.725 512.766 0.965 526.549 26.956 491.158 -14.734 477.375 
1.076 526.629 26.325 562.554 52.69 527.439 27.441 491.514 
393.762 496.559 418.742 532.671 445.367 497.754 420.387 461.642 
420.592 461.498 445.408 497.724 487.529 485.316 462.713 449.091 
517.55 85.334 541.148 122.365 583.658 111.365 560.06 74.335 
520.238 41.489 517.545 85.316 560.059 74.335 562.753 30.507 
281.218 -192.991 278.641 -149.157 302.321 -112.179 304.898 -156.013 
167.814 -193.194 207.627 -174.732 250.717 -183.045 210.915 -201.588 
94.542 -156.238 79.105 -115.131 115.756 -139.314 131.192 -180.421 
-159.544 27.174 -116.401 35.348 -76.694 16.602 -119.837 8.428 
-184.479 85.439 -185.934 129.325 -158.961 94.675 -157.506 50.789 
-182.909 165.823 -174.733 208.965 -142.761 239.063 -150.937 195.921 
-74.859 459.792 -77.589 503.617 -49.621 469.767 -46.892 425.942 
-40.725 512.766 -15.279 548.55 26.342 562.543 0.895 526.759 
58.353 570.983 102.1 567.192 135.263 538.412 91.517 542.203 
334.521 510.18 357.847 547.382 398.585 563.768 375.259 526.566 
418.733 532.664 460.824 520.158 487.526 485.299 445.435 497.805 
495.154 375.335 486.95 418.472 505.669 458.192 513.873 415.055 
534.732 183.782 577.278 172.923 605.316 139.13 562.77 149.989 
562.737 30.506 560.06 74.334 583.657 111.365 586.334 67.537 
460.972 -18.175 497.873 5.625 541.716 3.19 504.815 -20.61 
