151.609 242.042 139.502 284.25 183.386 282.721 195.492 240.513 
220.297 241.223 206.688 282.971 242.187 308.815 255.796 267.067 
228.304 214.025 264.168 239.361 299.345 213.082 263.482 187.746 
196.042 157.778 209.806 199.475 245.208 173.5 231.446 131.803 
130.71 171.599 142.701 213.84 186.58 215.489 174.589 173.248 
99.325 207.017 87.173 249.212 102.144 290.491 114.296 248.296 
154.683 315.951 192.724 337.882 236.391 333.264 198.35 311.333 
293.739 256.632 285.177 299.699 317.417 269.89 325.98 226.823 
257.346 109.589 270.735 151.408 306.148 177.369 292.759 135.551 
117.428 140.692 161.335 140.132 196.527 113.87 152.62 114.431 
13.499 98.132 42.526 131.079 82.831 113.653 53.803 80.706 
44.028 174.963 22.234 213.083 51.754 245.59 73.547 207.47 
-27.071 283.198 6.326 311.705 43.759 288.751 10.361 260.244 
22.337 327.082 28.444 370.566 67.912 351.321 61.805 307.837 
110.668 361.323 143.092 390.934 181.273 369.247 148.849 339.637 
181.615 413.156 193.34 455.472 229.961 431.244 218.237 388.929 
238.311 377.132 249.725 419.532 293.578 421.778 282.163 379.378 
306.733 312.48 318.532 354.775 355.111 330.482 343.311 288.187 
372.105 261.632 384.352 303.8 428.24 305.184 415.993 263.016 
380.732 199.94 367.279 241.739 411.189 241.617 424.642 199.818 
323.526 109.503 333.349 152.3 377.087 156.182 367.264 113.385 
325.133 37.288 311.378 78.988 355.288 79.184 369.043 37.484 
271.627 5.746 252.989 45.504 285.043 75.516 303.68 35.757 
166.223 41.526 144.859 79.889 187.946 88.352 209.309 49.989 
81.647 19.038 64.144 59.309 97.034 88.4 114.538 48.129 
2.378 31.808 -24.864 66.246 17.418 54.397 44.659 19.959 
-46.59 229.323 -49.924 273.106 -21.492 239.644 -18.158 195.861 
-37.559 313.16 -31.517 356.652 -1.064 388.286 -7.107 344.793 
112.414 422.35 138.878 457.39 180.883 470.183 154.419 435.143 
224.002 474.748 267.804 477.821 305.047 454.561 261.244 451.487 
371.237 371.325 412.656 356.743 437.593 320.601 396.175 335.183 
468.024 196.91 448.885 236.429 456.63 279.651 475.769 240.131 
392.647 33.032 388.673 76.762 411.16 114.476 415.135 70.746 
286.999 -40.893 313.887 -6.178 356.045 6.102 329.157 -28.613 
84.237 -21.075 121.902 1.497 165.64 -2.38 127.976 -24.952 
33.059 -122.274 20.537 -80.187 56.694 -55.272 69.216 -97.359 
-54.174 -44.55 -63.314 -1.602 -19.643 -6.181 -10.504 -49.13 
-99.547 23.201 -89.652 65.981 -56.502 94.775 -66.397 51.995 
-133.209 116.233 -126.552 159.635 -83.216 166.714 -89.874 123.312 
-165.38 195.874 -125.067 213.279 -82.223 203.664 -122.536 186.259 
-130.92 256.798 -164.158 285.492 -126.597 308.236 -93.359 279.541 
-115.303 350.669 -117.638 394.516 -76.657 410.286 -74.322 366.438 
-55.775 448.913 -12.486 456.27 26.86 436.776 -16.429 429.42 
20.863 480.275 14.117 523.663 57.467 516.672 64.213 473.283 
98.323 474.226 80.148 514.198 88.94 557.219 107.115 517.247 
160.267 508.952 139.042 547.391 169.042 579.456 190.266 541.016 
255.353 519.928 231.294 556.661 273.664 568.191 297.722 531.458 
339.495 481.789 341.248 525.664 365.618 489.138 363.865 445.263 
407.881 426.184 400.5 469.469 439.386 489.865 446.767 446.58 
416.336 400.499 451.79 426.405 495.7 426.524 460.246 400.618 
468.461 351.831 500.128 382.249 538.844 361.531 507.176 331.113 
536.622 229.207 511.705 265.363 538.393 300.233 563.309 264.077 
478.958 135.901 504.111 171.893 545.616 186.228 520.463 150.235 
479.155 91.246 516.866 113.74 549.913 84.826 512.202 62.332 
471.143 34.376 458.669 76.477 493.507 49.748 505.98 7.647 
425.411 -38.376 426.861 5.509 468.151 -9.432 466.7 -53.318 
333.222 -99.641 356.89 -62.656 399.378 -73.737 375.71 -110.722 
228.031 -65.456 269.102 -80.99 293.197 -117.699 252.126 -102.164 
160.563 -123.962 171.319 -81.389 208.483 -104.774 197.729 -147.347 
106.509 -140.476 113.125 -97.067 143.993 -65.837 137.377 -109.246 
125.055 -177.072 150.413 -141.224 192.342 -154.264 166.984 -190.112 
-8.504 -206.791 -22.755 -165.258 21.149 -164.538 35.401 -206.071 
-110.028 -170.348 -103.012 -127.002 -59.619 -120.28 -66.635 -163.626 
-146.843 -112.528 -132.741 -70.944 -88.835 -71.507 -102.937 -113.091 
-158.911 34.608 -168.297 77.504 -124.601 73.174 -115.215 30.279 
-177.648 124.653 -183.179 168.214 -140.042 160.012 -134.511 116.453 
-247.4 267.396 -253.762 310.843 -214.407 330.319 -208.046 286.872 
-264.674 401.232 -225.051 420.157 -194.808 388.322 -234.431 369.397 
-189.939 431.961 -199.535 474.81 -155.819 470.696 -146.221 427.848 
-54.323 469.601 -64.641 512.281 -27.238 535.283 -16.92 492.602 
14.42 525.334 27.602 567.218 71.511 567.624 58.328 525.739 
126.815 654.722 167.539 671.143 195.741 637.487 155.017 621.066 
224.587 670.592 246.885 708.419 275.97 675.524 253.673 637.696 
297.994 604.743 296.202 648.616 337.375 663.878 339.167 620.004 
366.201 533.043 405.383 552.864 436.341 521.724 397.159 501.904 
457.575 448.31 445.283 490.465 489.173 489.129 501.465 446.974 
573.334 388.707 596.958 425.721 624.86 391.815 601.236 354.802 
616.927 298.395 640.611 335.37 683.096 324.271 659.411 287.296 
632.072 216.89 605.475 251.828 646.922 266.327 673.519 231.389 
541.159 127.854 561.045 167.003 592.133 135.993 572.247 96.844 
535.506 8.508 519.537 49.412 553.504 77.239 569.473 36.336 
477.246 -115.824 501.94 -79.515 544.102 -91.78 519.409 -128.089 
429.149 -186.922 432.161 -143.115 472.893 -159.517 469.881 -203.324 
397.171 -223.646 364.838 -193.937 383.101 -154.005 415.435 -183.715 
228.515 -177.402 239.862 -134.984 283.711 -132.668 272.364 -175.087 
227.047 -250.9 214.346 -208.781 258.246 -209.716 270.923 -251.756 
192.611 -282.049 173.39 -242.569 204.999 -212.089 224.255 -251.643 
-212.194 11.766 -221.651 54.645 -183.793 76.89 -174.335 34.011 
-257.894 81.662 -222.389 107.499 -186.845 81.717 -222.35 55.88 
-92.076 564.329 -49.106 573.36 -27.237 535.283 -70.208 526.252 
-43.948 575.888 -26.258 616.078 6.498 586.836 -11.191 546.646 
421.382 563.008 448.381 597.636 472.971 561.258 445.972 526.629 
457.129 519.15 475.705 558.938 519.286 553.567 500.71 513.779 
591.087 77.883 611.338 116.845 654.65 109.625 634.399 70.663 
599.498 31.805 590.634 74.811 634.274 69.952 643.139 26.946 
318.518 -263.834 303.675 -222.508 315.957 -180.351 330.8 -221.677 
192.809 -282.299 227.067 -254.871 270.896 -252.662 236.668 -280.166 
95.643 -237.879 78.46 -197.471 116.113 -220.062 133.295 -260.471 
-205.85 -54.55 -180.541 -18.667 -138.974 -4.515 -164.283 -40.397 
-246.387 39.296 -257.885 81.674 -223.673 54.148 -212.176 11.77 
-245.31 144.953 -251.012 188.491 -230.035 227.066 -224.332 183.528 
-135.944 509.849 -151.168 551.035 -114.643 526.663 -99.42 485.476 
-92.182 564.847 -67.492 601.158 -26.174 616.022 -50.865 579.711 
19.876 628.659 63.025 636.796 102.717 618.016 59.567 609.879 
368.703 577.002 383.049 618.502 419.049 643.644 404.703 602.144 
448.371 597.63 490.991 587.066 519.262 553.468 476.642 564.032 
553.935 434.497 535.718 474.45 544.464 517.48 562.681 477.528 
605.0 177.976 648.879 176.325 683.408 149.197 639.529 150.849 
643.042 26.928 635.389 70.166 654.613 109.644 662.266 66.406 
540.754 -47.998 571.498 -16.646 614.798 -9.353 584.054 -40.705 
