151.761 241.925 139.776 284.168 183.655 282.512 195.639 240.269 
220.273 240.94 206.807 282.735 242.395 308.457 255.861 266.663 
228.218 214.026 264.151 239.263 299.257 212.888 263.324 187.65 
195.98 157.919 209.842 199.584 245.183 173.526 231.323 131.861 
130.793 171.79 142.933 213.989 186.817 215.484 174.678 173.285 
99.6 206.894 87.567 249.124 102.655 290.36 114.687 248.131 
154.903 315.699 193.001 337.531 236.655 332.8 198.557 310.968 
293.466 256.414 285.009 299.502 317.177 269.614 325.634 226.526 
257.022 109.833 270.541 151.609 306.035 177.46 292.516 135.684 
117.6 141.133 161.504 140.407 196.597 114.013 152.693 114.739 
14.058 98.336 43.251 131.137 83.467 113.51 54.275 80.709 
44.209 175.037 22.6 213.262 52.277 245.625 73.885 207.4 
-26.731 282.715 6.659 311.23 44.098 288.285 10.707 259.769 
22.727 326.644 28.989 370.106 68.389 350.72 62.126 307.259 
111.028 361.206 143.561 390.698 181.662 368.871 149.13 339.38 
181.527 412.781 193.347 455.071 229.914 430.761 218.095 388.472 
238.071 376.687 249.602 419.056 293.461 421.182 281.93 378.813 
306.561 312.221 318.481 354.481 354.99 330.084 343.068 287.823 
371.641 261.628 383.981 303.769 427.872 305.056 415.532 262.915 
380.132 199.982 366.795 241.818 410.705 241.574 424.041 199.738 
323.128 109.696 333.094 152.46 376.845 156.196 366.879 113.432 
324.823 37.75 311.168 79.483 355.078 79.574 368.733 37.841 
271.351 6.388 252.915 46.24 285.12 76.089 303.556 36.237 
166.047 42.041 144.929 80.539 188.068 88.727 209.187 50.229 
81.986 19.438 64.519 59.724 97.436 88.786 114.903 48.499 
3.248 32.074 -23.927 66.565 18.332 54.635 45.507 20.144 
-45.955 228.876 -49.293 272.659 -20.858 239.199 -17.52 195.416 
-37.216 312.947 -31.068 356.424 -0.538 387.984 -6.687 344.506 
112.513 421.748 138.926 456.826 180.912 469.68 154.499 434.602 
223.961 474.265 267.771 477.224 304.953 453.866 261.143 450.907 
370.745 371.071 412.171 356.511 437.127 320.382 395.702 334.942 
467.329 196.76 448.305 236.335 456.176 279.534 475.2 239.959 
392.196 33.442 388.252 77.175 410.765 114.874 414.709 71.141 
286.628 -40.166 313.614 -5.527 355.806 6.635 328.82 -28.004 
84.619 -20.439 122.318 2.075 166.05 -1.869 128.351 -24.384 
33.624 -121.684 20.96 -79.639 57.034 -54.603 69.697 -96.648 
-53.77 -44.003 -62.889 -1.05 -19.221 -5.652 -10.103 -48.605 
-98.886 24.095 -88.793 66.83 -55.511 95.471 -65.603 52.736 
-133.026 116.385 -126.009 159.731 -82.616 166.451 -89.633 123.106 
-164.68 196.034 -124.202 213.053 -81.452 203.029 -121.93 186.01 
-130.377 256.527 -163.499 285.355 -125.846 307.947 -92.725 279.119 
-114.977 350.491 -117.075 394.35 -76.01 409.899 -73.912 366.039 
-55.229 448.58 -11.949 455.989 27.421 436.542 -15.86 429.134 
21.283 480.021 14.702 523.435 58.025 516.279 64.606 472.865 
98.402 473.738 80.457 513.813 89.495 556.783 107.44 516.708 
160.195 508.395 139.243 546.984 169.468 578.835 190.42 540.247 
255.248 519.31 231.35 556.147 273.769 567.492 297.667 530.655 
339.449 481.033 341.199 524.908 365.572 488.383 363.822 444.508 
407.522 425.725 400.248 469.028 439.184 489.328 446.458 446.025 
415.855 400.266 451.43 426.005 495.34 425.918 459.765 400.179 
467.86 351.744 499.718 381.963 538.302 361.003 506.445 330.784 
535.805 229.085 511.032 265.339 537.857 300.103 562.63 263.849 
478.306 135.814 503.459 171.806 544.964 186.14 519.811 150.148 
478.606 91.599 516.394 113.964 549.341 84.936 511.553 62.572 
470.48 34.835 458.227 77.001 492.925 50.09 505.178 7.925 
424.901 -37.638 426.662 6.237 467.845 -8.996 466.084 -52.871 
332.868 -98.783 356.717 -61.914 399.15 -73.203 375.301 -110.072 
227.791 -64.765 268.854 -80.319 292.932 -117.038 251.869 -101.485 
160.803 -123.278 171.808 -80.769 208.835 -104.372 197.83 -146.88 
106.753 -139.594 113.605 -96.222 144.642 -65.16 137.79 -108.533 
125.196 -176.236 150.655 -140.459 192.547 -153.616 167.089 -189.393 
-8.337 -205.984 -22.347 -164.369 21.561 -163.904 35.571 -205.519 
-109.594 -169.754 -102.766 -126.378 -59.403 -119.468 -66.231 -162.844 
-146.638 -111.717 -132.471 -70.155 -88.566 -70.786 -102.733 -112.348 
-157.453 35.042 -166.832 77.939 -123.136 73.603 -113.757 30.706 
-177.192 125.074 -182.422 168.672 -139.342 160.172 -134.112 116.575 
-246.799 267.74 -253.005 311.209 -213.581 330.545 -207.375 287.075 
-263.838 401.509 -224.151 420.3 -194.016 388.363 -233.702 369.572 
-189.267 432.015 -198.729 474.893 -155.025 470.642 -145.563 427.764 
-53.756 469.414 -64.0 512.113 -26.557 535.05 -16.313 492.352 
14.986 524.981 28.259 566.837 72.168 567.148 58.895 525.292 
127.315 654.18 168.092 670.471 196.186 636.724 155.409 620.434 
224.928 669.919 247.319 707.691 276.323 674.724 253.932 636.952 
298.047 604.079 296.439 647.959 337.675 663.048 339.283 619.168 
365.979 532.291 405.197 552.041 436.098 520.845 396.88 501.095 
457.226 447.721 445.064 489.913 488.949 488.442 501.111 446.25 
572.769 388.209 596.504 425.152 624.304 391.163 600.569 354.22 
616.277 298.019 640.026 334.953 682.49 323.781 658.742 286.847 
631.276 216.599 604.805 251.633 646.305 265.982 672.776 230.948 
540.383 127.923 560.345 167.033 591.373 135.963 571.411 96.853 
534.655 8.698 518.831 49.658 552.897 77.365 568.72 36.405 
476.565 -115.243 501.368 -79.008 543.493 -91.4 518.69 -127.634 
428.662 -186.318 431.718 -142.515 472.433 -158.957 469.377 -202.761 
396.668 -223.017 364.401 -193.236 382.754 -153.345 415.021 -183.126 
228.397 -176.414 239.812 -134.014 283.665 -131.769 272.25 -174.169 
226.669 -250.098 214.0 -207.969 257.9 -208.937 270.545 -250.987 
192.22 -280.863 173.391 -241.195 205.298 -211.029 224.163 -250.771 
-211.82 12.529 -221.074 55.453 -183.11 77.518 -173.857 34.594 
-256.972 82.781 -221.181 108.22 -185.928 82.041 -221.719 56.603 
-91.325 564.251 -48.334 573.18 -26.556 535.05 -69.549 526.122 
-43.203 575.682 -25.358 615.803 7.285 586.434 -10.559 546.313 
421.425 562.231 448.43 596.854 473.014 560.47 446.008 525.847 
456.938 518.499 475.689 558.204 519.245 552.64 500.494 512.935 
590.24 77.804 610.567 116.726 653.865 109.421 633.538 70.499 
598.446 31.87 589.806 74.922 633.42 69.836 642.06 26.784 
317.929 -263.155 303.308 -221.751 315.815 -179.66 330.436 -221.065 
192.33 -281.003 226.689 -253.702 270.526 -251.655 236.196 -279.033 
95.837 -237.082 78.587 -196.703 116.278 -219.231 133.528 -259.61 
-206.022 -53.114 -180.009 -17.738 -138.171 -4.408 -164.184 -39.784 
-245.797 40.326 -256.963 82.793 -222.968 55.0 -211.803 12.533 
-244.588 145.371 -250.271 188.912 -229.276 227.478 -223.593 183.937 
-135.213 509.826 -150.277 551.071 -113.847 526.558 -98.783 485.313 
-91.428 564.761 -66.635 601.001 -25.275 615.747 -50.069 579.506 
20.543 628.295 63.718 636.294 103.35 617.387 60.174 609.388 
368.64 576.365 383.17 617.801 419.282 642.782 404.751 601.346 
448.42 596.848 491.019 586.197 519.222 552.541 476.623 563.192 
553.44 433.727 535.353 473.739 544.24 516.741 562.326 476.729 
604.334 177.917 648.206 176.084 682.622 148.815 638.75 150.647 
641.965 26.766 634.464 70.031 653.827 109.441 661.328 66.177 
539.887 -47.638 570.71 -16.365 614.029 -9.182 583.206 -40.455 
