155.897 234.93 147.436 278.017 191.029 272.749 199.49 229.661 
217.619 229.908 207.967 272.744 245.724 295.161 255.376 252.325 
223.141 213.357 261.202 235.254 293.788 205.823 255.728 183.926 
192.0 163.371 209.977 203.433 242.522 173.956 224.546 133.895 
133.95 177.167 150.826 217.704 194.595 214.181 177.718 173.643 
111.662 197.849 103.735 241.037 122.708 280.637 130.635 237.449 
158.617 302.371 198.184 321.413 241.386 313.562 201.82 294.52 
280.93 247.807 275.455 291.375 305.492 259.346 310.966 215.778 
244.407 116.918 261.715 157.273 299.438 179.746 282.13 139.392 
125.768 157.372 169.214 151.005 200.62 120.316 157.174 126.684 
41.517 114.13 76.538 140.619 112.552 115.498 77.532 89.009 
49.007 174.826 33.682 215.975 68.082 243.266 83.406 202.117 
-11.003 262.86 24.442 288.777 60.044 263.075 24.599 237.158 
42.508 303.333 54.731 345.507 91.064 320.85 78.841 278.675 
119.638 354.191 155.573 379.426 190.678 353.048 154.743 327.813 
176.072 394.457 191.775 435.464 225.921 407.858 210.219 366.852 
227.401 355.185 242.777 396.315 286.646 394.4 271.27 353.271 
297.926 302.598 314.063 343.435 347.915 315.468 331.776 274.631 
351.808 258.876 367.769 299.782 411.605 297.244 395.645 256.337 
356.295 198.757 346.509 241.562 390.244 237.642 400.03 194.837 
307.37 115.985 322.217 157.308 366.107 155.957 351.26 114.634 
309.801 52.879 300.187 95.723 343.905 91.628 353.52 48.783 
257.491 27.903 245.632 70.181 282.177 94.524 294.036 52.246 
159.852 58.261 147.479 100.392 191.371 99.141 203.745 57.01 
97.602 33.206 84.223 75.028 119.864 100.676 133.243 58.854 
28.673 49.332 4.755 86.156 45.75 70.424 69.668 33.6 
-18.149 212.742 -21.075 256.555 7.044 222.83 9.971 179.018 
-18.5 297.943 -7.215 340.378 26.857 368.076 15.572 325.64 
114.749 395.596 140.35 431.27 182.031 445.083 156.43 409.409 
219.915 451.354 263.801 449.897 298.449 422.923 254.563 424.38 
351.038 359.267 392.586 345.057 417.846 309.14 376.299 323.35 
437.584 190.752 423.093 232.202 435.733 274.254 450.224 232.804 
372.597 45.685 369.924 89.514 393.524 126.543 396.196 82.714 
269.336 -13.804 300.146 17.482 343.462 24.683 312.652 -6.603 
102.21 8.804 141.293 28.82 184.677 22.041 145.594 2.025 
52.855 -94.769 42.714 -52.046 80.213 -29.199 90.353 -71.923 
-36.912 -15.028 -32.215 28.63 7.855 10.671 3.157 -32.987 
-71.629 47.985 -61.051 90.602 -27.444 118.862 -38.022 76.245 
-115.048 121.6 -97.625 161.905 -53.909 157.789 -71.332 117.484 
-128.221 204.439 -84.326 205.568 -48.15 180.68 -92.046 179.551 
-107.522 242.851 -130.592 280.212 -87.931 290.608 -64.86 253.248 
-94.654 334.001 -86.657 377.176 -43.123 382.912 -51.12 339.737 
-31.396 425.228 11.349 435.274 51.836 418.277 9.091 408.23 
34.009 458.405 30.893 502.204 73.511 491.633 76.628 447.834 
99.308 446.881 89.747 489.737 107.202 530.029 116.763 487.172 
154.755 479.494 143.563 521.954 180.487 545.719 191.678 503.259 
244.456 489.316 226.853 529.543 270.551 533.853 288.154 493.626 
331.302 452.055 332.002 495.96 357.241 460.028 356.54 416.124 
389.952 405.425 385.522 449.111 425.701 466.824 430.131 423.138 
394.227 388.936 433.785 407.996 476.991 400.164 437.433 381.104 
441.724 345.99 479.471 368.423 512.471 339.456 474.724 317.023 
498.956 224.911 480.396 264.706 512.508 294.654 531.068 254.859 
451.78 134.559 476.666 170.736 518.064 185.375 493.177 149.199 
453.778 103.283 493.714 121.537 523.416 89.197 483.48 70.942 
442.493 50.837 438.477 94.563 467.428 61.549 471.444 17.823 
401.912 -9.358 414.541 32.696 450.635 7.689 438.004 -34.366 
317.965 -61.535 349.306 -30.781 388.239 -51.084 356.898 -81.839 
221.823 -42.482 263.165 -57.279 287.913 -93.55 246.571 -78.753 
169.733 -93.024 190.758 -54.474 220.923 -86.382 199.9 -124.931 
114.096 -97.272 131.66 -57.027 169.524 -34.792 151.96 -75.036 
125.052 -138.412 156.686 -107.959 195.424 -128.634 163.79 -159.087 
-4.669 -168.57 -8.77 -124.851 34.076 -134.461 38.177 -178.179 
-95.34 -138.129 -85.087 -95.433 -41.312 -91.99 -51.565 -134.686 
-127.534 -85.128 -117.969 -42.273 -74.255 -38.127 -83.82 -80.983 
-115.535 48.57 -128.546 90.508 -84.64 89.923 -71.629 47.985 
-154.45 140.982 -148.192 184.444 -108.791 165.062 -115.048 121.6 
-216.449 273.186 -214.832 317.066 -172.6 329.088 -174.217 285.208 
-223.329 400.774 -181.419 413.877 -156.006 378.067 -197.916 364.964 
-158.178 421.923 -159.779 465.804 -117.551 453.766 -115.95 409.886 
-31.28 445.801 -36.732 489.371 3.021 508.02 8.473 464.45 
31.439 504.206 48.93 544.482 92.64 540.293 75.149 500.017 
141.389 623.818 183.882 634.884 207.537 597.89 165.045 586.824 
231.251 634.845 256.754 670.59 282.868 635.29 257.367 599.545 
292.563 571.846 298.322 615.377 341.502 623.351 335.743 579.82 
353.582 503.785 394.236 520.379 422.579 486.842 381.925 470.248 
439.917 423.692 432.554 466.981 475.999 460.607 483.363 417.319 
545.8 368.045 573.539 402.083 597.34 365.183 569.601 331.144 
586.03 284.593 612.06 319.956 653.736 306.128 627.706 270.765 
594.876 207.176 574.037 245.826 617.235 253.701 638.074 215.051 
509.855 130.96 532.612 168.513 561.295 135.266 538.538 97.712 
498.78 15.466 488.695 58.202 526.223 81.0 536.308 38.264 
445.209 -92.058 474.262 -59.134 514.553 -76.591 485.5 -109.515 
407.815 -160.53 412.966 -116.923 452.847 -135.298 447.695 -178.904 
373.705 -195.145 345.115 -161.818 367.975 -124.328 396.566 -157.655 
221.494 -143.381 237.686 -102.565 281.508 -105.353 265.316 -146.168 
213.98 -214.832 205.895 -171.589 249.438 -177.252 257.508 -220.414 
175.415 -235.775 167.332 -192.615 205.882 -171.591 213.98 -214.832 
-192.121 36.509 -195.272 80.306 -154.593 96.836 -151.442 53.04 
-223.737 113.809 -183.133 130.524 -154.689 97.072 -195.293 80.357 
-63.61 548.81 -20.887 558.947 1.957 521.447 -40.766 511.31 
-19.008 560.028 4.498 597.116 32.508 563.299 9.002 526.211 
415.919 530.244 442.214 565.409 467.533 529.533 441.236 494.368 
445.0 491.707 468.415 528.853 510.979 518.064 487.564 480.917 
555.993 77.67 578.827 115.176 621.553 105.05 598.719 67.544 
559.66 33.777 555.958 77.531 598.715 67.531 602.417 23.777 
294.599 -232.727 288.442 -189.251 309.015 -150.459 315.172 -193.935 
175.41 -235.767 213.98 -214.833 257.508 -220.412 218.954 -241.427 
96.054 -199.67 77.986 -159.65 116.127 -181.406 134.196 -221.426 
-194.781 -6.013 -155.129 12.851 -111.963 4.806 -151.614 -14.058 
-220.482 70.029 -223.727 113.819 -195.363 80.299 -192.118 36.509 
-217.18 158.253 -216.889 202.162 -190.845 237.514 -191.136 193.605 
-104.695 495.75 -112.056 539.039 -80.657 508.344 -73.296 465.056 
-63.61 548.81 -37.371 584.018 4.552 597.079 -21.688 561.871 
42.215 606.123 86.078 608.174 122.769 584.052 78.906 582.001 
359.042 546.637 379.267 585.612 418.539 605.254 398.314 566.28 
442.192 565.393 484.277 552.864 510.96 517.991 468.875 530.52 
529.666 403.85 516.765 445.822 530.999 487.361 543.9 445.389 
574.223 177.229 617.45 169.515 647.887 137.865 604.66 145.58 
602.362 23.771 598.739 67.531 621.53 105.064 625.153 61.303 
502.233 -34.445 536.509 -6.999 580.371 -4.942 546.095 -32.388 
