159.862 222.842 156.092 266.59 198.864 256.657 202.634 212.909 
212.042 212.668 208.451 256.43 248.963 273.369 252.553 229.606 
214.304 204.828 255.174 220.882 283.072 186.974 242.202 170.919 
184.258 163.196 207.724 200.31 235.77 166.525 212.305 129.41 
135.217 177.316 157.43 215.194 200.318 205.772 178.105 167.895 
124.431 186.227 121.299 230.025 144.509 267.3 147.641 223.502 
162.836 281.756 203.931 297.225 246.27 285.584 205.175 270.115 
266.867 227.782 265.181 271.659 292.335 237.152 294.02 193.274 
222.213 121.037 245.288 158.395 285.915 175.054 262.84 137.697 
131.682 168.182 174.145 157.002 201.927 122.998 159.464 134.178 
67.91 135.161 106.831 155.49 138.192 124.756 99.271 104.427 
65.333 169.838 58.879 213.271 98.193 232.83 104.646 189.397 
24.939 254.808 64.45 273.962 94.877 242.302 55.365 223.148 
72.864 280.296 92.301 319.67 123.742 289.017 104.305 249.643 
130.739 332.365 170.868 350.191 200.222 317.535 160.093 299.709 
179.456 356.224 201.117 394.42 230.749 362.016 209.09 323.82 
217.031 318.344 237.838 357.01 281.043 349.169 260.235 310.502 
280.937 279.555 303.639 317.141 332.37 283.935 309.667 246.349 
318.031 240.173 339.746 278.337 382.754 269.478 361.038 231.313 
320.681 188.023 315.421 231.617 358.507 223.148 363.767 179.555 
278.426 122.131 300.666 159.991 343.547 150.537 321.306 112.677 
279.933 70.276 275.756 113.987 318.618 104.452 322.795 60.741 
230.959 51.894 225.709 95.489 265.548 113.953 270.798 70.358 
154.215 72.085 150.338 115.823 193.134 105.994 197.011 62.256 
108.326 52.792 102.275 96.283 141.768 115.477 147.819 71.986 
63.295 80.852 52.588 123.436 86.281 95.278 96.988 52.693 
18.82 206.843 18.334 250.75 44.535 215.513 45.02 171.606 
20.699 270.255 40.792 309.297 79.997 329.073 59.903 290.03 
126.988 351.806 153.594 386.738 195.651 399.36 169.045 364.429 
212.384 401.899 255.458 393.369 285.291 361.151 242.217 369.68 
318.784 325.69 360.188 311.068 385.09 274.902 343.686 289.524 
378.27 179.114 372.334 222.621 393.105 261.308 399.041 217.801 
329.168 60.165 329.925 104.068 356.343 139.142 355.586 95.239 
237.084 31.045 274.841 53.462 318.564 49.404 280.807 26.988 
109.757 48.222 150.884 63.606 193.199 51.878 152.072 36.494 
77.67 -31.077 90.407 10.945 134.309 11.817 121.572 -30.205 
19.233 33.328 42.038 70.851 70.678 37.566 47.872 0.043 
2.811 51.123 0.546 94.975 24.488 131.783 26.753 87.931 
-58.158 125.688 -34.174 162.469 8.219 151.024 -15.766 114.243 
-51.326 214.101 -9.966 199.354 14.826 163.113 -26.534 177.86 
-49.157 219.158 -57.639 262.241 -14.044 256.995 -5.561 213.912 
-40.624 291.948 -22.382 331.889 21.242 326.881 3.0 286.94 
1.13 365.915 42.757 379.89 84.648 366.73 43.021 352.754 
51.98 396.071 51.715 439.98 93.557 426.663 93.822 382.754 
110.299 379.4 110.652 423.308 136.747 458.623 136.394 414.715 
153.499 411.66 152.51 455.559 193.954 470.066 194.944 426.167 
222.331 422.192 214.624 465.42 258.119 459.391 265.825 416.163 
297.517 403.323 296.858 447.228 323.197 412.095 323.856 368.19 
339.291 365.552 338.851 409.46 380.474 423.447 380.914 379.539 
341.085 350.607 383.138 363.241 424.586 348.744 382.533 336.11 
384.495 318.807 426.278 332.311 452.032 296.746 410.25 283.243 
423.693 215.365 415.51 258.506 454.011 279.62 462.194 236.479 
397.86 144.451 422.137 181.04 463.283 196.372 439.007 159.783 
400.241 130.687 441.767 144.959 468.173 109.876 426.648 95.604 
384.888 81.416 387.651 125.239 411.175 88.161 408.412 44.338 
347.276 36.715 370.937 73.704 398.805 39.77 375.142 2.781 
286.382 1.871 324.581 23.527 356.979 -6.111 318.78 -27.766 
215.442 4.0 257.768 -7.687 285.141 -42.02 242.814 -30.334 
177.851 -35.807 204.893 -1.211 229.438 -37.62 202.397 -72.215 
122.366 -30.829 149.078 4.021 191.174 16.514 164.461 -18.336 
125.003 -66.469 163.685 -45.689 195.402 -76.057 156.72 -96.837 
11.058 -91.898 19.643 -48.835 57.945 -70.307 49.36 -113.37 
-45.185 -82.823 -27.413 -42.67 16.266 -47.164 -1.506 -87.317 
-70.674 -34.792 -51.728 4.82 -8.2 -0.958 -27.146 -40.57 
-62.374 66.984 -65.15 110.806 -22.615 99.905 -19.838 56.083 
-96.624 160.682 -78.058 200.475 -45.951 170.521 -64.516 130.729 
-145.374 263.924 -132.656 305.952 -88.755 306.844 -101.473 264.816 
-150.775 360.327 -107.54 367.997 -86.884 329.248 -130.119 321.578 
-99.873 371.193 -86.854 413.129 -50.994 387.789 -64.012 345.853 
-0.871 384.862 0.27 428.757 42.369 441.237 41.228 397.341 
55.524 448.607 78.949 485.747 121.51 474.946 98.085 437.806 
155.781 549.153 199.318 554.863 218.202 515.221 174.665 509.511 
210.141 558.386 237.822 592.472 261.685 555.613 234.005 521.526 
255.467 503.221 271.72 544.012 315.538 541.158 299.284 500.367 
311.756 454.488 353.78 467.219 378.873 431.186 336.849 418.455 
392.371 378.582 390.264 422.442 432.628 410.892 434.735 367.033 
482.991 327.884 513.749 359.222 534.049 320.285 503.29 288.948 
513.202 277.791 540.596 312.109 581.699 296.661 554.305 262.344 
514.043 209.893 503.108 252.42 546.932 249.678 557.867 207.151 
449.09 149.422 475.087 184.81 500.71 149.151 474.714 113.763 
432.806 38.937 429.708 82.738 470.408 99.219 473.506 55.419 
379.5 -55.23 410.122 -23.759 449.515 -43.158 418.893 -74.628 
374.067 -101.649 378.217 -57.936 418.509 -75.391 414.359 -119.105 
332.014 -128.177 315.658 -87.427 349.359 -59.279 365.715 -100.029 
212.106 -80.912 236.223 -44.218 278.573 -55.816 254.457 -92.51 
204.287 -146.093 200.292 -102.282 243.112 -112.003 247.1 -155.732 
163.922 -163.317 159.935 -119.589 200.291 -102.283 204.286 -146.093 
-129.265 58.006 -131.193 101.873 -90.068 117.263 -88.14 73.395 
-158.539 136.229 -117.415 151.62 -90.069 117.264 -131.194 101.874 
-27.586 484.317 13.757 499.107 40.6 464.356 -0.744 449.566 
13.757 499.107 38.512 535.374 65.355 500.624 40.601 464.357 
372.755 474.668 397.233 511.121 424.339 476.575 399.859 440.122 
399.86 440.121 424.339 476.575 466.573 464.559 442.094 428.105 
490.75 95.805 514.23 132.91 556.775 122.045 533.295 84.94 
493.567 51.981 490.75 95.8 533.295 84.939 536.113 41.119 
272.955 -163.646 272.256 -119.741 297.496 -83.811 298.195 -127.715 
163.923 -163.317 204.287 -146.093 247.1 -155.732 206.744 -173.037 
94.528 -125.284 81.428 -83.374 116.661 -109.579 129.762 -151.49 
-130.329 43.4 -86.616 47.555 -48.809 25.222 -92.522 21.067 
-156.61 92.361 -158.539 136.229 -131.193 101.873 -129.264 58.006 
-156.903 170.824 -144.09 212.823 -109.038 239.27 -121.851 197.271 
-56.639 431.333 -58.058 475.22 -31.115 440.548 -29.696 396.661 
-27.586 484.317 -2.832 520.584 38.512 535.374 13.757 499.107 
69.253 544.361 112.663 537.748 143.895 506.883 100.485 513.496 
313.568 484.857 337.78 521.488 378.899 536.892 354.688 500.26 
397.233 511.121 439.467 499.105 466.573 464.559 424.339 476.575 
469.939 356.263 463.999 399.77 484.766 438.459 490.706 394.952 
504.964 192.855 547.308 181.231 574.732 146.938 532.389 158.562 
536.11 41.12 533.295 84.94 556.775 122.045 559.59 78.225 
433.711 -2.19 472.043 19.228 515.644 14.024 477.311 -7.394 
