145.835 240.514 129.693 281.349 173.518 284.082 189.66 243.246 
222.365 244.327 204.666 284.512 237.415 313.762 255.114 273.577 
232.119 213.064 266.135 240.831 303.054 217.06 269.038 189.293 
198.197 153.082 209.596 195.487 246.402 171.543 235.005 129.138 
129.397 165.751 137.594 208.89 181.154 214.425 172.957 171.286 
94.238 201.94 79.262 243.218 91.409 285.414 106.385 244.137 
150.029 321.181 186.375 345.82 230.262 344.391 193.916 319.751 
299.746 260.844 287.656 303.057 322.249 276.013 334.339 233.8 
266.127 101.324 276.309 144.037 309.654 172.607 299.471 129.894 
113.073 126.984 156.76 131.409 194.704 109.311 151.018 104.886 
5.203 87.288 30.108 123.452 72.198 110.943 47.294 74.778 
37.06 166.808 10.766 201.975 36.086 237.85 62.38 202.683 
-37.872 285.19 -3.56 312.588 33.102 288.421 -1.212 261.022 
16.03 328.877 19.234 372.671 59.894 356.092 56.69 312.298 
102.669 366.012 132.559 398.179 172.388 379.692 142.498 347.525 
182.856 422.337 193.199 465.011 230.588 441.987 220.245 399.312 
243.977 386.104 252.419 429.194 296.01 434.481 287.568 391.39 
311.342 318.546 319.848 361.624 358.189 340.221 349.682 297.143 
382.569 261.74 392.989 304.396 436.777 307.668 426.357 265.012 
394.707 197.993 377.986 238.595 421.768 241.951 438.489 201.349 
333.328 104.638 339.418 148.123 382.657 155.769 376.568 112.284 
329.691 24.792 313.884 65.758 357.73 68.132 373.537 27.166 
276.301 -10.799 253.0 26.42 281.197 60.081 304.497 22.863 
170.967 27.573 143.876 62.13 185.113 77.216 212.204 42.66 
74.488 8.464 57.71 49.042 91.117 77.539 107.896 36.961 
-8.609 19.47 -39.005 51.159 4.213 43.389 34.609 11.7 
-61.716 230.7 -65.527 274.445 -36.732 241.295 -32.921 197.551 
-47.264 316.82 -43.124 360.534 -14.079 393.466 -18.22 349.752 
110.519 436.157 138.203 470.24 180.634 481.542 152.95 447.459 
225.44 485.593 269.0 491.129 307.494 470.004 263.934 464.468 
382.756 376.617 424.001 361.552 448.515 325.121 407.27 340.186 
484.043 200.251 462.17 238.326 466.854 281.986 488.727 243.911 
401.617 20.476 397.188 64.162 419.282 102.108 423.711 58.422 
294.373 -59.371 318.56 -22.723 359.67 -7.291 335.482 -43.939 
76.62 -36.271 113.283 -12.106 157.147 -14.106 120.485 -38.271 
19.695 -134.794 10.262 -91.909 48.133 -69.686 57.566 -112.571 
-64.638 -57.483 -74.88 -14.784 -31.106 -18.239 -20.865 -60.938 
-111.192 9.904 -107.004 53.613 -77.925 86.514 -82.113 42.804 
-143.743 110.579 -142.959 154.482 -100.963 167.303 -101.746 123.4 
-182.313 189.531 -147.207 215.906 -103.303 216.609 -138.409 190.234 
-145.584 259.787 -179.437 287.751 -142.38 311.307 -108.526 283.342 
-125.484 351.836 -131.185 395.374 -91.539 414.25 -85.838 370.712 
-71.499 453.32 -28.129 460.186 10.994 440.249 -32.376 433.382 
11.675 484.153 0.415 526.595 44.259 524.188 55.519 481.746 
96.736 484.684 73.372 521.862 76.323 565.673 99.687 528.495 
161.25 520.942 134.254 555.573 158.847 591.95 185.843 557.319 
255.929 533.049 228.58 567.401 269.702 582.797 297.052 548.444 
339.228 500.352 340.76 544.236 365.314 507.833 363.782 463.95 
415.664 436.391 405.033 478.995 442.267 502.271 452.897 459.667 
427.133 405.351 459.55 434.969 503.185 439.877 470.768 410.258 
482.08 353.432 508.786 388.287 550.188 373.66 523.482 338.804 
554.208 232.791 526.277 266.672 549.868 303.707 577.8 269.826 
494.936 139.047 520.025 175.084 561.504 189.491 536.415 153.455 
489.736 80.929 525.022 107.064 560.782 81.582 525.496 55.447 
484.564 21.992 467.439 62.425 505.059 39.78 522.185 -0.653 
436.234 -55.756 430.992 -12.161 474.074 -20.647 479.316 -64.243 
341.252 -117.994 361.722 -79.147 404.992 -86.61 384.523 -125.457 
233.691 -84.844 275.286 -98.915 300.665 -134.748 259.07 -120.677 
155.165 -138.93 158.742 -95.166 199.258 -112.092 195.682 -155.856 
99.373 -159.577 101.363 -115.712 128.757 -81.394 126.766 -125.26 
117.248 -192.841 143.231 -157.444 184.926 -171.217 158.942 -206.614 
-15.213 -223.352 -35.845 -184.591 7.395 -176.947 28.027 -215.707 
-123.346 -184.975 -113.567 -142.168 -69.833 -138.24 -79.612 -181.047 
-155.724 -127.56 -144.107 -85.215 -100.245 -83.178 -111.861 -125.524 
-184.955 26.615 -197.827 68.596 -153.923 67.865 -141.051 25.884 
-191.179 115.02 -200.675 157.892 -156.968 153.675 -147.471 110.804 
-260.808 259.98 -270.384 302.834 -232.587 325.183 -223.011 282.33 
-283.602 394.787 -245.169 416.023 -213.095 386.034 -251.528 364.797 
-205.274 429.241 -216.91 471.581 -173.047 469.565 -161.41 427.225 
-69.741 474.205 -80.611 516.749 -43.509 540.233 -32.639 497.69 
1.081 532.169 11.927 574.719 55.746 577.552 44.899 535.003 
114.291 665.141 153.761 684.381 184.257 652.788 144.787 633.548 
215.337 683.806 235.346 722.892 266.335 691.783 246.327 652.697 
294.765 618.851 289.15 662.4 328.833 681.197 334.448 637.648 
370.55 551.429 408.77 573.046 441.139 543.376 402.919 521.759 
465.422 462.283 450.278 503.499 494.156 505.166 509.3 463.95 
585.314 400.008 606.395 438.527 636.515 406.575 615.434 368.056 
630.801 307.491 653.024 345.362 695.909 335.929 673.686 298.058 
649.024 224.285 619.817 257.073 660.025 274.719 689.232 241.931 
560.856 125.492 578.594 165.66 611.315 136.378 593.578 96.21 
552.852 1.782 534.263 41.563 566.353 71.536 584.942 31.755 
490.693 -130.186 513.027 -92.38 555.884 -101.938 533.55 -139.744 
439.64 -201.596 441.848 -157.742 482.874 -173.394 480.665 -217.248 
406.489 -238.1 373.025 -209.67 389.723 -169.058 423.186 -197.488 
229.182 -203.797 239.282 -161.064 283.044 -157.465 272.945 -200.197 
234.361 -268.085 222.329 -225.77 266.209 -227.4 278.219 -269.636 
185.91 -300.893 165.278 -262.132 195.767 -230.532 216.437 -269.365 
-222.252 -2.019 -238.146 38.914 -204.128 66.679 -188.234 25.746 
-281.71 62.187 -252.074 94.588 -212.101 76.415 -241.736 44.014 
-110.19 564.757 -67.941 576.719 -43.509 540.234 -85.758 528.272 
-62.491 579.828 -49.08 621.64 -13.458 595.965 -26.869 554.153 
419.057 581.329 445.312 616.525 470.672 580.678 444.416 545.483 
461.932 534.993 475.113 576.879 519.021 577.286 505.84 535.401 
611.292 81.225 629.786 121.051 673.377 115.77 654.884 75.944 
625.809 26.886 609.965 67.838 653.809 70.251 669.652 29.299 
331.289 -278.766 310.635 -240.017 316.701 -196.528 337.355 -235.277 
193.491 -317.027 228.591 -290.686 272.468 -289.851 237.395 -316.27 
87.255 -252.816 71.756 -211.732 108.444 -235.86 123.942 -276.944 
-206.353 -77.602 -193.853 -35.509 -158.998 -8.802 -171.499 -50.896 
-266.757 18.849 -283.554 59.419 -246.118 36.47 -229.322 -4.1 
-263.06 137.101 -267.609 180.775 -245.618 218.782 -241.069 175.108 
-151.827 508.005 -170.929 547.543 -132.236 526.784 -113.134 487.247 
-110.187 564.748 -88.828 603.112 -48.997 621.595 -70.357 583.231 
3.736 636.369 46.323 647.067 87.065 630.691 44.478 619.992 
368.573 590.718 378.166 633.566 411.114 662.593 401.521 619.744 
445.336 616.542 488.564 608.832 519.004 577.185 475.776 584.895 
564.721 452.359 543.882 491.01 549.742 534.527 570.58 495.877 
619.336 179.549 663.133 182.704 700.42 159.514 656.623 156.359 
672.582 29.939 661.743 72.49 677.986 113.286 688.825 70.735 
557.541 -58.059 587.151 -25.635 630.165 -16.808 600.554 -49.232 
