159.494 224.082 154.983 267.76 197.917 258.553 202.427 214.875 
211.757 214.885 207.037 258.541 247.097 276.521 251.818 232.865 
214.36 206.551 254.761 223.749 283.602 190.639 243.2 173.441 
185.067 164.099 207.662 201.75 236.487 168.626 213.894 130.975 
135.445 177.579 156.976 215.848 200.026 207.197 178.494 168.928 
123.823 187.059 120.015 230.803 142.647 268.432 146.455 224.687 
161.0 282.325 201.87 298.379 244.371 287.343 203.501 271.29 
266.584 231.116 264.288 274.966 291.919 240.84 294.216 196.99 
224.518 122.276 246.679 160.183 286.889 177.825 264.728 139.917 
131.81 167.857 174.47 157.451 202.866 123.958 160.206 134.364 
65.137 132.451 103.443 153.915 135.695 124.117 97.389 102.652 
62.648 170.154 54.636 213.327 93.22 234.288 101.232 191.115 
19.541 254.043 58.563 274.176 89.769 243.285 50.747 223.152 
69.637 282.307 88.165 322.117 120.301 292.194 101.773 252.385 
127.929 335.436 167.483 354.504 197.841 322.779 158.287 303.711 
177.698 361.795 198.681 400.368 228.881 368.493 207.9 329.921 
218.173 322.582 238.294 361.611 281.63 354.534 261.509 315.506 
283.157 283.865 304.936 321.993 334.468 289.497 312.688 251.369 
323.036 243.513 344.116 282.033 387.264 273.887 366.184 235.368 
325.512 189.287 319.627 232.801 362.83 224.951 368.715 181.437 
282.768 121.048 304.05 159.455 347.154 151.082 325.872 112.674 
284.397 67.915 279.631 111.565 322.618 102.609 327.384 58.958 
233.836 48.816 227.668 92.291 267.109 111.592 273.277 68.117 
154.15 69.493 149.218 113.125 192.239 104.332 197.171 60.7 
108.106 49.201 101.096 92.548 140.155 112.61 147.165 69.264 
58.347 75.87 45.645 117.902 80.628 91.363 93.33 49.331 
14.725 206.363 13.674 250.261 40.326 215.365 41.377 171.467 
14.657 274.551 33.589 314.17 72.193 335.094 53.26 295.475 
123.742 358.348 149.967 393.566 191.884 406.644 165.659 371.426 
214.207 409.877 257.445 402.225 287.927 370.619 244.689 378.271 
324.336 332.222 365.823 317.838 390.933 281.816 349.446 296.2 
387.572 180.368 380.572 223.717 400.388 262.901 407.388 219.553 
335.92 58.07 336.175 101.979 362.189 137.353 361.935 93.444 
240.831 23.058 277.705 46.9 321.55 44.514 284.676 20.672 
109.789 44.044 150.612 60.217 193.145 49.306 152.322 33.133 
75.074 -43.294 84.328 -0.37 128.011 4.093 118.756 -38.831 
10.813 25.717 32.021 64.166 62.034 32.114 40.825 -6.335 
-9.437 49.7 -9.775 93.608 15.759 129.33 16.097 85.421 
-68.115 124.804 -44.925 162.09 -2.297 151.557 -25.487 114.271 
-63.664 212.854 -21.896 199.308 3.934 163.799 -37.835 177.344 
-59.941 221.23 -70.432 263.869 -26.639 260.67 -16.148 218.032 
-49.381 298.233 -32.25 338.663 11.495 334.864 -5.636 294.433 
-3.973 375.959 37.796 389.504 79.549 375.911 37.78 362.366 
48.368 406.827 47.525 450.729 89.539 437.965 90.382 394.063 
106.113 391.316 105.669 435.224 131.118 471.007 131.562 427.099 
151.35 423.527 149.047 467.377 190.039 483.117 192.342 439.267 
225.79 432.655 216.913 475.659 260.555 470.812 269.431 427.809 
304.202 411.4 303.665 455.307 329.906 420.101 330.443 376.194 
348.273 372.879 347.211 416.776 388.632 431.351 389.694 387.454 
350.234 358.89 392.171 371.907 433.749 357.788 391.813 344.771 
394.089 325.612 435.488 340.249 462.202 305.399 420.803 290.762 
435.355 216.494 425.894 259.372 463.751 281.621 473.212 238.742 
407.098 141.339 431.412 177.904 472.574 193.194 448.26 156.629 
409.634 125.311 450.99 140.068 477.804 105.296 436.448 90.539 
394.594 75.939 397.072 119.779 420.836 82.855 418.359 39.015 
356.634 29.169 378.909 67.01 408.014 34.131 385.738 -3.71 
290.473 -8.257 328.127 14.332 361.245 -14.499 323.591 -37.088 
216.24 -4.941 258.411 -17.178 285.335 -51.865 243.164 -39.628 
177.359 -45.69 204.04 -10.816 228.962 -46.968 202.282 -81.842 
121.636 -41.071 147.124 -5.315 188.761 8.631 163.273 -27.125 
124.871 -78.666 162.758 -56.469 195.576 -85.643 157.689 -107.839 
8.436 -104.846 16.114 -61.613 54.859 -82.275 47.182 -125.508 
-54.6 -90.295 -35.636 -50.692 7.89 -56.49 -11.074 -96.093 
-78.553 -46.442 -65.777 -4.432 -21.875 -3.602 -34.652 -45.612 
-72.05 63.718 -76.262 107.425 -33.392 97.926 -29.179 54.218 
-107.023 157.82 -89.914 198.261 -56.741 169.493 -73.848 129.053 
-158.113 265.253 -146.145 307.5 -102.267 309.173 -114.235 266.926 
-161.643 368.724 -118.423 376.475 -97.695 337.764 -140.916 330.014 
-109.394 380.087 -98.307 422.574 -61.326 398.901 -72.412 356.414 
-5.753 395.126 -5.364 439.035 36.515 452.233 36.127 408.325 
50.752 458.547 73.602 496.043 116.324 485.898 93.474 448.402 
150.783 561.642 194.359 567.047 212.966 527.274 169.39 521.868 
215.577 571.106 243.552 604.951 267.096 567.887 239.122 534.042 
262.226 514.69 277.155 555.984 321.042 554.545 306.113 513.251 
319.475 462.754 361.366 475.918 386.83 440.147 344.94 426.982 
400.711 386.712 398.128 430.546 440.615 419.457 443.198 375.624 
492.365 337.308 523.471 368.301 543.335 329.141 512.23 298.148 
526.286 277.448 554.079 311.443 594.998 295.515 567.205 261.52 
528.036 207.888 515.65 250.015 559.542 248.777 571.929 206.65 
459.287 145.11 484.967 180.728 510.907 145.299 485.227 109.681 
443.499 33.621 439.737 77.369 480.182 94.466 483.944 50.718 
388.335 -63.189 419.285 -32.04 458.473 -51.849 427.524 -82.997 
380.862 -111.389 385.903 -67.77 425.83 -86.043 420.789 -129.663 
340.22 -139.778 321.12 -100.239 352.821 -69.856 371.921 -109.394 
213.498 -91.747 236.529 -54.363 279.202 -64.715 256.17 -102.1 
205.706 -157.818 201.157 -114.062 244.097 -123.24 248.638 -166.914 
165.563 -175.552 161.022 -131.877 201.156 -114.063 205.706 -157.819 
-141.071 55.279 -142.695 99.159 -101.464 114.262 -99.841 70.382 
-169.801 133.704 -128.571 148.808 -101.464 114.264 -142.695 99.159 
-33.105 495.76 8.361 510.205 34.912 475.232 -6.554 460.787 
8.363 510.206 33.405 546.276 59.972 511.314 34.93 475.244 
381.192 483.694 405.849 520.027 432.785 485.348 408.127 449.015 
408.136 449.008 432.784 485.347 474.962 473.135 450.314 436.795 
501.629 90.915 525.132 128.006 567.67 117.115 544.167 80.024 
504.421 47.088 501.628 90.909 544.167 80.024 546.961 36.203 
276.424 -175.651 274.958 -131.766 299.566 -95.4 301.032 -139.285 
165.564 -175.552 205.706 -157.818 248.638 -166.914 208.504 -184.729 
94.329 -137.977 80.092 -96.439 116.026 -121.676 130.263 -163.213 
-142.547 38.203 -98.904 43.032 -60.757 21.285 -104.401 16.456 
-168.177 89.824 -169.8 133.704 -142.695 99.159 -141.071 55.279 
-167.689 168.755 -156.677 211.262 -122.783 239.178 -133.795 196.671 
-64.041 442.726 -65.9 486.596 -38.61 452.197 -36.75 408.326 
-33.105 495.76 -8.053 531.823 33.411 546.273 8.359 510.21 
64.153 555.025 107.696 549.359 139.593 519.182 96.05 524.848 
321.903 495.174 345.817 532.001 386.81 547.737 362.896 510.911 
405.846 520.024 448.022 507.806 474.962 473.131 432.786 485.349 
479.726 364.498 472.984 407.887 493.033 446.953 499.775 403.564 
517.215 188.754 559.631 177.395 587.269 143.274 544.854 154.633 
546.956 36.203 544.168 80.024 567.67 117.115 570.458 73.294 
444.357 -10.269 481.951 12.42 525.701 8.679 488.107 -14.01 
