159.975 222.219 157.801 266.075 200.183 254.59 202.357 210.734 
212.036 209.964 210.651 253.852 251.963 268.732 253.348 224.843 
213.89 202.103 255.515 216.084 281.673 180.816 240.048 166.836 
181.533 161.756 206.729 197.718 233.145 162.643 207.95 126.681 
133.407 177.711 157.195 214.619 199.648 203.401 175.86 166.492 
123.08 186.976 121.602 230.861 146.202 267.234 147.68 223.348 
166.045 282.205 207.535 296.58 249.551 283.821 208.06 269.447 
267.982 222.535 267.406 266.441 293.679 231.259 294.256 187.353 
217.677 117.534 242.541 153.726 283.929 168.391 259.066 132.199 
129.523 168.599 171.601 156.047 198.265 121.16 156.187 133.711 
74.616 142.196 114.798 159.904 144.056 127.162 103.875 109.454 
72.448 171.498 69.59 215.315 110.38 231.573 113.237 187.756 
38.611 255.754 79.04 272.887 107.828 239.73 67.398 222.597 
80.795 274.333 102.536 312.483 132.101 280.017 110.359 241.867 
136.826 323.671 177.927 339.125 205.326 304.811 164.225 289.357 
182.267 342.178 205.443 379.474 233.751 345.908 210.577 308.612 
212.499 307.386 235.153 345.0 277.927 335.076 255.273 297.462 
273.683 270.35 298.178 306.792 325.267 272.234 300.771 235.791 
304.754 232.973 328.076 270.177 370.667 259.494 347.345 222.289 
307.444 186.399 303.984 230.172 346.684 219.936 350.144 176.162 
266.589 125.906 290.822 162.523 333.135 150.791 308.902 114.174 
267.58 76.964 264.922 120.794 307.428 109.777 310.085 65.947 
223.747 60.489 220.74 104.295 261.474 120.692 264.481 76.885 
153.756 79.914 152.02 123.789 194.285 111.882 196.021 68.006 
108.844 62.791 104.996 106.532 145.407 123.709 149.255 79.967 
75.269 94.042 68.905 137.488 99.591 106.08 105.955 62.633 
32.974 208.904 33.76 252.807 58.929 216.827 58.143 172.924 
37.402 258.953 59.912 296.654 100.283 313.923 77.772 276.222 
134.279 334.34 161.292 368.958 203.493 381.086 176.48 346.468 
207.487 381.094 250.129 370.62 278.47 337.081 235.827 347.555 
304.652 311.004 346.04 296.336 370.902 260.142 329.514 274.81 
354.075 176.296 350.622 220.07 373.559 257.514 377.012 213.74 
312.546 65.805 313.862 109.695 340.724 144.43 339.408 100.539 
226.549 52.803 266.223 71.619 309.38 63.522 269.706 44.706 
109.534 60.437 151.313 73.952 193.056 60.328 151.278 46.814 
80.768 5.025 102.158 43.372 145.239 34.879 123.849 -3.469 
39.843 50.3 63.62 87.215 91.381 53.193 67.603 16.279 
29.949 59.033 25.742 102.741 48.029 140.574 52.236 96.866 
-30.716 130.866 -4.687 166.229 36.989 152.401 10.96 117.038 
-19.375 218.949 21.758 203.579 46.0 166.968 4.867 182.338 
-18.548 221.001 -21.227 264.829 21.284 253.833 23.963 210.005 
-16.81 275.673 3.66 314.519 46.931 307.054 26.461 268.208 
15.85 338.07 57.157 352.962 99.329 340.73 58.022 325.838 
64.258 367.153 64.765 411.06 106.367 397.01 105.86 353.103 
121.831 349.691 122.854 393.589 149.485 428.502 148.462 384.604 
159.619 382.832 160.868 426.724 202.998 439.1 201.749 395.208 
213.556 394.922 208.706 438.563 251.711 429.689 256.56 386.048 
277.892 380.985 277.042 424.887 303.534 389.87 304.384 345.968 
316.155 344.25 316.552 388.158 358.434 401.349 358.037 357.441 
317.948 330.088 360.034 342.613 401.444 328.009 359.358 315.484 
360.981 302.916 403.263 314.764 427.596 278.213 385.315 266.365 
393.592 212.485 388.559 256.105 428.489 274.372 433.522 230.751 
371.268 153.768 395.709 190.247 436.924 205.393 412.483 168.914 
373.232 143.895 415.031 157.345 440.74 121.747 398.94 108.298 
359.006 94.699 361.41 138.543 385.237 101.659 382.832 57.815 
323.064 54.508 349.441 89.613 374.677 53.679 348.3 18.574 
273.848 28.822 313.518 47.649 343.681 15.739 304.012 -3.088 
213.157 30.992 255.649 19.923 283.519 -14.009 241.027 -2.94 
178.151 -7.261 205.595 27.016 229.713 -9.677 202.27 -43.954 
123.848 -3.469 152.132 30.119 194.756 40.667 166.473 7.08 
126.105 -32.674 166.25 -14.884 195.575 -47.566 155.43 -65.357 
28.135 -59.769 37.041 -16.771 75.182 -38.529 66.275 -81.526 
-15.67 -64.398 -6.608 -21.433 37.054 -16.774 27.992 -59.739 
-45.286 -0.636 -13.563 29.723 25.114 8.934 -6.61 -21.426 
-35.701 77.691 -35.129 121.597 6.452 107.486 5.88 63.58 
-67.103 169.281 -45.524 207.523 -15.823 175.182 -37.402 136.941 
-108.249 253.923 -97.769 296.564 -53.977 299.774 -64.457 257.133 
-121.139 333.745 -78.562 344.482 -55.193 307.307 -97.77 296.57 
-72.491 347.666 -54.289 387.626 -21.91 357.967 -40.111 318.007 
13.391 356.497 15.456 400.359 57.809 411.948 55.744 368.087 
68.527 419.287 92.707 455.94 135.038 444.27 110.858 407.617 
154.918 512.063 198.208 519.419 218.581 480.521 175.292 473.165 
198.269 519.451 224.751 554.477 249.879 518.469 223.399 483.442 
237.893 471.369 258.094 510.355 301.415 503.19 281.214 464.203 
290.249 431.721 332.415 443.971 357.096 407.654 314.929 395.403 
368.12 356.605 366.682 400.491 408.865 388.296 410.302 344.41 
449.24 316.419 479.142 348.574 500.483 310.198 470.58 278.043 
474.977 274.249 501.401 309.319 542.92 295.027 516.496 259.957 
475.036 213.981 468.428 257.391 511.756 250.261 518.364 206.851 
420.692 160.813 447.161 195.848 472.303 159.848 445.833 124.813 
403.384 53.705 401.472 97.573 442.603 112.948 444.515 69.08 
360.363 -24.092 390.804 7.554 430.308 -11.618 399.867 -43.264 
356.795 -71.714 358.752 -27.847 399.867 -43.264 397.91 -87.13 
312.383 -93.517 302.478 -50.738 340.102 -28.099 350.007 -70.878 
209.076 -50.14 235.041 -14.73 276.742 -28.483 250.777 -63.893 
202.167 -112.583 199.215 -68.69 241.792 -79.426 244.739 -123.237 
161.404 -128.843 158.458 -85.032 199.214 -68.691 202.166 -112.584 
-96.147 66.659 -98.611 110.5 -57.677 126.391 -55.213 82.55 
-126.376 144.519 -85.443 160.412 -57.679 126.394 -98.612 110.501 
-12.779 452.159 28.48 467.183 55.519 432.586 14.26 417.561 
28.48 467.183 53.028 503.591 80.068 468.994 55.521 432.587 
347.749 450.557 372.369 486.915 399.34 452.265 374.72 415.906 
374.72 415.905 399.34 452.264 441.527 440.085 416.907 403.726 
459.755 110.262 483.675 147.084 526.088 135.714 502.167 98.891 
462.047 66.411 459.754 110.261 502.167 98.891 504.46 55.041 
266.564 -129.015 266.511 -85.105 292.278 -49.55 292.33 -93.46 
161.405 -128.842 202.167 -112.583 244.739 -123.237 203.983 -139.578 
99.926 -89.318 92.209 -46.092 123.86 -76.527 131.578 -119.753 
-96.195 53.712 -52.741 60.024 -13.876 39.589 -57.33 33.277 
-123.91 100.678 -126.375 144.519 -98.612 110.5 -96.147 66.659 
-126.709 175.42 -107.324 214.82 -68.483 235.301 -87.868 195.901 
-36.128 399.51 -36.833 443.415 -10.457 408.31 -9.752 364.405 
-12.779 452.158 11.769 488.565 53.028 503.591 28.48 467.183 
80.278 512.904 122.837 502.096 150.915 468.336 108.356 479.144 
290.186 456.003 315.039 492.202 356.423 506.879 331.57 470.68 
372.369 486.915 414.556 474.735 441.527 440.085 399.34 452.265 
436.734 337.189 434.512 381.043 458.491 417.827 460.714 373.974 
470.57 203.724 512.734 191.465 539.64 156.763 497.476 169.023 
504.458 55.041 502.166 98.891 526.087 135.714 528.379 91.864 
404.988 24.256 445.485 41.229 488.224 31.157 447.727 14.184 
