158.686 226.162 153.251 269.735 196.371 261.438 201.805 217.866 
212.535 218.026 206.515 261.521 246.021 280.687 252.041 237.192 
215.639 208.705 255.483 227.16 285.346 194.969 245.502 176.514 
186.408 164.734 207.918 203.015 237.678 170.728 216.169 132.448 
135.329 177.932 155.909 216.721 199.159 209.135 178.579 170.346 
122.073 188.736 117.351 232.392 139.192 270.485 143.914 226.83 
159.752 285.667 200.34 302.42 243.024 292.117 202.436 275.363 
268.076 235.339 265.01 279.142 293.237 245.506 296.302 201.704 
228.589 122.343 249.622 160.887 289.295 179.707 268.262 141.163 
131.047 166.487 173.914 156.974 203.003 124.082 160.136 133.594 
61.335 128.437 98.864 151.235 132.143 122.589 94.615 99.791 
59.522 170.737 49.565 213.503 87.161 236.188 97.119 193.422 
12.551 254.196 50.821 275.723 83.121 245.978 44.85 224.45 
64.363 285.68 81.58 326.074 114.677 297.218 97.46 256.823 
125.399 339.798 164.18 360.393 195.751 329.874 156.971 309.279 
176.393 369.286 196.284 408.432 227.367 377.417 207.477 338.271 
219.817 329.393 238.904 368.937 282.411 363.004 263.324 323.46 
286.533 288.9 307.025 327.735 337.627 296.245 317.134 257.41 
329.376 248.092 349.436 287.152 392.784 280.143 372.723 241.083 
331.728 191.526 325.02 234.921 368.364 227.891 375.071 184.496 
288.351 120.118 308.272 159.248 351.644 152.393 331.723 113.263 
289.914 64.501 284.215 108.04 327.384 100.006 333.083 56.467 
238.515 44.296 231.171 87.587 270.074 107.95 277.418 64.659 
154.385 66.515 147.973 109.954 191.267 102.629 197.679 59.189 
107.793 44.616 99.212 87.68 137.516 109.148 146.097 66.085 
51.828 69.048 36.164 110.069 72.948 86.09 88.613 45.069 
8.353 206.413 6.669 250.29 33.821 215.782 35.506 171.905 
7.084 279.599 24.323 319.983 62.007 342.522 44.767 302.138 
120.75 366.865 146.648 402.325 188.442 415.79 162.544 380.33 
215.642 419.731 259.094 413.407 290.53 382.75 247.077 389.074 
330.427 339.561 371.978 325.359 397.245 289.448 355.695 303.649 
399.663 182.354 391.025 225.405 409.342 265.313 417.98 222.261 
345.153 54.914 344.668 98.822 370.083 134.629 370.568 90.721 
246.584 14.085 282.193 39.777 326.102 39.633 290.494 13.94 
109.753 38.816 150.272 55.736 192.998 45.608 152.479 28.688 
69.689 -56.784 74.637 -13.154 117.661 -4.377 112.713 -48.008 
-1.502 15.13 16.864 55.014 49.121 25.221 30.753 -14.663 
-26.698 49.504 -23.804 93.319 4.29 127.065 1.396 83.25 
-80.656 124.425 -58.167 162.138 -15.349 152.402 -37.839 114.689 
-79.28 211.319 -36.823 200.119 -9.058 166.101 -51.516 177.302 
-72.834 225.243 -85.773 267.204 -41.868 266.543 -28.929 224.583 
-60.56 306.276 -45.136 347.387 -1.269 345.421 -16.694 304.31 
-9.894 388.476 32.078 401.377 73.618 387.144 31.646 374.243 
44.686 420.174 43.241 464.06 85.426 451.873 86.871 407.987 
102.866 405.689 100.998 449.56 125.273 486.149 127.141 442.279 
150.514 437.916 146.583 481.649 186.961 498.903 190.893 455.169 
229.851 446.163 219.177 488.755 262.984 485.745 273.658 443.152 
312.205 420.935 311.836 464.844 337.943 429.538 338.312 385.63 
359.798 381.071 357.878 424.939 399.006 440.321 400.926 396.453 
361.998 368.122 403.699 381.873 445.519 368.487 403.818 354.735 
406.439 332.384 447.283 348.506 475.237 314.644 434.394 298.522 
450.498 218.287 439.181 260.714 476.034 284.587 487.351 242.161 
418.513 138.414 442.936 174.905 484.144 190.072 459.721 153.581 
421.118 119.115 462.247 134.492 489.582 100.127 448.452 84.75 
406.673 69.342 408.275 113.223 432.772 76.781 431.169 32.9 
368.451 19.943 388.889 58.807 419.535 27.359 399.096 -11.504 
296.394 -20.376 333.172 3.612 367.351 -23.954 330.572 -47.942 
217.489 -14.997 259.463 -27.894 285.839 -62.999 243.865 -50.102 
175.987 -57.514 201.942 -22.096 227.605 -57.726 201.651 -93.143 
120.119 -53.989 143.841 -17.038 184.752 -1.087 161.03 -38.038 
124.571 -93.633 161.22 -69.446 195.548 -96.826 158.9 -121.013 
5.527 -121.061 11.304 -77.533 50.917 -96.479 45.139 -140.008 
-65.674 -100.915 -47.295 -61.036 -3.688 -66.193 -22.067 -106.071 
-88.635 -58.924 -81.754 -15.556 -38.383 -8.699 -45.264 -52.067 
-83.924 60.119 -90.304 103.563 -47.014 96.206 -40.634 52.762 
-119.367 154.081 -104.464 195.385 -69.787 168.448 -84.69 127.144 
-173.286 267.424 -163.14 310.146 -119.373 313.698 -129.52 270.976 
-175.806 378.522 -132.729 387.038 -111.318 348.702 -154.394 340.185 
-121.038 391.522 -112.661 434.626 -74.256 413.339 -82.632 370.235 
-11.338 407.94 -11.99 451.845 29.564 466.032 30.216 422.127 
45.823 470.838 67.757 508.877 110.712 499.772 88.778 461.732 
148.092 577.652 191.568 583.808 210.858 544.361 167.381 538.205 
221.778 586.89 249.515 620.931 273.318 584.033 245.582 549.992 
271.147 528.889 284.248 570.799 328.155 571.289 315.054 529.379 
329.215 472.571 370.905 486.357 396.898 450.968 355.208 437.182 
411.307 396.012 407.968 439.794 450.64 429.441 453.979 385.658 
505.751 346.219 536.55 377.516 556.799 338.553 526.0 307.256 
541.984 277.377 569.71 311.427 610.661 295.58 582.935 261.53 
545.142 206.012 530.927 247.557 574.832 248.239 589.047 206.693 
472.087 140.4 497.241 176.392 523.698 141.347 498.544 105.356 
457.044 27.861 452.113 71.493 492.086 89.667 497.017 46.034 
402.462 -68.435 434.112 -37.998 472.839 -58.693 441.189 -89.13 
387.922 -123.493 394.18 -80.032 433.581 -99.414 427.322 -142.876 
349.648 -153.983 327.458 -116.092 356.637 -83.279 378.827 -121.17 
215.193 -104.993 236.723 -66.724 279.772 -75.376 258.242 -113.645 
207.409 -172.191 202.166 -128.512 245.246 -137.007 250.48 -180.604 
167.554 -190.56 162.319 -146.963 202.165 -128.513 207.409 -172.191 
-155.099 51.532 -156.55 95.418 -115.26 110.36 -113.809 66.474 
-183.523 130.068 -142.234 145.013 -115.262 110.364 -156.55 95.418 
-39.539 510.222 2.108 524.133 28.209 488.822 -13.439 474.911 
2.188 524.19 27.429 560.121 53.802 525.013 28.561 489.082 
391.921 494.595 416.843 530.747 443.524 495.872 418.6 459.721 
418.744 459.62 443.551 495.851 485.675 483.455 460.868 447.223 
515.129 86.051 538.715 123.089 581.228 112.103 557.642 75.065 
517.829 42.21 515.124 86.036 557.642 75.065 560.347 31.239 
280.613 -190.369 278.172 -146.526 301.967 -109.623 304.407 -153.465 
167.554 -190.559 207.409 -172.191 250.48 -180.604 210.634 -199.054 
94.519 -153.502 79.235 -112.338 115.796 -136.657 131.08 -177.821 
-157.067 29.082 -113.805 36.602 -74.386 17.257 -117.648 9.737 
-182.069 86.184 -183.52 130.07 -156.55 95.418 -155.099 51.532 
-180.655 166.273 -172.028 209.327 -139.742 239.089 -148.369 196.034 
-73.189 457.234 -75.762 501.069 -47.916 467.118 -45.342 423.284 
-39.539 510.222 -14.153 546.049 27.445 560.112 2.058 524.284 
59.209 568.589 102.928 564.488 135.886 535.473 92.168 539.574 
332.644 507.903 356.075 545.039 396.859 561.31 373.428 524.174 
416.835 530.741 458.938 518.273 485.673 483.44 443.57 495.907 
492.807 373.707 484.845 416.889 503.787 456.504 511.748 413.322 
532.119 184.442 574.64 173.487 602.602 139.63 560.08 150.586 
560.332 31.238 557.642 75.065 581.228 112.103 583.918 68.276 
458.394 -17.227 495.377 6.444 539.21 3.857 502.227 -19.815 
