160.262 221.497 159.081 265.391 201.191 252.95 202.372 209.056 
209.262 208.598 208.711 252.504 250.298 266.596 250.85 222.69 
210.806 202.281 252.567 215.85 278.376 180.326 236.615 166.757 
179.241 163.074 204.95 198.671 230.86 163.22 205.151 127.623 
133.043 178.7 157.779 214.98 199.927 202.665 175.191 166.386 
124.231 186.653 123.624 230.558 148.941 266.436 149.548 222.53 
164.574 277.181 206.2 291.157 248.092 277.996 206.465 264.02 
262.36 221.209 262.153 265.119 288.129 229.717 288.336 185.807 
213.272 120.117 238.776 155.861 280.419 169.787 254.915 134.043 
130.228 171.775 172.166 158.765 198.448 123.589 156.51 136.599 
80.826 150.485 121.767 166.358 149.515 132.327 108.574 116.453 
78.273 172.377 77.35 216.277 118.817 230.721 119.739 186.82 
49.189 253.465 90.336 268.794 117.63 234.398 76.483 219.068 
90.556 268.968 114.321 305.892 142.093 271.88 118.328 234.957 
137.246 315.519 178.783 329.758 205.161 294.654 163.624 280.415 
180.457 330.953 204.981 367.377 232.043 332.798 207.521 296.374 
208.051 296.02 232.219 332.68 274.553 321.024 250.386 284.363 
264.841 266.943 290.259 302.748 316.457 267.51 291.039 231.704 
292.997 230.29 317.684 266.603 359.849 254.346 335.162 218.033 
294.663 185.623 292.768 229.492 335.076 217.738 336.97 173.869 
258.253 131.442 283.548 167.334 325.5 154.367 300.205 118.475 
258.789 85.145 257.472 129.035 299.621 116.724 300.938 72.834 
216.624 70.051 215.031 113.932 256.272 129.007 257.865 85.126 
154.897 86.944 154.277 130.85 196.226 117.872 196.845 73.966 
110.96 71.536 108.956 115.4 150.054 130.861 152.059 86.997 
82.02 104.897 78.554 148.67 107.087 115.293 110.553 71.52 
47.03 208.862 48.133 252.758 73.041 216.597 71.938 172.701 
49.146 253.588 73.16 290.349 114.196 305.974 90.181 269.213 
135.922 320.21 162.619 355.073 204.708 367.586 178.012 332.723 
205.16 367.514 247.41 355.552 274.559 321.041 232.309 333.003 
293.096 304.691 334.654 290.513 359.941 254.615 318.383 268.793 
337.267 173.879 335.566 217.756 359.98 254.253 361.681 210.376 
301.403 72.822 302.367 116.722 328.949 151.671 327.985 107.771 
217.589 67.383 258.377 83.645 300.933 72.827 260.145 56.565 
111.393 70.048 153.344 83.016 194.906 68.849 152.955 55.881 
83.931 26.846 108.698 63.105 150.836 50.754 126.068 14.496 
52.284 64.304 76.35 101.031 103.843 66.792 79.776 30.065 
47.419 68.001 43.719 111.755 66.443 149.328 70.143 105.574 
-9.467 135.994 16.763 171.208 58.36 157.143 32.129 121.929 
-0.875 220.377 40.321 205.179 64.715 168.669 23.519 183.867 
0.119 222.84 0.094 266.75 41.863 253.205 41.888 209.295 
0.672 268.412 23.666 305.82 66.348 295.511 43.355 258.103 
28.187 317.226 69.561 331.931 111.677 319.509 70.303 304.803 
75.559 344.479 76.29 388.383 117.819 374.121 117.088 330.217 
127.477 328.741 128.412 372.641 154.973 407.607 154.038 363.707 
161.048 362.907 162.505 406.793 204.694 418.968 203.236 375.082 
208.077 375.075 205.698 418.921 248.133 407.634 250.512 363.789 
260.698 362.704 260.207 406.611 286.412 371.378 286.902 327.47 
297.974 325.864 298.691 369.768 340.667 382.654 339.951 338.749 
299.704 317.099 341.694 329.941 383.213 315.648 341.223 302.807 
342.68 294.991 384.941 306.912 409.338 270.404 367.077 258.482 
371.142 209.899 368.621 253.736 409.533 269.681 412.055 225.843 
348.357 162.722 373.448 198.757 414.928 213.163 389.837 177.127 
350.2 153.269 392.116 166.353 417.512 130.532 375.597 117.448 
341.228 105.277 342.648 149.164 367.295 112.823 365.875 68.936 
307.527 67.001 334.578 101.589 359.114 65.174 332.063 30.586 
262.685 47.593 303.429 63.964 331.589 30.272 290.844 13.901 
211.134 53.876 253.401 41.977 280.602 7.507 238.334 19.406 
177.478 15.862 204.693 50.321 229.055 13.789 201.84 -20.67 
126.068 14.496 154.185 48.223 196.757 58.983 168.64 25.255 
128.803 -4.724 169.834 10.915 197.386 -23.275 156.355 -38.914 
53.508 -37.39 60.579 5.947 99.61 -14.171 92.538 -57.507 
10.715 -47.218 14.592 -3.48 57.388 6.348 53.511 -37.39 
-19.507 24.185 17.341 48.067 51.44 20.402 14.592 -3.48 
-13.899 86.282 -12.128 130.156 29.052 114.913 27.28 71.039 
-42.573 174.558 -18.888 211.532 8.957 177.581 -14.726 140.606 
-77.562 233.047 -69.958 276.294 -26.478 282.425 -34.082 239.179 
-95.209 312.218 -53.241 325.133 -27.99 289.21 -69.958 276.295 
-48.852 327.847 -27.402 366.162 2.409 333.922 -19.04 295.607 
25.673 333.268 27.299 377.148 69.534 389.161 67.908 345.281 
78.25 393.157 103.178 429.305 145.261 416.768 120.332 380.619 
144.005 477.703 186.952 486.851 208.924 448.833 165.977 439.685 
188.457 487.68 214.531 523.011 240.075 487.295 214.002 451.965 
223.649 444.085 246.32 481.689 289.09 471.748 266.419 434.143 
272.252 412.94 314.343 425.447 339.244 389.281 297.153 376.774 
345.696 338.468 344.96 382.372 386.942 369.505 387.679 325.601 
415.371 313.899 444.021 347.175 466.815 309.645 438.166 276.369 
443.035 272.191 469.104 307.525 510.764 293.651 484.695 258.317 
442.404 217.043 438.64 260.791 481.41 250.852 485.174 207.103 
397.561 169.648 424.011 204.698 449.172 168.711 422.722 133.661 
378.097 67.454 377.23 111.355 418.715 125.746 419.582 81.844 
346.324 3.726 375.577 36.473 415.761 18.77 386.507 -13.976 
344.444 -43.896 344.883 0.012 386.506 -13.974 386.067 -57.882 
299.231 -62.758 293.062 -19.283 332.502 0.018 338.671 -43.456 
207.146 -25.386 233.572 9.681 275.089 -4.616 248.663 -39.683 
202.269 -83.588 200.262 -39.642 242.598 -51.292 244.601 -95.156 
161.166 -98.966 159.162 -55.102 200.261 -39.642 202.268 -83.588 
-68.246 73.455 -70.225 117.32 -29.118 132.758 -27.139 88.892 
-97.611 151.644 -56.504 167.082 -29.119 132.758 -70.225 117.32 
-1.075 424.595 40.326 439.223 67.032 404.367 25.629 389.74 
40.327 439.222 65.223 475.392 91.931 440.538 67.035 404.367 
325.305 430.918 350.319 467.005 376.911 432.063 351.896 395.975 
351.901 395.969 376.911 432.06 418.965 419.427 393.955 383.336 
433.333 123.549 457.892 159.949 500.1 147.841 475.541 111.44 
434.859 79.664 433.331 123.548 475.539 111.441 477.067 67.557 
262.696 -98.782 262.083 -54.876 287.394 -18.995 288.007 -62.901 
161.166 -98.966 202.269 -83.588 244.601 -95.156 203.503 -110.616 
107.28 -58.86 103.861 -15.083 132.359 -48.49 135.777 -92.267 
-67.04 60.397 -24.409 70.918 16.265 54.372 -26.366 43.851 
-95.631 107.779 -97.611 151.644 -70.225 117.32 -68.245 73.455 
-99.356 176.666 -75.046 213.233 -33.885 228.527 -58.195 191.96 
-18.238 372.674 -19.015 416.577 7.419 381.515 8.195 337.612 
-1.075 424.595 23.821 460.765 65.223 475.392 40.326 439.223 
89.404 484.376 131.285 471.182 157.413 435.891 115.532 449.085 
270.75 430.718 295.762 466.808 337.211 481.303 312.199 445.213 
350.319 467.005 392.372 454.368 418.965 419.427 376.913 432.064 
409.565 319.958 409.217 363.867 434.744 399.595 435.092 355.686 
440.458 211.748 482.562 199.285 509.3 164.454 467.196 176.917 
477.068 67.557 475.541 111.44 500.1 147.841 501.627 103.957 
379.723 43.854 421.098 58.559 463.214 46.136 421.839 31.431 
