148.8 242.237 134.785 283.85 178.693 284.32 192.707 242.707 
220.898 243.804 205.185 284.806 239.325 312.42 255.038 271.418 
229.765 213.708 264.671 240.347 300.793 215.382 265.887 188.742 
197.099 155.609 209.59 197.705 245.766 172.817 233.275 130.721 
129.781 168.953 139.795 211.707 183.55 215.395 173.536 172.642 
96.255 206.022 82.531 247.732 95.945 289.543 109.669 247.833 
151.753 318.995 188.969 342.298 232.775 339.275 195.559 315.972 
296.983 259.126 286.721 301.82 320.117 273.311 330.38 230.617 
261.814 106.016 273.493 148.344 307.822 175.723 296.143 133.395 
114.911 134.082 158.78 135.981 195.388 111.733 151.519 109.833 
7.886 93.549 34.626 128.378 76.014 113.709 49.273 78.88 
40.814 171.849 16.505 208.416 43.77 242.836 68.08 206.269 
-32.429 286.315 1.346 314.372 38.469 290.919 4.692 262.861 
18.104 329.822 22.488 373.513 62.686 355.842 58.302 312.151 
105.944 363.384 136.982 394.444 176.113 374.523 145.075 343.463 
182.405 417.98 193.133 460.56 230.313 437.199 219.586 394.62 
241.322 382.345 251.155 425.14 294.894 429.013 285.061 386.218 
309.058 315.805 319.149 358.54 356.673 335.736 346.581 293.001 
377.865 261.854 389.006 304.328 432.843 306.857 421.702 264.384 
388.279 199.203 373.178 240.435 417.059 242.055 432.159 200.823 
328.772 107.042 336.697 150.23 380.221 156.039 372.296 112.85 
328.412 30.978 313.476 72.269 357.362 73.715 372.299 32.424 
274.539 -2.797 253.296 35.632 283.281 67.711 304.524 29.281 
168.543 34.378 143.982 70.777 186.189 82.888 210.75 46.49 
77.655 13.224 60.142 53.491 93.027 82.589 110.539 42.323 
-6.067 26.437 -34.733 59.698 8.009 49.639 36.676 16.378 
-54.703 232.211 -57.976 275.999 -29.591 242.497 -26.319 198.709 
-42.555 315.176 -37.721 358.819 -8.157 391.285 -12.992 347.642 
111.142 429.946 138.336 464.422 180.6 476.33 153.407 441.854 
224.546 480.728 268.227 485.201 306.195 463.144 262.513 458.671 
377.358 374.469 418.674 359.6 443.36 323.286 402.044 338.155 
476.907 198.77 456.263 237.525 462.342 281.012 482.985 242.258 
398.159 27.0 393.824 70.696 415.999 108.595 420.335 64.899 
291.154 -50.554 316.754 -14.879 358.435 -1.065 332.834 -36.74 
79.989 -29.245 117.181 -5.902 160.99 -8.878 123.799 -32.22 
25.835 -129.253 15.105 -86.673 52.285 -63.311 63.014 -105.891 
-59.629 -51.779 -69.549 -9.005 -25.802 -12.788 -15.882 -55.564 
-107.068 13.807 -100.285 57.19 -69.299 88.301 -76.081 44.918 
-136.646 113.204 -134.24 157.048 -91.799 168.308 -94.204 124.465 
-174.54 192.573 -136.74 214.918 -93.026 210.777 -130.826 188.432 
-138.355 258.798 -172.329 286.617 -135.373 310.332 -101.399 282.513 
-120.355 351.593 -125.074 395.249 -85.013 413.227 -80.294 369.571 
-63.965 451.763 -20.612 458.736 18.56 438.894 -24.793 431.922 
15.55 482.701 6.481 525.664 50.145 521.013 59.214 478.05 
97.305 480.063 76.171 518.552 81.697 562.114 102.831 523.624 
160.935 515.59 136.358 551.978 163.37 586.597 187.947 550.209 
256.023 527.381 230.023 562.765 271.71 576.559 297.711 541.174 
339.588 491.656 341.257 535.535 365.697 499.055 364.028 455.177 
412.35 431.76 403.342 474.736 441.43 496.584 450.439 453.608 
422.421 403.351 456.257 431.337 500.081 434.089 466.245 406.103 
476.015 352.642 505.06 385.574 545.355 368.128 516.311 335.196 
546.706 230.918 520.046 265.808 544.99 301.945 571.65 267.055 
487.534 137.242 512.648 173.262 554.137 187.641 529.023 151.621 
485.721 86.26 522.347 110.481 556.701 83.133 520.075 58.912 
479.193 28.131 464.02 69.336 500.516 44.919 515.688 3.713 
431.76 -47.691 429.41 -3.845 471.838 -15.159 474.187 -59.007 
337.824 -109.829 359.488 -71.635 402.506 -80.436 380.842 -118.63 
231.685 -75.391 272.915 -90.497 297.391 -126.952 256.161 -111.846 
157.6 -132.421 164.715 -89.091 203.725 -109.248 196.611 -152.577 
103.114 -151.422 106.888 -107.674 135.656 -74.499 131.882 -118.247 
122.074 -186.61 147.014 -150.47 189.092 -163.022 164.152 -199.162 
-11.724 -216.247 -29.53 -176.11 14.145 -171.578 31.951 -211.716 
-117.024 -177.796 -107.838 -134.858 -64.163 -130.325 -73.348 -173.263 
-150.803 -121.789 -138.639 -79.597 -94.754 -78.128 -106.918 -120.32 
-176.493 29.792 -187.871 72.202 -144.02 69.917 -132.643 27.507 
-184.438 119.128 -192.683 162.257 -149.118 156.77 -140.872 113.642 
-254.624 262.799 -262.88 305.926 -224.415 327.104 -216.159 283.977 
-274.79 397.376 -235.919 417.802 -204.482 387.146 -243.352 366.72 
-198.241 430.61 -209.224 473.124 -165.397 470.431 -154.414 427.917 
-62.474 471.988 -73.236 514.559 -36.074 537.949 -25.312 495.378 
6.987 529.108 18.888 571.374 62.763 573.118 50.863 530.851 
120.034 660.775 160.064 678.822 189.599 646.329 149.569 628.281 
219.752 678.247 240.8 716.784 270.946 684.857 249.898 646.321 
296.664 612.688 292.632 656.412 332.97 673.759 337.003 630.035 
368.806 542.855 407.512 563.591 439.193 533.188 400.488 512.452 
461.915 455.802 448.004 497.45 491.913 497.811 505.824 456.163 
580.232 394.806 602.418 432.699 631.601 399.89 609.416 361.996 
624.949 303.176 647.799 340.672 690.521 330.527 667.671 293.031 
641.796 220.571 613.661 254.283 654.417 270.624 682.552 236.911 
551.475 126.731 570.385 166.361 602.232 136.13 583.323 96.5 
545.875 5.635 528.163 45.814 560.902 75.076 578.614 34.896 
485.451 -123.12 508.849 -85.963 551.418 -96.733 528.02 -133.89 
435.229 -194.353 437.796 -150.518 478.692 -166.506 476.125 -210.341 
403.351 -231.301 370.331 -202.357 387.653 -162.009 420.674 -190.952 
229.915 -191.558 240.367 -148.911 284.158 -145.673 273.705 -188.32 
232.322 -260.575 219.846 -218.389 263.74 -219.557 276.193 -261.664 
193.125 -295.048 170.939 -257.155 200.123 -224.346 222.349 -262.31 
-217.672 3.59 -230.458 45.597 -194.458 70.739 -181.672 28.732 
-270.568 68.398 -238.918 98.835 -200.191 78.14 -231.84 47.703 
-101.866 564.764 -59.229 575.257 -36.073 537.949 -78.711 527.456 
-54.016 578.025 -38.464 619.089 -4.216 591.609 -19.768 550.545 
420.351 572.85 447.109 607.665 471.951 571.457 445.193 536.643 
459.55 527.488 475.526 568.389 519.362 565.834 503.386 524.933 
602.036 79.086 621.298 118.546 664.779 112.419 645.516 72.96 
613.733 30.34 601.344 72.466 645.237 71.231 657.626 29.105 
326.375 -272.031 308.499 -231.924 317.61 -188.97 335.486 -229.077 
197.585 -301.504 231.316 -273.431 275.095 -270.39 241.395 -298.54 
91.852 -246.896 75.506 -206.142 112.685 -229.505 129.03 -270.259 
-204.738 -69.493 -188.091 -28.861 -150.74 -5.774 -167.388 -46.406 
-254.829 27.4 -270.573 68.391 -233.742 44.483 -217.999 3.492 
-254.846 139.754 -260.248 183.331 -239.005 221.761 -233.603 178.184 
-144.889 509.256 -162.139 549.636 -124.45 527.107 -107.199 486.728 
-101.866 564.762 -78.946 602.215 -38.389 619.044 -61.309 581.59 
11.002 632.798 53.815 642.553 94.185 625.28 51.373 615.525 
369.001 584.688 380.805 626.981 415.214 654.259 403.411 611.966 
447.107 607.664 490.036 598.434 519.341 565.733 476.412 574.964 
560.051 444.237 540.245 483.426 547.257 526.773 567.063 487.584 
613.209 178.646 657.113 179.42 693.086 154.24 649.183 153.467 
657.528 29.082 647.803 71.901 665.103 112.26 674.829 69.44 
551.061 -52.825 581.005 -20.709 624.108 -12.327 594.164 -44.443 
