160.282 221.411 159.148 265.307 201.245 252.821 202.38 208.926 
209.092 208.488 208.572 252.395 250.169 266.458 250.69 222.551 
210.614 202.291 252.379 215.85 278.179 180.32 236.415 166.761 
179.14 163.159 204.868 198.742 230.759 163.278 205.031 127.694 
133.058 178.749 157.84 214.998 199.972 202.631 175.19 166.382 
124.382 186.563 123.81 230.47 149.156 266.326 149.727 222.42 
164.465 276.805 206.097 290.765 247.984 277.588 206.352 263.628 
261.969 221.127 261.777 265.036 287.741 229.626 287.933 185.716 
213.028 120.325 238.555 156.052 280.207 169.951 254.68 134.224 
130.315 171.974 172.247 158.943 198.512 123.754 156.58 136.785 
81.148 150.92 122.12 166.711 149.8 132.623 108.828 116.832 
78.574 172.34 77.72 216.242 119.209 230.621 120.063 186.719 
49.682 253.307 90.86 268.553 118.084 234.101 76.906 218.855 
91.069 268.719 114.925 305.584 142.614 271.504 118.759 234.639 
137.199 315.077 178.751 329.273 205.093 294.141 163.54 279.945 
180.352 330.415 204.933 366.801 231.941 332.181 207.362 295.795 
207.872 295.453 232.104 332.071 274.418 320.341 250.187 283.722 
264.383 266.808 289.834 302.59 315.999 267.327 290.547 231.545 
292.421 230.19 317.167 266.464 359.312 254.139 334.566 217.866 
294.019 185.546 292.199 229.418 334.486 217.592 336.307 173.72 
257.878 131.737 283.215 167.599 325.152 154.583 299.814 118.721 
258.404 85.583 257.145 129.475 299.278 117.11 300.538 73.218 
216.254 70.544 214.718 114.428 255.979 129.449 257.515 85.566 
154.999 87.298 154.42 131.205 196.356 118.187 196.935 74.281 
111.12 71.959 109.191 115.827 150.315 131.217 152.244 87.35 
82.314 105.397 78.964 149.179 107.409 115.728 110.759 71.946 
47.662 208.793 48.762 252.689 73.673 216.53 72.572 172.633 
49.653 253.392 73.725 290.115 114.786 305.675 90.713 268.952 
135.923 319.577 162.598 354.456 204.68 366.995 178.005 332.116 
205.091 366.921 247.322 354.896 274.419 320.344 232.188 332.37 
292.527 304.439 334.093 290.284 359.401 254.4 317.835 268.555 
336.573 173.729 334.941 217.608 359.412 254.068 361.045 210.188 
300.869 73.211 301.812 117.11 328.378 152.072 327.435 108.172 
217.177 67.983 258.006 84.142 300.535 73.216 259.706 57.057 
111.537 70.526 153.493 83.478 195.05 69.295 153.093 56.343 
84.116 27.783 109.0 63.961 151.098 51.475 126.213 15.296 
52.83 64.959 76.903 101.682 104.389 67.438 80.315 30.716 
48.188 68.464 44.549 112.223 67.326 149.764 70.965 106.005 
-8.454 136.288 17.788 171.493 59.38 157.414 33.138 122.208 
-0.076 220.366 41.126 205.183 65.533 168.682 24.332 183.865 
0.916 222.826 0.971 266.736 42.715 253.115 42.661 209.205 
1.459 268.146 24.575 305.478 67.224 295.029 44.108 257.697 
28.809 316.292 70.194 330.967 112.301 318.514 70.916 303.839 
76.15 343.438 76.897 387.342 118.421 373.065 117.675 329.162 
127.717 327.78 128.638 371.68 155.189 406.654 154.267 362.754 
161.054 361.999 162.503 405.885 204.688 418.069 203.24 374.183 
207.87 374.176 205.602 418.027 248.008 406.633 250.276 362.782 
259.96 361.803 259.488 405.711 285.678 370.466 286.149 326.559 
297.167 324.965 297.893 368.869 339.872 381.746 339.146 337.842 
298.87 316.507 340.856 329.364 382.38 315.088 340.394 302.23 
341.833 294.644 384.089 306.583 408.502 270.085 366.246 258.146 
370.137 209.744 367.727 253.588 408.679 269.429 411.09 225.586 
347.269 163.113 372.391 199.126 413.884 213.496 388.761 177.482 
349.108 153.68 391.027 166.752 416.413 130.923 374.494 117.852 
340.431 105.78 341.801 149.668 366.49 113.357 365.12 69.468 
306.832 67.57 333.896 102.147 358.418 65.722 331.352 31.145 
262.161 48.427 302.949 64.69 331.019 30.925 290.232 14.661 
211.041 54.961 253.294 43.014 280.455 8.512 238.201 20.46 
177.444 16.95 204.643 51.422 229.022 14.902 201.824 -19.57 
126.213 15.296 154.303 49.047 196.865 59.841 168.776 26.091 
128.952 -3.437 170.011 12.129 197.503 -22.111 156.444 -37.676 
54.712 -36.327 61.567 7.045 100.698 -12.877 93.843 -56.249 
11.958 -46.324 15.662 -2.571 58.419 7.427 54.715 -36.327 
-18.24 25.334 18.776 48.955 52.678 21.05 15.662 -2.571 
-12.846 86.674 -11.063 130.548 30.112 115.294 28.329 71.42 
-41.333 174.793 -17.547 211.703 10.206 177.676 -13.579 140.766 
-76.037 232.087 -68.626 275.367 -25.174 281.693 -32.585 238.413 
-93.94 311.249 -51.994 324.237 -26.68 288.358 -68.626 275.37 
-47.668 326.927 -26.091 365.17 3.613 332.832 -17.963 294.589 
26.302 332.19 27.893 376.071 70.118 388.119 68.527 344.237 
78.758 391.903 103.729 428.022 145.796 415.434 120.825 379.316 
143.452 475.936 186.366 485.238 208.473 447.299 165.56 437.998 
188.04 486.163 214.098 521.505 239.658 485.801 213.6 450.459 
223.038 442.752 245.821 480.289 288.561 470.22 265.778 432.683 
271.44 412.002 313.525 424.53 338.445 388.377 296.36 375.848 
344.666 337.581 343.965 381.486 385.937 368.586 386.639 324.681 
413.691 313.689 442.238 347.054 465.149 309.595 436.602 276.23 
441.496 272.032 467.55 307.378 509.216 293.522 483.163 258.176 
440.83 217.129 437.201 260.889 479.941 250.818 483.57 207.058 
396.459 170.038 422.903 205.092 448.071 169.11 421.627 134.056 
376.901 68.089 376.076 111.991 417.575 126.343 418.4 82.44 
345.595 5.007 374.75 37.841 414.987 20.26 385.832 -12.575 
343.801 -42.542 344.192 1.366 385.83 -12.573 385.44 -56.482 
298.567 -61.262 292.57 -17.763 332.086 1.382 338.083 -42.117 
207.071 -24.226 233.503 10.836 275.018 -3.468 248.586 -38.53 
202.303 -82.169 200.352 -38.221 242.674 -49.924 244.621 -93.791 
161.181 -97.495 159.234 -53.628 200.352 -38.22 202.303 -82.169 
-66.903 73.781 -68.838 117.649 -27.716 133.046 -25.78 89.178 
-96.19 152.001 -55.067 167.398 -27.716 133.046 -68.838 117.649 
-0.473 423.294 40.937 437.896 67.622 403.024 26.21 388.422 
40.939 437.895 65.856 474.051 92.543 439.181 67.626 403.025 
324.269 429.934 349.302 466.009 375.876 431.053 350.842 394.977 
350.84 394.976 375.876 431.05 417.921 418.387 392.885 382.313 
432.042 124.18 456.638 160.555 498.833 148.403 474.237 112.028 
433.523 80.294 432.04 124.179 474.236 112.029 475.719 68.144 
262.478 -97.304 261.842 -53.399 287.134 -17.505 287.77 -61.41 
161.182 -97.494 202.304 -82.169 244.621 -93.791 203.503 -109.198 
107.753 -57.444 104.506 -13.654 132.872 -47.172 136.12 -90.962 
-65.64 60.809 -23.051 71.501 17.688 55.118 -24.901 44.426 
-94.253 108.133 -96.189 152.001 -68.838 117.649 -66.903 73.781 
-97.964 176.779 -73.506 213.247 -32.284 228.375 -56.742 191.906 
-17.314 371.433 -18.097 415.336 8.341 380.278 9.124 336.375 
-0.473 423.294 24.445 459.448 65.856 474.051 40.937 437.897 
89.914 483.013 131.783 469.78 157.878 434.465 116.009 447.698 
269.891 429.451 294.913 465.534 336.366 480.018 311.344 443.935 
349.306 466.012 391.351 453.349 417.922 418.39 375.878 431.054 
408.375 319.104 408.06 363.012 433.615 398.721 433.929 354.812 
438.986 212.07 481.085 199.59 507.808 164.748 465.709 177.229 
475.719 68.144 474.237 112.028 498.833 148.403 500.315 104.518 
378.544 44.752 419.942 59.392 462.039 46.903 420.641 32.263 
