156.175 233.994 148.053 277.146 191.603 271.536 199.725 228.384 
217.141 228.619 207.849 271.535 245.793 293.634 255.085 250.718 
222.359 213.153 260.63 234.68 292.929 204.934 254.658 183.407 
191.323 163.841 209.745 203.699 241.96 173.862 223.539 134.003 
134.141 177.508 151.464 217.857 195.191 213.85 177.868 173.501 
112.97 196.731 105.417 239.987 124.731 279.421 132.285 236.166 
158.747 300.666 198.437 319.449 241.587 311.316 201.898 292.533 
279.327 246.683 274.126 290.284 303.961 258.067 309.162 214.466 
242.788 117.546 260.484 157.732 298.423 179.841 280.726 139.655 
126.553 158.928 169.922 152.055 200.969 121.003 157.6 127.876 
44.344 116.207 79.776 142.143 115.392 116.459 79.96 90.524 
50.003 174.418 35.249 215.775 70.022 242.587 84.777 201.231 
-8.556 261.38 27.201 286.864 62.488 260.732 26.73 235.247 
44.977 301.0 57.781 343.002 93.771 317.845 80.967 275.843 
120.262 352.864 156.519 377.634 191.281 350.806 155.024 326.036 
175.797 391.895 191.943 432.73 225.788 404.756 209.643 363.922 
226.344 352.495 242.122 393.472 285.97 391.128 270.192 350.151 
296.734 301.378 313.342 342.025 346.869 313.669 330.259 273.021 
349.336 258.166 365.732 298.901 409.539 295.895 393.143 255.161 
353.48 198.263 344.037 241.145 387.739 236.874 397.182 193.992 
305.357 116.595 320.747 157.719 364.615 155.788 349.224 114.664 
307.62 54.222 298.462 97.166 342.134 92.605 351.292 49.661 
255.496 29.852 244.233 72.292 281.115 96.12 292.379 53.679 
159.051 59.558 147.509 101.924 191.368 99.809 202.91 57.443 
99.249 34.595 86.428 76.592 122.407 101.763 135.228 59.767 
31.089 51.758 7.916 89.055 48.586 72.502 71.759 35.205 
-14.969 211.68 -17.781 255.5 10.25 221.702 13.062 177.882 
-15.787 295.809 -3.874 338.072 30.606 365.261 18.692 322.998 
115.196 392.483 140.791 428.162 182.47 441.983 156.874 406.304 
219.274 448.179 263.14 446.215 297.474 418.842 253.607 420.806 
348.692 357.541 390.243 343.342 415.513 307.432 373.962 321.631 
433.73 189.969 419.819 231.617 433.045 273.488 446.956 231.84 
369.982 46.634 367.492 90.473 391.245 127.403 393.735 83.564 
266.993 -10.727 298.301 20.061 341.726 26.567 310.418 -4.221 
103.827 12.803 143.106 32.43 186.421 25.222 147.141 5.594 
54.124 -90.822 45.434 -47.78 83.684 -26.215 92.374 -69.257 
-34.256 -11.051 -27.335 32.31 11.765 12.328 4.844 -31.033 
-67.833 49.279 -57.758 92.017 -24.486 120.671 -34.562 77.932 
-111.872 122.243 -93.577 162.16 -49.96 157.094 -68.255 117.178 
-123.107 205.443 -79.2 204.935 -43.978 178.716 -87.885 179.224 
-104.326 240.946 -126.05 279.106 -83.045 287.975 -61.321 249.815 
-91.378 331.087 -82.418 374.072 -38.767 378.834 -47.727 335.848 
-28.835 421.606 13.829 431.995 54.451 415.323 11.787 404.934 
35.199 454.787 32.279 498.6 74.85 487.838 77.77 444.025 
99.425 442.892 90.818 485.95 109.164 525.844 117.771 482.786 
154.028 475.436 143.81 518.14 181.267 541.055 191.485 498.35 
242.738 485.097 225.882 525.643 269.652 529.145 286.509 488.6 
329.7 448.666 330.239 492.573 355.61 456.735 355.071 412.828 
387.35 402.858 383.172 446.569 423.452 464.05 427.631 420.339 
391.27 387.24 431.176 405.561 474.228 396.927 434.323 378.606 
438.316 344.956 476.546 366.557 508.904 336.873 470.674 315.273 
494.055 224.361 476.288 264.516 508.987 293.822 526.754 253.667 
448.439 134.665 473.273 170.878 514.649 185.579 489.815 149.365 
450.533 104.646 490.638 122.526 520.036 89.909 479.931 72.029 
438.917 52.626 435.721 96.419 464.049 62.868 467.245 19.075 
398.813 -6.2 412.465 35.533 447.938 9.653 434.285 -32.081 
315.833 -56.945 347.954 -27.007 386.353 -48.304 354.232 -78.243 
221.276 -39.822 262.687 -54.425 287.605 -90.58 246.194 -75.977 
170.293 -89.308 192.114 -51.203 221.61 -83.731 199.79 -121.835 
114.582 -92.403 132.973 -52.529 171.288 -31.081 152.897 -70.954 
124.689 -133.771 156.94 -103.973 195.246 -125.438 162.995 -155.236 
-3.727 -163.809 -6.603 -119.993 35.957 -130.798 38.833 -174.614 
-92.776 -134.025 -81.453 -91.6 -37.605 -89.259 -48.928 -131.684 
-123.534 -82.746 -114.984 -39.676 -71.381 -34.499 -79.93 -77.569 
-111.736 49.924 -124.688 91.88 -80.783 91.234 -67.83 49.277 
-150.867 142.43 -143.718 185.754 -104.724 165.567 -111.871 122.243 
-212.19 272.836 -209.584 316.669 -167.091 327.735 -169.697 283.903 
-218.14 399.177 -176.052 411.694 -151.141 375.534 -193.23 363.017 
-154.201 419.336 -154.719 463.243 -112.801 450.168 -112.283 406.261 
-28.915 442.048 -33.756 485.69 6.254 503.781 11.095 460.139 
32.996 501.116 51.03 541.153 94.679 536.374 76.645 496.337 
142.446 619.388 185.089 629.861 208.227 592.542 165.584 582.069 
231.079 630.036 256.879 665.567 282.698 630.05 256.899 594.519 
291.021 567.503 297.632 610.912 340.96 618.038 334.349 574.629 
351.58 500.459 392.381 516.686 420.422 482.896 379.62 466.668 
437.364 420.783 430.511 464.155 473.878 457.27 480.731 413.898 
542.033 365.692 570.181 399.394 593.536 362.21 565.388 328.508 
581.883 283.317 608.143 318.51 649.728 304.411 623.468 269.218 
590.013 206.473 569.897 245.505 613.235 252.574 633.35 213.543 
506.078 131.542 529.135 168.911 557.551 135.435 534.494 98.066 
494.399 16.377 484.947 59.258 522.808 81.498 532.26 38.618 
441.115 -89.226 470.632 -56.718 510.671 -74.745 481.153 -107.253 
405.354 -157.068 410.772 -113.494 450.539 -132.112 445.121 -175.686 
370.921 -191.34 342.897 -157.535 366.388 -120.436 394.412 -154.242 
220.537 -139.667 237.359 -99.107 281.133 -102.574 264.31 -143.133 
212.825 -210.448 205.281 -167.108 248.75 -173.314 256.28 -216.574 
174.0 -230.907 166.459 -187.649 205.269 -167.109 212.824 -210.448 
-188.754 38.396 -191.601 82.213 -150.808 98.462 -147.961 54.644 
-219.704 115.966 -178.93 132.262 -150.831 98.52 -191.605 82.223 
-60.702 545.502 -18.099 556.133 5.177 518.899 -37.427 508.268 
-16.556 557.052 7.357 593.88 34.993 559.756 11.079 522.929 
414.298 526.376 440.438 561.657 465.914 525.893 439.773 490.612 
442.907 488.397 466.645 525.338 509.113 514.177 485.375 477.236 
551.8 78.05 574.821 115.441 617.496 105.101 594.475 67.71 
555.223 34.178 551.775 77.953 594.472 67.705 597.921 23.931 
292.39 -228.675 286.908 -185.109 308.079 -146.64 313.562 -190.207 
173.996 -230.9 212.825 -210.449 256.28 -216.573 217.466 -237.104 
95.784 -194.928 78.007 -154.777 115.989 -176.811 133.766 -216.962 
-191.475 -1.972 -151.231 15.591 -108.349 6.144 -148.593 -11.419 
-216.827 72.158 -219.695 115.974 -191.62 82.212 -188.751 38.396 
-213.632 159.167 -212.422 203.06 -185.644 237.86 -186.854 193.966 
-101.125 492.495 -107.752 535.902 -76.877 504.68 -70.251 461.273 
-60.702 545.502 -34.502 580.738 7.406 593.846 -18.795 558.609 
44.297 602.669 88.187 604.022 124.489 579.319 80.6 577.966 
357.012 542.707 377.728 581.423 417.245 600.568 396.529 561.852 
440.416 561.642 482.478 549.035 509.096 514.112 467.035 526.72 
526.285 400.453 513.965 442.599 528.771 483.937 541.091 441.791 
570.183 177.489 613.315 169.258 643.371 137.246 600.239 145.478 
597.87 23.925 594.484 67.704 617.477 105.113 620.864 61.334 
497.6 -32.826 532.259 -5.866 576.146 -4.427 541.487 -31.387 
