151.027 242.354 138.475 284.432 182.373 283.366 194.924 241.288 
220.388 242.134 206.26 283.709 241.434 309.993 255.562 268.418 
228.613 213.998 264.229 239.68 299.66 213.742 264.043 188.061 
196.27 157.269 209.697 199.076 245.308 173.386 231.882 131.58 
130.432 170.925 141.907 213.31 185.763 215.494 174.288 173.11 
98.416 207.258 85.85 249.331 100.413 290.756 112.98 248.682 
153.893 316.787 191.73 339.069 235.438 334.854 197.6 312.573 
294.651 257.365 285.699 300.353 318.209 270.837 327.161 227.849 
258.484 108.723 271.417 150.685 306.545 177.031 293.612 135.069 
116.815 139.103 160.726 139.139 196.271 113.359 152.361 113.323 
11.705 97.316 40.151 130.766 80.755 114.049 52.308 80.599 
43.326 174.561 20.881 212.301 49.839 245.31 72.283 207.57 
-28.322 284.636 5.128 313.081 42.518 290.057 9.067 261.612 
21.053 328.364 26.649 371.916 66.341 353.136 60.744 309.584 
109.395 361.765 141.444 391.781 179.895 370.576 147.846 340.56 
181.864 414.442 193.28 456.842 230.077 432.883 218.662 390.483 
239.114 378.61 250.12 421.118 293.949 423.786 282.943 381.278 
307.329 313.377 318.698 355.79 355.522 331.871 344.153 289.459 
373.683 261.658 385.614 303.916 429.491 305.628 417.56 263.369 
382.781 199.777 368.915 241.44 412.824 241.753 426.69 200.09 
324.905 108.839 334.231 151.747 377.921 156.137 368.595 113.229 
326.146 35.662 312.056 77.25 355.963 77.799 370.053 36.211 
272.524 3.504 253.186 42.927 284.704 73.5 304.041 34.078 
166.828 39.692 144.613 77.567 187.5 86.991 209.715 49.115 
80.524 17.57 62.929 57.801 95.754 86.966 113.349 46.735 
-0.504 30.776 -28.023 64.992 14.353 53.486 41.872 19.27 
-48.762 230.665 -52.075 274.45 -23.66 240.975 -20.347 197.19 
-38.775 313.826 -33.086 357.366 -2.892 389.247 -8.581 345.707 
112.05 424.401 138.699 459.3 180.771 471.871 154.122 436.972 
224.136 476.389 267.909 479.852 305.357 456.924 261.584 453.461 
372.912 372.191 414.303 357.534 439.174 321.346 397.783 336.004 
470.412 197.416 450.875 236.74 458.183 280.038 477.72 240.713 
394.189 31.553 390.109 75.273 412.505 113.042 416.585 69.322 
288.223 -43.423 314.775 -8.451 356.812 4.236 330.26 -30.737 
82.999 -23.27 120.544 -0.5 164.302 -4.146 126.758 -26.917 
31.12 -124.255 19.093 -82.024 55.54 -57.535 67.567 -99.766 
-55.572 -46.439 -64.82 -3.514 -21.138 -7.984 -11.891 -50.91 
-101.773 20.203 -92.642 63.154 -60.01 92.534 -69.141 49.584 
-133.817 115.6 -128.42 159.177 -85.308 167.509 -90.705 123.932 
-167.777 195.228 -128.059 213.952 -84.922 205.754 -124.64 187.03 
-132.822 257.603 -166.389 285.912 -129.093 309.088 -95.526 280.78 
-116.478 351.147 -119.579 394.947 -78.88 411.43 -75.78 367.63 
-57.762 449.928 -14.446 457.13 24.83 437.496 -18.486 430.294 
19.411 481.071 12.08 524.364 55.52 517.958 62.852 474.665 
98.034 475.871 79.063 515.471 86.992 558.66 105.963 519.06 
160.488 510.816 138.334 548.727 167.544 581.512 189.698 543.601 
255.648 522.015 231.044 558.385 273.237 570.545 297.84 534.176 
339.601 484.41 341.353 528.285 365.724 491.759 363.971 447.884 
409.102 427.737 401.332 470.954 440.033 491.699 447.803 448.482 
417.981 401.29 453.011 427.767 496.913 428.597 461.884 402.12 
470.513 352.103 501.51 383.204 540.668 363.336 509.671 332.234 
539.395 229.64 513.994 265.457 540.209 300.683 565.61 264.866 
481.223 136.223 506.372 172.218 547.875 186.556 522.726 150.561 
481.016 89.998 518.454 112.944 551.846 84.428 514.408 61.483 
473.396 32.771 460.172 74.642 495.482 48.54 508.706 6.669 
427.159 -40.904 427.55 3.004 469.189 -10.937 468.796 -54.846 
334.455 -102.52 357.524 -65.157 400.185 -75.552 377.117 -112.914 
228.931 -67.932 270.031 -83.388 294.196 -120.05 253.096 -104.594 
159.752 -126.307 169.616 -83.519 207.261 -106.122 197.398 -148.91 
105.659 -143.497 111.477 -99.974 141.766 -68.182 135.948 -111.705 
124.491 -179.873 149.568 -143.828 191.598 -156.539 166.521 -192.584 
-9.157 -209.494 -24.281 -168.271 19.599 -166.626 34.722 -207.849 
-111.641 -172.335 -103.936 -129.106 -60.442 -123.076 -68.147 -166.305 
-147.599 -115.279 -133.841 -73.58 -89.931 -73.78 -103.69 -115.479 
-163.986 33.116 -173.602 75.96 -129.883 71.866 -120.267 29.022 
-179.29 123.19 -185.761 166.621 -142.456 159.354 -135.985 115.924 
-249.415 266.171 -256.301 309.538 -217.184 329.488 -210.298 286.121 
-267.48 400.224 -228.074 419.595 -197.473 388.104 -236.879 368.733 
-192.209 431.697 -202.241 474.446 -158.485 470.776 -148.452 428.028 
-56.357 470.229 -66.884 512.858 -29.594 536.043 -19.067 493.414 
12.443 526.468 25.302 568.453 69.206 569.198 56.347 527.212 
125.051 656.501 165.592 673.37 194.163 640.026 153.622 623.157 
223.365 672.817 245.336 710.835 274.703 678.191 252.733 640.173 
297.75 606.975 295.332 650.818 336.283 666.666 338.701 622.823 
366.943 535.651 406.002 555.714 437.152 524.766 398.093 504.704 
458.761 450.334 446.024 492.356 489.925 491.484 502.662 449.462 
575.245 390.402 598.485 427.657 626.736 394.042 603.495 356.786 
619.132 299.689 642.595 336.805 685.144 325.96 661.682 288.844 
634.769 217.893 607.742 252.5 649.008 267.51 676.034 232.902 
543.862 127.606 563.489 166.886 594.782 136.083 575.155 96.803 
538.406 7.829 521.943 48.536 555.57 76.773 572.033 36.066 
479.564 -117.795 503.89 -81.238 546.174 -93.077 521.848 -129.633 
430.824 -188.953 433.697 -145.137 474.481 -161.409 471.608 -205.225 
398.91 -225.764 366.363 -196.289 384.338 -156.226 416.885 -185.701 
228.932 -180.941 240.046 -138.461 283.882 -135.905 272.768 -178.385 
228.429 -253.6 215.683 -211.495 259.584 -212.382 272.306 -254.409 
193.685 -286.016 173.226 -247.163 203.855 -215.699 224.352 -254.624 
-213.521 9.207 -223.736 51.912 -186.277 74.824 -176.062 32.119 
-261.156 77.798 -226.695 105.012 -190.165 80.648 -224.625 53.434 
-94.678 564.534 -51.787 573.932 -29.594 536.043 -72.486 526.645 
-46.566 576.54 -29.421 616.964 3.728 588.167 -13.417 547.742 
421.186 565.671 448.148 600.327 472.777 563.974 445.814 529.318 
457.775 521.391 475.72 561.467 519.379 556.785 501.435 516.709 
594.01 78.181 613.999 117.278 657.359 110.349 637.37 71.252 
603.18 31.549 593.49 74.376 637.216 70.357 646.906 27.529 
320.603 -266.114 304.982 -225.077 316.465 -182.695 332.086 -223.733 
194.457 -286.987 228.415 -259.189 272.218 -256.504 238.29 -284.378 
94.885 -240.545 77.932 -200.039 115.456 -222.844 132.408 -263.35 
-205.234 -59.319 -182.427 -21.797 -141.92 -4.847 -164.728 -42.369 
-248.469 35.771 -261.147 77.811 -226.18 51.251 -213.503 9.211 
-247.827 143.503 -253.54 187.04 -232.571 225.62 -226.858 182.083 
-138.428 509.837 -154.197 550.818 -117.352 526.932 -101.584 485.95 
-94.782 565.019 -70.489 601.596 -29.335 616.908 -53.629 580.331 
17.538 629.849 60.597 638.452 100.49 620.103 57.431 611.5 
368.871 579.153 382.566 620.872 418.167 646.574 404.473 604.855 
448.14 600.322 490.837 590.074 519.357 556.686 476.66 566.934 
555.612 437.142 536.953 476.89 545.221 520.015 563.88 480.267 
607.267 178.18 651.166 177.16 686.081 150.533 642.183 151.553 
646.806 27.509 638.605 70.647 657.327 110.366 665.528 67.229 
543.692 -49.237 574.179 -17.636 617.418 -9.989 586.931 -41.591 
