150.649 242.455 137.829 284.452 181.732 283.666 194.552 241.669 
220.452 242.586 206.017 284.056 240.996 310.599 255.431 269.13 
228.802 213.965 264.276 239.843 299.849 214.102 264.375 188.223 
196.414 156.964 209.651 198.831 245.378 173.304 232.142 131.437 
130.283 170.54 141.465 213.003 185.304 215.49 174.123 173.028 
97.934 207.245 85.132 249.247 99.463 290.753 112.265 248.751 
153.437 317.244 191.155 339.728 234.884 335.747 197.167 313.264 
295.145 257.759 285.954 300.696 318.627 271.361 327.818 228.424 
259.139 108.217 271.813 150.258 306.778 176.82 294.104 134.779 
116.451 138.157 160.359 138.548 196.112 113.055 152.203 112.665 
10.793 96.746 38.902 130.48 79.671 114.171 51.562 80.437 
42.88 174.209 20.06 211.724 48.687 245.02 71.507 207.505 
-29.084 285.262 4.415 313.65 41.766 290.564 8.267 262.175 
20.376 328.912 25.701 372.498 65.509 353.965 60.183 310.379 
108.669 362.044 140.509 392.282 179.106 371.345 147.267 341.107 
181.98 415.161 193.233 457.605 230.121 433.787 218.869 391.343 
239.558 379.408 250.329 421.976 294.143 424.885 283.371 382.317 
307.669 313.881 318.787 356.36 355.752 332.659 344.633 290.18 
374.555 261.686 386.314 303.992 430.184 305.883 418.425 263.576 
383.918 199.675 369.811 241.257 413.717 241.824 427.825 200.242 
325.688 108.469 334.731 151.437 378.391 156.114 369.348 113.146 
326.675 34.731 312.404 76.257 356.308 76.997 370.578 35.471 
272.988 2.232 253.256 41.459 284.465 72.347 304.198 33.12 
167.168 38.63 144.471 76.218 187.234 86.189 209.931 48.601 
79.918 16.696 62.299 56.916 95.105 86.102 112.725 45.882 
-1.972 30.087 -29.683 64.148 12.757 52.88 40.467 18.818 
-49.977 231.255 -53.275 275.041 -24.871 241.555 -21.573 197.769 
-39.492 314.154 -33.993 357.718 -3.938 389.73 -9.437 346.166 
111.84 425.542 138.598 460.357 180.71 472.796 153.952 437.98 
224.21 477.296 267.966 480.973 305.526 458.229 261.77 454.552 
373.836 372.673 415.212 357.972 440.045 321.758 398.669 336.459 
471.75 197.694 451.988 236.906 459.048 280.245 478.81 241.033 
395.04 30.68 390.902 74.394 413.248 112.193 417.386 68.478 
288.87 -44.86 315.233 -9.745 357.202 3.168 330.839 -31.947 
82.35 -24.502 119.826 -1.619 163.595 -5.135 126.119 -28.018 
30.037 -125.327 18.286 -83.018 54.893 -58.768 66.643 -101.077 
-56.368 -47.512 -65.713 -4.608 -22.021 -8.979 -12.677 -51.884 
-102.967 18.633 -94.309 61.681 -62.002 91.418 -70.66 48.37 
-134.194 115.172 -129.497 158.829 -86.524 167.853 -91.221 124.195 
-169.129 194.786 -129.767 214.248 -86.484 206.855 -125.846 187.394 
-133.914 257.962 -167.62 286.104 -130.439 309.464 -96.733 281.321 
-117.189 351.327 -120.682 395.098 -80.132 411.945 -76.64 368.175 
-58.95 450.408 -15.623 457.541 23.621 437.844 -19.706 430.711 
18.598 481.465 10.927 524.7 54.416 518.636 62.088 475.401 
97.869 476.766 78.448 516.148 85.885 559.424 105.306 520.042 
160.595 511.827 137.927 549.434 166.688 582.614 189.356 545.007 
255.77 523.156 230.867 559.321 272.958 571.829 297.861 535.664 
339.629 485.888 341.373 529.764 365.75 493.243 364.006 449.367 
409.778 428.589 401.775 471.763 440.363 492.716 448.367 449.542 
418.899 401.727 453.687 428.52 497.58 429.748 462.792 402.955 
471.654 352.237 502.264 383.719 541.664 364.336 511.055 332.854 
540.927 229.89 515.26 265.517 541.211 300.938 566.879 265.311 
482.508 136.416 507.653 172.414 549.154 186.758 524.01 150.76 
482.037 89.277 519.318 112.476 552.903 84.189 515.622 60.99 
474.637 31.853 460.998 73.591 496.565 47.841 510.204 6.103 
428.133 -42.308 427.942 1.601 469.762 -11.786 469.952 -55.695 
335.154 -104.079 357.905 -66.523 400.654 -76.555 377.902 -114.112 
229.482 -69.387 270.602 -84.79 294.814 -121.421 253.694 -106.018 
159.306 -127.607 168.645 -84.701 206.564 -106.841 197.226 -149.747 
105.171 -145.175 110.551 -101.595 140.518 -69.5 135.138 -113.08 
124.114 -181.378 149.081 -145.257 191.15 -157.841 166.182 -193.962 
-9.587 -210.956 -25.231 -169.927 18.624 -167.728 34.268 -208.757 
-112.634 -173.428 -104.548 -130.269 -61.002 -124.622 -69.088 -167.781 
-148.096 -116.761 -134.614 -74.972 -90.704 -74.881 -104.187 -116.67 
-166.807 32.316 -176.69 75.1 -132.947 71.278 -123.064 28.495 
-180.269 122.36 -187.194 165.72 -143.816 158.907 -136.891 115.547 
-250.51 265.469 -257.685 308.789 -218.702 328.999 -211.528 285.679 
-269.012 399.637 -229.724 419.246 -198.933 387.941 -238.222 368.331 
-193.457 431.507 -203.713 474.203 -159.938 470.763 -149.681 428.068 
-57.553 470.579 -68.165 513.188 -30.922 536.447 -20.309 493.839 
11.32 527.053 23.99 569.095 67.89 570.038 55.22 527.996 
124.037 657.441 164.473 674.559 193.249 641.391 152.813 624.274 
222.651 674.003 244.435 712.129 273.962 679.629 252.179 641.504 
297.574 608.19 294.812 652.013 335.637 668.181 338.399 624.359 
367.346 537.123 406.335 557.321 437.591 526.481 398.602 506.283 
459.416 451.463 446.432 493.409 490.337 492.796 503.321 450.849 
576.295 391.333 599.32 428.723 627.765 395.271 604.74 357.882 
620.35 300.41 643.687 337.605 686.273 326.904 662.936 289.709 
636.251 218.45 608.989 252.872 650.151 268.162 677.413 233.74 
545.401 127.453 564.883 166.805 596.289 136.117 576.808 96.765 
540.004 7.428 523.269 48.024 556.707 76.485 573.442 35.889 
480.841 -118.88 504.967 -82.192 547.315 -93.8 523.189 -130.488 
431.758 -190.062 434.561 -146.241 475.37 -162.448 472.568 -206.268 
399.883 -226.918 367.227 -197.564 385.053 -157.435 417.709 -186.789 
229.174 -183.022 240.153 -140.507 283.98 -137.812 273.001 -180.326 
229.253 -255.074 216.524 -212.964 260.424 -213.868 273.13 -255.9 
194.043 -288.128 172.997 -249.591 203.145 -217.666 224.23 -256.275 
-214.309 7.868 -224.994 50.458 -187.791 73.782 -177.105 31.192 
-263.04 75.685 -229.181 103.643 -192.128 80.081 -225.987 52.123 
-96.146 564.615 -53.302 574.226 -30.921 536.447 -73.767 526.837 
-48.069 576.869 -31.237 617.425 2.133 588.885 -14.7 548.329 
421.047 567.155 447.98 601.834 472.639 565.502 445.705 530.822 
458.132 522.644 475.703 562.886 519.405 558.61 501.834 518.369 
595.654 78.361 615.497 117.532 658.883 110.764 639.039 71.593 
605.286 31.376 595.098 74.087 638.867 70.578 649.055 27.866 
321.808 -267.357 305.739 -226.493 316.758 -183.988 332.826 -224.853 
195.348 -289.788 229.177 -261.833 272.967 -258.945 239.168 -286.977 
94.386 -241.971 77.559 -201.414 115.012 -224.335 131.839 -264.893 
-204.935 -61.797 -183.536 -23.454 -143.685 -5.013 -165.085 -43.356 
-249.68 33.867 -263.031 75.698 -227.642 49.704 -214.291 7.872 
-249.256 142.696 -254.94 186.237 -233.946 224.803 -228.262 181.262 
-139.796 509.78 -155.867 550.643 -118.847 527.03 -102.777 486.167 
-96.237 565.028 -72.198 601.773 -31.151 617.37 -55.191 580.625 
16.204 630.479 59.212 639.336 99.212 621.223 56.205 612.366 
368.934 580.327 382.253 622.168 417.622 648.19 404.303 606.349 
447.972 601.829 490.715 591.771 519.383 558.51 476.64 568.569 
556.539 438.615 537.636 478.248 545.638 521.423 564.542 481.79 
608.521 178.29 652.426 177.628 687.558 151.287 643.653 151.948 
648.956 27.845 640.432 70.92 658.855 110.779 667.379 67.704 
545.298 -49.937 575.654 -18.209 618.861 -10.383 588.505 -42.111 
