159.534 223.964 155.085 267.648 198.006 258.38 202.455 214.696 
211.752 214.69 207.122 258.355 247.219 276.252 251.85 232.587 
214.325 206.405 254.765 223.513 283.532 190.339 243.092 173.231 
184.998 164.036 207.664 201.643 236.426 168.465 213.761 130.857 
135.44 177.555 157.029 215.792 200.065 207.076 178.477 168.839 
123.903 186.97 120.152 230.72 142.832 268.319 146.584 224.569 
161.123 282.205 202.012 298.212 244.5 287.128 203.611 271.121 
266.562 230.836 264.317 274.688 291.909 240.53 294.153 196.678 
224.299 122.215 246.533 160.079 286.778 177.643 264.544 139.779 
131.827 167.909 174.471 157.44 202.817 123.905 160.173 134.374 
65.366 132.691 103.724 154.063 135.904 124.187 97.546 102.815 
62.857 170.122 54.974 213.318 93.62 234.164 101.504 190.968 
19.985 254.077 59.051 274.125 90.19 243.166 51.124 223.118 
69.934 282.125 88.54 321.898 120.617 291.912 102.011 252.139 
128.131 335.174 167.733 354.141 198.01 322.338 158.408 303.371 
177.82 361.33 198.863 399.869 229.013 367.947 207.971 329.407 
218.079 322.2 238.26 361.198 281.585 354.055 261.404 315.058 
282.964 283.518 304.823 321.6 334.287 289.043 312.427 250.96 
322.622 243.235 343.758 281.724 386.894 273.516 365.758 235.027 
325.11 189.17 319.277 232.691 362.47 224.79 368.304 181.269 
282.414 121.13 303.777 159.492 346.864 151.028 325.5 112.666 
284.036 68.119 279.323 111.776 322.299 102.768 327.012 59.111 
233.576 49.083 227.483 92.568 266.957 111.801 273.05 68.316 
154.152 69.699 149.312 113.341 192.314 104.458 197.154 60.816 
108.117 49.5 101.195 92.861 140.296 112.843 147.217 69.482 
58.754 76.296 46.229 118.382 81.1 91.695 93.624 49.609 
15.089 206.386 14.084 250.285 40.699 215.361 41.704 171.462 
15.143 274.217 34.175 313.787 72.833 334.613 53.799 295.042 
123.977 357.81 150.23 393.008 192.158 406.053 165.905 370.855 
214.081 409.238 257.306 401.508 287.73 369.848 244.506 377.578 
323.889 331.703 365.37 317.301 390.463 281.267 348.982 295.67 
386.804 180.258 379.897 223.621 399.798 262.763 406.705 219.4 
335.356 58.253 335.654 102.162 361.704 137.51 361.406 93.601 
240.505 23.683 277.454 47.407 321.292 44.881 284.342 21.157 
109.785 44.37 150.631 60.486 193.148 49.515 152.302 33.399 
75.341 -42.353 84.875 0.51 128.586 4.688 119.052 -38.174 
11.541 26.389 32.91 64.748 62.789 32.571 41.419 -5.788 
-8.366 49.77 -8.894 93.677 16.486 129.509 17.014 85.602 
-67.302 124.856 -44.057 162.109 -1.445 151.512 -24.69 114.26 
-62.66 212.951 -20.931 199.284 4.794 163.699 -36.935 177.366 
-59.083 221.022 -69.413 263.699 -25.632 260.335 -15.302 217.658 
-48.665 297.72 -31.436 338.109 12.3 334.203 -4.929 293.814 
-3.582 375.14 38.175 388.722 79.94 375.166 38.183 361.584 
48.631 405.953 47.833 449.855 89.834 437.048 90.632 393.145 
106.398 390.356 106.028 434.265 131.537 470.005 131.908 426.097 
151.473 422.57 149.276 466.425 190.306 482.066 192.503 438.211 
225.516 431.799 216.743 474.824 260.373 469.872 269.146 426.848 
303.664 410.763 303.117 454.67 329.367 419.47 329.914 375.564 
347.523 372.315 346.516 416.213 387.955 430.737 388.962 386.838 
349.47 358.233 391.417 371.213 432.984 357.058 391.036 344.078 
393.285 325.086 434.719 339.625 461.35 304.712 419.916 290.173 
434.39 216.396 425.038 259.299 462.952 281.451 472.303 238.548 
406.353 141.577 430.662 178.145 471.822 193.441 447.513 156.873 
408.879 125.742 450.249 140.46 477.031 105.663 435.661 90.945 
393.813 76.386 396.326 120.224 420.061 83.281 417.548 39.443 
355.879 29.784 378.268 67.557 407.273 34.591 384.884 -3.182 
290.126 -7.45 327.827 15.06 360.885 -13.841 323.184 -36.351 
216.165 -4.246 258.349 -16.437 285.31 -51.095 243.126 -38.904 
177.413 -44.902 204.13 -10.056 229.015 -46.233 202.299 -81.08 
121.705 -40.236 147.303 -4.559 188.982 9.259 163.384 -26.418 
124.879 -77.681 162.837 -55.607 195.561 -84.887 157.602 -106.96 
8.626 -103.786 16.4 -60.57 55.099 -81.318 47.325 -124.535 
-53.856 -89.651 -34.926 -50.031 8.605 -55.791 -10.325 -95.411 
-77.924 -45.543 -64.658 -3.684 -20.749 -3.367 -34.015 -45.225 
-71.264 63.969 -75.354 107.688 -32.511 98.067 -28.421 54.348 
-106.191 158.052 -88.958 198.439 -55.874 169.569 -73.106 129.182 
-157.1 265.126 -145.043 307.348 -101.161 308.928 -113.219 266.706 
-160.745 368.057 -117.519 375.78 -96.816 337.056 -140.042 329.333 
-108.632 379.346 -97.382 421.79 -60.492 397.975 -71.741 355.53 
-5.381 394.29 -4.929 438.198 36.969 451.337 36.518 407.429 
51.104 457.737 74.004 495.202 116.713 485.0 93.812 447.535 
151.08 560.605 194.658 565.997 213.252 526.217 169.674 520.826 
215.142 570.086 243.113 603.935 266.661 566.874 238.691 533.025 
261.656 513.763 276.696 555.017 320.578 553.461 305.539 512.208 
318.838 462.099 360.74 475.225 386.172 439.43 344.27 426.304 
400.028 386.076 397.486 429.912 439.963 418.784 442.504 374.947 
491.567 336.571 522.665 367.571 542.539 328.416 511.441 297.415 
525.25 277.504 553.026 311.513 593.954 295.606 566.177 261.597 
526.908 208.05 514.635 250.211 558.525 248.854 570.797 206.694 
458.46 145.452 484.168 181.05 510.08 145.601 484.372 110.003 
442.63 34.042 438.929 77.796 479.398 94.836 483.098 51.082 
387.555 -62.656 418.467 -31.469 457.679 -51.231 426.767 -82.417 
380.323 -110.61 385.287 -66.981 425.247 -85.184 420.283 -128.812 
339.553 -138.851 320.674 -99.207 352.544 -69.001 371.424 -108.645 
213.379 -90.876 236.505 -53.549 279.151 -64.009 256.026 -101.335 
205.582 -156.873 201.081 -113.112 244.011 -122.337 248.504 -166.016 
165.42 -174.563 160.926 -130.884 201.08 -113.113 205.581 -156.874 
-140.125 55.501 -141.771 99.381 -100.547 114.505 -98.902 70.626 
-168.895 133.912 -127.672 149.037 -100.548 114.506 -141.771 99.381 
-32.68 494.818 8.776 509.29 35.351 474.335 -6.106 459.862 
8.778 509.291 33.798 545.375 60.385 510.428 35.364 474.344 
380.495 482.972 405.136 519.316 432.086 484.649 407.444 448.305 
407.452 448.299 432.086 484.648 474.268 472.453 449.635 436.103 
500.752 91.292 524.25 128.386 566.789 117.502 543.292 80.407 
503.549 47.466 500.751 91.287 543.292 80.407 546.09 36.586 
276.129 -174.687 274.731 -130.799 299.395 -94.471 300.794 -138.359 
165.42 -174.563 205.582 -156.873 248.504 -166.016 208.35 -183.787 
94.323 -136.954 80.167 -95.388 116.051 -120.695 130.208 -162.26 
-141.567 38.685 -97.912 43.413 -59.816 21.577 -103.471 16.85 
-167.248 90.033 -168.894 133.912 -141.771 99.381 -140.125 55.501 
-166.824 168.917 -155.664 211.385 -121.673 239.183 -132.834 196.715 
-63.447 441.784 -65.267 485.656 -38.008 451.232 -36.188 407.36 
-32.68 494.818 -7.651 530.896 33.804 545.372 8.774 509.294 
64.511 554.144 108.043 548.391 139.879 518.149 96.347 523.902 
321.21 494.343 345.15 531.152 386.155 546.859 362.215 510.05 
405.133 519.314 447.314 507.113 474.268 472.449 432.087 484.65 
478.912 363.86 472.237 407.26 492.346 446.295 499.022 402.895 
516.228 189.078 558.638 177.698 586.26 143.564 543.85 154.944 
546.086 36.586 543.292 80.407 566.789 117.502 569.583 73.681 
443.479 -9.679 481.126 12.922 524.867 9.078 487.221 -13.523 
