150.341 242.489 137.312 284.422 181.219 283.855 194.248 241.923 
220.509 242.888 205.839 284.275 240.667 311.016 255.337 269.629 
228.954 213.931 264.321 239.955 300.0 214.361 264.633 188.337 
196.529 156.727 209.625 198.639 245.438 173.233 232.344 131.321 
130.177 170.25 141.139 212.77 184.965 215.485 174.003 172.965 
97.589 207.157 84.611 249.105 98.768 290.671 111.747 248.722 
153.099 317.58 190.725 340.216 234.47 336.412 196.844 313.776 
295.504 258.04 286.125 300.937 318.926 271.745 328.304 228.848 
259.633 107.83 272.116 149.929 306.959 176.65 294.477 134.552 
116.17 137.429 160.075 138.091 195.984 112.821 152.079 112.158 
10.161 96.258 38.014 130.203 78.905 114.203 51.052 80.258 
42.525 173.881 19.422 211.222 47.797 244.733 70.899 207.391 
-29.678 285.632 3.863 313.97 41.179 290.826 7.637 262.489 
19.894 329.234 25.027 372.843 64.916 354.486 59.783 310.876 
108.131 362.266 139.816 392.667 178.52 371.927 146.835 341.527 
182.059 415.695 193.198 458.169 230.151 434.45 219.012 391.976 
239.887 379.987 250.482 422.599 294.283 425.69 283.688 383.078 
307.926 314.254 318.853 356.782 355.923 333.247 344.995 290.718 
375.196 261.714 386.831 304.055 430.694 306.075 419.06 263.734 
384.756 199.595 370.466 241.114 414.37 241.875 428.66 200.355 
326.272 108.196 335.105 151.208 378.742 156.099 369.909 113.087 
327.047 34.031 312.645 75.512 356.546 76.391 370.949 34.91 
273.314 1.283 253.29 40.361 284.268 71.482 304.292 32.403 
167.422 37.831 144.366 75.201 187.032 85.581 210.088 48.211 
79.478 16.035 61.852 56.252 94.655 85.443 112.28 45.225 
-2.963 29.512 -30.832 63.445 11.66 52.374 39.528 18.441 
-50.879 231.603 -54.164 275.39 -25.77 241.897 -22.484 198.11 
-40.044 314.376 -34.683 357.957 -4.728 390.064 -10.09 346.482 
111.688 426.385 138.529 461.136 180.67 473.474 153.829 438.723 
224.266 477.963 268.009 481.796 305.65 459.186 261.907 455.353 
374.514 373.027 415.879 358.293 440.683 322.06 399.319 336.794 
472.742 197.899 452.812 237.025 459.686 280.394 479.617 241.268 
395.664 30.013 391.483 73.723 413.792 111.543 417.973 67.833 
289.332 -45.934 315.554 -10.713 357.47 2.369 331.248 -32.852 
81.884 -25.414 119.309 -2.447 163.086 -5.865 125.661 -28.831 
29.235 -126.104 17.686 -83.74 54.409 -59.665 65.957 -102.03 
-56.968 -48.317 -66.403 -5.433 -22.702 -9.711 -13.267 -52.596 
-103.821 17.544 -95.525 60.664 -63.469 90.671 -71.765 47.552 
-134.52 114.824 -130.325 158.533 -87.459 168.05 -91.653 124.341 
-170.143 194.419 -131.056 214.428 -87.674 207.641 -126.761 187.632 
-134.737 258.184 -168.526 286.227 -131.414 309.696 -97.625 281.654 
-117.746 351.425 -121.511 395.173 -81.067 412.272 -77.302 368.524 
-59.866 450.725 -16.532 457.814 22.693 438.077 -20.641 430.988 
17.997 481.735 10.069 524.924 53.593 519.118 61.522 475.93 
97.747 477.416 77.994 516.632 85.063 559.97 104.817 520.754 
160.667 512.563 137.622 549.94 166.049 583.407 189.093 546.03 
255.842 523.987 230.721 560.001 272.735 572.764 297.857 536.75 
339.636 486.989 341.37 530.865 365.756 494.349 364.022 450.473 
410.277 429.211 402.093 472.351 440.594 493.466 448.777 450.325 
419.577 402.048 454.185 429.073 498.069 430.595 463.461 403.57 
472.495 352.327 502.813 384.091 542.391 365.072 512.073 333.309 
542.054 230.08 516.191 265.565 541.948 301.128 567.81 265.643 
483.468 136.566 508.608 172.567 550.108 186.915 524.967 150.914 
482.78 88.73 519.943 112.118 553.671 84.002 516.508 60.613 
475.543 31.163 461.601 72.801 497.355 47.31 511.297 5.672 
428.85 -43.343 428.233 0.563 470.18 -12.418 470.797 -56.324 
335.673 -105.21 358.199 -67.519 401.006 -77.295 378.48 -114.987 
229.906 -70.493 271.042 -85.854 295.293 -122.459 254.157 -107.099 
158.979 -128.559 167.915 -85.567 206.04 -107.351 197.105 -150.342 
104.802 -146.406 109.861 -102.788 139.59 -70.473 134.532 -114.091 
123.799 -182.456 148.712 -146.297 190.8 -158.817 165.887 -194.976 
-9.94 -212.013 -25.983 -171.139 17.848 -168.512 33.891 -209.387 
-113.413 -174.24 -105.064 -131.131 -61.485 -125.75 -69.834 -168.859 
-148.517 -117.816 -135.272 -75.951 -91.364 -75.611 -104.609 -117.476 
-168.85 31.759 -178.983 74.484 -135.218 70.919 -125.085 28.194 
-181.026 121.74 -188.252 165.052 -144.828 158.541 -137.601 115.23 
-251.31 264.948 -258.697 308.232 -219.815 328.634 -212.427 285.35 
-270.135 399.199 -230.932 418.979 -200.006 387.808 -239.208 368.028 
-194.374 431.355 -204.787 474.012 -161.0 470.734 -150.586 428.077 
-58.464 470.842 -69.125 513.438 -31.908 536.74 -21.247 494.144 
10.484 527.464 23.008 569.551 66.905 570.645 54.38 528.559 
123.276 658.113 163.634 675.413 192.56 642.376 152.201 625.076 
222.11 674.854 243.754 713.06 273.4 680.669 251.757 642.464 
297.427 609.073 294.412 652.88 335.144 669.283 338.158 625.477 
367.637 538.218 406.574 558.516 437.91 527.757 398.973 507.459 
459.897 452.298 446.732 494.187 490.64 493.764 503.806 451.874 
577.065 392.013 599.929 429.501 628.517 396.173 605.654 358.685 
621.245 300.943 644.49 338.196 687.102 327.601 663.858 290.348 
637.337 218.858 609.903 253.143 650.988 268.64 678.422 234.355 
546.553 127.331 565.928 166.736 597.417 136.134 578.043 96.729 
541.173 7.118 524.24 47.631 557.538 76.255 574.471 35.742 
481.771 -119.68 505.753 -82.898 548.146 -94.34 524.164 -131.122 
432.445 -190.875 435.198 -147.052 476.026 -163.212 473.273 -207.036 
400.596 -227.762 367.864 -198.493 385.585 -158.318 418.318 -187.587 
229.351 -184.607 240.227 -142.065 284.048 -139.264 273.172 -181.805 
229.875 -256.15 217.175 -214.031 261.075 -214.966 273.752 -257.007 
194.166 -289.624 172.751 -251.29 202.591 -219.078 224.046 -257.483 
-214.92 6.94 -225.976 49.435 -188.977 73.082 -177.921 30.587 
-264.459 74.169 -231.042 102.655 -193.624 79.676 -227.041 51.191 
-97.237 564.665 -54.428 574.435 -31.907 536.74 -74.717 526.97 
-49.2 577.101 -32.603 617.754 0.932 589.407 -15.665 548.754 
420.931 568.251 447.839 602.95 472.524 566.636 445.616 531.937 
458.397 523.572 475.681 563.937 519.412 559.973 502.128 519.607 
596.875 78.497 616.61 117.722 660.014 111.074 640.279 71.849 
606.867 31.228 596.292 73.846 640.092 70.734 650.667 28.116 
322.708 -268.265 306.302 -227.535 316.969 -184.941 333.375 -225.671 
195.964 -291.943 229.72 -263.9 273.502 -260.898 239.777 -289.017 
93.976 -242.991 77.241 -202.395 114.642 -225.401 131.377 -265.997 
-204.769 -63.507 -184.385 -24.614 -145.034 -5.131 -165.418 -44.023 
-250.6 32.515 -264.449 74.183 -228.752 48.613 -214.903 6.945 
-250.321 142.106 -255.971 185.652 -234.946 224.201 -229.297 180.656 
-140.799 509.72 -157.093 550.495 -119.945 527.084 -103.651 486.309 
-97.311 564.997 -73.476 601.874 -32.517 617.699 -56.353 580.821 
15.207 630.932 58.177 639.973 98.254 622.031 55.284 612.99 
368.968 581.184 382.003 623.114 417.195 649.375 404.16 607.444 
447.831 602.946 490.608 593.035 519.39 559.873 476.614 569.784 
557.221 439.703 538.138 479.249 545.946 522.46 565.028 482.913 
609.44 178.366 653.349 177.973 688.641 151.846 644.732 152.239 
650.569 28.095 641.801 71.121 659.998 111.083 668.766 68.057 
546.465 -50.462 576.729 -18.648 619.914 -10.699 589.649 -42.513 
