159.849 222.128 157.104 265.952 199.632 255.02 202.377 211.196 
212.393 210.515 210.34 254.377 251.42 269.884 253.474 226.022 
214.349 202.693 255.786 217.221 282.407 182.302 240.97 167.773 
182.572 161.905 207.264 198.215 234.166 163.512 209.476 127.202 
134.005 177.351 157.239 214.61 199.855 204.028 176.62 166.768 
123.63 186.354 121.563 230.215 145.673 266.914 147.74 223.053 
165.397 282.515 206.773 297.217 248.888 284.792 207.512 270.09 
268.127 223.823 267.221 267.723 293.758 232.739 294.664 188.839 
219.308 118.227 243.647 154.774 284.82 170.034 260.481 133.488 
130.162 168.127 172.353 155.963 199.337 121.322 157.146 133.487 
72.117 139.237 111.878 157.868 141.885 125.809 102.123 107.178 
69.797 170.403 65.679 214.119 105.983 231.545 110.102 187.829 
33.472 255.951 73.585 273.81 102.966 241.178 62.852 223.319 
77.287 276.796 98.13 315.445 128.446 283.68 107.603 245.031 
135.021 327.094 175.833 343.294 203.853 309.486 163.041 293.285 
181.921 347.525 204.517 385.175 233.341 352.05 210.745 314.401 
214.438 312.019 236.361 350.065 279.319 340.97 257.396 302.925 
276.806 273.243 300.719 310.07 328.354 275.946 304.44 239.119 
309.912 235.211 332.609 272.801 375.373 262.83 352.676 225.241 
312.762 186.775 308.581 230.485 351.444 220.954 355.625 177.244 
270.969 124.146 294.55 161.187 337.065 150.205 313.484 113.165 
272.213 74.127 268.943 117.915 311.598 107.494 314.869 63.706 
226.606 56.902 222.792 100.646 263.217 117.791 267.031 74.047 
153.89 76.794 151.423 120.635 193.881 109.434 196.348 65.593 
108.631 58.833 103.913 102.489 143.974 120.466 148.692 76.811 
71.157 88.857 63.212 132.042 95.024 101.775 102.969 58.59 
26.473 208.133 26.835 252.041 52.351 216.306 51.989 172.398 
31.107 262.695 52.783 300.882 92.765 319.035 71.089 280.848 
131.969 341.286 158.956 375.924 201.149 388.085 174.162 353.447 
208.992 388.589 251.804 378.832 280.705 345.775 237.893 355.531 
310.009 315.84 351.362 301.075 376.139 264.823 334.786 279.588 
363.015 177.358 358.646 221.05 380.793 258.966 385.162 215.274 
318.398 63.462 319.671 107.353 346.499 142.114 345.226 98.223 
230.761 44.797 269.772 64.951 313.18 58.325 274.168 38.171 
109.519 55.872 151.11 69.954 193.035 56.9 151.444 42.818 
79.742 -8.293 98.282 31.511 141.867 26.179 123.327 -13.625 
32.295 43.915 56.068 80.833 83.833 46.815 60.059 9.897 
20.181 55.532 16.384 99.277 39.024 136.9 42.821 93.154 
-41.091 128.54 -15.581 164.279 26.292 151.062 0.782 115.322 
-30.5 217.113 10.604 201.669 34.78 165.013 -6.325 180.458 
-29.673 219.156 -34.502 262.799 8.498 253.905 13.327 210.262 
-25.879 281.228 -6.243 320.502 37.178 313.962 17.541 274.688 
10.22 348.622 51.634 363.214 93.716 350.676 52.302 336.084 
59.393 378.062 59.794 421.97 101.43 408.02 101.028 364.111 
117.905 360.331 118.87 404.231 145.455 439.178 144.49 395.279 
157.526 393.09 158.195 436.995 200.158 449.925 199.489 406.02 
216.543 405.001 210.588 448.505 253.804 440.725 259.759 397.221 
285.579 389.412 284.764 433.314 311.228 398.276 312.043 354.373 
324.923 352.372 325.148 396.282 366.979 409.636 366.753 365.727 
326.643 337.369 368.756 349.8 410.134 335.104 368.02 322.672 
369.699 308.258 411.875 320.475 436.528 284.139 394.352 271.921 
404.825 213.606 398.611 257.074 438.032 276.416 444.245 232.948 
381.63 149.977 405.954 186.534 447.121 201.812 422.796 165.255 
383.714 139.107 425.453 152.744 451.32 117.262 409.581 103.625 
368.472 89.824 371.171 133.651 394.748 96.607 392.049 52.78 
331.656 48.209 357.276 83.87 383.274 48.483 357.653 12.823 
278.979 18.947 318.072 38.943 349.168 7.942 310.075 -12.054 
214.158 20.415 256.646 9.329 284.502 -24.613 242.015 -13.527 
178.187 -18.291 205.582 16.026 229.753 -20.632 202.359 -54.949 
123.327 -13.626 151.276 20.241 193.794 31.212 165.844 -2.655 
125.545 -45.586 165.222 -26.776 195.373 -58.698 155.696 -77.509 
19.747 -71.37 28.78 -28.399 66.856 -50.27 57.823 -93.24 
-27.722 -71.479 -15.124 -29.415 28.774 -28.398 16.176 -70.462 
-55.999 -13.28 -28.108 20.634 12.764 4.588 -15.127 -29.326 
-45.904 73.483 -46.396 117.39 -4.485 104.289 -3.994 60.382 
-78.394 166.159 -57.763 204.92 -27.274 173.321 -47.904 134.56 
-122.257 261.661 -110.744 304.034 -66.886 306.179 -78.4 263.805 
-132.974 343.908 -90.077 353.288 -67.9 315.389 -110.797 306.01 
-83.21 356.544 -66.986 397.347 -33.194 369.309 -49.417 328.506 
7.925 367.4 9.865 411.268 52.184 422.979 50.245 379.112 
63.895 430.806 87.898 467.575 130.285 456.109 106.281 419.34 
158.182 527.029 201.544 533.943 221.52 494.84 178.157 487.926 
202.631 534.48 229.45 569.249 254.229 532.999 227.411 498.23 
244.651 483.671 263.411 523.371 306.966 517.798 288.206 478.097 
298.695 440.358 340.846 452.664 365.574 416.379 323.423 404.073 
377.735 364.743 376.129 408.624 418.358 396.592 419.965 352.711 
463.635 318.683 493.766 350.623 514.833 312.096 484.701 280.156 
489.755 275.629 516.439 310.501 557.85 295.9 531.166 261.027 
490.035 212.443 481.869 255.587 525.425 250.021 533.591 206.877 
431.566 156.477 457.933 191.589 483.179 155.662 456.812 120.55 
414.621 47.878 412.328 91.728 453.323 107.459 455.617 63.609 
367.111 -36.896 397.634 -5.33 437.088 -24.606 406.564 -56.171 
362.957 -83.795 365.75 -39.974 406.564 -56.172 403.771 -99.993 
319.202 -107.234 307.122 -65.018 343.539 -40.484 355.619 -82.7 
210.135 -62.027 235.593 -26.251 277.485 -39.409 252.027 -75.185 
202.685 -125.63 199.402 -81.761 242.059 -92.175 245.337 -135.962 
162.047 -142.197 158.769 -98.41 199.401 -81.761 202.685 -125.63 
-108.938 63.343 -111.307 107.189 -70.339 122.992 -67.97 79.146 
-138.998 141.269 -98.031 157.072 -70.341 122.993 -111.309 107.19 
-18.233 464.692 23.001 479.784 50.097 445.231 8.862 430.139 
23.001 479.785 47.49 516.232 74.586 481.679 50.097 445.232 
357.813 459.597 382.3 496.045 409.397 461.492 384.909 425.045 
384.912 425.042 409.398 461.492 451.63 449.468 427.144 413.019 
471.749 104.449 495.447 141.415 537.927 130.3 514.229 93.334 
474.305 60.613 471.749 104.449 514.229 93.334 516.785 49.498 
268.452 -142.531 268.439 -98.621 294.238 -63.089 294.251 -106.999 
162.048 -142.197 202.685 -125.63 245.337 -135.962 204.705 -152.611 
97.153 -103.26 87.101 -60.516 120.358 -89.189 130.409 -131.933 
-109.413 50.477 -65.769 55.306 -27.622 33.559 -71.266 28.73 
-136.628 97.422 -138.998 141.268 -111.308 107.189 -108.938 63.343 
-138.288 174.606 -121.963 215.369 -84.797 238.751 -101.122 197.988 
-43.961 411.877 -44.845 455.779 -18.326 420.782 -17.442 376.881 
-18.233 464.692 6.255 501.139 47.49 516.232 23.001 479.784 
76.966 525.525 119.946 516.535 149.433 483.999 106.454 492.989 
299.384 467.121 324.065 503.438 365.38 518.311 340.699 481.994 
382.3 496.045 424.531 484.019 451.629 449.467 409.398 461.493 
450.384 343.835 446.645 387.586 469.336 425.179 473.075 381.428 
483.938 199.566 526.148 187.463 553.182 152.862 510.973 164.965 
516.785 49.499 514.229 93.334 537.927 130.3 540.483 86.465 
415.996 13.907 455.761 32.53 498.878 24.223 459.113 5.6 
