155.654 235.704 146.907 278.734 190.534 273.755 199.281 230.725 
218.001 230.982 208.05 273.75 245.65 296.43 255.601 253.662 
223.776 213.496 261.656 235.703 294.482 206.54 256.601 184.332 
192.549 162.934 210.141 203.166 242.967 174.003 225.376 133.771 
133.768 176.827 150.258 217.524 194.058 214.416 177.568 173.72 
110.538 198.806 102.286 241.933 120.959 281.675 129.212 238.547 
158.495 303.781 197.955 323.043 241.2 315.434 201.741 296.171 
282.26 248.714 276.551 292.251 306.76 260.384 312.469 216.847 
245.733 116.379 262.718 156.871 300.26 179.646 283.275 139.154 
125.076 155.986 168.586 150.074 200.311 119.716 156.801 125.628 
39.042 112.326 73.674 139.321 110.05 114.727 75.418 87.732 
48.252 175.124 32.438 216.088 66.509 243.786 82.324 202.823 
-12.985 264.23 22.198 290.502 58.057 265.159 22.874 238.887 
40.429 305.376 52.15 347.693 88.774 323.469 77.052 281.152 
119.096 355.228 154.757 380.848 190.144 354.85 154.483 329.23 
176.381 396.548 191.715 437.693 226.108 410.395 210.775 369.249 
228.333 357.416 243.37 398.671 287.253 397.117 272.216 355.863 
298.905 303.585 314.649 344.575 348.768 316.934 333.023 275.944 
353.856 259.406 369.458 300.451 413.315 298.296 397.713 257.251 
358.64 199.114 348.563 241.852 392.323 238.229 402.4 195.491 
309.024 115.46 323.419 156.943 367.321 156.071 352.926 114.588 
311.568 51.698 301.569 94.455 345.322 90.752 355.321 47.995 
259.11 26.196 246.732 68.325 282.974 93.116 295.352 50.987 
160.515 57.069 147.412 98.978 191.319 98.489 204.422 56.579 
96.162 32.0 82.312 73.669 117.661 99.717 131.511 58.049 
26.673 47.279 2.183 83.725 43.418 68.635 67.909 32.188 
-20.86 213.728 -23.88 257.534 4.311 223.869 7.33 180.063 
-20.735 299.708 -9.972 342.278 23.758 370.392 12.994 327.821 
114.421 398.201 140.035 433.867 181.721 447.666 156.107 412.0 
220.454 453.938 264.352 452.901 299.256 426.259 255.358 427.296 
352.992 360.641 394.536 346.421 419.787 310.497 378.244 324.718 
440.744 191.377 425.781 232.659 437.941 274.852 452.904 233.57 
374.73 44.83 371.914 88.65 395.391 125.756 398.208 81.936 
271.248 -16.353 301.653 15.326 344.873 23.083 314.467 -8.596 
100.719 5.476 139.634 25.815 183.072 19.395 144.157 -0.944 
51.662 -97.933 40.42 -55.486 77.315 -31.678 88.557 -74.125 
-38.996 -18.402 -36.352 25.428 4.516 9.369 1.871 -34.462 
-74.673 46.866 -63.716 89.387 -29.859 117.347 -40.816 74.826 
-117.555 121.009 -100.922 161.647 -57.133 158.385 -73.766 117.747 
-132.426 203.509 -88.592 206.078 -51.619 182.391 -95.454 179.822 
-110.079 244.372 -134.315 280.987 -92.003 292.723 -67.766 256.107 
-97.289 336.313 -90.147 379.638 -46.735 386.234 -53.877 342.909 
-33.62 428.139 9.191 437.904 49.565 420.641 6.755 410.876 
32.989 461.302 29.699 505.088 72.359 494.686 75.649 450.9 
99.236 450.102 88.869 492.771 105.561 533.384 115.929 490.716 
155.374 482.793 143.336 525.021 179.777 549.519 191.815 507.292 
245.864 492.729 227.641 532.679 271.268 537.665 289.49 497.715 
332.55 454.887 333.388 498.789 358.514 462.778 357.676 418.876 
392.021 407.553 387.377 451.217 427.469 469.126 432.113 425.463 
396.616 390.282 435.863 409.974 479.189 402.836 439.942 383.144 
444.507 346.788 481.818 369.939 515.366 341.609 478.055 318.457 
502.96 225.34 483.746 264.824 515.36 295.298 534.573 255.814 
454.53 134.512 479.459 170.659 520.874 185.25 495.945 149.103 
456.445 102.177 496.23 120.758 526.196 88.662 486.411 70.081 
445.434 49.354 440.699 93.008 470.189 60.474 474.924 16.82 
404.433 -12.015 416.165 30.298 452.782 6.063 441.049 -36.25 
319.669 -65.359 350.332 -33.929 389.699 -53.379 359.036 -84.81 
222.27 -44.631 263.556 -59.584 288.167 -95.948 246.881 -80.995 
169.187 -96.128 189.459 -57.178 220.238 -88.494 199.967 -127.444 
113.649 -101.465 130.423 -60.885 167.846 -37.915 151.072 -78.495 
125.367 -142.275 156.452 -111.262 195.553 -131.241 164.469 -162.255 
-5.337 -172.499 -10.467 -128.89 32.593 -137.487 37.724 -181.096 
-97.274 -141.586 -87.936 -98.68 -44.245 -94.302 -53.582 -137.208 
-130.68 -87.185 -120.311 -44.517 -76.527 -41.194 -86.896 -83.862 
-118.584 47.425 -131.621 89.356 -87.714 88.797 -74.678 46.867 
-157.312 139.65 -151.869 183.222 -112.113 164.58 -117.555 121.009 
-219.915 273.341 -219.134 317.244 -177.138 330.068 -177.919 286.165 
-227.65 401.892 -185.903 415.504 -160.056 380.007 -201.803 366.395 
-161.482 423.893 -163.98 467.733 -121.515 456.561 -119.017 412.722 
-33.326 448.874 -39.296 492.376 0.233 511.496 6.202 467.994 
30.118 506.677 47.148 547.151 90.902 543.462 73.873 502.988 
140.414 627.399 182.772 638.968 206.865 602.258 164.506 590.688 
231.243 638.777 256.486 674.706 282.855 639.596 257.613 603.667 
293.706 575.407 298.748 619.027 341.791 627.71 336.749 584.091 
355.151 506.559 395.676 523.465 424.277 490.148 383.752 473.242 
441.956 426.113 434.157 469.325 477.664 463.389 485.464 420.177 
548.845 370.022 576.232 404.345 600.412 367.692 573.025 333.369 
589.393 285.725 615.223 321.233 656.976 307.64 631.146 272.131 
598.846 207.848 577.41 246.17 620.48 254.715 641.917 216.394 
512.966 130.531 535.466 168.239 564.375 135.188 541.875 97.48 
502.422 14.752 491.798 57.358 529.036 80.627 539.659 38.022 
448.576 -94.401 477.231 -61.129 517.729 -78.099 489.075 -111.371 
409.893 -163.331 414.82 -119.698 454.795 -137.868 449.868 -181.5 
376.054 -198.221 347.01 -165.289 369.355 -127.489 398.399 -160.422 
222.289 -146.429 237.945 -105.405 281.799 -107.619 266.143 -148.643 
214.992 -218.48 206.4 -175.335 250.007 -180.486 258.583 -223.55 
176.678 -239.878 168.086 -196.816 206.384 -175.338 214.992 -218.48 
-194.777 34.849 -198.291 78.618 -157.751 95.486 -154.236 51.717 
-227.05 111.877 -186.593 128.946 -157.858 95.743 -198.315 78.675 
-66.111 551.363 -23.294 561.095 -0.806 523.38 -43.625 513.648 
-21.106 562.315 2.01 599.648 30.373 566.128 7.258 528.794 
417.103 533.468 443.523 568.54 468.715 532.575 442.294 497.503 
446.622 494.445 469.733 531.782 512.384 521.34 489.273 484.003 
559.463 77.429 582.121 115.042 624.895 105.116 602.237 67.503 
563.369 33.503 559.417 77.235 602.23 67.479 606.181 23.747 
296.573 -236.027 289.777 -192.647 309.777 -153.556 316.573 -196.937 
176.672 -239.868 214.992 -218.481 258.584 -223.547 220.279 -245.015 
96.3 -203.6 78.029 -163.672 116.28 -185.235 134.551 -225.163 
-197.345 -9.502 -158.247 10.485 -114.868 3.673 -153.966 -16.314 
-223.422 68.126 -227.039 111.887 -198.39 78.61 -194.773 34.849 
-220.047 157.387 -220.533 201.295 -195.118 237.103 -194.632 193.195 
-107.701 498.24 -115.723 541.411 -83.859 511.2 -75.837 468.029 
-66.111 551.363 -39.86 586.561 2.067 599.608 -24.185 564.409 
40.405 608.877 84.236 611.518 121.248 587.893 77.418 585.251 
360.587 549.864 380.375 589.062 419.424 609.143 399.636 569.945 
443.5 568.524 485.609 556.079 512.362 521.259 470.253 533.704 
532.387 406.713 518.994 448.531 532.738 490.234 546.132 448.417 
577.513 177.087 620.82 169.833 651.593 138.511 608.286 145.764 
606.124 23.741 602.273 67.481 624.869 105.132 628.719 61.391 
506.088 -35.762 540.034 -7.909 583.868 -5.328 549.922 -33.181 
