159.862 222.134 157.222 265.965 199.723 254.93 202.363 211.1 
212.367 210.389 210.448 254.258 251.576 269.639 253.495 225.771 
214.303 202.542 255.782 216.952 282.303 181.956 240.824 167.547 
182.384 161.834 207.18 198.073 233.982 163.292 209.186 127.053 
133.878 177.397 157.216 214.592 199.802 203.891 176.464 166.696 
123.502 186.461 121.546 230.328 145.748 266.966 147.704 223.099 
165.574 282.531 206.973 297.167 249.068 284.674 207.669 270.038 
268.19 223.534 267.352 267.436 293.834 232.411 294.673 188.509 
219.02 118.016 243.466 154.492 284.683 169.631 260.237 133.156 
130.009 168.166 172.178 155.922 199.095 121.23 156.927 133.474 
72.552 139.72 112.392 158.183 142.263 125.999 102.423 107.535 
70.27 170.58 66.388 214.318 106.786 231.526 110.668 187.788 
34.388 255.959 74.557 273.693 103.836 240.97 63.667 223.235 
77.844 276.361 98.84 314.926 129.03 283.041 108.034 244.475 
135.403 326.485 176.271 342.544 204.173 308.638 163.305 292.579 
182.054 346.569 204.749 384.16 233.486 350.959 210.792 313.369 
214.105 311.241 236.156 349.212 279.083 339.974 257.032 302.002 
276.287 272.66 300.311 309.415 327.843 275.208 303.817 238.454 
309.007 234.757 331.812 272.28 374.547 262.187 351.741 224.663 
311.846 186.692 307.791 230.415 350.627 220.76 354.682 177.038 
270.167 124.419 293.872 161.381 336.35 150.256 312.645 113.295 
271.371 74.594 268.206 118.39 310.836 107.867 314.002 64.071 
226.112 57.502 222.447 101.259 262.93 118.266 266.595 74.509 
153.849 77.339 151.519 121.187 193.941 109.853 196.271 66.005 
108.653 59.523 104.084 103.195 144.207 121.035 148.776 77.364 
71.94 89.766 64.281 133.003 95.892 102.526 103.551 59.289 
27.561 208.282 28.009 252.189 53.455 216.404 53.007 172.496 
32.249 261.949 54.077 300.049 94.131 318.042 72.302 279.942 
132.431 340.066 159.433 374.692 201.632 386.834 174.629 352.208 
208.688 387.195 251.472 377.311 280.274 344.168 237.491 354.051 
309.055 314.896 350.411 300.138 375.195 263.891 333.839 278.649 
361.383 177.169 357.179 220.877 379.469 258.709 383.673 215.001 
317.304 63.849 318.599 107.74 345.445 142.487 344.149 98.596 
230.022 46.261 269.157 66.174 312.523 59.281 273.388 39.368 
109.498 56.695 151.128 70.661 193.016 57.489 151.386 43.524 
79.915 -5.818 99.023 33.717 142.527 27.762 123.42 -11.773 
33.691 45.035 57.479 81.944 85.23 47.914 61.441 11.006 
21.969 56.116 18.08 99.854 40.642 137.524 44.531 93.786 
-39.214 128.946 -13.574 164.593 28.251 151.223 2.612 115.576 
-28.36 217.475 12.745 202.033 36.923 165.379 -4.183 180.821 
-27.565 219.444 -31.983 263.131 10.931 253.832 15.349 210.145 
-24.246 280.116 -4.48 319.325 38.919 312.642 19.153 273.433 
11.217 346.711 52.61 361.364 94.711 348.888 53.317 334.235 
60.251 376.103 60.688 420.011 102.312 406.027 101.875 362.119 
118.668 358.367 119.654 402.266 146.256 437.201 145.269 393.302 
157.939 391.192 158.739 435.095 200.74 447.9 199.94 403.998 
215.975 403.159 210.213 446.69 253.393 438.718 259.155 395.188 
284.221 387.899 283.394 431.801 309.867 396.769 310.695 352.867 
323.356 350.921 323.623 394.831 365.465 408.145 365.198 364.236 
325.083 336.011 367.195 348.451 408.575 333.762 366.464 321.323 
368.128 307.228 410.33 319.355 434.905 282.966 392.703 270.839 
402.791 213.409 396.788 256.907 436.302 276.058 442.305 232.56 
379.798 150.629 404.136 187.177 445.308 202.44 420.97 165.892 
381.856 139.978 423.609 153.572 449.44 118.064 407.688 104.469 
366.734 90.699 369.392 134.529 393.004 97.507 390.346 53.678 
330.05 49.367 355.832 84.911 381.669 49.407 355.887 13.863 
278.087 20.758 317.283 40.552 348.219 9.391 309.024 -10.403 
213.996 22.286 256.49 11.226 284.367 -22.7 241.872 -11.639 
178.193 -16.327 205.607 17.975 229.758 -18.697 202.344 -52.998 
123.42 -11.773 151.449 22.027 193.992 32.898 165.963 -0.903 
125.631 -43.286 165.396 -24.663 195.397 -56.726 155.631 -75.35 
21.124 -69.246 30.157 -26.276 68.234 -48.146 59.2 -91.116 
-25.66 -70.234 -13.72 -27.978 30.157 -26.276 18.218 -68.531 
-54.208 -10.929 -25.53 22.322 14.956 5.323 -13.722 -27.929 
-44.085 74.238 -44.358 118.147 -2.514 104.838 -2.24 60.929 
-76.366 166.758 -55.551 205.421 -25.213 173.678 -46.027 135.015 
-119.738 260.675 -108.435 303.105 -64.588 305.466 -75.892 263.036 
-130.89 342.076 -88.051 351.716 -65.645 313.953 -108.484 304.313 
-81.318 354.97 -64.728 395.626 -31.189 367.286 -47.778 326.63 
8.893 365.464 10.876 409.33 53.207 420.999 51.224 377.133 
64.754 428.775 88.792 465.521 131.168 454.015 107.129 417.269 
157.767 524.417 201.115 531.417 221.169 492.353 177.82 485.353 
201.869 531.795 228.617 566.617 253.469 530.417 226.721 495.595 
243.461 481.49 262.491 521.061 306.007 515.19 286.976 475.618 
297.208 438.814 339.365 451.099 364.075 414.802 321.918 402.517 
376.057 363.271 374.484 407.153 416.704 395.089 418.278 351.208 
461.167 318.157 491.256 350.137 512.373 311.638 482.284 279.658 
487.133 275.358 513.762 310.272 555.197 295.735 528.567 260.821 
487.368 212.707 479.495 255.905 523.012 250.044 530.886 206.846 
429.626 157.249 456.019 192.342 481.239 156.397 454.846 121.304 
412.624 48.888 410.4 92.742 451.421 108.408 453.644 64.555 
365.875 -34.658 396.393 -3.087 435.85 -22.355 405.332 -53.926 
361.821 -81.699 364.464 -37.869 405.332 -53.927 402.689 -97.757 
317.924 -104.826 306.261 -62.494 342.917 -38.32 354.581 -80.652 
209.941 -59.917 235.506 -24.217 277.359 -37.5 251.794 -73.2 
202.572 -123.327 199.351 -79.453 241.993 -89.928 245.208 -133.721 
161.91 -139.837 158.695 -96.044 199.35 -79.454 202.571 -123.328 
-106.676 63.952 -109.075 107.797 -68.118 123.627 -65.719 79.783 
-136.79 141.858 -95.833 157.689 -68.12 123.629 -109.077 107.798 
-17.246 462.482 23.99 477.571 51.083 443.016 9.847 427.927 
23.99 477.572 48.48 514.018 75.575 479.465 51.086 443.018 
356.063 457.974 380.57 494.409 407.649 459.842 383.141 423.407 
383.143 423.406 407.649 459.842 449.874 447.795 425.369 411.359 
469.623 105.455 493.358 142.398 535.827 131.241 512.092 94.298 
472.136 61.617 469.623 105.455 512.092 94.298 514.605 50.46 
268.074 -140.146 268.079 -96.236 293.891 -60.715 293.887 -104.625 
161.91 -139.836 202.572 -123.328 245.208 -133.72 204.553 -150.311 
97.618 -100.793 87.981 -57.954 120.958 -86.947 130.595 -129.786 
-107.083 51.14 -63.461 56.164 -25.218 34.588 -68.84 29.564 
-134.389 98.013 -136.789 141.857 -109.076 107.797 -106.676 63.952 
-136.248 174.856 -119.407 215.408 -81.946 238.317 -98.787 197.764 
-42.566 409.696 -43.403 453.598 -16.921 418.572 -16.084 374.67 
-17.245 462.482 7.245 498.927 48.48 514.017 23.989 477.572 
77.599 523.328 120.509 514.008 149.745 481.246 106.835 490.566 
297.766 465.156 322.487 501.445 363.818 516.273 339.097 479.983 
380.57 494.408 422.795 482.36 449.874 447.794 407.649 459.842 
447.993 342.63 444.533 386.403 467.465 423.85 470.924 380.077 
481.582 200.306 523.781 188.166 550.785 153.541 508.586 165.681 
514.605 50.46 512.092 94.298 535.827 131.241 538.34 87.403 
414.051 15.762 453.96 34.075 497.011 25.432 457.102 7.119 
