159.715 223.401 155.579 267.116 198.432 257.541 202.569 213.826 
211.82 213.727 207.657 257.439 247.944 274.906 252.106 231.193 
214.246 205.668 254.882 222.305 283.261 188.798 242.625 172.161 
184.669 163.677 207.7 201.063 236.138 167.607 213.109 130.221 
135.386 177.435 157.259 215.51 200.229 206.472 178.356 168.398 
124.237 186.569 120.767 230.342 143.689 267.795 147.159 224.022 
161.838 281.807 202.821 297.571 245.243 286.235 204.26 270.471 
266.592 229.419 264.608 273.285 291.996 238.963 293.98 195.098 
223.28 121.791 245.891 159.432 286.309 176.592 263.698 138.952 
131.844 168.096 174.407 157.3 202.494 123.548 159.932 134.345 
66.517 133.847 105.134 154.749 136.946 124.482 98.329 103.58 
63.947 169.969 56.713 213.279 95.668 233.542 102.902 190.232 
22.225 254.333 61.5 273.965 92.309 242.678 53.033 223.045 
71.345 281.26 90.335 320.852 122.121 290.557 103.131 250.966 
129.246 333.884 169.092 352.334 198.952 320.139 159.106 301.69 
178.506 358.998 199.841 397.376 229.748 365.226 208.414 326.847 
217.617 320.367 238.086 359.214 281.357 351.751 260.888 312.904 
282.035 281.726 304.286 319.58 333.412 286.72 311.16 248.865 
320.531 241.844 341.935 280.184 385.013 271.676 363.609 233.335 
323.087 188.615 317.512 232.17 360.658 224.012 366.233 180.457 
280.625 121.571 302.391 159.706 345.386 150.79 323.62 112.654 
282.203 69.121 277.741 112.803 320.665 103.548 325.126 59.865 
232.335 50.387 226.622 93.923 266.263 112.81 271.976 69.274 
154.182 70.756 149.794 114.446 192.702 105.119 197.09 61.429 
108.192 50.993 101.689 94.419 140.979 114.024 147.483 70.598 
60.802 78.394 49.137 120.727 83.457 93.336 95.122 51.003 
16.838 206.548 16.071 250.451 42.496 215.383 43.263 171.48 
17.618 272.484 37.142 311.814 76.056 332.156 56.531 292.826 
125.269 355.085 151.676 390.167 193.661 403.028 167.254 367.946 
213.378 405.969 256.534 397.863 286.682 365.939 243.527 374.045 
321.575 329.004 363.019 314.496 388.022 278.399 346.577 292.907 
382.945 179.72 376.49 223.153 396.797 262.085 403.252 218.652 
332.546 59.145 333.059 103.052 359.281 138.272 358.768 94.365 
238.921 26.927 276.244 50.059 320.036 46.835 282.713 23.703 
109.77 46.053 150.738 61.855 193.17 50.557 152.202 34.756 
76.538 -37.44 87.497 5.08 131.323 7.797 120.364 -34.724 
15.101 29.654 37.203 67.595 66.458 34.849 44.354 -3.092 
-3.138 50.257 -4.541 94.144 20.12 130.475 21.523 86.587 
-63.196 125.173 -39.646 162.233 2.878 151.287 -20.672 114.227 
-57.582 213.446 -16.038 199.227 9.213 163.304 -32.331 177.523 
-54.687 220.066 -64.196 262.934 -20.487 258.731 -10.978 215.863 
-45.05 295.13 -27.345 335.312 16.342 330.89 -1.363 290.708 
-1.538 370.995 40.159 384.759 81.983 371.386 40.286 357.622 
50.039 401.514 49.481 445.421 91.411 432.384 91.97 388.478 
108.019 385.446 107.995 429.356 133.786 464.894 133.809 420.984 
152.265 417.671 150.615 461.55 191.836 476.679 193.486 432.8 
224.11 427.474 215.834 470.597 259.404 465.143 267.68 422.02 
300.931 407.472 300.333 451.378 326.623 416.209 327.222 372.303 
343.768 369.364 343.03 413.268 384.558 427.537 385.295 383.633 
345.641 354.823 387.642 367.631 429.149 353.306 387.149 340.498 
389.26 322.291 430.861 336.342 457.08 301.119 415.479 287.068 
429.539 215.92 420.725 258.936 458.912 280.612 467.726 237.596 
402.565 142.843 426.853 179.424 468.005 194.743 443.716 158.162 
405.033 127.964 446.473 142.483 473.087 107.558 431.647 93.039 
389.833 78.664 392.488 122.494 416.103 85.474 413.448 41.644 
352.04 32.916 375.003 70.342 403.502 36.936 380.537 -0.49 
288.42 -3.306 326.351 18.816 359.11 -10.423 321.18 -32.544 
215.817 -0.629 258.067 -12.589 285.217 -47.099 242.967 -35.138 
177.643 -40.867 204.522 -6.144 229.238 -42.437 202.36 -77.159 
122.023 -36.015 148.152 -0.726 190.034 12.466 163.904 -22.824 
124.923 -72.671 163.225 -51.198 195.483 -80.989 157.181 -102.462 
9.628 -98.425 17.831 -55.288 56.322 -76.42 48.119 -119.557 
-50.03 -86.487 -31.441 -46.706 12.137 -52.092 -6.452 -91.873 
-74.714 -40.844 -58.898 0.119 -15.053 -2.265 -30.869 -43.228 
-67.278 65.278 -70.765 109.05 -28.058 98.84 -24.571 55.069 
-101.937 159.221 -84.088 199.339 -51.449 169.966 -69.298 129.848 
-151.911 264.533 -139.471 306.644 -95.577 307.826 -108.016 265.715 
-156.231 364.638 -112.989 372.273 -92.366 333.507 -135.607 325.872 
-104.739 375.637 -92.679 417.859 -56.251 393.342 -68.31 351.121 
-3.431 390.055 -2.662 433.958 39.33 446.794 38.561 402.891 
52.99 453.642 76.135 490.957 118.776 480.476 95.631 443.161 
152.968 555.408 196.542 560.832 215.166 521.066 171.592 515.643 
212.896 564.918 240.794 598.827 264.422 561.816 236.525 527.907 
258.83 509.049 274.413 550.1 318.271 547.965 302.688 506.913 
315.633 458.721 357.593 471.659 382.864 435.75 340.903 422.812 
396.593 382.77 394.256 426.618 436.68 415.291 439.017 371.443 
487.696 332.594 518.688 363.7 538.695 324.613 507.703 293.507 
519.938 277.777 547.577 311.898 588.568 296.156 560.929 262.035 
521.159 208.902 509.467 251.227 553.333 249.267 565.025 206.942 
454.267 147.229 480.11 182.729 505.887 147.181 480.043 111.681 
438.23 36.227 434.817 80.004 475.397 96.778 478.81 53.001 
383.79 -59.615 414.541 -28.271 453.854 -47.83 423.103 -79.175 
377.54 -106.633 382.126 -62.963 422.241 -80.82 417.655 -124.489 
336.157 -134.115 318.409 -93.951 351.123 -64.661 368.87 -104.825 
212.791 -86.433 236.379 -49.397 278.892 -60.387 255.303 -97.423 
204.97 -152.063 200.705 -108.278 243.585 -117.734 247.842 -161.437 
164.713 -169.535 160.456 -125.832 200.705 -108.278 204.97 -152.063 
-135.285 56.616 -137.054 100.49 -95.873 115.73 -94.105 71.856 
-164.275 134.946 -123.095 150.186 -95.874 115.731 -137.054 100.49 
-30.46 490.072 10.946 504.685 37.64 469.821 -3.767 455.207 
10.946 504.685 35.852 540.849 62.55 505.988 37.645 469.824 
377.005 479.267 401.566 515.666 428.593 481.058 404.031 444.66 
404.035 444.657 428.593 481.058 470.801 468.951 446.243 432.55 
496.292 93.282 519.77 130.388 562.315 119.526 538.838 82.42 
499.11 49.46 496.292 93.28 538.838 82.419 541.656 38.599 
274.66 -169.769 273.595 -125.872 298.534 -89.732 299.6 -133.629 
164.713 -169.535 204.97 -152.063 247.842 -161.437 207.593 -178.991 
94.342 -131.744 80.622 -90.033 116.24 -115.713 129.96 -157.425 
-136.553 40.942 -92.859 45.295 -54.952 23.134 -98.645 18.781 
-162.505 91.071 -164.274 134.946 -137.054 100.49 -135.285 56.616 
-162.404 169.753 -150.503 212.02 -116.031 239.219 -127.933 196.953 
-60.417 437.053 -62.046 480.933 -34.937 446.391 -33.308 402.511 
-30.46 490.072 -5.552 526.233 35.855 540.848 10.946 504.686 
66.487 549.721 109.963 543.558 141.513 513.019 98.038 519.181 
317.749 490.111 341.816 526.838 382.875 542.403 358.807 505.677 
401.565 515.664 443.772 503.555 470.801 468.949 428.594 481.059 
474.895 360.501 468.537 403.949 488.932 442.835 495.29 399.388 
511.195 190.769 553.576 179.285 581.114 145.083 538.732 156.567 
541.655 38.6 538.838 82.42 562.315 119.526 565.133 75.707 
439.074 -6.482 477.01 15.631 520.698 11.223 482.763 -10.89 
