156.056 234.4 147.788 277.524 191.357 272.061 199.625 228.936 
217.351 229.177 207.903 272.058 245.766 294.295 255.214 251.413 
222.7 213.247 260.881 234.934 293.304 205.323 255.123 183.636 
191.617 163.646 209.849 203.592 242.206 173.908 223.975 133.962 
134.062 177.369 151.194 217.8 194.939 214.0 177.807 173.57 
112.41 197.211 104.697 240.438 123.866 279.943 131.579 236.716 
158.693 301.405 198.33 320.3 241.503 312.288 201.866 293.393 
280.02 247.175 274.702 290.761 304.623 258.625 309.942 215.038 
243.491 117.276 261.02 157.535 298.865 179.802 281.337 139.543 
126.221 158.272 169.623 151.611 200.821 120.712 157.419 127.372 
43.142 115.325 78.403 141.492 114.187 116.042 78.925 89.875 
49.561 174.601 34.562 215.87 69.176 242.888 84.175 201.619 
-9.622 262.0 26.001 287.672 61.425 261.726 25.802 236.053 
43.913 301.993 56.468 344.07 92.606 319.127 80.051 277.05 
119.996 353.448 156.114 378.419 191.025 351.786 154.906 326.814 
175.903 393.01 191.857 433.919 225.834 406.104 209.881 365.195 
226.793 353.66 242.398 394.704 286.255 392.545 270.65 351.502 
297.251 301.911 313.656 342.641 347.323 314.452 330.918 273.722 
350.406 258.483 366.613 299.293 410.434 296.49 394.227 255.681 
354.697 198.485 345.106 241.335 388.823 237.215 398.413 194.365 
306.231 116.334 321.386 157.545 365.264 155.866 350.109 114.655 
308.57 53.65 299.215 96.552 342.908 92.192 352.263 49.29 
256.365 29.022 244.848 71.394 281.588 95.442 293.105 53.069 
159.398 59.016 147.503 101.285 191.378 99.536 203.273 57.268 
98.548 34.004 85.487 75.927 121.322 101.303 134.383 59.381 
30.042 50.719 6.54 87.81 47.355 71.617 70.858 34.526 
-16.333 212.125 -19.195 255.942 8.874 222.176 11.736 178.359 
-16.963 296.733 -5.322 339.071 28.982 366.481 17.34 324.142 
114.996 393.827 140.593 429.505 182.272 443.323 156.675 407.645 
219.549 449.561 263.425 447.817 297.895 420.616 254.019 422.36 
349.706 358.298 391.255 344.094 416.521 308.181 374.971 322.385 
435.404 190.313 421.24 231.875 434.211 273.826 448.376 232.263 
371.119 46.233 368.549 90.068 392.235 127.041 394.805 83.207 
268.013 -12.059 299.104 18.948 342.483 25.758 311.392 -5.249 
103.152 11.077 142.347 30.872 185.691 23.849 146.497 4.053 
53.591 -92.545 44.259 -49.638 82.182 -27.503 91.514 -70.41 
-35.423 -12.752 -29.429 30.747 10.089 11.604 4.094 -31.895 
-69.49 48.724 -59.192 91.409 -25.772 119.89 -36.069 77.204 
-113.266 121.975 -95.338 162.058 -51.676 157.393 -69.604 117.31 
-125.325 205.026 -81.415 205.213 -45.782 179.554 -89.692 179.368 
-105.725 241.78 -128.023 279.607 -85.156 289.125 -62.858 251.298 
-92.809 332.363 -84.257 375.432 -40.653 380.607 -49.205 337.538 
-29.928 423.188 12.771 433.428 53.335 416.615 10.635 406.374 
34.689 456.37 31.686 500.177 74.277 489.496 77.28 445.689 
99.37 444.632 90.352 487.606 108.317 527.673 117.334 484.699 
154.34 477.203 143.706 519.806 180.938 543.084 191.572 500.481 
243.483 486.937 226.303 527.347 270.044 531.199 287.224 490.789 
330.406 450.13 331.014 494.035 356.329 458.157 355.721 414.252 
388.491 403.969 384.205 447.669 424.441 465.25 428.728 421.55 
392.561 387.985 432.32 406.622 475.44 398.33 435.681 379.693 
439.799 345.413 477.825 367.369 510.458 337.989 472.431 316.033 
496.186 224.604 478.075 264.605 510.523 294.19 528.633 254.189 
449.888 134.612 474.745 170.809 516.131 185.484 491.274 149.286 
451.942 104.051 491.975 122.09 521.503 89.591 481.47 71.551 
440.469 51.851 436.925 95.617 465.518 62.293 469.063 18.526 
400.163 -7.562 413.38 34.312 449.12 8.802 435.902 -33.072 
316.766 -58.929 348.554 -28.637 387.186 -49.51 355.397 -79.801 
221.513 -40.982 262.894 -55.67 287.738 -91.875 246.357 -77.187 
170.061 -90.913 191.55 -52.621 221.328 -84.891 199.839 -123.183 
114.377 -94.488 132.424 -54.458 170.553 -32.68 152.506 -72.711 
124.842 -135.779 156.832 -105.699 195.325 -126.828 163.335 -156.907 
-4.149 -165.874 -7.553 -122.096 35.134 -132.387 38.538 -176.165 
-93.913 -135.793 -83.047 -93.248 -39.227 -90.435 -50.093 -132.98 
-125.286 -83.763 -116.293 -40.783 -72.639 -36.055 -81.631 -79.034 
-113.396 49.337 -126.38 91.283 -82.474 90.67 -69.49 48.723 
-152.434 141.824 -145.661 185.208 -106.493 165.359 -113.266 121.975 
-214.044 273.007 -211.863 316.863 -169.48 328.342 -171.661 284.486 
-220.383 399.899 -178.37 412.667 -153.244 376.655 -195.257 363.888 
-155.921 420.483 -156.908 464.382 -114.853 451.755 -113.866 407.856 
-29.926 443.679 -35.03 487.291 4.871 505.622 9.975 462.01 
32.327 502.468 50.127 542.608 93.804 538.083 76.003 497.943 
142.004 621.32 184.583 632.048 207.944 594.868 165.365 584.14 
231.178 632.126 256.851 667.749 282.796 632.324 257.124 596.702 
291.71 569.39 297.954 612.853 341.221 620.345 334.977 576.882 
352.461 501.896 393.2 518.28 421.371 484.598 380.632 468.214 
438.483 422.041 431.411 465.378 474.812 458.712 481.884 415.375 
543.677 366.706 571.65 400.552 595.196 363.489 567.223 329.642 
583.691 283.857 609.853 319.123 651.477 305.14 625.315 269.874 
592.128 206.762 571.7 245.631 614.979 253.049 635.407 214.18 
507.717 131.28 530.645 168.729 559.176 135.351 536.247 97.902 
496.294 15.975 486.57 58.795 524.29 81.275 534.013 38.455 
442.892 -90.453 472.211 -57.765 512.359 -75.548 483.04 -108.236 
406.412 -158.579 411.716 -114.99 451.532 -133.504 446.228 -177.092 
372.119 -193.001 343.847 -159.403 367.064 -122.133 395.335 -155.73 
220.95 -141.28 237.501 -100.609 281.297 -103.783 264.745 -144.454 
213.314 -212.344 205.546 -169.043 249.047 -175.025 256.801 -218.244 
174.597 -233.004 166.831 -189.786 205.534 -169.045 213.314 -212.344 
-190.233 37.589 -193.19 81.399 -152.437 97.75 -149.48 53.94 
-221.454 115.05 -180.753 131.53 -152.503 97.914 -193.204 81.434 
-61.946 546.963 -19.291 557.381 3.799 520.032 -38.858 509.614 
-17.608 558.369 6.138 595.305 33.929 561.308 10.183 524.372 
415.025 528.047 441.234 563.278 466.641 527.465 440.432 492.234 
443.832 489.831 467.436 526.857 509.944 515.851 486.34 478.824 
553.616 77.873 576.56 115.312 619.256 105.061 596.313 67.621 
557.14 33.994 553.587 77.76 596.309 67.614 599.861 23.848 
293.324 -230.44 287.561 -186.91 308.485 -148.306 314.248 -191.836 
174.592 -232.996 213.314 -212.345 256.801 -218.243 218.093 -238.975 
95.899 -196.982 77.991 -156.89 116.045 -178.799 133.953 -218.891 
-192.933 -3.697 -152.934 14.419 -109.926 5.564 -149.925 -12.552 
-218.423 71.253 -221.444 115.059 -193.251 81.395 -190.23 37.589 
-215.181 158.784 -214.367 202.687 -187.903 237.726 -188.717 193.824 
-102.663 493.937 -109.599 537.295 -78.503 506.295 -71.566 462.936 
-61.946 546.963 -35.727 582.185 6.189 595.269 -20.032 560.047 
43.41 604.182 87.289 605.835 123.759 581.381 79.88 579.728 
357.914 544.414 378.422 583.24 417.836 602.596 397.327 563.77 
441.212 563.262 483.282 550.686 509.926 515.783 467.856 528.359 
527.762 401.916 515.192 443.989 529.753 485.414 542.323 443.342 
571.942 177.364 615.115 169.351 645.333 137.492 602.16 145.505 
599.809 23.842 596.325 67.614 619.236 105.073 622.719 61.302 
499.604 -33.532 534.099 -6.362 577.976 -4.657 543.481 -31.827 
