150.446 242.482 137.488 284.436 181.393 283.796 194.351 241.841 
220.489 242.791 205.898 284.206 240.776 310.881 255.368 269.466 
228.902 213.943 264.305 239.919 299.949 214.276 264.546 188.3 
196.49 156.807 209.633 198.704 245.418 173.258 232.276 131.361 
130.212 170.347 141.247 212.848 185.078 215.487 174.043 172.986 
97.703 207.194 84.783 249.16 98.998 290.706 111.918 248.739 
153.211 317.469 190.868 340.053 234.608 336.191 196.951 313.606 
295.385 257.947 286.07 300.858 318.828 271.618 328.143 228.707 
259.468 107.96 272.014 150.039 306.898 176.708 294.352 134.628 
116.264 137.674 160.17 138.245 196.027 112.899 152.121 112.328 
10.366 96.427 38.305 130.302 79.156 114.198 51.217 80.323 
42.645 173.997 19.637 211.396 48.096 244.835 71.104 207.436 
-29.478 285.519 4.049 313.874 41.377 290.75 7.85 262.394 
20.052 329.135 25.248 372.737 65.111 354.321 59.914 310.72 
108.31 362.191 140.046 392.538 178.715 371.733 146.979 341.386 
182.033 415.517 193.21 457.981 230.141 434.23 218.966 391.766 
239.778 379.795 250.431 422.393 294.237 425.424 283.583 382.826 
307.84 314.13 318.831 356.642 355.866 333.051 344.874 290.539 
374.984 261.704 386.659 304.034 430.525 306.011 418.849 263.681 
384.478 199.622 370.249 241.162 414.154 241.858 428.383 200.317 
326.078 108.287 334.98 151.284 378.625 156.104 369.722 113.106 
326.925 34.264 312.566 75.76 356.469 76.593 370.828 35.097 
273.208 1.599 253.281 40.727 284.336 71.77 304.263 32.642 
167.338 38.097 144.401 75.54 187.099 85.784 210.036 48.341 
79.623 16.255 61.999 56.473 94.802 85.663 112.426 45.446 
-2.644 29.709 -30.459 63.686 12.015 52.548 39.83 18.571 
-50.579 231.496 -53.869 275.283 -25.471 241.792 -22.181 198.005 
-39.858 314.304 -34.452 357.88 -4.464 389.955 -9.871 346.379 
111.738 426.105 138.551 460.878 180.682 473.249 153.869 438.476 
224.247 477.742 267.994 481.524 305.609 458.869 261.862 455.087 
374.289 372.91 415.658 358.187 440.472 321.96 399.103 336.683 
472.413 197.831 452.538 236.986 459.474 280.345 479.349 241.19 
395.458 30.236 391.29 73.948 413.612 111.761 417.779 68.049 
289.18 -45.576 315.449 -10.39 357.383 2.635 331.114 -32.551 
82.038 -25.111 119.48 -2.172 163.254 -5.623 125.812 -28.561 
29.501 -125.848 17.886 -83.502 54.57 -59.369 66.185 -101.715 
-56.768 -48.048 -66.171 -5.157 -22.473 -9.468 -13.07 -52.36 
-103.541 17.898 -95.123 60.994 -62.983 90.912 -71.401 47.816 
-134.406 114.942 -130.047 158.635 -87.145 167.99 -91.504 124.297 
-169.804 194.545 -130.625 214.372 -87.276 207.383 -126.455 187.556 
-134.462 258.114 -168.225 286.188 -131.092 309.623 -97.329 281.55 
-117.558 351.396 -121.234 395.151 -80.756 412.168 -77.079 368.413 
-59.559 450.623 -16.227 457.726 23.004 438.002 -20.328 430.899 
18.197 481.648 10.354 524.852 53.867 518.96 61.71 475.756 
97.787 477.202 78.145 516.473 85.336 559.79 104.979 520.519 
160.644 512.32 137.724 549.774 166.262 583.146 189.181 545.692 
255.82 523.712 230.771 559.777 272.811 572.455 297.86 536.391 
339.635 486.623 341.373 530.498 365.755 493.981 364.018 450.105 
410.111 429.005 401.989 472.157 440.519 493.217 448.641 450.065 
419.352 401.942 454.02 428.89 497.907 430.314 463.239 403.366 
472.216 352.298 502.631 383.968 542.151 364.828 511.736 333.158 
541.68 230.017 515.882 265.549 541.704 301.065 567.502 265.532 
483.148 136.516 508.29 172.515 549.791 186.862 524.649 150.862 
482.534 88.913 519.737 112.238 553.417 84.065 516.215 60.739 
475.243 31.393 461.402 73.064 497.094 47.488 510.936 5.816 
428.612 -42.999 428.136 0.908 470.042 -12.208 470.517 -56.115 
335.501 -104.837 358.1 -67.189 400.889 -77.05 378.289 -114.697 
229.764 -70.123 270.895 -85.498 295.132 -122.112 254.002 -106.738 
159.088 -128.244 168.159 -85.281 206.215 -107.184 197.145 -150.147 
104.926 -145.998 110.09 -102.393 139.899 -70.151 134.734 -113.756 
123.907 -182.102 148.836 -145.954 190.918 -158.492 165.989 -194.64 
-9.82 -211.665 -25.729 -170.738 18.111 -168.255 34.02 -209.182 
-113.15 -173.97 -104.886 -130.844 -61.318 -125.378 -69.582 -168.503 
-148.372 -117.47 -135.045 -75.631 -91.136 -75.377 -104.463 -117.216 
-168.178 31.94 -178.223 74.686 -134.466 71.031 -124.42 28.286 
-180.771 121.946 -187.901 165.274 -144.492 158.665 -137.361 115.338 
-251.045 265.121 -258.362 308.417 -219.446 328.755 -212.129 285.459 
-269.763 399.345 -230.532 419.069 -199.65 387.853 -238.881 368.129 
-194.07 431.406 -204.431 474.077 -160.648 470.745 -150.286 428.076 
-58.159 470.754 -68.805 513.354 -31.58 536.644 -20.934 494.044 
10.762 527.33 23.335 569.401 67.233 570.445 54.66 528.373 
123.53 657.892 163.914 675.132 192.79 642.052 152.405 624.812 
222.29 674.574 243.981 712.753 273.588 680.326 251.898 642.147 
297.477 608.781 294.546 652.593 335.309 668.919 338.24 625.107 
367.541 537.854 406.495 558.119 437.805 527.333 398.851 507.068 
459.738 452.02 446.632 493.929 490.54 493.443 503.645 451.534 
576.81 391.788 599.728 429.244 628.268 395.874 605.351 358.419 
620.948 300.766 644.224 338.0 686.828 327.37 663.552 290.136 
636.977 218.723 609.6 253.053 650.711 268.482 678.088 234.151 
546.17 127.373 565.58 166.76 597.042 136.129 577.632 96.742 
540.786 7.222 523.919 47.763 557.263 76.333 574.131 35.792 
481.464 -119.415 505.494 -82.663 547.872 -94.16 523.842 -130.911 
432.218 -190.605 434.987 -146.783 475.809 -162.959 473.04 -206.781 
400.361 -227.483 367.653 -198.186 385.409 -158.026 418.116 -187.323 
229.293 -184.076 240.204 -141.544 284.026 -138.778 273.116 -181.311 
229.668 -255.794 216.957 -213.678 260.857 -214.602 273.545 -256.639 
194.139 -289.135 172.84 -250.736 202.777 -218.614 224.116 -257.084 
-214.714 7.242 -225.645 49.769 -188.577 73.307 -177.646 30.78 
-263.986 74.667 -230.423 102.98 -193.124 79.809 -226.687 51.496 
-96.874 564.65 -54.054 574.367 -31.579 536.644 -74.401 526.927 
-48.823 577.025 -32.147 617.646 1.333 589.234 -15.343 548.614 
420.97 567.887 447.887 602.579 472.564 566.259 445.646 531.567 
458.309 523.264 475.69 563.588 519.411 559.519 502.03 519.195 
596.469 78.451 616.24 117.659 659.638 110.971 639.867 71.764 
606.34 31.279 595.895 73.929 639.685 70.683 650.13 28.033 
322.409 -267.965 306.115 -227.189 316.9 -184.625 333.193 -225.4 
195.765 -291.22 229.543 -263.203 273.328 -260.236 239.58 -288.329 
94.116 -242.656 77.351 -202.073 114.769 -225.051 131.535 -265.634 
-204.818 -62.952 -184.1 -24.236 -144.583 -5.092 -165.3 -43.808 
-250.292 32.958 -263.976 74.681 -228.381 48.969 -214.697 7.246 
-249.967 142.301 -255.629 185.845 -234.615 224.4 -228.953 180.857 
-140.467 509.741 -156.687 550.546 -119.581 527.068 -103.361 486.263 
-96.955 565.011 -73.05 601.844 -32.061 617.591 -55.966 580.758 
15.539 630.783 58.521 639.763 98.573 621.764 55.591 612.784 
368.958 580.901 382.087 622.801 417.339 648.982 404.209 607.082 
447.88 602.575 490.645 592.614 519.389 559.419 476.624 569.38 
556.995 439.342 537.972 478.917 545.843 522.116 564.867 482.541 
609.136 178.341 653.043 177.859 688.282 151.66 644.375 152.143 
650.031 28.012 641.344 71.054 659.617 110.982 668.303 67.94 
546.08 -50.287 576.374 -18.501 619.566 -10.592 589.272 -42.378 
