155.486 236.206 146.55 279.197 190.199 274.41 199.135 231.419 
218.241 231.683 208.094 274.404 245.589 297.257 255.736 254.535 
224.179 213.573 261.94 235.984 294.922 206.996 257.161 184.586 
192.895 162.626 210.229 202.97 243.241 174.017 225.908 133.674 
133.634 176.579 149.865 217.379 193.684 214.55 177.453 173.75 
109.786 199.443 101.314 242.528 119.785 282.364 128.257 239.279 
158.406 304.697 197.793 324.106 241.067 316.658 201.68 297.248 
283.124 249.291 277.259 292.808 307.582 261.049 313.447 217.533 
246.585 116.016 263.359 156.596 300.783 179.565 284.009 138.986 
124.601 155.038 168.152 149.439 200.096 119.311 156.544 124.909 
37.368 111.116 71.72 138.466 108.347 114.246 73.995 86.896 
47.806 175.292 31.662 216.127 65.509 244.1 81.653 203.265 
-14.24 265.201 20.77 291.702 56.794 266.593 21.782 240.092 
39.062 306.765 50.447 349.174 87.262 325.241 75.877 282.832 
118.728 355.868 154.207 381.74 189.776 355.993 154.298 330.121 
176.624 397.887 191.717 439.121 226.269 412.024 211.176 370.79 
228.966 358.867 243.779 400.203 287.67 398.887 272.856 357.552 
299.536 304.215 315.023 345.303 349.314 317.877 333.826 276.789 
355.185 259.722 370.554 300.854 414.423 298.948 399.053 257.816 
360.169 199.321 349.899 242.014 393.675 238.588 403.945 195.896 
310.088 115.11 324.189 156.694 368.095 156.133 353.994 114.549 
312.687 50.893 302.436 93.59 346.211 90.146 356.462 47.449 
260.141 25.035 247.411 67.059 283.445 92.153 296.175 50.128 
160.94 56.233 147.343 97.985 191.253 98.014 204.85 56.262 
95.192 31.187 81.032 72.751 116.186 99.062 130.346 57.498 
25.371 45.927 0.535 82.139 41.913 67.441 66.748 31.23 
-22.659 214.432 -25.736 258.235 2.499 224.607 5.576 180.805 
-22.175 300.847 -11.753 343.502 21.751 371.884 11.328 329.229 
114.23 399.906 139.856 435.563 181.546 449.348 155.92 413.691 
220.802 455.592 264.705 454.828 299.774 428.404 255.871 429.168 
354.266 361.507 395.807 347.279 421.051 311.351 379.51 325.579 
442.779 191.774 427.514 232.945 439.364 275.226 454.629 234.055 
376.098 44.234 373.191 88.048 396.592 125.202 399.499 81.388 
272.474 -18.006 302.621 13.92 345.776 22.029 315.629 -9.897 
99.681 3.323 138.488 23.869 181.96 17.68 143.153 -2.865 
50.785 -99.916 38.891 -57.647 75.416 -33.274 87.31 -75.542 
-40.288 -20.598 -39.061 23.295 2.305 8.564 1.077 -35.33 
-76.592 46.086 -65.412 88.549 -31.409 116.332 -42.589 73.869 
-119.118 120.606 -103.03 161.463 -59.202 158.787 -75.289 117.931 
-135.132 202.869 -91.365 206.411 -53.875 183.552 -97.642 180.009 
-111.698 245.331 -136.709 281.421 -94.656 294.056 -69.645 257.965 
-98.958 337.754 -92.401 381.172 -49.082 388.351 -55.639 344.934 
-35.117 429.982 7.734 439.566 48.035 422.133 5.184 412.548 
32.309 463.13 28.9 506.907 71.588 496.622 74.997 452.844 
99.199 452.152 88.302 494.688 104.489 535.506 115.386 492.97 
155.782 484.905 143.176 526.966 179.283 551.953 191.889 509.892 
246.766 494.906 228.14 534.67 271.713 540.096 290.339 500.332 
333.321 456.735 334.248 500.636 359.301 464.574 358.373 420.674 
393.325 408.934 388.538 452.583 428.571 470.623 433.358 426.975 
398.14 391.127 437.173 411.239 480.573 404.567 441.54 384.455 
446.297 347.278 483.307 370.908 517.217 343.012 480.208 319.382 
505.532 225.609 485.896 264.884 517.181 295.696 536.817 256.421 
456.306 134.501 481.262 170.629 522.688 185.189 497.732 149.06 
458.164 101.464 497.845 120.266 527.989 88.337 488.308 69.535 
447.331 48.384 442.112 91.983 471.961 59.779 477.181 16.18 
406.047 -13.765 417.172 28.712 454.133 5.005 443.007 -37.473 
320.743 -67.852 350.951 -35.983 390.593 -54.865 360.385 -86.733 
222.552 -46.002 263.803 -61.051 288.329 -97.473 247.078 -82.423 
168.775 -98.16 188.505 -58.933 219.715 -89.819 199.986 -129.047 
113.326 -104.282 129.528 -63.471 166.624 -39.976 150.422 -80.788 
125.572 -144.796 156.277 -113.407 195.619 -132.909 164.913 -164.299 
-5.7 -175.048 -11.503 -131.523 31.685 -139.454 37.488 -182.979 
-98.42 -143.853 -89.68 -100.822 -46.054 -95.837 -54.794 -138.868 
-132.611 -88.57 -121.744 -46.026 -77.924 -43.215 -88.792 -85.759 
-120.546 46.658 -133.582 88.588 -89.676 88.029 -76.639 46.099 
-159.115 138.726 -154.242 182.365 -114.245 164.245 -119.118 120.606 
-222.131 273.368 -221.899 317.277 -180.067 330.625 -180.298 286.716 
-230.462 402.509 -188.828 416.465 -162.69 381.181 -204.324 367.226 
-163.628 425.081 -166.707 468.883 -124.098 458.275 -121.018 414.474 
-34.7 450.854 -41.009 494.308 -1.631 513.737 4.678 470.282 
29.242 508.239 45.967 548.839 89.749 545.479 73.024 504.879 
139.731 629.679 181.997 641.58 206.378 605.06 164.111 593.159 
231.164 641.304 256.233 677.355 282.772 642.373 257.705 606.322 
294.383 577.7 298.954 621.371 341.901 630.519 337.33 586.847 
356.129 508.369 396.567 525.483 425.338 492.312 384.9 475.199 
443.245 427.689 435.157 470.848 478.702 465.204 486.791 422.045 
550.787 371.317 577.939 405.827 602.37 369.341 575.218 334.831 
591.542 286.493 617.24 322.099 659.044 308.662 633.346 273.056 
601.396 208.325 579.573 246.428 622.555 255.409 644.378 217.306 
514.977 130.275 537.307 168.084 566.365 135.164 544.036 97.355 
504.792 14.303 493.812 56.818 530.853 80.399 541.833 37.884 
450.749 -95.923 479.139 -62.424 519.771 -79.073 491.381 -112.571 
411.258 -165.122 416.038 -121.473 456.074 -139.508 451.293 -183.157 
377.591 -200.185 348.262 -167.506 370.278 -129.514 399.607 -162.193 
222.796 -148.4 238.099 -107.243 281.971 -109.08 266.667 -150.237 
215.67 -220.858 206.719 -177.787 250.368 -182.575 259.302 -225.567 
177.536 -242.577 168.582 -199.589 206.699 -177.79 215.669 -220.858 
-196.426 33.7 -200.221 77.446 -159.789 94.573 -155.994 50.828 
-229.186 110.522 -188.837 127.844 -159.894 94.822 -200.243 77.5 
-67.78 552.923 -24.905 562.397 -2.645 524.548 -45.521 515.073 
-22.501 563.711 0.333 601.217 28.948 567.911 6.114 530.404 
417.798 535.57 444.295 570.583 469.407 534.563 442.909 499.549 
447.622 496.222 470.519 533.69 513.228 523.493 490.332 486.025 
561.716 77.305 584.249 114.992 627.055 105.208 604.522 67.521 
565.794 33.348 561.66 77.063 604.513 67.486 608.647 23.771 
297.921 -238.146 290.668 -194.839 310.256 -155.54 317.508 -198.847 
177.529 -242.567 215.67 -220.86 259.302 -225.563 221.178 -247.35 
96.474 -206.157 78.098 -166.277 116.406 -187.739 134.782 -227.619 
-198.902 -11.854 -160.199 8.886 -116.697 2.917 -155.4 -17.824 
-225.28 66.795 -229.176 110.531 -200.316 77.438 -196.42 33.701 
-221.876 156.767 -222.871 200.666 -197.873 236.766 -196.878 192.867 
-109.675 499.747 -118.153 542.831 -85.971 512.959 -77.493 469.875 
-67.78 552.923 -41.533 588.124 0.393 601.174 -25.855 565.973 
39.187 610.61 82.993 613.641 120.214 590.345 76.408 587.314 
361.525 551.943 381.013 591.291 419.908 611.67 400.42 572.321 
444.271 570.567 486.4 558.187 513.206 523.408 471.077 535.788 
534.117 408.595 520.398 450.307 533.818 492.116 547.536 450.404 
579.623 177.025 622.981 170.088 653.982 138.991 610.623 145.928 
608.588 23.764 604.573 67.49 627.027 105.225 631.042 61.499 
508.597 -36.609 542.323 -8.491 586.136 -5.566 552.41 -33.685 
