153.038 240.503 142.074 283.022 185.901 280.31 196.864 237.79 
219.979 238.187 207.693 280.343 243.99 305.054 256.275 262.898 
227.363 213.94 263.888 238.313 298.354 211.107 261.829 186.734 
195.395 159.193 210.182 200.539 244.934 173.699 230.148 132.354 
131.641 173.437 145.11 215.231 189.02 215.336 175.551 173.543 
102.379 205.125 91.452 247.654 107.611 288.483 118.537 245.954 
156.6 313.013 195.171 333.998 238.71 328.304 200.139 307.319 
290.77 254.356 283.174 297.604 314.739 267.081 322.336 223.833 
254.087 111.926 268.726 153.323 304.903 178.209 290.264 136.812 
119.293 145.016 163.149 142.855 197.36 115.328 153.503 117.489 
20.02 100.383 50.738 131.76 90.072 112.24 59.353 80.864 
45.387 175.342 25.453 214.467 56.503 245.516 76.437 206.391 
-23.866 277.322 9.664 305.672 46.989 282.544 13.458 254.193 
26.763 321.519 34.571 364.73 73.254 343.951 65.446 300.741 
114.034 360.234 147.549 388.604 184.887 365.497 151.373 337.126 
180.21 409.157 192.975 451.171 228.987 426.048 216.224 384.035 
235.595 372.103 248.152 414.179 292.05 415.237 279.492 373.162 
304.872 309.867 317.862 351.812 353.74 326.496 340.749 284.551 
367.195 261.523 380.409 303.398 424.318 303.77 411.104 261.896 
374.478 200.205 362.15 242.349 406.041 241.051 418.369 198.907 
319.477 111.43 330.722 153.875 374.566 156.296 363.32 113.851 
321.724 41.867 309.028 83.902 352.929 82.987 365.625 40.952 
268.559 12.173 251.93 52.813 285.442 81.186 302.071 40.546 
164.488 46.475 145.599 86.115 189.136 91.83 208.025 52.19 
85.457 22.749 68.546 63.272 101.86 91.877 118.771 51.355 
11.108 34.577 -15.638 69.402 26.47 56.949 53.216 22.125 
-39.829 224.05 -43.164 267.834 -14.732 234.372 -11.397 190.589 
-33.961 310.659 -26.745 353.972 4.552 384.771 -2.665 341.458 
113.122 415.86 139.128 451.241 180.964 464.579 154.957 429.198 
223.487 469.612 267.358 471.467 303.94 447.181 260.069 445.326 
366.098 368.632 407.584 354.244 432.69 318.219 391.204 332.607 
460.759 195.334 442.791 235.399 451.804 278.374 469.772 238.309 
387.906 36.961 384.248 80.718 407.007 118.269 410.666 74.511 
282.963 -33.581 310.844 0.341 353.34 11.396 325.458 -22.526 
88.63 -14.506 126.632 7.492 170.307 2.952 132.305 -19.046 
38.908 -115.925 25.132 -74.232 60.527 -48.245 74.303 -89.938 
-50.065 -38.622 -58.686 4.433 -15.074 -0.673 -6.453 -43.729 
-92.64 32.275 -81.261 74.685 -47.129 102.307 -58.507 59.897 
-130.631 117.319 -120.585 160.064 -76.827 163.718 -86.873 120.973 
-157.714 197.325 -115.855 210.59 -74.194 196.717 -116.053 183.452 
-125.407 253.448 -156.985 283.96 -118.209 304.563 -86.631 274.052 
-111.908 348.019 -111.573 391.927 -69.71 405.177 -70.045 361.268 
-50.662 444.74 -7.484 452.725 32.141 433.806 -11.037 425.821 
25.094 477.146 19.947 520.754 63.01 512.174 68.158 468.566 
98.939 468.932 83.058 509.87 94.272 552.324 110.153 511.386 
159.361 502.807 140.96 542.675 173.19 572.496 191.592 532.628 
253.832 513.242 231.461 551.026 274.309 560.626 296.68 522.843 
338.668 474.051 340.315 517.93 364.773 481.463 363.127 437.584 
404.033 421.287 397.641 464.729 436.982 484.233 443.374 440.79 
411.263 398.0 447.934 422.153 491.798 420.14 455.127 395.986 
462.138 350.79 495.674 379.135 532.995 355.999 499.459 327.654 
527.922 227.993 504.523 265.15 532.631 298.885 556.029 261.729 
472.254 135.125 497.394 171.126 538.893 185.476 513.753 149.474 
473.28 94.685 511.728 115.893 543.781 85.881 505.332 64.672 
464.191 38.938 453.992 81.647 487.347 53.09 497.546 10.381 
420.027 -30.739 424.654 12.926 464.753 -4.968 460.125 -48.634 
329.599 -90.458 355.228 -54.803 397.057 -68.161 371.427 -103.815 
225.841 -58.818 266.879 -74.439 290.896 -111.198 249.858 -95.577 
163.082 -116.764 176.397 -74.922 212.077 -100.515 198.763 -142.357 
108.92 -131.038 118.176 -88.114 150.893 -58.828 141.638 -101.752 
126.089 -168.014 152.78 -133.147 194.188 -147.757 167.498 -182.624 
-7.179 -198.004 -19.022 -155.721 24.851 -157.524 36.694 -199.807 
-106.105 -163.641 -100.383 -120.105 -57.21 -112.094 -62.932 -155.63 
-144.431 -104.267 -130.27 -62.703 -86.365 -63.328 -100.526 -104.892 
-144.524 38.728 -154.824 81.412 -111.045 78.018 -100.745 35.334 
-173.053 128.939 -175.104 172.802 -132.755 161.198 -130.704 117.336 
-240.755 270.514 -245.407 314.177 -205.318 332.093 -200.667 288.43 
-255.461 403.53 -215.17 420.986 -186.117 388.062 -226.409 370.605 
-182.664 431.835 -190.676 475.008 -147.141 469.286 -139.128 426.114 
-48.869 467.401 -58.238 510.299 -20.334 532.467 -10.965 489.568 
20.018 521.106 34.079 562.704 77.986 562.186 63.925 520.588 
131.634 648.515 172.874 663.592 199.957 629.029 158.717 613.952 
227.738 663.032 250.949 700.306 279.225 666.713 256.016 629.439 
298.13 597.512 298.258 641.422 340.058 654.869 339.93 610.959 
363.738 525.361 403.296 544.422 433.647 512.69 394.09 493.63 
453.817 442.175 442.864 484.697 486.69 481.974 497.643 439.452 
567.245 383.477 592.002 419.743 618.843 384.992 594.086 348.726 
609.965 294.55 634.302 331.099 676.583 319.248 652.246 282.699 
623.552 213.95 598.309 249.879 640.28 262.784 665.523 226.856 
533.249 128.509 553.9 167.26 584.373 135.645 563.722 96.894 
526.531 10.351 512.081 51.815 547.05 78.371 561.5 36.907 
469.945 -109.763 495.783 -74.259 537.533 -87.861 511.696 -123.365 
424.022 -180.546 427.525 -136.776 468.07 -153.633 464.568 -197.403 
391.816 -216.949 360.241 -186.435 379.505 -146.976 411.08 -177.49 
227.155 -167.758 239.337 -125.572 283.224 -124.123 271.041 -166.309 
223.336 -242.269 211.288 -199.959 255.168 -201.572 267.194 -243.803 
187.737 -269.513 172.696 -228.259 207.283 -201.206 222.352 -242.536 
-208.27 19.468 -215.819 62.724 -177.013 83.271 -169.463 40.014 
-248.824 92.472 -210.884 114.577 -178.137 85.324 -216.077 63.219 
-84.49 562.983 -41.324 571.029 -20.332 532.462 -63.499 524.416 
-36.605 573.244 -17.345 612.705 14.233 582.194 -5.027 542.733 
421.478 554.88 448.469 589.515 473.068 553.141 446.075 518.507 
454.999 512.367 475.229 551.34 518.545 544.143 498.315 505.171 
582.328 77.246 603.358 115.792 646.516 107.703 625.486 69.157 
588.904 32.337 582.054 75.709 625.421 68.821 632.27 25.448 
312.426 -256.54 299.864 -214.465 314.431 -173.042 326.994 -215.117 
187.725 -269.496 223.309 -243.813 267.194 -243.795 231.635 -269.556 
97.174 -229.217 79.283 -189.117 117.328 -211.042 135.219 -251.141 
-206.696 -39.676 -175.045 -9.241 -131.549 -3.222 -163.2 -33.657 
-240.397 49.387 -248.816 92.482 -216.674 62.566 -208.254 19.47 
-238.03 149.091 -243.135 192.703 -221.631 230.987 -216.526 187.375 
-128.173 508.886 -141.71 550.658 -106.206 524.82 -92.669 483.049 
-84.514 563.114 -58.94 598.808 -17.27 612.653 -42.845 576.959 
26.436 624.375 69.834 631.062 108.874 610.964 65.477 604.277 
367.692 570.121 383.839 610.954 420.903 634.498 404.757 593.665 
448.454 589.505 490.873 578.157 518.52 544.044 476.102 555.392 
548.619 426.527 531.775 467.078 541.982 509.785 558.827 469.235 
597.913 177.415 641.687 173.962 675.071 145.438 631.297 148.891 
632.189 25.435 625.962 68.901 646.475 107.726 652.701 64.26 
531.517 -44.365 563.138 -13.899 606.628 -7.837 575.007 -38.304 
