160.19 221.869 158.786 265.757 200.959 253.531 202.364 209.643 
210.116 209.076 209.418 252.98 250.958 267.212 251.656 223.307 
211.758 202.193 253.505 215.805 279.35 180.307 237.603 166.695 
179.789 162.655 205.411 198.315 231.407 162.928 205.786 127.268 
133.021 178.475 157.54 214.902 199.761 202.839 175.241 166.412 
123.616 187.025 122.839 230.928 148.016 266.903 148.793 223.0 
165.154 278.947 206.756 292.998 248.671 279.913 207.07 265.862 
264.258 221.54 263.985 265.45 290.015 230.087 290.288 186.178 
214.46 119.149 239.851 154.973 281.45 169.031 256.059 133.207 
129.841 170.81 171.809 157.895 198.171 122.779 156.203 135.694 
79.258 148.35 120.036 164.637 148.127 130.888 107.349 114.601 
76.835 172.485 75.554 216.376 116.902 231.157 118.183 187.266 
46.757 254.217 87.741 269.974 115.392 235.863 74.407 220.107 
88.073 270.241 111.382 307.454 139.571 273.787 116.263 236.574 
137.503 317.647 178.962 332.113 205.532 297.154 164.073 282.688 
181.019 333.583 205.242 370.208 232.588 335.853 208.367 299.228 
209.027 298.794 232.861 335.672 275.3 324.399 251.465 287.521 
267.126 267.559 292.366 303.489 318.739 268.381 293.497 232.45 
295.813 230.79 320.195 267.31 362.461 255.407 338.08 218.888 
297.791 185.922 295.528 229.774 337.933 218.376 340.196 174.524 
260.123 130.009 285.199 166.054 327.229 153.344 302.153 117.298 
260.716 82.997 259.101 126.877 301.333 114.853 302.948 70.973 
218.432 67.623 216.55 111.492 257.691 126.838 259.573 82.969 
154.447 85.223 153.611 129.125 195.623 116.352 196.458 72.45 
110.233 69.45 107.832 113.294 148.788 129.127 151.189 85.283 
80.574 102.4 76.506 146.121 105.496 113.141 109.565 69.42 
43.868 209.148 44.965 253.045 69.878 216.887 68.781 172.991 
46.599 254.639 70.307 291.599 111.212 307.564 87.503 270.605 
135.937 323.332 162.739 358.114 204.867 370.499 178.065 335.718 
205.581 370.472 247.922 358.839 275.339 324.541 232.998 336.173 
295.818 305.836 337.333 291.532 362.513 255.558 320.998 269.862 
340.851 174.55 338.785 218.411 362.896 255.11 364.961 211.249 
304.037 70.934 305.105 114.831 331.771 149.717 330.703 105.82 
219.649 64.313 260.218 81.115 302.914 70.862 262.346 54.06 
110.735 67.715 152.661 80.766 194.25 66.681 152.325 53.63 
83.042 22.109 107.19 58.784 149.531 47.151 125.383 10.477 
49.546 61.053 73.583 97.799 101.103 63.583 77.065 26.837 
43.548 65.77 39.595 109.502 62.101 147.205 66.054 103.474 
-14.477 134.655 11.709 169.902 53.323 155.889 27.137 120.642 
-4.925 220.338 36.253 205.089 60.602 168.549 19.425 183.798 
-3.915 222.828 -4.37 266.736 37.53 253.601 37.985 209.693 
-3.269 269.833 19.102 307.616 61.95 298.015 39.578 260.231 
25.197 322.039 66.518 336.895 108.679 324.625 67.358 309.77 
72.646 349.719 73.277 393.624 114.839 379.456 114.207 335.55 
126.332 333.56 127.309 377.459 153.902 412.4 152.926 368.501 
161.062 367.457 162.556 411.342 204.755 423.482 203.26 379.597 
209.224 379.592 206.266 423.402 248.846 412.678 251.804 368.868 
264.65 367.128 264.045 411.034 290.341 375.869 290.946 331.963 
302.064 330.365 302.701 374.27 344.655 387.231 344.017 343.326 
303.895 319.996 345.908 332.766 387.402 318.402 345.389 305.632 
346.926 296.609 389.209 308.452 413.539 271.899 371.256 260.056 
376.206 210.597 373.11 254.398 413.81 270.878 416.906 227.077 
353.78 160.658 378.696 196.815 420.106 211.422 395.19 175.265 
355.644 151.2 397.533 164.372 423.004 128.604 381.116 115.432 
345.185 102.776 346.855 146.654 371.295 110.174 369.625 66.296 
311.001 64.155 337.961 98.814 362.592 62.463 335.631 27.804 
265.288 43.404 305.808 60.322 334.418 27.012 293.898 10.095 
211.547 48.46 253.887 36.822 281.299 2.52 238.959 14.158 
177.661 10.418 204.927 44.838 229.236 8.27 201.971 -26.149 
125.384 10.476 153.615 44.109 196.222 54.724 167.991 21.092 
128.066 -11.257 168.929 4.815 196.842 -29.081 155.979 -45.153 
47.493 -42.566 55.533 0.601 94.104 -20.385 86.063 -63.553 
4.502 -51.494 9.297 -7.846 52.29 1.081 47.495 -42.566 
-25.781 18.566 10.179 43.766 45.256 17.353 9.297 -7.846 
-19.092 84.336 -17.449 128.216 23.775 113.094 22.132 69.215 
-48.598 173.398 -25.422 210.694 2.886 177.127 -20.289 139.831 
-84.983 237.864 -76.51 280.949 -32.916 286.204 -41.389 243.119 
-101.419 317.11 -59.33 329.625 -34.421 293.463 -76.51 280.948 
-54.62 332.452 -33.825 371.126 -3.47 339.398 -24.264 300.724 
22.645 338.655 24.428 382.529 66.706 394.39 64.922 350.517 
75.764 399.487 100.458 435.796 142.621 423.53 117.926 387.222 
146.856 486.214 189.94 494.691 211.316 456.335 168.232 447.858 
190.677 495.091 216.827 530.365 242.293 494.595 216.144 459.321 
226.774 450.638 248.894 488.569 291.804 479.252 269.684 441.321 
276.331 417.482 318.45 429.897 343.271 393.676 301.153 381.261 
350.973 342.921 350.037 386.821 392.078 374.145 393.013 330.245 
423.652 314.629 452.776 347.491 475.03 309.638 445.907 276.776 
450.568 272.785 476.715 308.062 518.345 294.096 492.198 258.819 
450.156 216.518 445.728 260.204 488.644 250.916 493.072 207.23 
402.986 167.685 429.458 202.718 454.597 166.716 428.124 131.683 
384.121 64.222 383.009 108.118 424.413 122.741 425.525 78.845 
349.799 -2.665 379.502 29.674 419.438 11.418 389.734 -20.921 
347.473 -50.561 348.204 -6.657 389.733 -20.92 389.002 -64.824 
302.416 -70.108 295.408 -26.761 334.469 -6.701 341.476 -50.049 
207.546 -31.133 233.916 3.977 275.456 -10.254 249.086 -45.364 
202.138 -90.541 199.867 -46.608 242.273 -58.003 244.54 -101.855 
161.128 -106.166 158.861 -62.315 199.866 -46.608 202.137 -90.541 
-74.872 71.868 -77.034 115.725 -35.991 131.333 -33.83 87.476 
-104.563 149.935 -63.521 165.544 -35.992 131.335 -77.034 115.725 
-3.962 431.064 37.4 445.804 64.2 411.022 22.838 396.281 
37.4 445.803 62.198 482.042 89.0 447.26 64.202 411.022 
330.502 435.686 355.415 471.845 382.105 436.977 357.192 400.819 
357.194 400.815 382.104 436.975 424.193 424.458 399.282 388.298 
439.659 120.42 464.044 156.937 506.309 145.03 481.924 108.513 
441.396 76.543 439.658 120.419 481.923 108.513 483.661 64.638 
263.732 -106.033 263.239 -62.125 288.648 -26.314 289.141 -70.221 
161.129 -106.166 202.138 -90.541 244.54 -101.855 203.535 -117.561 
105.31 -65.976 101.035 -22.274 130.181 -55.117 134.456 -98.818 
-73.964 58.549 -31.119 68.159 9.193 50.749 -33.653 41.139 
-102.4 106.078 -104.562 149.935 -77.034 115.725 -74.872 71.868 
-106.131 176.148 -82.672 213.266 -41.876 229.507 -65.335 192.388 
-22.68 378.882 -23.428 422.786 2.982 387.707 3.73 343.803 
-3.961 431.064 20.836 467.301 62.198 482.041 37.4 445.804 
86.691 491.109 128.657 478.189 155.014 443.07 113.048 455.99 
275.102 436.898 300.072 473.016 341.504 487.559 316.533 451.441 
355.414 471.844 397.502 459.325 424.193 424.458 382.105 436.977 
415.41 324.43 414.857 368.337 440.218 404.183 440.771 360.277 
447.699 210.081 489.824 197.691 516.622 162.907 474.497 175.297 
483.661 64.638 481.924 108.513 506.309 145.03 508.046 101.154 
385.719 39.544 426.965 54.606 469.187 42.548 427.941 27.485 
