147.538 241.686 132.693 283.011 176.583 284.359 191.428 243.035 
221.387 244.151 204.87 284.836 238.46 313.117 254.977 272.432 
230.594 213.472 265.15 240.565 301.594 216.072 267.039 188.98 
197.581 154.651 209.623 196.878 246.061 172.377 234.02 130.151 
129.576 167.829 138.859 210.747 182.545 215.18 173.262 172.262 
95.39 204.543 81.132 246.074 94.009 288.054 108.267 246.523 
150.935 320.0 187.817 343.83 231.662 341.429 194.78 317.6 
298.104 259.843 287.112 302.355 320.992 274.422 331.984 231.911 
263.537 104.378 274.625 146.864 308.568 174.72 297.481 132.233 
114.025 131.324 157.839 134.224 194.991 110.818 151.177 107.917 
6.576 91.063 32.511 126.495 74.224 112.778 48.288 77.346 
39.377 169.864 14.207 205.844 40.647 240.901 65.818 204.921 
-34.604 286.096 -0.617 313.897 36.327 290.164 2.339 262.363 
17.085 329.634 20.972 373.372 61.368 356.16 57.481 312.422 
104.498 364.399 135.066 395.922 174.493 376.591 143.925 345.069 
182.689 419.73 193.204 462.363 230.5 439.188 219.985 396.556 
242.45 383.994 251.708 426.916 295.391 431.374 286.133 388.452 
309.967 316.925 319.412 359.807 357.277 337.572 347.83 294.69 
379.825 261.902 390.64 304.459 434.456 307.325 423.641 264.767 
390.918 198.823 375.177 239.815 419.026 242.119 434.768 201.127 
330.653 106.148 337.869 149.461 381.293 155.982 374.076 112.669 
329.177 28.582 313.862 69.735 357.733 71.583 373.048 30.43 
275.329 -5.938 253.213 31.995 282.455 64.752 304.572 26.818 
169.475 31.713 143.833 67.358 185.658 80.73 211.299 45.085 
76.317 11.242 59.034 51.608 92.084 80.519 109.367 40.153 
-7.374 23.664 -36.724 56.324 6.218 47.154 35.568 14.495 
-57.54 231.895 -60.913 275.675 -32.451 242.239 -29.078 198.459 
-44.487 315.745 -39.979 359.422 -10.658 392.108 -15.167 348.43 
110.884 432.573 138.31 466.865 180.654 478.487 153.228 444.195 
224.85 482.732 268.483 487.653 306.675 465.987 263.042 461.066 
379.512 375.436 420.794 360.474 445.398 324.104 404.115 339.067 
479.927 199.43 458.761 237.903 464.251 281.468 485.417 242.996 
399.797 24.544 395.389 68.232 417.502 106.167 421.91 62.479 
292.453 -54.083 317.538 -18.044 359.015 -3.632 333.93 -39.671 
78.585 -32.089 115.575 -8.428 159.408 -11.028 122.418 -34.689 
23.301 -131.528 13.135 -88.811 50.62 -65.942 60.786 -108.659 
-61.674 -54.257 -71.877 -11.549 -28.106 -15.043 -17.904 -57.752 
-109.016 11.876 -103.281 55.41 -73.053 87.259 -78.788 43.725 
-139.119 112.012 -137.593 155.895 -95.386 168.004 -96.912 124.121 
-177.802 191.143 -141.068 215.2 -97.21 213.071 -133.944 189.013 
-141.191 259.11 -175.166 286.927 -138.212 310.644 -104.237 282.827 
-122.431 351.619 -127.655 395.217 -87.805 413.658 -82.58 370.06 
-67.064 452.361 -23.706 459.298 15.45 439.425 -27.909 432.488 
13.912 483.308 3.944 526.072 47.695 522.337 57.663 479.574 
97.079 481.969 74.991 519.919 79.427 563.605 101.516 525.655 
161.122 517.814 135.493 553.468 161.482 588.861 187.112 553.207 
256.079 529.775 229.486 564.716 270.935 579.21 297.528 544.268 
339.509 495.142 341.123 539.023 365.609 502.574 363.994 458.693 
413.828 433.603 404.16 476.435 441.908 498.866 451.576 456.034 
424.479 404.23 457.731 432.906 501.489 436.561 468.237 407.884 
478.582 352.86 506.656 386.623 547.442 370.357 519.368 336.594 
549.999 231.597 522.784 266.056 547.146 302.588 574.362 268.129 
490.532 137.819 515.621 173.856 557.1 188.265 532.011 152.227 
487.611 84.212 523.77 109.125 558.637 82.435 522.479 57.522 
481.653 25.72 465.626 66.601 502.622 42.948 518.649 2.068 
433.729 -50.943 430.156 -7.179 472.883 -17.305 476.455 -61.07 
339.322 -113.178 360.437 -74.678 403.577 -82.863 382.462 -121.363 
232.769 -79.189 274.113 -93.98 298.866 -130.248 257.522 -115.457 
156.581 -135.12 162.255 -91.577 201.912 -110.429 196.239 -153.971 
101.681 -154.884 104.63 -111.072 132.767 -77.362 129.818 -121.173 
120.34 -189.315 145.565 -153.374 187.543 -166.257 162.318 -202.199 
-13.184 -219.218 -32.243 -179.659 11.269 -173.757 30.328 -213.316 
-119.754 -180.589 -110.157 -137.74 -66.439 -133.627 -76.037 -176.475 
-152.748 -124.357 -141.081 -82.025 -97.216 -80.041 -108.883 -122.372 
-180.674 28.487 -192.852 70.675 -148.966 69.22 -136.788 27.032 
-187.115 117.284 -195.937 160.299 -152.302 155.396 -143.48 112.382 
-257.076 261.368 -265.927 304.376 -227.758 326.084 -218.907 283.075 
-278.228 396.138 -239.565 416.954 -207.821 386.617 -246.483 365.801 
-201.103 430.009 -212.407 472.44 -168.561 470.079 -157.256 427.649 
-65.465 472.87 -76.259 515.433 -39.114 538.851 -28.321 496.288 
4.523 530.355 15.982 572.744 59.837 574.945 48.378 532.556 
117.669 662.635 157.462 681.199 187.414 649.09 147.621 630.526 
217.97 680.624 238.582 719.396 269.086 687.812 248.475 649.04 
295.981 615.276 291.255 658.93 331.313 676.915 336.039 633.26 
369.603 546.301 408.118 567.389 440.074 537.275 401.559 516.187 
463.393 458.396 448.958 499.866 492.859 500.78 507.294 459.31 
582.469 396.837 604.167 435.012 633.769 402.58 612.071 364.405 
627.568 304.851 650.136 342.517 692.933 332.694 670.365 295.027 
644.941 221.894 616.324 255.199 656.842 272.123 685.458 238.818 
555.177 126.208 573.698 166.021 605.839 136.103 587.318 96.29 
549.028 4.291 530.833 44.254 563.218 73.907 581.412 33.944 
487.834 -125.853 510.801 -88.428 553.491 -98.706 530.524 -136.131 
437.124 -197.13 439.553 -153.287 480.5 -169.146 478.071 -212.988 
404.949 -234.001 371.736 -205.278 388.79 -164.815 422.003 -193.537 
229.932 -196.728 240.149 -154.024 283.921 -150.545 273.704 -193.249 
233.603 -263.743 221.322 -221.5 265.211 -222.871 277.469 -265.036 
190.813 -298.013 168.893 -259.966 198.304 -227.361 220.265 -265.479 
-219.601 1.283 -233.744 42.853 -198.578 69.149 -184.436 27.579 
-275.158 64.9 -244.669 96.5 -205.194 77.268 -235.683 45.668 
-105.271 564.753 -62.784 575.835 -39.114 538.851 -81.602 527.768 
-57.486 578.732 -42.763 620.101 -7.968 593.315 -22.691 551.947 
419.86 576.255 446.459 611.192 471.466 575.099 444.867 540.162 
460.475 530.434 475.377 571.738 519.265 570.33 504.363 529.026 
605.842 79.619 624.747 119.251 668.281 113.519 649.377 73.887 
618.924 29.294 605.044 70.953 648.953 71.28 662.832 29.621 
328.7 -274.801 309.7 -235.215 317.596 -192.021 336.596 -231.608 
197.123 -308.484 231.189 -280.818 275.002 -278.305 240.965 -306.046 
90.0 -249.439 73.979 -208.557 110.971 -232.215 126.992 -273.097 
-205.184 -73.121 -190.613 -31.699 -154.478 -6.752 -169.049 -48.174 
-258.797 23.745 -275.5 64.354 -238.117 41.318 -221.414 0.709 
-258.2 138.273 -263.334 181.882 -241.855 220.18 -236.721 176.571 
-147.797 508.768 -165.812 548.812 -127.7 527.004 -109.685 486.96 
-105.27 564.748 -82.963 602.569 -42.685 620.055 -64.993 582.234 
7.98 634.227 50.689 644.425 91.236 627.572 48.527 617.374 
368.928 587.195 379.806 629.736 413.612 657.758 402.734 615.217 
446.458 611.192 489.507 602.536 519.246 570.229 476.197 578.886 
562.082 447.538 541.791 486.478 548.264 529.909 568.555 490.968 
615.853 178.856 659.731 180.551 696.225 156.132 652.347 154.437 
662.971 29.654 652.701 72.346 669.487 112.921 679.757 70.229 
554.042 -54.8 583.806 -22.516 626.861 -13.892 597.097 -46.176 
