160.838 219.175 160.464 263.084 202.339 249.87 202.712 205.962 
205.93 205.849 205.828 249.759 247.557 263.426 247.659 219.516 
206.829 202.638 248.628 216.091 274.337 180.495 232.539 167.043 
178.225 165.403 204.144 200.848 229.844 165.245 203.926 129.801 
134.191 180.34 159.722 216.064 201.588 202.822 176.057 167.098 
129.882 183.853 129.768 227.763 155.485 263.354 155.6 219.444 
162.632 268.615 204.355 282.302 246.154 268.851 204.432 255.164 
253.474 219.131 253.452 263.041 279.278 227.529 279.3 183.619 
208.063 126.391 233.867 161.919 275.627 175.492 249.822 139.965 
132.709 176.386 174.519 162.969 200.458 127.539 158.648 140.956 
88.001 159.879 129.513 174.191 155.953 139.133 114.44 124.821 
85.776 170.309 85.744 214.219 127.495 227.818 127.527 183.908 
59.474 250.218 101.135 264.086 127.199 228.748 85.537 214.88 
101.504 264.356 126.769 300.27 153.118 265.144 127.853 229.23 
136.283 305.697 178.026 319.322 203.884 283.833 162.141 270.208 
178.535 319.685 204.01 355.45 230.152 320.17 204.677 284.405 
205.005 284.174 230.276 320.083 272.237 307.145 246.966 271.236 
254.764 263.961 280.593 299.47 306.383 263.931 280.552 228.422 
281.056 228.052 306.649 263.733 348.492 250.42 322.9 214.739 
281.485 183.594 280.883 227.499 322.826 214.504 323.428 170.599 
251.341 138.81 277.196 174.3 318.94 160.678 293.085 125.187 
251.368 94.028 251.053 137.937 292.91 124.668 293.225 80.759 
209.365 79.953 208.834 123.86 250.427 137.933 250.959 94.026 
157.714 94.576 157.761 138.486 199.507 124.873 199.46 80.963 
115.21 80.441 114.6 124.347 156.169 138.494 156.779 94.589 
88.25 115.106 86.819 158.993 113.773 124.329 115.205 80.442 
58.722 206.267 59.41 250.172 84.659 214.248 83.971 170.343 
59.434 250.346 84.49 286.405 125.956 300.85 100.899 264.791 
135.82 307.198 162.057 342.408 203.979 355.472 177.742 320.262 
204.011 355.448 245.971 342.505 272.308 307.371 230.349 320.314 
281.212 299.914 322.892 286.098 348.491 250.422 306.811 264.238 
323.886 170.602 323.221 214.507 348.49 250.418 349.155 206.513 
293.328 80.759 293.775 124.667 319.945 159.926 319.498 116.018 
209.72 78.891 251.168 93.389 293.221 80.756 251.774 66.258 
115.251 80.311 157.223 93.212 198.763 78.979 156.791 66.078 
88.183 42.67 114.367 77.92 155.982 63.91 129.799 28.661 
61.445 77.63 86.395 113.762 113.049 78.868 88.099 42.735 
60.266 78.475 58.244 122.339 82.39 159.013 84.412 115.15 
10.418 141.223 36.553 176.507 78.187 162.554 52.052 127.269 
14.297 218.954 55.713 204.365 80.642 168.218 39.227 182.808 
14.865 220.474 15.437 264.38 57.018 250.267 56.445 206.361 
15.439 264.379 40.429 300.484 82.489 287.873 57.499 251.768 
41.393 303.327 82.97 317.451 124.908 304.438 83.331 290.315 
85.809 324.423 86.217 368.331 127.85 354.375 127.442 310.467 
132.256 310.155 132.679 354.063 158.83 389.337 158.407 345.429 
161.267 345.281 162.12 389.182 204.136 401.938 203.283 358.036 
204.895 358.032 204.138 401.935 246.127 389.089 246.884 345.185 
249.847 345.099 249.584 389.008 275.606 353.639 275.869 309.73 
282.225 309.218 282.562 353.127 324.426 366.375 324.089 322.466 
283.309 305.11 325.175 318.35 366.828 304.453 324.962 291.213 
325.801 288.017 367.823 300.754 392.923 264.724 350.901 251.987 
352.228 206.463 351.423 250.366 392.928 264.698 393.733 220.796 
327.65 167.591 353.141 203.344 394.779 217.286 369.288 181.533 
329.122 161.475 370.968 174.782 396.554 139.097 354.709 125.79 
325.44 115.542 325.985 159.449 351.352 123.607 350.807 79.7 
295.813 78.718 322.434 113.637 347.418 77.527 320.795 42.608 
252.756 63.069 294.207 77.555 320.793 42.608 279.341 28.122 
207.826 73.812 249.839 61.047 276.325 26.025 234.311 38.79 
177.465 36.095 203.759 71.263 229.08 35.389 202.787 0.221 
130.59 28.028 157.632 62.622 199.845 74.715 172.802 40.12 
132.662 19.328 174.122 33.79 200.689 -1.171 159.229 -15.634 
77.247 -13.678 80.402 30.118 121.08 13.584 117.925 -30.213 
35.288 -26.621 35.943 17.284 77.902 30.228 77.247 -13.677 
6.044 50.086 45.954 68.397 75.701 36.098 35.791 17.787 
7.789 94.284 9.187 138.172 50.495 123.281 49.097 79.393 
-18.576 178.284 6.571 214.28 33.034 179.241 7.889 143.245 
-44.299 213.237 -41.338 257.047 1.243 267.769 -1.718 223.959 
-67.595 294.683 -25.824 308.223 -0.039 272.681 -41.809 259.141 
-23.179 309.999 1.008 346.647 28.388 312.319 4.201 275.671 
39.429 311.784 40.128 355.688 82.1 368.591 81.401 324.686 
86.972 370.409 112.441 406.178 154.33 393.01 128.861 357.24 
135.764 440.944 177.979 453.027 202.516 416.612 160.301 404.529 
181.153 454.972 206.994 490.473 232.772 454.926 206.931 419.425 
211.383 415.941 236.162 452.191 278.295 439.826 253.517 403.576 
256.041 392.947 297.936 406.097 323.387 370.316 281.493 357.166 
326.752 322.402 326.461 366.311 368.311 353.019 368.601 309.11 
381.339 307.081 408.051 341.932 432.942 305.758 406.231 270.907 
410.239 267.607 436.08 303.108 477.829 289.502 451.988 254.001 
409.474 218.339 408.265 262.232 450.384 249.818 451.593 205.924 
374.458 177.042 400.573 212.342 426.076 176.596 399.96 141.296 
355.79 79.459 355.44 123.367 397.091 137.269 397.441 93.36 
330.722 31.693 357.785 66.271 399.034 51.217 371.971 16.639 
329.192 -16.061 329.261 27.849 371.001 14.214 370.932 -29.696 
284.384 -31.511 282.213 12.346 323.251 27.963 325.423 -15.893 
205.667 -2.121 231.915 33.08 273.504 18.994 247.256 -16.207 
203.297 -53.348 202.692 -9.36 244.636 -22.354 245.239 -66.26 
161.725 -67.407 161.12 -23.501 202.69 -9.358 203.296 -53.346 
-40.168 80.805 -40.786 124.71 0.78 138.865 1.398 94.96 
-67.093 159.868 -25.528 174.025 0.78 138.868 -40.785 124.712 
12.595 397.785 54.269 411.617 80.301 376.255 38.627 362.424 
54.272 411.616 79.86 447.301 105.891 411.938 80.303 376.254 
303.851 409.638 329.459 445.307 355.469 409.929 329.86 374.26 
329.872 374.249 355.497 409.906 397.328 396.554 371.703 360.897 
405.612 136.516 431.03 172.322 472.938 159.213 447.52 123.408 
406.074 92.599 405.607 136.506 447.51 123.383 447.978 79.475 
255.865 -67.419 255.277 -23.513 280.608 12.354 281.196 -31.552 
161.725 -67.407 203.297 -53.348 245.239 -66.26 203.668 -80.401 
122.533 -30.404 122.034 13.503 148.246 -21.725 148.746 -65.632 
-38.355 71.972 3.524 85.171 45.163 71.234 3.284 58.035 
-66.476 115.962 -67.094 159.867 -40.786 124.71 -40.168 80.805 
-69.436 173.56 -43.161 208.741 -1.226 221.761 -27.5 186.579 
3.169 348.263 2.571 392.169 28.861 357.0 29.459 313.094 
12.592 397.794 38.183 433.476 79.86 447.3 54.268 411.619 
92.731 453.831 134.411 440.014 160.009 404.337 118.33 418.154 
254.125 403.136 279.507 438.966 321.103 453.034 295.721 417.204 
329.567 445.386 371.38 431.978 397.327 396.554 355.514 409.962 
381.177 307.21 381.384 351.119 407.361 386.521 407.154 342.612 
409.06 217.076 450.999 204.066 477.281 168.89 435.343 181.9 
447.977 79.476 447.553 123.384 473.019 159.156 473.443 115.248 
357.925 66.639 399.695 80.179 441.447 66.581 399.676 53.041 
