159.073 225.206 154.03 268.826 197.073 260.142 202.115 216.523 
212.054 216.637 206.575 260.204 246.317 278.877 251.796 235.31 
214.933 207.788 255.011 225.727 284.456 193.154 244.378 175.215 
185.78 164.524 207.752 202.541 237.118 169.897 215.148 131.879 
135.42 177.78 156.424 216.341 199.588 208.28 178.584 169.72 
122.939 187.938 118.619 231.635 140.81 269.525 145.129 225.828 
160.156 283.914 200.866 300.371 243.474 289.756 202.764 273.299 
267.2 233.529 264.458 277.353 292.435 243.51 295.176 199.686 
226.687 122.502 248.207 160.777 288.115 179.092 266.595 140.817 
131.475 167.176 174.26 157.3 203.069 124.161 160.284 134.038 
63.048 130.196 100.902 152.449 133.763 123.324 95.909 101.071 
60.854 170.454 51.72 213.404 89.745 235.363 98.879 192.413 
15.589 253.97 54.198 274.884 86.02 244.626 47.41 223.713 
66.78 284.097 84.582 324.237 117.257 294.903 99.455 254.763 
126.376 337.855 165.495 357.798 196.552 326.756 157.432 306.813 
176.839 365.992 197.229 404.88 227.913 373.471 207.523 334.582 
219.072 326.262 238.625 365.578 282.059 359.13 262.506 319.814 
285.011 286.786 306.068 325.317 336.207 293.383 315.148 254.852 
326.653 246.065 347.185 284.879 390.444 277.346 369.912 238.532 
329.037 190.459 322.689 233.908 365.973 226.518 372.32 183.069 
285.912 120.439 306.445 159.252 349.704 151.718 329.171 112.904 
287.551 66.027 282.277 109.619 325.365 101.164 330.639 57.572 
236.36 46.329 229.523 89.704 268.662 109.609 275.499 66.235 
154.221 67.733 148.454 111.263 191.636 103.295 197.402 59.766 
108.006 46.548 100.127 89.746 138.776 110.588 146.655 67.39 
54.706 71.981 40.34 113.474 76.352 88.349 90.718 46.856 
11.255 206.287 9.822 250.174 36.776 215.511 38.209 171.624 
10.365 277.437 28.361 317.49 66.463 339.315 48.466 299.262 
121.912 363.143 147.931 398.514 189.771 411.837 163.752 376.466 
215.132 415.478 258.493 408.555 289.503 377.467 246.142 384.39 
327.956 336.51 369.487 322.253 394.706 286.307 353.175 300.565 
394.428 181.421 386.533 224.616 405.536 264.202 413.431 221.007 
341.054 56.356 340.904 100.265 366.591 135.877 366.741 91.968 
243.945 17.801 280.119 42.692 324.015 41.565 287.841 16.675 
109.813 41.16 150.456 57.78 193.106 47.337 152.463 30.716 
72.259 -51.211 79.066 -7.832 122.426 -0.901 115.618 -44.28 
3.999 19.602 23.63 58.879 54.918 28.07 35.286 -11.207 
-19.248 49.418 -17.761 93.302 9.236 127.932 7.749 84.047 
-75.29 124.484 -52.522 162.03 -9.778 151.978 -32.546 114.433 
-72.549 211.984 -30.399 199.675 -3.535 164.942 -45.685 177.251 
-67.384 223.342 -79.276 265.612 -35.4 263.859 -23.509 221.589 
-55.731 302.779 -39.535 343.593 4.286 340.8 -11.91 299.987 
-7.346 383.141 34.535 396.336 76.173 382.394 34.292 369.2 
46.206 414.488 44.999 458.382 87.117 445.966 88.324 402.073 
104.033 399.614 102.849 443.508 127.691 479.716 128.876 435.822 
150.671 431.818 147.448 475.61 188.1 492.208 191.323 448.416 
228.142 440.286 218.283 483.075 262.025 479.228 271.883 436.439 
308.872 416.873 308.428 460.781 334.595 425.519 335.038 381.612 
354.9 377.639 353.347 421.521 394.603 436.558 396.155 392.676 
356.989 364.348 398.808 377.736 440.51 363.987 398.691 350.599 
401.179 329.737 442.269 345.219 469.691 310.924 428.601 295.442 
443.948 217.44 433.464 260.081 470.778 283.228 481.261 240.588 
413.635 139.492 438.004 176.019 479.189 191.246 454.82 154.719 
416.228 121.681 457.461 136.781 484.563 102.232 443.33 87.133 
401.459 72.109 403.511 115.971 427.633 79.28 425.581 35.418 
363.304 23.86 384.561 62.281 414.533 30.191 393.275 -8.23 
293.72 -15.218 330.911 8.126 364.604 -20.032 327.413 -43.375 
216.957 -10.818 259.014 -23.441 285.618 -58.374 243.562 -45.751 
176.71 -52.509 203.015 -17.35 228.324 -53.231 202.021 -88.391 
120.889 -48.439 145.374 -11.99 186.607 3.107 162.122 -33.343 
124.763 -87.268 161.969 -63.948 195.645 -92.127 158.439 -115.447 
6.795 -114.152 13.476 -70.753 52.687 -90.518 46.006 -133.917 
-61.018 -96.216 -42.159 -56.562 1.382 -62.244 -17.477 -101.898 
-84.17 -53.902 -75.23 -10.912 -31.581 -6.131 -40.521 -49.121 
-78.897 61.607 -84.283 105.186 -41.173 96.842 -35.787 53.263 
-114.195 155.73 -98.271 196.651 -64.274 168.861 -80.197 127.94 
-166.874 266.458 -155.857 308.964 -112.027 311.62 -123.045 269.115 
-169.663 374.446 -126.51 382.566 -105.451 344.035 -148.604 335.914 
-116.054 386.645 -106.472 429.497 -68.679 407.143 -78.259 364.291 
-8.945 402.468 -9.129 446.378 32.574 460.122 32.759 416.213 
47.858 465.634 70.22 503.423 113.07 493.833 90.708 456.043 
148.956 570.808 192.49 576.544 211.399 536.913 167.865 531.177 
219.251 580.114 247.143 614.028 270.778 577.022 242.887 543.108 
267.337 522.815 281.253 564.461 325.162 564.094 311.245 522.448 
325.091 468.388 366.871 481.9 392.631 446.34 350.852 432.829 
406.784 392.106 403.801 435.914 446.388 425.213 449.37 381.405 
499.874 342.816 530.878 373.91 550.87 334.815 519.866 303.721 
535.32 277.22 563.133 311.199 604.043 295.248 576.231 261.269 
537.872 206.659 524.457 248.47 568.367 248.307 581.781 206.496 
466.581 142.291 491.982 178.109 518.198 142.883 492.797 107.065 
451.203 30.158 446.822 73.848 487.02 91.517 491.402 47.826 
395.891 -66.8 427.242 -36.056 466.17 -56.371 434.819 -87.116 
385.264 -118.251 391.018 -74.72 430.641 -93.645 424.886 -137.176 
345.877 -147.876 324.913 -109.294 355.129 -77.433 376.093 -116.016 
214.522 -99.355 236.701 -61.458 279.596 -70.842 257.417 -108.738 
206.768 -166.073 201.802 -122.362 244.828 -131.13 249.785 -174.759 
166.797 -184.189 161.839 -140.56 201.801 -122.363 206.768 -166.073 
-149.219 53.222 -150.701 97.107 -109.422 112.077 -107.94 68.192 
-177.697 131.738 -136.419 146.711 -109.423 112.08 -150.701 97.107 
-36.767 504.065 4.792 518.238 31.114 483.091 -10.446 468.919 
4.821 518.258 30.006 554.228 56.434 519.161 31.249 483.191 
387.385 489.936 412.185 526.172 438.984 491.388 414.183 455.152 
414.233 455.116 438.991 491.381 481.132 479.043 456.374 442.777 
509.34 87.913 532.89 124.975 575.414 114.03 551.864 76.969 
512.079 44.081 509.338 87.905 551.864 76.969 554.605 33.145 
278.96 -184.084 276.901 -140.222 301.017 -103.527 303.075 -147.389 
166.797 -184.189 206.768 -166.073 249.785 -174.759 209.823 -192.956 
94.442 -146.907 79.561 -105.595 115.883 -130.27 130.763 -171.582 
-150.992 33.357 -107.512 39.488 -68.732 18.89 -112.213 12.76 
-176.213 87.854 -177.695 131.739 -150.701 97.107 -149.219 53.222 
-175.182 167.338 -165.506 210.169 -132.503 239.132 -142.179 196.301 
-69.248 451.048 -71.487 494.901 -43.9 460.739 -41.661 416.886 
-36.767 504.065 -11.523 539.993 30.018 554.222 4.773 518.294 
61.257 562.806 104.903 557.996 137.386 528.45 93.74 533.26 
328.072 502.459 351.728 539.452 392.61 555.474 368.954 518.482 
412.179 526.168 454.312 513.802 481.13 479.032 438.997 491.398 
487.159 369.827 479.752 413.108 499.2 452.477 506.607 409.196 
525.804 186.13 568.274 174.978 596.079 140.992 553.609 152.144 
554.596 33.144 551.864 76.969 575.414 114.03 578.146 70.205 
452.265 -14.721 489.463 8.612 533.271 5.623 496.073 -17.709 
