155.571 235.956 146.729 278.967 190.367 274.084 199.209 231.074 
218.123 231.334 208.073 274.079 245.621 296.845 255.67 254.1 
223.979 213.536 261.8 235.845 294.704 206.77 256.883 184.46 
192.724 162.781 210.187 203.07 243.106 174.012 225.644 133.724 
133.702 176.705 150.063 217.453 193.873 214.485 177.512 173.737 
110.162 199.125 101.8 242.231 120.373 282.02 128.735 238.913 
158.452 304.241 197.875 323.577 241.135 316.048 201.711 296.712 
282.694 249.005 276.908 292.532 307.173 260.719 312.96 217.192 
246.162 116.198 263.041 156.734 300.524 179.607 283.645 139.071 
124.84 155.515 168.371 149.758 200.205 119.514 156.674 125.27 
38.208 111.722 72.702 138.893 109.202 114.483 74.708 87.312 
48.023 175.212 32.044 216.111 66.004 243.947 81.983 203.047 
-13.619 264.709 21.477 291.096 57.419 265.872 22.322 239.484 
39.743 306.068 51.297 348.431 88.017 324.352 76.463 281.989 
118.913 355.553 154.483 381.3 189.961 355.427 154.391 329.681 
176.499 397.223 191.712 438.413 226.185 411.216 210.972 370.025 
228.649 358.145 243.574 399.44 287.46 398.006 272.535 356.711 
299.223 303.903 314.838 344.942 349.044 317.409 333.428 276.369 
354.524 259.567 370.009 300.657 413.872 298.627 398.387 257.538 
359.408 199.221 349.234 241.936 393.003 238.412 403.176 195.697 
309.56 115.285 323.807 156.819 367.712 156.103 353.464 114.569 
312.133 51.298 302.008 94.024 345.772 90.451 355.898 47.724 
259.631 25.618 247.077 67.695 283.216 92.637 295.769 50.56 
160.729 56.655 147.38 98.487 191.29 98.255 204.639 56.424 
95.677 31.595 81.672 73.212 116.924 99.392 130.929 57.775 
26.019 46.602 1.353 82.929 42.661 68.038 67.327 31.711 
-21.761 214.075 -24.81 257.879 3.404 224.233 6.453 180.429 
-21.46 300.281 -10.869 342.894 22.748 371.143 12.156 328.53 
114.323 399.057 139.943 434.718 181.63 448.511 156.011 412.849 
220.629 454.772 264.53 453.872 299.517 427.339 255.616 428.239 
353.632 361.079 395.174 346.855 420.422 310.929 378.88 325.153 
441.769 191.577 426.653 232.803 438.657 275.041 453.773 233.815 
375.42 44.535 372.558 88.351 395.996 125.482 398.858 81.665 
271.866 -17.184 302.141 14.62 345.328 22.555 315.053 -9.249 
100.203 4.392 139.064 24.836 182.52 18.533 143.659 -1.911 
51.232 -98.938 39.656 -56.581 76.362 -32.482 87.938 -74.839 
-39.652 -19.506 -37.713 24.36 3.408 8.961 1.469 -34.907 
-75.644 46.482 -64.572 88.973 -30.64 116.842 -41.711 74.35 
-118.347 120.808 -101.985 161.555 -58.175 158.585 -74.537 117.838 
-133.789 203.19 -89.986 206.245 -52.753 182.969 -96.556 179.914 
-110.897 244.856 -135.521 281.212 -93.335 293.397 -68.711 257.041 
-98.133 337.044 -91.282 380.416 -47.915 387.302 -54.766 343.93 
-34.367 429.07 8.465 438.744 48.802 421.395 5.971 411.721 
32.649 462.226 29.299 506.008 71.974 495.664 75.323 451.882 
99.217 451.137 88.584 493.74 105.023 534.457 115.656 491.854 
155.579 483.858 143.257 526.003 179.532 550.746 191.854 508.6 
246.319 493.827 227.894 533.684 271.494 538.891 289.919 499.034 
332.941 455.815 333.824 499.716 358.914 463.68 358.031 419.779 
392.68 408.248 387.965 451.904 428.027 469.879 432.743 426.223 
397.384 390.709 436.525 410.612 479.889 403.707 440.748 383.804 
445.409 347.037 482.57 370.428 516.3 342.314 479.138 318.923 
504.255 225.476 484.829 264.856 516.278 295.5 535.704 256.12 
455.423 134.504 480.367 170.642 521.787 185.217 496.844 149.08 
457.31 101.818 497.043 120.509 527.098 88.497 487.365 69.805 
446.389 48.867 441.412 92.494 471.082 60.124 476.059 16.497 
405.247 -12.892 416.676 29.504 453.466 5.532 442.035 -36.865 
320.212 -66.611 350.648 -34.961 390.154 -54.126 359.718 -85.777 
222.413 -45.322 263.681 -60.324 288.248 -96.718 246.98 -81.716 
168.986 -97.148 188.992 -58.06 219.984 -89.165 199.98 -128.253 
113.49 -102.871 129.983 -62.176 167.246 -38.948 150.753 -79.643 
125.471 -143.541 156.367 -112.34 195.589 -132.082 164.692 -163.283 
-5.527 -173.781 -10.995 -130.212 32.131 -138.475 37.599 -182.043 
-97.861 -142.724 -88.825 -99.754 -45.165 -95.07 -54.202 -138.04 
-131.663 -87.876 -121.041 -45.27 -77.239 -42.206 -87.86 -84.812 
-119.569 47.042 -132.608 88.971 -88.702 88.416 -75.662 46.486 
-158.224 139.191 -153.063 182.797 -113.187 164.413 -118.347 120.808 
-221.032 273.362 -220.526 317.269 -178.612 330.356 -179.117 286.449 
-229.063 402.213 -187.372 415.997 -161.38 380.606 -203.071 366.822 
-162.561 424.5 -165.351 468.321 -122.813 457.433 -120.022 413.612 
-34.012 449.871 -40.152 493.349 -0.698 512.624 5.441 469.146 
29.68 507.467 46.557 548.004 90.325 544.48 73.448 503.943 
140.075 628.549 182.388 640.285 206.625 603.67 164.312 591.934 
231.211 640.05 256.367 676.04 282.821 640.994 257.666 605.004 
294.053 576.562 298.858 620.208 341.854 629.124 337.048 585.478 
355.647 507.468 396.128 524.478 424.815 491.234 384.333 474.224 
442.608 426.905 434.664 470.09 478.19 464.301 486.134 421.115 
549.825 370.672 577.094 405.088 601.4 368.519 574.13 334.102 
590.476 286.108 616.241 321.665 658.019 308.15 632.255 272.593 
600.131 208.084 578.5 246.296 621.526 255.061 643.157 216.848 
513.978 130.401 536.392 168.159 565.377 135.173 542.962 97.415 
503.613 14.525 492.81 57.086 529.95 80.512 540.752 37.951 
449.67 -95.166 478.192 -61.78 518.758 -78.589 490.235 -111.975 
410.578 -164.234 415.431 -120.593 455.436 -138.695 450.583 -182.335 
376.826 -199.211 347.637 -166.407 369.817 -128.51 399.005 -161.314 
222.545 -147.42 238.024 -106.329 281.888 -108.354 266.408 -149.445 
215.331 -219.675 206.561 -176.566 250.189 -181.537 258.943 -224.566 
177.105 -241.231 168.335 -198.205 206.544 -176.569 215.331 -219.674 
-195.614 34.28 -199.265 78.037 -158.777 95.032 -155.126 51.274 
-228.125 111.207 -187.721 128.4 -158.884 95.286 -199.288 78.093 
-66.946 552.157 -24.099 561.759 -1.727 523.975 -44.574 514.374 
-21.804 563.025 1.173 600.444 29.661 567.029 6.684 529.61 
417.46 534.524 443.919 569.566 469.07 533.573 442.61 498.53 
447.13 495.339 470.135 532.74 512.815 522.42 489.81 485.018 
560.596 77.363 583.192 115.013 625.982 105.158 603.385 67.508 
564.586 33.423 560.545 77.147 603.377 67.479 607.419 23.755 
297.244 -237.094 290.223 -193.749 310.02 -154.556 317.041 -197.901 
177.099 -241.221 215.331 -219.675 258.943 -224.562 220.728 -246.188 
96.386 -204.885 78.059 -164.982 116.34 -186.492 134.667 -226.394 
-198.139 -10.674 -159.236 9.688 -115.794 3.295 -154.697 -17.068 
-224.361 67.468 -228.115 111.217 -199.362 78.029 -195.609 34.28 
-220.969 157.081 -221.711 200.985 -196.505 236.94 -195.763 193.036 
-108.692 499.009 -116.94 542.137 -84.917 512.094 -76.669 468.965 
-66.946 552.157 -40.695 587.356 1.232 600.403 -25.02 565.204 
39.797 609.754 83.615 612.59 120.733 589.13 76.915 586.293 
361.065 550.91 380.703 590.184 419.676 610.413 400.038 571.14 
443.895 569.55 486.014 557.136 512.793 522.337 470.674 534.75 
533.26 407.657 519.704 449.422 533.286 491.179 546.842 449.414 
578.576 177.053 621.909 169.957 652.796 138.746 609.463 145.842 
607.36 23.748 603.429 67.482 625.954 105.174 629.886 61.441 
507.349 -36.188 541.184 -8.202 585.008 -5.449 551.172 -33.435 
