160.361 221.148 159.369 265.046 201.426 252.424 202.418 208.526 
208.588 208.148 208.164 252.056 249.792 266.027 250.216 222.119 
210.042 202.312 251.817 215.836 277.588 180.284 235.812 166.76 
178.879 163.424 204.664 198.966 230.498 163.461 204.714 127.918 
133.133 178.919 158.051 215.074 200.137 202.549 175.219 166.393 
124.901 186.281 124.435 230.189 149.866 265.985 150.332 222.077 
164.161 275.647 205.81 289.556 247.68 276.329 206.031 262.419 
260.805 220.859 260.657 264.768 286.585 229.331 286.733 185.422 
212.287 121.012 237.882 156.691 279.561 170.511 253.966 134.832 
130.595 172.579 172.507 159.482 198.716 124.252 156.805 137.348 
82.13 152.235 123.197 167.779 150.671 133.526 109.605 117.982 
79.513 172.213 78.854 216.118 120.406 230.313 121.065 186.408 
51.174 252.839 92.441 267.841 119.462 233.229 78.194 218.227 
92.638 267.994 116.755 304.689 144.201 270.413 120.084 233.719 
137.07 313.738 178.664 327.81 204.9 292.6 163.306 278.528 
180.043 328.794 204.783 365.071 231.639 330.333 206.9 294.055 
207.369 293.738 231.784 330.234 274.039 318.292 249.624 281.795 
263.013 266.379 288.558 302.093 314.631 266.761 289.084 231.047 
290.69 229.883 315.605 266.04 357.692 253.519 332.777 217.361 
292.078 185.29 290.482 229.171 332.708 217.129 334.305 173.248 
256.775 132.658 282.234 168.434 324.126 155.276 298.668 119.5 
257.259 86.89 256.17 130.787 298.255 118.257 299.343 74.361 
215.139 72.021 213.779 115.91 255.1 130.766 256.46 86.877 
155.324 88.373 154.865 132.28 196.765 119.149 197.225 75.241 
111.622 73.237 109.915 117.114 151.117 132.296 152.824 88.419 
83.209 106.899 80.195 150.705 108.382 117.036 111.396 73.23 
49.553 208.578 50.64 252.475 75.561 216.323 74.474 172.426 
51.175 252.844 75.415 289.456 116.546 304.828 92.305 268.216 
135.942 317.657 162.552 352.585 204.611 365.202 178.0 330.273 
204.915 365.17 247.093 352.961 274.039 318.291 231.861 330.5 
290.807 303.648 332.394 289.557 357.757 253.712 316.169 267.804 
334.533 173.254 333.095 217.141 357.728 253.491 359.166 209.604 
299.352 74.362 300.229 118.263 326.742 153.264 325.865 109.363 
215.946 69.753 256.895 85.605 299.341 74.361 258.392 58.508 
111.991 71.972 153.961 84.882 195.503 70.658 153.534 57.747 
84.685 30.538 109.899 66.488 151.881 53.618 126.667 17.668 
54.442 66.938 78.55 103.638 106.003 69.368 81.894 32.668 
50.461 69.89 47.028 113.665 69.98 151.099 73.413 107.323 
-5.409 137.201 20.867 172.381 62.445 158.262 36.169 123.082 
2.287 220.299 43.512 205.181 67.977 168.719 26.752 183.837 
3.28 222.771 3.562 266.68 45.235 252.844 44.953 208.934 
3.807 267.392 27.278 304.503 69.825 293.648 46.354 256.537 
30.718 313.608 72.133 328.198 114.214 315.657 72.799 301.068 
77.899 340.341 78.672 384.245 120.188 369.943 119.415 326.04 
128.454 324.916 129.323 368.817 155.831 403.823 154.962 359.922 
161.1 359.29 162.514 403.177 204.69 415.394 203.276 371.507 
207.287 371.5 205.338 415.366 247.66 403.664 249.609 359.797 
257.831 359.098 257.404 403.006 283.557 367.735 283.985 323.827 
294.779 322.292 295.512 366.196 337.494 379.065 336.76 335.161 
296.395 314.703 338.365 327.61 379.906 313.383 337.936 300.476 
339.313 293.562 381.55 305.565 406.019 269.104 363.781 257.101 
367.165 209.257 365.073 253.117 406.14 268.66 408.232 224.8 
344.035 164.194 369.241 200.149 410.766 214.422 385.561 178.467 
345.858 154.903 387.783 167.957 413.153 132.117 371.228 119.064 
338.041 107.288 339.266 151.181 364.075 114.95 362.849 71.057 
304.811 69.279 331.898 103.838 356.396 67.397 329.308 32.837 
260.592 50.893 301.508 66.828 329.307 32.839 288.39 16.903 
210.722 58.185 252.934 46.092 279.976 11.497 237.764 23.59 
177.358 20.183 204.492 54.706 228.94 18.232 201.807 -16.291 
126.667 17.668 154.664 51.495 197.197 62.406 169.2 28.579 
129.406 0.349 170.536 15.724 197.869 -18.642 156.739 -34.017 
58.327 -33.063 64.524 10.408 103.952 -8.92 97.754 -52.39 
15.693 -43.56 18.884 0.234 61.521 10.732 58.33 -33.062 
-14.425 28.844 23.079 51.682 56.388 23.072 18.884 0.234 
-9.67 87.859 -7.874 131.733 33.297 116.466 31.501 72.593 
-37.585 175.496 -13.508 212.217 13.975 177.972 -10.101 141.251 
-71.378 229.231 -64.58 272.612 -21.222 279.552 -28.02 236.172 
-90.066 308.368 -48.184 321.558 -22.697 285.802 -64.579 272.612 
-44.061 324.164 -22.111 362.194 7.275 329.567 -14.674 291.536 
28.231 328.956 29.704 372.841 71.897 385.002 70.424 341.116 
80.258 388.209 105.344 424.248 147.371 411.526 122.285 375.487 
141.868 470.537 184.676 480.314 207.203 442.623 164.395 432.846 
186.849 481.529 212.862 516.904 238.468 481.234 212.456 445.858 
221.218 438.72 244.336 476.051 286.984 465.601 263.867 428.269 
269.008 409.162 311.069 421.772 336.058 385.666 293.998 373.057 
341.657 334.954 341.051 378.86 382.996 365.869 383.602 321.963 
408.636 312.938 436.867 346.57 460.129 309.327 431.898 275.696 
436.815 271.486 462.823 306.865 504.508 293.063 478.5 257.684 
436.071 217.371 432.847 261.162 475.492 250.696 478.716 206.905 
393.128 171.195 419.546 206.269 444.74 170.305 418.322 135.231 
373.378 69.955 372.662 113.859 414.196 128.107 414.912 84.203 
343.408 8.903 372.25 42.012 412.652 24.814 383.81 -8.296 
341.826 -38.44 342.105 5.469 383.779 -8.365 383.5 -52.274 
296.502 -56.701 291.048 -13.131 330.8 5.52 336.254 -38.049 
206.844 -20.734 233.288 14.32 274.798 0.001 248.354 -35.052 
202.427 -77.839 200.651 -33.883 242.926 -45.754 244.699 -89.629 
161.245 -93.001 159.471 -49.127 200.65 -33.882 202.427 -77.838 
-62.841 74.79 -64.626 118.664 -23.451 133.92 -21.666 90.046 
-91.86 153.109 -50.686 168.366 -23.452 133.922 -64.626 118.665 
1.38 419.37 42.82 433.887 69.433 398.96 27.991 384.443 
42.823 433.887 67.811 469.994 94.429 435.071 69.441 398.964 
321.122 426.956 346.242 462.97 372.731 427.95 347.611 391.936 
347.641 391.912 372.738 427.943 414.761 415.209 389.664 379.178 
428.119 126.084 452.831 162.381 494.987 150.094 470.275 113.798 
429.461 82.193 428.117 126.082 470.273 113.798 471.618 69.909 
261.748 -92.782 261.052 -48.877 286.294 -12.949 286.991 -56.853 
161.245 -93.001 202.427 -77.839 244.699 -89.629 203.52 -104.873 
109.407 -53.223 106.677 -9.398 134.646 -43.248 137.376 -87.073 
-61.417 62.143 -18.955 73.325 21.971 57.413 -20.492 46.231 
-90.074 109.235 -91.86 153.109 -64.626 118.664 -62.841 74.79 
-93.729 177.049 -68.873 213.247 -27.488 227.922 -52.344 191.724 
-14.47 367.714 -15.27 411.616 11.182 376.569 11.982 332.666 
1.38 419.37 26.371 455.474 67.811 469.994 42.819 433.889 
91.252 478.866 133.088 465.529 159.094 430.149 117.259 443.486 
267.326 425.6 292.381 461.66 333.847 476.105 308.792 440.045 
346.242 462.97 388.26 450.221 414.761 415.209 372.742 427.958 
404.705 316.678 404.49 360.588 430.125 396.238 430.34 352.329 
434.517 213.009 476.599 200.472 503.276 165.594 461.193 178.131 
471.617 69.909 470.275 113.798 494.987 150.094 496.33 106.205 
375.105 47.576 416.568 62.03 458.608 49.352 417.145 34.898 
