157.34 229.79 150.613 273.181 193.96 266.171 200.687 222.779 
214.801 222.981 207.12 266.214 245.864 286.878 253.545 243.645 
218.795 211.413 257.897 231.392 288.98 200.378 249.879 180.399 
188.62 164.872 208.696 203.925 239.632 172.764 219.558 133.712 
134.788 178.181 153.881 217.723 197.388 211.784 178.295 172.242 
118.203 192.128 112.148 235.619 132.813 274.362 138.868 230.872 
159.154 292.94 199.33 310.66 242.249 301.381 202.073 283.661 
272.723 241.166 268.622 284.885 297.636 251.926 301.736 208.208 
235.504 120.352 254.926 159.732 293.787 180.175 274.365 140.795 
129.126 163.64 172.224 155.233 202.15 123.099 159.052 131.506 
54.465 122.963 91.075 147.209 125.447 119.883 88.837 95.638 
54.978 172.211 42.571 214.332 78.796 239.147 91.203 197.027 
2.357 256.553 39.436 280.073 73.263 252.076 36.183 228.556 
55.409 292.193 70.585 333.397 105.083 306.231 89.907 265.027 
122.794 346.41 160.395 369.089 193.583 340.337 155.982 317.658 
175.593 380.392 193.69 420.4 226.147 390.826 208.051 350.818 
222.549 340.624 240.037 380.901 283.747 376.714 266.259 336.438 
291.544 295.411 310.15 335.183 342.227 305.197 323.62 265.424 
338.726 253.986 357.054 293.888 400.667 288.788 382.338 248.886 
341.574 195.253 333.59 238.431 377.122 232.682 385.106 189.504 
296.542 118.868 314.312 159.021 357.992 154.528 340.222 114.375 
297.99 59.382 290.726 102.687 334.157 96.213 341.42 52.908 
246.475 37.322 237.415 80.287 275.477 102.18 284.537 59.215 
155.866 63.278 147.242 106.332 190.854 101.23 199.479 58.175 
105.152 39.374 94.469 81.965 131.674 105.286 142.357 62.695 
41.774 60.543 22.185 99.841 61.132 79.562 80.72 40.263 
-2.327 208.064 -4.645 251.913 23.003 217.801 25.321 173.952 
-3.912 287.067 10.745 328.459 46.932 353.33 32.275 311.939 
117.677 379.25 143.334 414.884 185.037 428.631 159.379 392.997 
217.005 433.772 260.713 429.558 293.595 400.458 249.887 404.672 
338.781 348.972 380.351 334.828 405.668 298.951 364.098 313.095 
416.498 186.063 405.266 228.512 421.131 269.456 432.363 227.007 
358.077 50.261 356.512 94.143 381.037 130.565 382.603 86.683 
256.303 2.3 289.869 30.609 333.664 33.782 300.098 5.473 
108.452 28.453 148.479 46.506 191.473 37.583 151.446 19.53 
61.037 -73.667 59.526 -29.783 100.795 -14.784 102.306 -58.669 
-19.124 2.843 -5.049 44.436 30.159 18.196 16.083 -23.397 
-48.568 50.281 -41.988 93.695 -11.147 124.95 -17.727 81.536 
-97.307 125.111 -75.845 163.418 -32.78 154.843 -54.242 116.536 
-101.083 209.18 -57.696 202.422 -26.569 171.452 -69.955 178.21 
-89.362 232.841 -105.889 273.522 -62.091 276.669 -45.565 235.988 
-76.088 318.289 -63.438 360.337 -19.538 361.299 -32.188 319.251 
-18.579 405.199 23.724 416.971 64.867 401.631 22.565 389.858 
40.058 437.86 37.923 481.718 80.295 470.195 82.429 426.337 
100.496 424.528 95.739 468.179 117.548 506.29 122.305 462.639 
151.434 456.897 144.86 500.312 184.119 519.98 190.693 476.565 
235.619 465.591 222.013 507.34 265.923 507.379 279.529 465.63 
321.663 434.224 321.622 478.134 347.464 442.635 347.506 398.725 
374.483 391.753 371.413 435.556 412.123 452.011 415.193 408.209 
377.255 378.629 418.325 394.163 460.683 382.588 419.612 367.055 
422.709 339.42 462.551 357.879 492.419 325.691 452.577 307.232 
471.965 221.406 457.638 262.913 492.687 289.365 507.013 247.858 
433.553 135.847 458.166 172.21 499.452 187.163 474.839 150.799 
436.009 111.3 476.713 127.769 504.955 94.146 464.25 77.677 
422.958 60.72 422.679 104.629 448.714 69.27 448.993 25.361 
384.45 7.199 401.899 47.492 434.829 18.445 417.379 -21.849 
305.833 -37.56 340.801 -11.001 376.864 -36.051 341.896 -62.609 
219.149 -27.642 260.856 -41.373 286.527 -76.997 244.819 -63.266 
173.034 -73.172 197.474 -36.693 224.615 -71.21 200.176 -107.689 
117.148 -72.145 138.466 -33.757 178.276 -15.23 156.958 -53.618 
123.96 -113.545 158.617 -86.582 194.97 -111.21 160.313 -138.173 
1.116 -142.568 3.209 -98.708 44.276 -114.252 42.182 -158.113 
-79.652 -116.8 -64.116 -75.73 -20.256 -77.814 -35.791 -118.884 
-104.901 -72.152 -99.668 -28.554 -56.588 -20.06 -61.821 -63.657 
-99.409 55.737 -109.343 98.508 -65.595 94.739 -55.661 51.968 
-134.527 148.402 -123.877 191.001 -86.654 167.708 -97.304 125.109 
-192.968 270.409 -186.256 313.803 -142.912 320.829 -149.623 277.435 
-196.128 390.075 -153.432 400.33 -130.485 362.892 -173.181 352.638 
-137.141 406.294 -132.964 450.005 -92.684 432.526 -96.859 388.815 
-19.427 425.102 -21.89 468.943 19.044 484.833 21.507 440.993 
39.548 486.559 59.778 525.532 103.094 518.335 82.864 479.363 
145.862 598.921 189.027 606.972 210.024 568.407 166.858 560.356 
228.075 608.434 255.01 643.112 279.667 606.779 252.733 572.101 
282.298 548.12 292.441 590.842 336.207 594.397 326.064 551.675 
341.351 486.117 382.685 500.937 409.551 466.206 368.218 451.386 
425.011 408.193 420.17 451.836 463.172 442.954 468.014 399.311 
524.375 355.806 554.087 388.137 575.655 349.888 545.943 317.557 
562.533 279.114 589.675 313.631 630.89 298.484 603.748 263.967 
567.848 205.0 550.858 245.49 594.617 249.136 611.606 208.646 
489.2 135.132 513.426 171.755 540.771 137.399 516.545 100.776 
475.44 21.34 468.503 64.698 507.596 84.695 514.533 41.336 
422.79 -76.917 454.019 -46.048 493.027 -66.208 461.799 -97.078 
395.583 -140.634 401.999 -97.196 441.329 -116.721 434.913 -160.16 
359.785 -173.274 334.494 -137.38 360.816 -102.234 386.108 -138.129 
217.234 -122.588 236.612 -83.186 280.075 -89.441 260.696 -128.843 
209.22 -191.27 203.182 -147.695 246.41 -155.403 252.437 -198.898 
169.707 -210.365 163.677 -166.871 203.179 -147.695 209.22 -191.27 
-172.76 45.481 -174.425 89.36 -133.208 104.502 -131.544 60.624 
-201.571 123.874 -160.357 139.026 -133.212 104.512 -174.425 89.36 
-49.135 528.885 -7.076 541.499 17.918 505.396 -24.141 492.782 
-6.567 541.845 18.456 577.928 45.04 542.979 20.018 506.897 
404.762 509.854 430.214 545.635 456.379 510.371 430.926 474.59 
431.975 473.854 456.615 510.199 498.796 497.997 474.156 461.651 
533.354 81.057 556.88 118.133 599.411 107.216 575.885 70.14 
536.146 37.194 533.341 81.014 575.883 70.14 578.688 26.32 
285.195 -209.933 281.703 -166.162 304.605 -128.698 308.097 -172.469 
169.706 -210.362 209.22 -191.271 252.437 -198.897 212.934 -218.07 
94.885 -174.099 78.461 -133.376 115.685 -156.668 132.108 -197.391 
-175.028 13.604 -133.097 26.641 -91.512 12.543 -133.442 -0.494 
-199.899 80.001 -201.564 123.88 -174.426 89.36 -172.761 45.481 
-197.3 162.761 -192.276 206.383 -162.571 238.721 -167.595 195.099 
-86.332 475.972 -90.426 519.691 -61.417 486.728 -57.324 443.009 
-49.134 528.884 -23.289 564.382 18.486 577.908 -7.361 542.41 
52.445 586.261 96.328 584.695 130.909 557.636 87.027 559.201 
346.085 525.197 368.498 562.955 408.826 580.327 386.412 542.569 
430.199 545.623 472.236 532.935 498.788 497.962 456.75 510.65 
510.215 386.348 500.261 429.115 517.347 469.565 527.3 426.798 
551.578 179.958 594.34 169.984 623.074 136.78 580.311 146.754 
578.656 26.316 575.886 70.139 599.405 107.22 602.174 63.397 
477.671 -25.072 513.773 -0.078 557.672 -1.078 521.569 -26.072 
