159.02 225.338 153.92 268.951 196.975 260.323 202.074 216.71 
212.111 216.833 206.553 260.39 246.261 279.136 251.819 235.579 
215.021 207.92 255.066 225.935 284.573 193.418 244.529 175.403 
185.866 164.558 207.771 202.615 237.196 170.022 215.292 131.966 
135.41 177.802 156.354 216.395 199.531 208.402 178.586 169.808 
122.824 188.045 118.447 231.736 140.588 269.656 144.965 225.965 
160.087 284.141 200.779 300.641 243.398 290.071 202.706 273.571 
267.307 233.789 264.518 277.611 292.531 243.797 295.32 199.976 
226.948 122.495 248.398 160.809 288.273 179.197 266.823 140.883 
131.421 167.083 174.219 157.261 203.07 124.159 160.272 133.981 
62.81 129.942 100.615 152.276 133.54 123.223 95.734 100.888 
60.662 170.491 51.408 213.414 89.371 235.48 98.625 192.556 
15.154 253.987 53.715 274.989 85.605 244.804 47.043 223.802 
66.444 284.313 84.164 324.489 116.898 295.222 99.179 255.046 
126.226 338.129 165.298 358.167 196.429 327.2 157.358 307.162 
176.765 366.46 197.086 405.386 227.826 374.031 207.506 335.106 
219.177 326.697 238.664 366.045 282.109 359.67 262.622 320.322 
285.226 287.094 306.204 325.669 336.408 293.797 315.43 255.222 
327.044 246.354 347.511 285.203 390.783 277.743 370.316 238.894 
329.421 190.604 323.022 234.045 366.314 226.707 372.714 183.266 
286.26 120.386 306.707 159.245 349.982 151.806 329.535 112.947 
287.892 65.812 282.559 109.397 325.659 101.002 330.992 57.417 
236.659 46.044 229.748 89.407 268.854 109.379 275.764 66.016 
154.238 67.551 148.379 111.068 191.577 103.192 197.436 59.675 
107.987 46.263 100.007 89.442 138.607 110.374 146.587 67.195 
54.298 71.552 39.745 112.98 75.87 88.019 90.424 46.591 
10.85 206.295 9.379 250.18 36.363 215.54 37.834 171.655 
9.894 277.748 27.783 317.849 65.826 339.776 47.936 299.675 
121.735 363.675 147.735 399.06 189.568 412.405 163.568 377.02 
215.214 416.089 258.589 409.25 289.659 378.223 246.285 385.062 
328.321 336.956 369.855 322.708 395.082 286.768 353.548 301.016 
395.183 181.548 387.183 224.723 406.09 264.355 414.089 221.179 
341.633 56.157 341.436 100.067 367.085 135.706 367.282 91.796 
244.311 17.254 280.406 42.26 324.305 41.274 288.21 16.268 
109.81 40.836 150.435 57.5 193.097 47.103 152.472 30.439 
71.907 -52.035 78.447 -8.614 121.764 -1.417 115.223 -44.837 
3.218 18.938 22.667 58.305 54.098 27.642 34.648 -11.726 
-20.333 49.418 -18.64 93.296 8.519 127.798 6.826 83.921 
-76.07 124.466 -53.343 162.037 -10.588 152.032 -33.315 114.461 
-73.52 211.888 -31.327 199.73 -4.338 165.094 -46.531 177.251 
-68.181 223.601 -80.223 265.827 -36.342 264.232 -24.3 222.005 
-56.427 303.279 -40.339 344.136 3.489 341.46 -12.599 300.603 
-7.712 383.917 34.182 397.071 75.806 383.089 33.913 369.934 
45.982 415.315 44.739 459.208 86.867 446.826 88.11 402.934 
103.847 400.501 102.57 444.393 127.336 480.652 128.613 436.761 
150.633 432.707 147.309 476.491 187.923 493.182 191.247 449.398 
228.391 441.128 218.419 483.891 262.17 480.161 272.143 437.398 
309.366 417.461 308.933 461.369 335.091 426.101 335.524 382.193 
355.615 378.141 354.009 422.021 395.246 437.108 396.852 393.228 
357.719 364.909 399.523 378.345 441.24 364.643 399.436 351.207 
401.945 330.139 443.0 345.712 470.499 311.478 429.443 295.905 
444.891 217.556 434.29 260.167 471.54 283.417 482.141 240.805 
414.343 139.321 438.72 175.843 479.908 191.062 455.532 154.54 
416.94 121.305 458.158 136.442 485.293 101.919 444.074 86.781 
402.209 71.705 404.201 115.569 428.373 78.911 426.38 35.046 
364.037 23.293 385.18 61.777 415.248 29.776 394.104 -8.708 
294.095 -15.965 331.23 7.468 364.991 -20.608 327.856 -44.041 
217.037 -11.433 259.081 -24.097 285.652 -59.055 243.608 -46.391 
176.619 -53.239 202.876 -18.044 228.234 -53.891 201.978 -89.086 
120.789 -49.242 145.163 -12.718 186.351 2.504 161.976 -34.02 
124.743 -88.194 161.87 -64.75 195.64 -92.815 158.513 -116.26 
6.615 -115.157 13.173 -71.739 52.439 -91.393 45.881 -134.811 
-61.7 -96.885 -42.893 -57.206 0.655 -62.832 -18.152 -102.51 
-84.799 -54.66 -76.206 -11.599 -32.597 -6.466 -41.19 -49.527 
-79.632 61.387 -85.156 104.948 -42.02 96.741 -36.495 53.18 
-114.956 155.496 -99.171 196.471 -65.08 168.797 -80.864 127.822 
-167.811 266.597 -156.912 309.133 -113.09 311.912 -123.989 269.376 
-170.546 375.048 -127.403 383.22 -106.298 344.715 -149.441 336.542 
-116.775 387.356 -107.364 430.246 -69.482 408.042 -78.892 365.152 
-9.289 403.263 -9.539 447.172 32.144 460.978 32.394 417.069 
47.559 466.395 69.862 504.218 112.727 494.695 90.423 456.871 
148.814 571.802 192.341 577.592 211.298 537.984 167.771 532.195 
219.631 581.095 247.505 615.024 271.159 578.031 243.287 544.102 
267.893 523.696 281.695 565.38 325.604 565.134 311.803 523.45 
325.696 468.994 367.463 482.544 393.256 447.009 351.489 433.458 
407.444 392.676 404.413 436.482 447.011 425.827 450.042 382.022 
500.72 343.333 531.7 374.451 551.723 335.372 520.743 304.253 
536.292 277.228 564.097 311.214 605.011 295.273 577.207 261.287 
538.93 206.552 525.401 248.326 569.311 248.283 582.84 206.509 
467.377 142.007 492.744 177.849 518.993 142.648 493.626 106.807 
452.047 29.81 447.59 73.493 487.758 91.231 492.215 47.548 
396.796 -67.078 428.194 -36.382 467.091 -56.758 435.692 -87.454 
385.688 -119.003 391.521 -75.482 431.11 -94.478 425.277 -137.999 
346.454 -148.756 325.302 -110.277 355.361 -78.269 376.514 -116.748 
214.626 -100.175 236.711 -62.223 279.63 -71.5 257.545 -109.452 
206.872 -166.963 201.863 -123.257 244.898 -131.982 249.898 -175.607 
166.919 -185.118 161.918 -141.494 201.862 -123.257 206.872 -166.963 
-150.083 52.985 -151.556 96.87 -110.274 111.833 -108.801 67.948 
-178.546 131.507 -137.265 146.472 -110.275 111.836 -151.556 96.87 
-37.164 504.963 4.406 519.101 30.699 483.933 -10.872 469.795 
4.441 519.125 29.637 555.088 56.053 520.013 30.858 484.05 
388.052 490.609 412.869 526.834 439.652 492.037 414.834 455.813 
414.894 455.77 439.66 492.03 481.798 479.68 457.032 443.421 
510.178 87.626 533.733 124.684 576.256 113.733 552.7 76.675 
512.911 43.791 510.175 87.616 552.7 76.675 555.436 32.85 
279.218 -184.995 277.099 -141.136 301.164 -104.408 303.283 -148.267 
166.919 -185.118 206.872 -166.963 249.898 -175.607 209.953 -193.843 
94.455 -147.868 79.512 -106.579 115.871 -131.199 130.814 -172.488 
-151.886 32.768 -108.432 39.081 -69.566 18.646 -113.02 12.333 
-177.07 87.623 -178.544 131.508 -151.556 96.87 -150.083 52.985 
-175.983 167.184 -166.456 210.049 -133.554 239.127 -143.081 196.263 
-69.816 451.949 -72.1 495.8 -44.478 461.666 -42.193 417.816 
-37.164 504.963 -11.9 540.876 29.649 555.081 4.384 519.167 
60.958 563.648 104.615 558.938 137.166 529.466 93.509 534.177 
328.74 503.249 352.366 540.261 393.235 556.317 369.609 519.305 
412.863 526.829 454.991 514.448 481.797 479.669 439.668 492.05 
487.979 370.39 480.494 413.657 499.871 453.061 507.356 409.794 
526.726 185.872 569.203 174.746 597.028 140.777 554.551 151.904 
555.426 32.85 552.7 76.675 576.256 113.733 578.981 69.907 
453.145 -15.121 490.308 8.266 534.121 5.343 496.958 -18.044 
