151.287 242.24 138.93 284.376 182.822 283.107 195.179 240.972 
220.347 241.761 206.444 283.412 241.76 309.505 255.663 267.854 
228.478 214.014 264.201 239.548 299.523 213.464 263.801 187.93 
196.169 157.49 209.74 199.251 245.263 173.439 231.693 131.679 
130.548 171.214 142.244 213.538 186.111 215.494 174.415 173.17 
98.796 207.193 86.406 249.319 101.144 290.682 113.534 248.556 
154.234 316.436 192.16 338.566 235.85 334.178 197.925 312.048 
294.268 257.058 285.487 300.081 317.879 270.435 326.66 227.412 
257.995 109.097 271.124 150.998 306.374 177.18 293.246 135.279 
117.081 139.794 160.991 139.571 196.384 113.581 152.474 113.804 
12.442 97.69 41.139 130.925 81.616 113.904 52.919 80.668 
43.639 174.764 21.474 212.669 50.675 245.463 72.84 207.557 
-27.774 284.071 5.648 312.549 43.061 289.562 9.638 261.084 
21.588 327.864 27.397 371.388 66.996 352.414 61.187 308.89 
109.942 361.569 142.15 391.414 180.487 370.004 148.279 340.159 
181.767 413.896 193.311 456.261 230.035 432.19 218.491 389.825 
238.775 377.991 249.956 420.453 293.796 422.94 282.615 380.477 
307.075 312.995 318.629 355.357 355.348 331.277 343.793 288.915 
373.015 261.644 385.08 303.864 428.961 305.438 416.897 263.217 
381.913 199.85 368.224 241.572 412.134 241.697 425.822 199.975 
324.316 109.122 333.854 151.983 377.566 156.156 368.027 113.294 
325.726 36.36 311.777 77.996 355.685 78.396 369.634 36.76 
272.153 4.463 253.114 44.031 284.862 74.365 303.901 34.797 
166.57 40.483 144.719 78.57 187.695 87.582 209.546 49.495 
80.994 18.211 63.432 58.456 96.28 87.595 113.842 47.35 
0.692 31.241 -26.7 65.56 15.633 53.896 43.024 19.577 
-47.839 230.136 -51.163 273.92 -22.739 240.451 -19.416 196.667 
-38.249 313.556 -32.413 357.076 -2.11 388.853 -7.947 345.333 
112.208 423.532 138.776 458.492 180.82 471.16 154.251 436.199 
224.08 475.694 267.866 478.993 305.227 455.924 261.441 452.626 
372.203 371.824 413.606 357.199 438.506 321.031 397.103 335.656 
469.396 197.202 450.029 236.61 457.524 279.876 476.892 240.468 
393.536 32.195 389.501 75.919 411.936 113.665 415.971 69.94 
287.712 -42.341 314.408 -7.478 356.497 5.036 329.802 -29.827 
83.512 -22.335 121.108 0.351 164.858 -3.394 127.262 -26.08 
31.944 -123.422 19.705 -81.252 56.029 -56.581 68.268 -98.751 
-54.975 -45.632 -64.168 -2.696 -20.491 -7.221 -11.299 -50.159 
-100.838 21.456 -91.367 64.333 -58.504 93.454 -67.974 50.577 
-133.557 115.891 -127.621 159.397 -84.409 167.196 -90.345 123.689 
-166.758 195.523 -126.781 213.688 -83.762 204.885 -123.739 186.72 
-132.006 257.286 -165.446 285.744 -128.047 308.753 -94.607 280.295 
-115.966 350.969 -118.75 394.79 -77.934 410.979 -75.149 367.158 
-56.896 449.521 -13.591 456.784 25.713 437.206 -17.592 429.943 
20.03 480.747 12.951 524.082 56.353 517.423 63.432 474.087 
98.159 475.178 79.528 514.94 87.827 558.059 106.458 518.297 
160.399 510.032 138.638 548.171 168.187 580.652 189.947 542.513 
255.534 521.135 231.161 557.66 273.43 569.553 297.803 533.029 
339.565 483.292 341.32 527.167 365.688 490.639 363.933 446.764 
408.585 427.081 400.985 470.328 439.767 490.921 447.367 447.674 
417.283 400.955 452.494 427.19 496.401 427.718 461.19 401.483 
469.643 351.992 500.928 382.803 539.899 362.571 508.614 331.759 
538.222 229.453 513.026 265.415 539.442 300.491 564.638 264.529 
480.255 136.082 505.406 172.075 546.91 186.411 521.759 150.418 
480.23 90.535 517.786 113.288 551.03 84.601 513.475 61.849 
472.443 33.458 459.537 75.429 494.648 49.06 507.554 7.09 
426.416 -39.832 427.256 4.069 468.749 -10.296 467.909 -54.198 
333.928 -101.31 357.246 -64.103 399.837 -74.784 376.519 -111.99 
228.534 -66.86 269.621 -82.351 293.754 -119.034 252.667 -103.543 
160.094 -125.312 170.345 -82.615 207.784 -105.557 197.535 -148.254 
106.023 -142.215 112.178 -98.738 142.713 -67.182 136.557 -110.659 
124.746 -178.698 149.93 -142.727 191.923 -155.563 166.739 -191.533 
-8.863 -208.358 -23.607 -166.998 20.285 -165.756 35.03 -207.117 
-110.931 -171.498 -103.522 -128.218 -60.071 -121.889 -67.479 -165.17 
-147.263 -114.12 -133.334 -72.478 -89.426 -72.857 -103.355 -114.499 
-161.823 33.746 -171.301 76.621 -127.596 72.386 -118.118 29.511 
-178.576 123.815 -184.667 167.301 -141.428 159.656 -135.336 116.171 
-248.568 266.699 -255.232 310.1 -216.015 329.85 -209.35 286.449 
-266.299 400.661 -226.801 419.846 -196.35 388.21 -235.847 369.026 
-191.25 431.823 -201.103 474.613 -157.362 470.76 -147.509 427.97 
-55.476 469.963 -65.923 512.612 -28.589 535.727 -18.142 493.078 
13.289 526.0 26.288 567.942 70.194 568.54 57.195 526.598 
125.81 655.76 166.429 672.439 194.843 638.962 154.224 622.283 
223.894 671.888 246.005 709.824 275.252 677.072 253.141 639.136 
297.865 606.036 295.712 649.893 336.758 665.492 338.911 621.636 
366.632 534.539 405.743 554.498 436.811 523.469 397.7 503.509 
458.259 449.474 445.711 491.553 489.608 490.484 502.156 448.405 
574.438 389.685 597.842 426.838 625.945 393.099 602.541 355.946 
618.199 299.138 641.757 336.195 684.279 325.241 660.721 288.185 
633.63 217.467 606.784 252.214 648.128 267.008 674.973 232.26 
542.706 127.715 562.443 166.939 593.649 136.048 573.912 96.823 
537.179 8.123 520.925 48.914 554.696 76.978 570.95 36.187 
478.583 -116.962 503.064 -80.509 545.297 -92.527 520.817 -128.98 
430.112 -188.098 433.042 -144.286 473.804 -160.611 470.874 -204.423 
398.169 -224.872 365.71 -195.3 383.804 -155.292 416.263 -184.864 
228.752 -179.408 239.965 -136.955 283.807 -134.501 272.593 -176.955 
227.825 -252.463 215.086 -210.356 258.987 -211.25 271.702 -253.279 
193.287 -284.353 173.33 -245.241 204.362 -214.174 224.356 -253.36 
-212.946 10.276 -222.827 53.06 -185.19 75.678 -175.309 32.894 
-259.751 79.437 -224.838 106.068 -188.722 81.093 -223.635 54.462 
-93.568 564.457 -50.642 573.697 -28.589 535.727 -71.516 526.487 
-45.442 576.273 -28.063 616.598 4.918 587.61 -12.46 547.285 
421.278 564.54 448.258 599.183 472.868 562.817 445.887 528.174 
457.502 520.438 475.721 560.391 519.348 555.41 501.129 515.458 
592.765 78.05 612.865 117.09 656.205 110.037 636.105 70.997 
601.602 31.665 592.273 74.573 635.964 70.185 645.292 27.278 
319.705 -265.154 304.418 -223.991 316.245 -181.704 331.532 -222.867 
193.759 -284.946 227.834 -257.292 271.648 -254.793 237.602 -282.523 
95.225 -239.427 78.176 -198.962 115.754 -221.677 132.804 -262.142 
-205.493 -57.333 -181.612 -20.485 -140.632 -4.712 -164.514 -41.56 
-247.572 37.259 -259.742 79.449 -225.097 52.47 -212.928 10.28 
-246.75 144.12 -252.469 187.656 -231.506 226.24 -225.787 182.703 
-137.378 509.857 -152.915 550.927 -116.206 526.833 -100.669 485.764 
-93.675 564.97 -69.205 601.429 -27.978 616.542 -52.449 580.083 
18.54 629.354 61.638 637.76 101.446 619.23 58.348 610.823 
368.809 578.246 382.783 619.873 418.557 645.335 404.583 603.708 
448.249 599.177 490.913 588.791 519.325 555.311 476.661 565.697 
554.903 436.018 536.431 475.854 544.901 518.939 563.373 479.104 
606.308 178.094 650.199 176.804 684.95 149.962 641.058 151.252 
645.193 27.258 637.23 70.44 656.17 110.055 664.133 66.873 
542.452 -48.709 573.044 -17.21 616.309 -9.709 585.716 -41.208 
