152.752 240.861 141.572 283.324 185.411 280.836 196.592 238.373 
220.064 238.813 207.535 280.897 243.687 305.818 256.217 263.734 
227.574 213.968 263.973 238.529 298.579 211.501 262.18 186.94 
195.539 158.9 210.109 200.322 245.001 173.665 230.431 132.243 
131.435 173.087 144.61 214.974 188.518 215.388 175.343 173.501 
101.714 205.591 90.537 248.054 106.454 288.978 117.631 246.515 
156.277 313.688 194.749 334.853 238.315 329.362 199.842 308.197 
291.406 254.821 283.629 298.037 315.322 267.646 323.099 224.43 
254.744 111.478 269.147 152.959 305.181 178.051 290.778 136.571 
118.871 144.144 162.742 142.299 197.151 115.02 153.279 116.865 
18.554 99.823 48.92 131.54 88.469 112.461 58.102 80.744 
45.199 175.292 24.888 214.222 55.637 245.569 75.948 206.639 
-24.49 278.64 8.976 307.067 46.353 284.023 12.887 255.596 
25.777 322.814 33.222 366.089 72.078 345.636 64.633 302.361 
113.414 360.449 146.712 389.073 184.225 366.25 150.927 337.626 
180.596 410.01 193.139 452.091 229.284 427.159 216.742 385.078 
236.204 373.221 248.537 415.363 292.428 416.656 280.095 374.514 
305.278 310.391 318.033 352.407 354.052 327.292 341.296 285.276 
368.225 261.572 381.242 303.508 425.148 304.088 412.132 262.151 
375.769 200.185 363.224 242.265 407.121 241.193 419.666 199.113 
320.3 111.05 331.264 153.569 375.091 156.281 364.127 113.762 
322.45 40.956 309.532 82.923 353.437 82.24 366.354 40.273 
269.219 10.886 252.191 51.36 285.422 80.062 302.45 39.588 
164.823 45.512 145.431 84.908 188.892 91.177 208.283 51.781 
84.62 22.029 67.545 62.483 100.744 91.223 117.818 50.768 
9.418 33.941 -17.411 68.701 24.726 56.349 51.555 21.589 
-41.268 225.201 -44.608 268.984 -16.172 235.526 -12.831 191.743 
-34.737 311.22 -27.776 354.574 3.338 385.557 -3.623 342.202 
113.039 417.255 139.127 452.576 180.993 465.817 154.905 430.497 
223.615 470.701 267.475 472.811 304.197 448.738 260.338 446.628 
367.16 369.201 408.634 354.78 433.712 318.735 392.237 333.156 
462.274 195.661 444.068 235.618 452.825 278.646 471.032 238.689 
388.895 36.195 385.171 79.947 407.874 117.532 411.598 73.78 
283.82 -35.047 311.501 -0.96 353.93 10.346 326.25 -23.741 
87.656 -15.87 125.593 6.24 169.281 1.829 131.344 -20.281 
37.708 -117.269 24.137 -75.508 59.659 -49.697 73.23 -91.458 
-50.896 -39.92 -59.729 3.092 -16.092 -1.799 -7.26 -44.811 
-94.056 30.473 -82.893 72.941 -48.901 100.736 -60.064 58.269 
-131.304 117.163 -121.899 160.054 -78.2 164.362 -87.606 121.471 
-159.398 197.03 -117.829 211.176 -75.885 198.187 -117.454 184.04 
-126.536 254.215 -158.538 284.28 -120.054 305.426 -88.052 275.36 
-112.647 348.706 -112.895 392.615 -71.211 406.419 -70.963 362.51 
-51.633 445.723 -8.429 453.568 31.135 434.521 -12.069 426.676 
24.253 477.889 18.793 521.458 61.918 513.187 67.378 469.618 
98.854 470.075 82.518 510.834 93.259 553.41 109.595 512.652 
159.577 504.15 140.597 543.746 172.39 574.034 191.37 534.438 
254.226 514.674 231.505 552.249 274.262 562.247 296.983 524.672 
338.907 475.631 340.589 519.509 365.018 483.023 363.337 439.145 
404.854 422.323 398.278 465.738 437.536 485.408 444.112 441.993 
412.329 398.535 448.757 423.052 492.639 421.475 456.211 396.958 
463.461 351.031 496.631 379.804 534.246 357.15 501.076 328.377 
529.761 228.235 506.043 265.189 533.859 299.165 557.577 262.211 
473.636 135.264 498.782 171.262 540.283 185.604 515.138 149.607 
474.529 94.021 512.837 115.481 545.086 85.679 506.777 64.219 
465.637 38.035 454.971 80.63 488.637 52.439 499.302 9.844 
421.169 -32.301 425.153 11.428 465.511 -5.874 461.526 -49.604 
330.344 -92.386 355.559 -56.437 397.539 -69.31 372.324 -105.258 
226.258 -60.102 267.294 -75.728 291.307 -112.49 250.271 -96.864 
162.564 -118.283 175.337 -76.271 211.344 -101.402 198.572 -143.413 
108.452 -133.073 117.117 -90.026 149.429 -60.294 140.764 -103.341 
125.955 -169.955 152.326 -134.846 193.866 -149.077 167.495 -184.186 
-7.378 -199.896 -19.718 -157.755 24.173 -159.041 36.513 -201.181 
-106.822 -165.133 -100.973 -121.614 -57.777 -113.729 -63.626 -157.248 
-145.014 -105.926 -130.771 -64.39 -86.867 -65.102 -101.111 -106.637 
-147.361 37.954 -157.334 80.717 -113.583 76.987 -103.61 34.225 
-174.009 128.07 -176.816 171.89 -134.273 161.019 -131.465 117.199 
-242.203 269.964 -247.23 313.586 -207.298 331.847 -202.27 288.226 
-257.469 403.179 -217.316 420.952 -188.006 388.256 -228.159 370.484 
-184.224 432.002 -192.598 475.106 -149.016 469.75 -140.641 426.647 
-49.925 467.928 -59.513 510.778 -21.723 533.139 -12.134 490.288 
18.92 522.092 32.81 563.747 76.719 563.409 62.829 521.754 
130.714 649.91 171.853 665.261 199.166 630.878 158.026 615.528 
227.164 664.702 250.197 702.087 278.633 668.629 255.602 631.245 
298.182 599.068 297.914 642.977 339.591 656.801 339.86 612.892 
364.279 526.926 403.758 546.148 434.239 514.542 394.76 495.319 
454.621 443.447 443.395 485.897 487.237 483.457 498.464 441.006 
568.546 384.566 593.072 420.988 620.133 386.407 595.607 349.985 
611.445 295.333 635.65 331.97 677.973 320.272 653.769 283.635 
625.359 214.54 599.829 250.266 641.696 263.506 667.225 227.78 
534.865 128.383 555.363 167.216 585.961 135.722 565.464 96.889 
528.412 9.992 513.647 51.345 548.413 78.167 563.178 36.814 
471.51 -111.0 497.113 -75.326 538.953 -88.653 513.349 -124.326 
425.107 -181.861 428.505 -138.082 469.091 -154.842 465.693 -198.621 
392.976 -218.346 361.235 -188.005 380.282 -148.441 412.024 -178.782 
227.489 -169.66 239.464 -127.415 283.342 -125.75 271.367 -167.995 
224.105 -244.092 211.874 -201.834 255.761 -203.258 267.969 -245.436 
188.828 -272.104 172.946 -231.167 206.973 -203.412 222.884 -244.426 
-209.112 17.947 -217.025 61.138 -178.394 82.011 -170.48 38.821 
-250.626 90.41 -213.093 113.199 -179.82 84.546 -217.353 61.756 
-86.012 563.376 -42.882 571.611 -21.722 533.136 -64.853 524.901 
-38.049 573.896 -19.108 613.511 12.715 583.255 -6.226 543.64 
421.528 556.572 448.535 591.194 473.117 554.809 446.109 520.187 
455.472 513.773 475.39 552.906 518.762 546.057 498.845 506.924 
584.136 77.346 605.008 115.978 648.2 108.066 627.328 69.433 
591.042 32.251 583.83 75.565 627.252 69.039 634.464 25.725 
313.727 -258.08 300.687 -216.151 314.783 -174.565 327.822 -216.494 
188.815 -272.087 224.088 -245.978 267.97 -245.433 232.722 -271.619 
96.961 -231.084 79.208 -190.923 117.177 -212.979 134.93 -253.141 
-206.723 -42.684 -176.199 -11.119 -132.951 -3.524 -163.475 -35.089 
-241.63 47.439 -250.617 90.42 -218.083 60.931 -209.096 17.95 
-239.498 148.283 -244.8 191.872 -223.468 230.252 -218.167 186.663 
-129.809 509.235 -143.706 550.888 -107.981 525.358 -94.084 483.705 
-86.059 563.627 -60.641 599.432 -19.031 613.458 -44.45 577.653 
25.156 625.366 68.507 632.352 107.685 612.524 64.335 605.537 
367.971 571.592 383.767 612.562 420.628 636.423 404.832 595.453 
448.521 591.185 490.977 579.979 518.738 545.958 476.282 557.164 
549.753 428.167 532.623 468.598 542.529 511.376 559.659 470.946 
599.411 177.522 643.212 174.424 676.827 146.173 633.027 149.271 
634.38 25.711 627.885 69.138 648.157 108.089 654.652 64.662 
533.472 -45.086 564.906 -14.427 608.358 -8.101 576.924 -38.759 
