159.879 222.31 156.606 266.097 199.262 255.678 202.535 211.891 
212.331 211.418 209.529 255.238 250.339 271.444 253.141 227.624 
214.412 203.692 255.589 218.942 282.815 184.492 241.638 169.243 
183.508 162.49 207.597 199.202 235.068 164.947 210.98 128.235 
134.701 177.249 157.407 214.832 200.168 204.851 177.461 167.268 
124.237 186.061 121.612 229.893 145.253 266.896 147.877 223.065 
164.227 282.145 205.469 297.217 247.694 285.168 206.451 270.097 
267.511 225.646 266.225 269.537 293.063 234.785 294.349 190.893 
220.782 119.637 244.51 156.584 285.423 172.527 261.696 135.58 
131.042 168.133 173.366 156.439 200.734 122.101 158.409 133.795 
69.944 137.044 109.29 156.538 139.988 125.142 100.643 105.648 
67.453 169.866 62.132 213.452 101.941 231.982 107.262 188.395 
28.981 255.546 68.803 274.047 98.704 241.89 58.881 223.39 
74.892 278.783 94.994 317.821 125.91 286.64 105.808 247.601 
132.898 329.989 173.391 346.972 202.056 313.71 161.564 296.726 
180.854 352.161 202.971 390.094 232.213 357.338 210.098 319.405 
215.951 315.509 237.273 353.895 280.369 345.477 259.047 307.092 
279.149 276.429 302.465 313.637 330.647 279.963 307.329 242.755 
314.274 237.719 336.452 275.617 379.348 266.236 357.17 228.338 
317.066 187.32 312.294 230.97 355.282 222.02 360.054 178.37 
274.964 122.999 297.877 160.456 340.582 150.239 317.669 112.782 
276.361 72.011 272.602 115.759 315.371 105.816 319.131 62.067 
228.951 54.156 224.388 97.828 264.513 115.663 269.076 71.991 
154.121 74.212 150.939 118.006 193.573 107.499 196.755 63.704 
108.508 55.556 103.086 99.13 142.852 117.752 148.274 74.178 
67.065 84.533 57.689 127.43 90.489 98.236 99.865 55.339 
21.952 207.414 21.871 251.324 47.746 215.848 47.828 171.938 
25.519 266.668 46.403 305.294 86.002 324.267 65.118 285.642 
129.482 347.008 156.323 381.76 198.464 394.098 171.623 359.347 
210.72 395.627 253.672 386.503 283.057 353.875 240.105 362.999 
314.673 320.864 356.037 306.13 380.841 269.896 339.477 284.631 
371.124 178.282 365.939 221.885 387.374 260.208 392.559 216.605 
324.029 61.674 325.094 105.571 351.757 140.458 350.692 96.561 
234.239 37.491 272.611 58.838 316.202 53.552 277.83 32.206 
109.671 51.758 151.033 66.498 193.16 54.112 151.798 39.371 
78.849 -20.628 94.359 20.452 138.22 18.396 122.711 -22.684 
25.365 38.424 48.844 75.529 76.878 41.733 53.398 4.627 
11.2 52.926 8.018 96.72 31.184 134.022 34.366 90.227 
-50.287 126.787 -25.558 163.071 16.592 150.764 -8.137 114.48 
-41.54 215.349 -0.365 200.093 23.978 163.549 -17.196 178.805 
-40.222 218.518 -47.052 261.894 -3.688 254.985 3.141 211.61 
-33.798 286.949 -14.832 326.551 28.693 320.751 9.727 281.148 
5.359 357.947 46.883 372.224 88.869 359.367 47.344 345.09 
55.312 387.687 55.426 431.597 97.152 417.919 97.037 374.009 
113.929 370.309 114.689 414.213 141.109 449.285 140.35 405.382 
155.416 402.757 155.301 446.667 197.027 460.345 197.142 416.435 
219.55 414.141 212.671 457.508 256.042 450.65 262.922 407.282 
292.088 396.845 291.348 440.749 317.752 405.665 318.492 361.761 
332.58 359.462 332.513 403.372 374.253 417.005 374.32 373.095 
334.303 344.287 376.405 356.756 417.796 342.097 375.694 329.628 
377.489 313.678 419.491 326.484 444.649 290.496 402.648 277.689 
414.859 214.548 407.609 257.855 446.557 278.133 453.807 234.826 
390.436 146.943 414.719 183.528 455.868 198.853 431.585 162.268 
392.669 134.721 434.313 148.644 460.424 113.34 418.779 99.417 
377.184 85.446 379.995 129.266 403.478 92.163 400.667 48.343 
339.872 42.285 364.54 78.61 391.465 43.923 366.796 7.598 
283.111 9.891 321.718 30.809 353.542 0.555 314.935 -20.363 
214.876 11.459 257.298 0.125 284.956 -33.98 242.534 -22.646 
178.071 -27.778 205.315 6.659 229.647 -29.892 202.404 -64.329 
122.841 -22.789 150.258 11.509 192.6 23.142 165.182 -11.156 
125.198 -56.8 164.39 -36.998 195.333 -68.153 156.142 -87.954 
14.158 -82.086 23.055 -39.086 61.2 -60.835 52.304 -103.834 
-37.33 -77.518 -21.641 -36.506 22.211 -38.754 6.522 -79.766 
-64.149 -24.943 -40.691 12.175 1.86 1.335 -21.599 -35.784 
-54.758 69.857 -56.445 113.734 -14.194 101.78 -12.506 57.902 
-88.244 163.122 -68.65 202.419 -37.333 171.64 -56.926 132.345 
-134.779 263.461 -122.223 305.538 -78.326 306.599 -90.882 264.522 
-142.611 353.037 -99.466 361.198 -78.371 322.687 -121.516 314.525 
-92.238 364.349 -77.764 405.806 -42.81 379.23 -57.283 337.774 
3.213 376.802 4.816 420.683 47.044 432.719 45.441 388.838 
59.522 440.548 83.288 477.471 125.748 466.278 101.982 429.356 
158.544 539.282 201.992 545.64 221.465 506.284 178.017 499.926 
206.401 547.53 233.641 581.97 257.977 545.421 230.738 510.981 
250.416 494.198 267.807 534.517 311.527 530.436 294.136 490.117 
305.783 447.911 347.882 460.393 372.761 424.211 330.662 411.73 
385.713 372.077 383.89 415.949 426.178 404.125 428.001 360.253 
474.787 322.429 505.189 354.113 525.928 315.409 495.526 283.725 
502.438 276.986 529.452 311.602 570.723 296.607 543.708 261.991 
502.965 211.163 493.31 253.998 537.033 249.944 546.688 207.109 
440.997 152.719 467.197 187.956 492.614 152.15 466.415 116.913 
424.364 43.067 421.688 86.895 462.544 102.984 465.22 59.156 
373.429 -47.32 403.97 -15.771 443.413 -35.068 412.872 -66.617 
368.763 -93.628 372.277 -49.859 412.818 -66.726 409.304 -110.496 
325.832 -118.683 311.554 -77.159 346.634 -50.748 360.911 -92.272 
211.136 -72.228 235.96 -36.009 278.078 -48.426 253.254 -84.645 
203.408 -136.708 199.778 -92.866 242.516 -102.942 246.14 -146.702 
162.902 -153.597 159.278 -109.837 199.776 -92.867 203.408 -136.709 
-119.872 60.354 -122.03 104.211 -80.986 119.815 -78.829 75.958 
-149.556 138.424 -108.512 154.029 -80.987 119.816 -122.031 104.211 
-23.152 475.336 18.114 490.342 45.137 455.732 3.87 440.726 
18.114 490.342 42.68 526.737 69.703 492.127 45.137 455.732 
366.028 467.602 390.462 504.085 417.609 469.572 393.174 433.089 
393.175 433.088 417.61 469.572 459.858 457.607 435.423 421.124 
482.021 99.726 505.569 136.788 548.094 125.845 524.546 88.783 
484.756 55.9 482.021 99.724 524.546 88.782 527.28 44.958 
270.621 -153.982 270.356 -110.073 295.95 -74.393 296.215 -118.303 
162.903 -153.596 203.408 -136.708 246.14 -146.702 205.642 -163.672 
95.333 -115.158 83.453 -72.885 117.911 -100.101 129.792 -142.373 
-120.654 46.864 -76.949 51.097 -39.102 28.833 -82.807 24.599 
-147.397 94.566 -149.555 138.423 -122.03 104.211 -119.872 60.354 
-148.275 172.655 -134.006 214.182 -98.053 239.391 -112.323 197.864 
-50.763 422.413 -51.916 466.307 -25.183 431.473 -24.031 387.578 
-23.152 475.336 1.413 511.732 42.68 526.737 18.114 490.342 
73.338 535.887 116.601 528.374 147.185 496.867 103.922 504.38 
307.092 476.649 331.533 513.127 372.749 528.272 348.307 491.794 
390.462 504.085 432.711 492.12 459.858 457.607 417.609 469.572 
461.461 350.112 456.414 393.731 477.969 431.987 483.016 388.368 
495.278 195.98 537.555 184.114 564.783 149.665 522.507 161.531 
527.28 44.958 524.546 88.783 548.094 125.845 550.828 82.02 
425.46 5.005 464.463 25.175 507.873 18.568 468.87 -1.603 
