149.053 242.315 135.197 283.982 179.107 284.283 192.962 242.616 
220.818 243.703 205.266 284.767 239.514 312.247 255.066 271.183 
229.62 213.748 264.596 240.296 300.651 215.235 265.675 188.688 
197.004 155.791 209.587 197.86 245.708 172.893 233.126 130.824 
129.833 169.161 139.993 211.879 183.76 215.418 173.601 172.699 
96.443 206.268 82.83 248.015 96.356 289.79 109.969 248.044 
151.938 318.779 189.219 341.978 233.017 338.833 195.735 315.634 
296.759 258.972 286.638 301.7 319.94 273.081 330.061 230.353 
261.473 106.314 273.272 148.609 307.679 175.891 295.88 133.596 
115.103 134.616 158.981 136.32 195.479 111.908 151.602 110.204 
8.19 94.019 35.099 128.718 76.415 113.849 49.506 79.15 
41.089 172.217 16.96 208.904 44.395 243.188 68.524 206.502 
-32.002 286.29 1.734 314.396 38.889 290.995 5.153 262.89 
18.342 329.802 22.832 373.482 62.987 355.714 58.497 312.034 
106.256 363.193 137.39 394.156 176.46 374.114 145.325 343.15 
182.342 417.628 193.124 460.194 230.274 436.787 219.494 394.221 
241.094 381.994 251.043 424.762 294.793 428.515 284.844 385.747 
308.879 315.574 319.1 358.278 356.555 335.361 346.334 292.657 
377.464 261.834 388.675 304.289 432.517 306.746 421.305 264.291 
387.745 199.269 372.771 240.547 416.656 242.032 431.63 200.754 
328.39 107.218 336.455 150.38 379.998 156.048 371.933 112.885 
328.228 31.451 313.371 72.771 357.26 74.133 372.117 32.813 
274.367 -2.171 253.307 36.359 283.442 68.295 304.503 29.766 
168.365 34.909 144.03 71.458 186.311 83.308 210.646 46.759 
77.928 13.643 60.384 53.896 93.246 83.02 110.79 42.767 
-5.709 26.964 -34.244 60.338 8.458 50.11 36.993 16.735 
-54.126 232.2 -57.392 275.988 -29.012 242.482 -25.746 198.694 
-42.17 315.065 -37.263 358.7 -7.644 391.116 -12.552 347.481 
111.204 429.404 138.346 463.92 180.593 475.891 153.451 441.374 
224.495 480.314 268.186 484.693 306.106 462.555 262.415 458.176 
376.927 374.26 418.25 359.411 442.953 323.108 401.63 337.957 
476.282 198.637 455.746 237.449 461.945 280.919 482.481 242.107 
397.799 27.476 393.484 71.174 415.676 109.062 419.992 65.365 
290.887 -49.846 316.586 -14.241 358.304 -0.541 332.606 -36.146 
80.273 -28.666 117.503 -5.384 161.307 -8.43 124.078 -31.713 
26.35 -128.786 15.501 -86.237 52.615 -62.77 63.464 -105.319 
-59.215 -51.256 -69.062 -8.464 -25.321 -12.323 -15.475 -55.115 
-106.619 14.283 -99.617 57.631 -68.472 88.585 -75.475 45.237 
-136.237 113.456 -133.605 157.287 -91.106 168.328 -93.738 124.497 
-173.872 192.87 -135.867 214.862 -92.193 210.314 -130.199 188.322 
-137.794 258.73 -171.755 286.564 -134.788 310.262 -100.827 282.428 
-119.947 351.588 -124.543 395.256 -84.431 413.121 -79.836 369.452 
-63.339 451.633 -19.988 458.616 19.189 438.783 -24.163 431.801 
15.897 482.569 7.009 525.571 50.652 520.735 59.54 477.734 
97.357 479.669 76.424 518.268 82.176 561.799 103.11 523.201 
160.891 515.133 136.538 551.671 163.763 586.123 188.116 549.585 
256.0 526.879 230.127 562.356 271.863 576.0 297.737 540.522 
339.596 490.952 341.276 534.83 365.707 498.345 364.028 454.467 
412.039 431.382 403.16 474.385 441.315 496.118 450.194 453.115 
421.992 403.161 455.946 431.004 499.781 433.572 465.827 405.729 
475.485 352.6 504.726 385.358 544.917 367.672 515.676 334.914 
546.014 230.788 519.471 265.767 544.536 301.821 571.079 266.841 
486.921 137.136 512.04 173.153 553.531 187.526 528.412 151.51 
485.302 86.654 522.014 110.744 556.27 83.273 519.558 59.183 
478.662 28.604 463.67 69.875 500.058 45.299 515.05 4.027 
431.337 -47.033 429.242 -3.173 471.603 -14.735 473.697 -58.595 
337.506 -109.142 359.291 -71.017 402.282 -79.954 380.497 -118.079 
231.43 -74.631 272.642 -89.786 297.075 -126.27 255.863 -111.115 
157.809 -131.856 165.209 -88.573 204.085 -108.987 196.686 -152.269 
103.386 -150.688 107.343 -106.956 136.249 -73.902 132.292 -117.634 
122.379 -186.023 147.288 -149.862 189.377 -162.377 164.468 -198.538 
-11.432 -215.628 -28.972 -175.373 14.733 -171.131 32.272 -211.386 
-116.459 -177.243 -107.375 -134.283 -63.71 -129.647 -72.794 -172.607 
-150.419 -121.232 -138.107 -79.083 -94.217 -77.768 -106.529 -119.917 
-175.476 30.059 -186.668 72.519 -142.828 70.043 -131.636 27.583 
-183.907 119.52 -192.019 162.674 -148.471 157.053 -140.358 113.9 
-254.126 263.118 -262.257 306.269 -223.731 327.336 -215.6 284.186 
-274.1 397.648 -235.185 417.987 -203.815 387.261 -242.731 366.922 
-197.658 430.737 -208.565 473.271 -164.743 470.5 -153.835 427.967 
-61.867 471.814 -72.618 514.388 -35.45 537.769 -24.699 495.196 
7.499 528.852 19.49 571.093 63.369 572.743 51.378 530.501 
120.518 660.382 160.597 678.32 190.043 645.746 149.964 627.808 
220.11 677.746 241.248 716.233 271.319 684.237 250.182 645.749 
296.789 612.149 292.904 655.887 333.301 673.096 337.186 629.359 
368.635 542.157 407.377 562.825 439.004 532.365 400.262 511.698 
461.61 455.276 447.808 496.96 491.718 497.205 505.519 455.521 
579.761 394.393 602.048 432.226 631.144 399.339 608.856 361.505 
624.396 302.84 647.306 340.3 690.012 330.088 667.102 292.628 
641.135 220.314 613.103 254.112 653.909 270.328 681.941 236.53 
550.729 126.832 569.711 166.427 601.503 136.138 582.52 96.543 
545.194 5.88 527.592 46.108 560.412 75.28 578.014 35.052 
484.927 -122.585 508.412 -85.483 550.955 -96.354 527.47 -133.456 
434.824 -193.813 437.419 -149.98 478.305 -165.993 475.71 -209.826 
402.973 -230.762 369.993 -201.772 387.373 -161.448 420.353 -190.438 
229.862 -190.494 240.373 -147.862 284.168 -144.685 273.657 -187.318 
231.993 -259.917 219.477 -217.743 263.372 -218.87 275.865 -260.965 
193.446 -294.332 171.291 -256.422 200.5 -223.635 222.697 -261.617 
-217.256 4.06 -229.767 46.15 -193.603 71.055 -181.092 28.965 
-269.637 69.205 -237.731 99.373 -199.18 78.351 -231.086 48.183 
-101.168 564.766 -58.503 575.141 -35.45 537.769 -78.117 527.394 
-53.306 577.884 -37.59 618.885 -3.452 591.269 -19.168 550.267 
420.443 572.159 447.228 606.953 472.042 570.726 445.256 535.932 
459.367 526.896 475.551 567.715 519.373 564.938 503.189 524.118 
601.257 78.997 620.593 118.421 664.062 112.214 644.726 72.79 
612.678 30.508 600.581 72.719 644.464 71.18 656.561 28.969 
325.851 -271.465 308.201 -231.258 317.554 -188.357 335.204 -228.563 
197.483 -300.041 231.184 -271.932 274.96 -268.845 241.289 -297.03 
92.208 -246.346 75.802 -205.616 113.015 -228.923 129.422 -269.653 
-204.684 -68.692 -187.54 -28.267 -149.909 -5.64 -167.053 -46.065 
-254.132 28.132 -269.631 69.215 -232.943 45.088 -217.444 4.004 
-254.161 140.093 -259.611 183.664 -238.41 222.117 -232.96 178.547 
-144.284 509.352 -161.38 549.797 -123.777 527.124 -106.681 486.679 
-101.168 564.764 -78.128 602.143 -37.516 618.841 -60.557 581.461 
11.625 632.51 54.46 642.166 94.79 624.799 51.955 615.144 
369.003 584.168 380.995 626.408 415.525 653.532 403.533 611.292 
447.225 606.951 490.131 597.612 519.353 564.837 476.447 574.177 
559.627 443.561 539.926 482.803 547.054 526.131 566.755 486.889 
612.651 178.61 656.557 179.202 692.427 153.875 648.521 153.282 
656.463 28.946 646.869 71.795 664.293 112.1 673.887 69.251 
550.407 -52.447 580.394 -20.371 623.507 -12.046 593.521 -44.122 
