152.682 240.948 141.446 283.396 185.289 280.965 196.525 238.517 
220.083 238.969 207.491 281.035 243.607 306.01 256.199 263.944 
227.625 213.975 263.991 238.583 298.633 211.6 262.266 186.992 
195.573 158.828 210.09 200.269 245.016 173.656 230.5 132.216 
131.385 172.998 144.486 214.908 188.394 215.399 175.292 173.489 
101.552 205.703 90.313 248.15 106.17 289.097 117.409 246.65 
156.191 313.849 194.638 335.06 238.21 329.621 199.763 308.41 
291.562 254.937 283.738 298.144 315.464 267.787 323.287 224.58 
254.908 111.365 269.25 152.866 305.247 178.011 290.905 136.51 
118.771 143.928 162.646 142.163 197.103 114.945 153.229 116.711 
18.199 99.698 48.48 131.497 88.08 112.525 57.8 80.726 
45.146 175.28 24.741 214.161 55.414 245.582 75.818 206.701 
-24.646 278.963 8.807 307.404 46.195 284.377 12.742 255.935 
25.539 323.126 32.895 366.416 71.793 346.043 64.437 302.753 
113.254 360.502 146.498 389.19 184.054 366.438 150.811 337.751 
180.684 410.219 193.172 452.316 229.349 427.43 216.862 385.334 
236.35 373.492 248.627 415.65 292.516 417.002 280.24 374.843 
305.376 310.522 318.073 352.556 354.126 327.492 341.429 285.457 
368.479 261.58 381.447 303.532 425.352 304.164 412.385 262.212 
376.089 200.177 363.489 242.24 407.387 241.226 419.987 199.162 
320.505 110.955 331.398 153.492 375.22 156.276 364.327 113.739 
322.628 40.729 309.656 82.679 353.562 82.053 366.534 40.102 
269.381 10.565 252.253 50.996 285.412 79.78 302.541 39.349 
164.908 45.271 145.392 84.605 188.832 91.011 208.349 51.677 
84.416 21.85 67.305 62.289 100.477 91.059 117.588 50.62 
8.987 33.793 -17.862 68.538 24.282 56.211 51.132 21.466 
-41.62 225.485 -44.961 269.267 -16.524 235.81 -13.182 192.028 
-34.924 311.355 -28.026 354.72 3.044 385.748 -3.854 342.383 
113.014 417.595 139.122 452.9 180.997 466.116 154.888 430.811 
223.645 470.968 267.501 473.141 304.258 449.12 260.402 446.947 
367.423 369.341 408.894 354.911 433.964 318.86 392.493 333.29 
462.648 195.742 444.382 235.672 453.076 278.713 471.341 238.783 
389.139 36.003 385.399 79.753 408.088 117.347 411.828 73.596 
284.031 -35.414 311.662 -1.286 354.074 10.082 326.444 -24.045 
87.419 -16.206 125.34 5.933 169.031 1.554 131.11 -20.584 
37.409 -117.6 23.895 -75.821 59.453 -50.058 72.967 -91.836 
-51.103 -40.233 -59.977 2.771 -16.335 -2.08 -7.463 -45.084 
-94.408 30.02 -83.305 72.503 -49.352 100.346 -60.455 57.863 
-131.459 117.121 -122.216 160.047 -78.534 164.52 -87.777 121.594 
-159.805 196.959 -118.31 211.321 -76.298 198.55 -117.793 184.188 
-126.815 254.4 -158.916 284.36 -120.502 305.632 -88.401 275.672 
-112.824 348.865 -113.214 392.773 -71.575 406.713 -71.185 362.805 
-51.878 445.957 -8.669 453.768 30.88 434.69 -12.33 426.878 
24.042 478.064 18.503 521.623 61.642 513.43 67.181 469.871 
98.829 470.353 82.379 511.065 93.0 553.671 109.451 512.959 
159.629 504.476 140.504 544.003 172.187 574.405 191.311 534.879 
254.317 515.024 231.509 552.546 274.243 562.643 297.051 525.121 
338.96 476.023 340.649 519.901 365.073 483.41 363.384 439.533 
405.055 422.578 398.432 465.985 437.668 485.698 444.291 442.29 
412.591 398.665 448.958 423.273 492.844 421.804 456.477 397.197 
463.787 351.089 496.864 379.968 534.552 357.434 501.475 328.555 
530.212 228.296 506.416 265.199 534.16 299.234 557.956 262.331 
473.978 135.3 499.125 171.297 540.627 185.638 515.48 149.641 
474.835 93.852 513.108 115.376 545.405 85.628 507.132 64.104 
465.994 37.809 455.212 80.374 488.955 52.275 499.736 9.709 
421.449 -32.689 425.272 11.054 465.693 -6.1 461.869 -49.844 
330.528 -92.862 355.641 -56.842 397.658 -69.595 372.545 -105.615 
226.363 -60.427 267.399 -76.052 291.413 -112.813 250.377 -97.188 
162.435 -118.655 175.077 -76.604 211.162 -101.621 198.521 -143.672 
108.333 -133.567 116.856 -90.492 149.071 -60.653 140.547 -103.728 
125.915 -170.43 152.21 -135.263 193.781 -149.404 167.486 -184.571 
-7.434 -200.358 -19.896 -158.253 23.999 -159.412 36.461 -201.517 
-107.006 -165.494 -101.113 -121.981 -57.909 -114.139 -63.802 -157.651 
-145.15 -106.341 -130.893 -64.81 -86.989 -65.536 -101.246 -107.068 
-148.074 37.757 -157.974 80.536 -114.229 76.732 -104.329 33.953 
-174.242 127.853 -177.236 171.661 -134.647 160.97 -131.653 117.163 
-242.555 269.82 -247.673 313.43 -207.779 331.775 -202.661 288.164 
-257.957 403.081 -217.838 420.93 -188.465 388.291 -228.584 370.442 
-184.605 432.03 -193.066 475.118 -149.474 469.85 -141.012 426.763 
-50.191 468.05 -59.833 510.888 -22.071 533.296 -12.429 490.457 
18.643 522.326 32.49 563.996 76.399 563.703 62.552 522.033 
130.479 650.246 171.593 665.664 198.962 631.327 157.848 615.908 
227.015 665.106 250.003 702.519 278.48 669.095 255.493 631.683 
298.188 599.449 297.821 643.357 339.468 657.274 339.835 613.365 
364.41 527.315 403.869 546.577 434.382 515.001 394.922 495.739 
454.818 443.761 443.523 486.194 487.369 483.823 498.664 441.391 
568.864 384.835 593.333 421.295 620.448 386.758 595.979 350.297 
611.808 295.527 635.979 332.186 678.313 320.526 654.142 283.868 
625.802 214.688 600.202 250.363 642.043 263.686 667.643 228.01 
535.266 128.351 555.725 167.204 586.355 135.741 565.896 96.888 
528.875 9.902 514.032 51.227 548.747 78.114 563.591 36.789 
471.892 -111.308 497.437 -75.593 539.297 -88.851 513.753 -124.566 
425.373 -182.188 428.745 -138.408 469.34 -155.144 465.968 -198.924 
393.257 -218.692 361.475 -188.393 380.469 -148.804 412.251 -179.102 
227.565 -170.138 239.492 -127.879 283.369 -126.164 271.442 -168.423 
224.293 -244.541 212.02 -202.295 255.909 -203.675 268.158 -245.842 
189.095 -272.748 173.001 -231.894 206.882 -203.963 223.007 -244.893 
-209.316 17.564 -217.322 60.738 -178.735 81.694 -170.729 38.52 
-251.076 89.885 -213.65 112.851 -180.243 84.355 -217.668 61.389 
-86.393 563.462 -43.272 571.745 -22.069 533.293 -65.191 525.011 
-38.413 574.047 -19.551 613.7 12.333 583.508 -6.529 543.855 
421.534 556.989 448.543 591.609 473.123 555.223 446.112 520.603 
455.586 514.121 475.424 553.294 518.81 546.533 498.972 507.359 
584.584 77.373 605.416 116.026 648.616 108.158 627.783 69.505 
591.574 32.228 584.269 75.526 627.705 69.094 635.011 25.796 
314.042 -258.46 300.885 -216.567 314.865 -174.942 328.021 -216.835 
189.082 -272.731 224.279 -246.519 268.158 -245.845 232.988 -272.135 
96.898 -231.54 79.181 -191.363 117.13 -213.452 134.848 -253.629 
-206.712 -43.437 -176.482 -11.591 -133.306 -3.595 -163.536 -35.442 
-241.934 46.946 -251.067 89.895 -218.433 60.517 -209.3 17.567 
-239.864 148.078 -245.208 191.662 -223.914 230.063 -218.57 186.479 
-130.212 509.308 -144.196 550.931 -108.418 525.477 -94.433 483.853 
-86.446 563.741 -61.068 599.574 -19.473 613.646 -44.853 577.813 
24.832 625.601 68.171 632.662 107.383 612.901 64.045 605.84 
368.034 571.952 383.741 612.956 420.551 636.896 404.843 595.892 
448.53 591.601 490.996 580.431 518.786 546.434 476.32 557.604 
550.031 428.574 532.83 468.975 542.661 511.77 559.862 471.37 
599.779 177.549 643.586 174.541 677.259 146.359 633.452 149.367 
634.926 25.782 628.363 69.198 648.573 108.181 655.136 64.764 
533.952 -45.268 565.34 -14.562 608.782 -8.17 577.394 -38.876 
