156.717 231.97 149.282 275.246 192.737 268.944 200.172 225.668 
216.049 225.881 207.528 268.957 245.862 290.372 254.383 247.297 
220.652 212.463 259.339 233.234 291.047 202.859 252.36 182.088 
189.958 164.503 209.222 203.962 240.796 173.447 221.532 133.989 
134.455 177.982 152.67 217.936 196.297 212.959 178.082 173.005 
115.578 194.438 108.773 237.817 128.766 276.912 135.571 233.532 
158.962 297.002 198.896 315.26 241.936 306.558 202.001 288.3 
276.036 244.122 271.378 287.784 300.809 255.198 305.468 211.536 
239.291 118.896 257.827 158.701 296.22 180.009 277.685 140.204 
127.872 161.498 171.101 153.793 201.545 122.15 158.316 129.855 
49.634 119.707 85.704 144.749 120.666 118.183 84.597 93.141 
52.384 173.347 38.768 215.093 74.263 240.943 87.879 199.197 
-3.275 258.783 33.127 283.337 67.729 256.304 31.326 231.749 
50.083 296.513 64.068 338.137 99.333 311.975 85.349 270.351 
121.508 349.874 158.429 373.644 192.444 345.876 155.524 322.106 
175.524 386.395 192.612 426.844 225.8 398.094 208.714 357.645 
224.357 346.796 240.965 387.443 284.756 384.208 268.148 343.561 
294.225 298.611 311.803 338.849 344.64 309.696 327.06 269.458 
344.152 256.376 361.48 296.723 405.206 292.711 387.879 252.364 
347.621 196.978 338.892 240.012 382.517 235.015 391.246 191.981 
301.071 117.788 317.618 158.461 361.414 155.291 344.866 114.618 
302.89 56.772 294.668 99.906 338.231 94.396 346.453 51.263 
251.133 33.573 241.001 76.298 278.504 99.137 288.636 56.412 
157.374 61.583 147.353 104.335 191.109 100.655 201.13 57.903 
102.448 36.946 90.671 79.247 127.263 103.52 139.04 61.219 
36.257 56.129 14.745 94.408 54.649 76.084 76.161 37.804 
-8.671 209.745 -11.245 253.58 16.602 219.63 19.177 175.795 
-10.026 291.444 3.207 333.312 38.523 359.406 25.289 317.538 
116.303 386.034 141.91 421.705 183.593 435.512 157.986 399.841 
218.042 441.312 261.847 438.266 295.494 410.054 251.69 413.1 
343.809 353.598 385.37 339.43 410.667 303.538 369.105 317.707 
425.469 188.172 412.826 230.223 427.314 271.674 439.957 229.623 
364.338 48.364 362.271 92.225 386.38 128.924 388.446 85.063 
261.868 -4.334 294.259 25.312 337.89 30.257 305.499 0.611 
106.6 20.854 146.274 39.672 189.431 31.576 149.758 12.758 
57.188 -82.542 51.925 -38.949 91.759 -20.472 97.021 -64.066 
-27.487 -3.825 -16.529 38.696 20.524 15.133 9.565 -27.387 
-58.926 50.119 -50.418 93.197 -18.215 123.047 -26.723 79.969 
-105.046 123.735 -85.08 162.843 -41.716 155.939 -61.682 116.831 
-112.429 207.49 -68.68 203.734 -35.494 174.98 -79.244 178.736 
-97.346 236.996 -116.395 276.558 -72.882 282.45 -53.833 242.887 
-84.164 324.886 -73.317 367.434 -29.498 370.266 -40.345 327.717 
-23.701 413.792 18.788 424.875 59.676 408.867 17.188 397.784 
37.603 446.826 35.076 490.663 77.549 479.52 80.076 435.683 
99.814 434.199 93.147 477.6 113.264 516.631 119.931 473.23 
152.629 466.645 144.298 509.757 182.726 531.003 191.057 487.891 
239.177 475.871 223.898 517.037 267.77 518.848 283.05 477.682 
326.028 441.609 326.256 485.518 351.88 449.86 351.652 405.951 
381.451 397.468 377.801 441.226 418.289 458.219 421.939 414.461 
384.735 383.336 425.274 400.209 467.988 390.031 427.449 373.158 
430.937 342.49 470.037 362.471 501.123 331.458 462.023 311.478 
483.494 223.042 467.404 263.898 501.289 291.825 517.378 250.97 
441.309 135.071 466.032 171.359 507.364 186.185 482.64 149.897 
443.591 107.689 484.011 124.844 512.817 91.703 472.397 74.548 
431.268 56.447 429.618 100.326 456.745 65.797 458.394 21.918 
392.074 0.334 407.687 41.374 441.894 13.843 426.281 -27.198 
311.093 -47.405 344.709 -19.154 381.963 -42.395 348.347 -70.646 
220.201 -34.063 261.758 -48.244 287.043 -84.143 245.485 -69.962 
171.58 -81.493 194.839 -44.249 223.072 -77.878 199.814 -115.123 
115.75 -82.371 135.682 -43.246 174.804 -23.308 154.872 -62.434 
124.155 -124.017 157.623 -95.591 194.999 -118.636 161.532 -147.062 
-1.448 -153.653 -1.801 -109.744 40.068 -122.977 40.42 -166.886 
-86.701 -125.582 -73.221 -83.792 -29.311 -83.699 -42.791 -125.488 
-114.592 -77.78 -107.928 -34.378 -64.592 -27.305 -71.255 -70.706 
-105.787 52.886 -117.377 95.239 -73.516 93.174 -61.926 50.821 
-143.171 145.52 -134.233 188.511 -96.109 166.726 -105.046 123.735 
-203.051 271.896 -198.384 315.557 -155.417 324.61 -160.085 280.949 
-207.383 395.216 -164.966 406.571 -141.059 369.74 -183.476 358.385 
-145.886 413.383 -144.109 457.258 -102.932 442.01 -104.708 398.136 
-24.168 433.981 -27.799 477.741 12.697 494.717 16.328 450.957 
36.203 494.303 55.339 533.824 98.839 527.838 79.703 488.317 
144.327 609.724 187.248 618.989 209.323 581.031 166.402 571.766 
230.093 619.716 256.474 654.818 281.705 618.881 255.325 583.779 
287.213 558.218 295.576 601.323 339.157 606.69 330.794 563.584 
346.951 493.493 388.033 508.997 415.473 474.716 374.391 459.212 
431.648 414.679 425.815 458.2 469.008 450.299 474.842 406.779 
533.756 360.839 562.705 393.856 585.16 356.121 556.211 323.105 
572.801 280.984 599.513 315.835 640.913 301.2 614.201 266.349 
579.496 205.416 560.906 245.196 604.484 250.584 623.074 210.803 
498.008 133.041 521.659 170.037 549.537 136.111 525.886 99.115 
485.208 18.538 477.025 61.679 515.526 82.793 523.709 39.652 
432.39 -83.212 462.817 -51.553 502.33 -70.707 471.903 -102.366 
400.423 -149.386 406.376 -105.882 445.912 -124.987 439.959 -168.492 
365.342 -182.902 338.591 -148.081 363.442 -111.879 390.192 -146.7 
218.769 -131.579 236.876 -91.576 280.517 -96.437 262.41 -136.439 
210.805 -201.22 204.131 -157.737 247.467 -164.814 254.129 -208.215 
171.577 -220.892 164.908 -177.492 204.124 -157.738 210.805 -201.22 
-181.251 42.062 -183.498 85.915 -142.486 101.602 -140.239 57.75 
-211.102 120.064 -170.094 135.764 -142.49 101.615 -183.498 85.915 
-54.884 537.893 -12.546 549.536 11.61 512.867 -30.728 501.225 
-11.587 550.148 12.993 586.534 40.002 551.913 15.422 515.527 
410.201 518.309 436.004 553.837 461.82 518.318 436.017 482.789 
438.001 481.39 462.277 517.98 504.577 506.199 480.301 469.609 
542.921 79.205 566.249 116.406 608.838 105.715 585.51 68.514 
545.96 35.341 542.904 79.144 585.508 68.515 588.565 24.711 
288.447 -219.828 284.109 -176.133 306.282 -138.233 310.62 -181.928 
171.574 -220.888 210.805 -201.221 254.129 -208.215 214.91 -227.963 
95.293 -184.907 78.177 -144.47 115.793 -167.123 132.909 -207.56 
-183.833 5.619 -142.712 21.02 -100.392 9.309 -141.513 -6.092 
-208.845 76.219 -211.093 120.071 -183.499 85.915 -181.251 42.062 
-205.982 161.065 -202.858 204.864 -174.587 238.461 -177.711 194.662 
-93.814 484.961 -99.08 528.554 -69.197 496.382 -63.93 452.789 
-54.884 537.893 -28.824 573.234 13.032 586.507 -13.029 551.167 
48.424 595.008 92.334 594.921 127.807 569.041 83.897 569.128 
352.156 534.312 373.782 572.527 413.74 590.732 392.114 552.517 
435.985 553.824 478.02 541.128 504.565 506.15 462.53 518.846 
518.797 393.485 507.656 435.958 523.607 476.869 534.749 434.396 
561.4 178.389 604.34 169.212 633.686 136.548 590.745 145.725 
588.522 24.706 585.512 68.513 608.826 105.723 611.836 61.916 
487.913 -29.232 523.323 -3.266 567.233 -3.073 531.823 -29.038 
