154.87 237.747 145.32 280.606 189.033 276.444 198.582 233.585 
218.936 233.872 208.156 276.438 245.308 299.844 256.088 257.278 
225.377 213.744 262.748 236.798 296.221 208.38 258.85 185.326 
193.896 161.543 210.389 202.238 243.995 173.978 227.504 133.283 
133.105 175.671 148.487 216.799 192.355 214.879 176.973 173.752 
107.341 201.468 98.133 244.402 115.92 284.548 125.128 241.615 
158.044 307.553 197.192 327.44 240.553 320.519 201.405 300.631 
285.799 251.034 279.416 294.478 310.115 263.083 316.497 219.639 
249.181 114.801 265.29 155.648 302.334 179.225 286.224 138.378 
122.938 151.815 166.614 147.295 199.294 117.966 155.617 122.486 
31.786 107.143 65.103 135.745 102.601 112.898 69.284 84.296 
46.713 175.619 29.45 215.993 62.514 244.888 79.777 204.513 
-17.917 268.686 16.549 295.892 53.074 271.52 18.608 244.314 
34.758 311.428 45.033 354.119 82.46 331.155 72.185 288.464 
117.459 357.672 152.343 384.341 188.486 359.406 153.603 332.737 
177.582 401.941 191.914 443.446 226.958 416.99 212.627 375.485 
231.065 363.391 245.159 404.978 289.065 404.424 274.972 362.837 
301.451 306.129 316.121 347.516 350.949 320.774 336.279 279.388 
359.302 260.555 373.948 301.951 417.843 300.815 403.198 259.419 
364.962 199.837 354.064 242.373 397.886 239.593 408.784 197.057 
313.33 113.968 326.505 155.854 370.414 156.267 357.238 114.38 
315.993 48.162 304.936 90.658 348.768 88.041 359.825 45.546 
263.215 21.117 249.303 62.765 284.613 88.866 298.525 47.218 
162.199 53.288 146.949 94.465 190.823 96.244 206.073 55.068 
92.016 28.445 76.862 69.658 111.375 96.805 126.528 55.593 
21.224 41.638 -4.531 77.202 37.209 63.569 62.964 28.005 
-28.424 217.019 -31.652 260.81 -3.301 227.28 -0.072 183.489 
-26.541 304.334 -17.195 347.237 15.585 376.453 6.238 333.55 
113.739 405.266 139.428 440.877 181.143 454.587 155.454 418.976 
221.843 460.6 265.753 460.695 301.332 434.962 257.422 434.867 
358.244 364.075 399.774 349.816 424.992 313.87 383.462 328.128 
449.016 192.985 432.825 233.8 443.716 276.338 459.908 235.523 
380.244 42.131 377.073 85.927 400.248 123.222 403.42 79.427 
276.196 -23.158 305.558 9.492 348.503 18.647 319.141 -14.002 
96.159 -3.222 134.645 17.918 178.207 12.4 139.721 -8.741 
47.426 -105.662 33.954 -63.87 69.538 -38.143 83.01 -79.935 
-43.95 -27.27 -47.228 16.517 -4.57 6.103 -1.293 -37.685 
-82.243 43.011 -70.554 85.337 -36.22 112.709 -47.909 70.383 
-123.634 119.324 -109.398 160.862 -65.494 160.159 -79.729 118.621 
-143.347 200.789 -99.955 207.52 -60.895 187.461 -104.286 180.73 
-116.546 248.176 -143.993 282.45 -102.915 297.963 -75.467 263.688 
-103.894 341.862 -99.304 385.531 -56.353 394.659 -60.943 350.99 
-40.085 435.445 2.884 444.484 42.961 426.54 -0.009 417.501 
30.1 468.525 26.279 512.268 69.062 502.385 72.884 458.641 
99.121 458.298 86.548 500.37 101.105 541.797 113.679 499.725 
157.057 491.302 142.6 532.764 177.566 559.325 192.023 517.864 
249.459 501.47 229.575 540.62 272.953 547.433 292.838 508.283 
335.507 462.533 336.709 506.427 361.535 470.21 360.333 426.316 
397.197 413.208 391.936 456.801 431.771 475.276 437.031 431.682 
402.753 393.625 441.066 415.078 484.671 409.914 446.358 388.461 
451.784 348.659 487.76 373.835 522.821 347.401 486.846 322.224 
513.383 226.413 492.444 265.009 522.681 296.85 543.62 258.254 
461.777 134.558 486.811 170.633 528.269 185.103 503.234 149.028 
463.432 99.244 502.755 118.783 533.489 87.422 494.166 67.883 
453.155 45.31 446.342 88.689 477.351 57.599 484.164 14.221 
410.954 -19.343 420.058 23.613 458.098 1.68 448.994 -41.276 
323.908 -75.619 352.628 -42.404 393.092 -59.455 364.372 -92.67 
223.429 -50.186 264.581 -65.504 288.87 -102.084 247.718 -86.767 
167.117 -104.568 184.873 -64.408 217.58 -93.705 199.824 -133.864 
112.09 -113.512 126.183 -71.924 162.028 -46.563 147.936 -88.15 
126.099 -152.703 155.504 -120.093 195.605 -137.982 166.2 -170.592 
-6.437 -182.959 -14.328 -139.764 29.192 -145.607 37.083 -188.802 
-101.406 -150.924 -94.389 -107.578 -50.996 -100.857 -58.013 -144.203 
-137.871 -93.211 -125.563 -51.061 -81.674 -49.742 -93.981 -91.892 
-127.045 44.133 -139.79 86.152 -95.889 85.29 -83.143 43.27 
-164.413 135.606 -161.529 179.422 -120.75 163.139 -123.634 119.324 
-228.828 273.053 -230.309 316.938 -189.029 331.908 -187.548 288.023 
-239.18 403.832 -197.94 418.909 -170.856 384.346 -212.097 369.269 
-170.269 428.252 -175.129 471.892 -132.123 463.028 -127.263 419.388 
-39.22 456.946 -46.601 500.231 -7.715 520.627 -0.334 477.342 
26.419 512.857 42.175 553.843 86.023 551.524 70.268 510.538 
137.35 636.516 179.304 649.478 204.596 613.584 162.642 600.622 
230.552 648.999 255.04 685.447 282.136 650.895 257.649 614.447 
296.162 584.707 299.246 628.508 341.856 639.11 338.773 595.309 
358.974 514.044 399.127 531.816 428.436 499.119 388.283 481.348 
447.08 432.606 438.061 475.58 481.719 470.877 490.737 427.904 
556.651 375.394 583.035 410.494 608.264 374.555 581.88 339.455 
598.061 289.037 623.324 324.951 665.288 312.022 640.024 276.108 
609.177 209.995 586.163 247.391 628.841 257.722 651.854 220.326 
521.194 129.575 542.975 167.702 572.506 135.205 550.725 97.078 
512.178 12.95 500.057 55.154 536.449 79.724 548.571 37.52 
457.427 -100.65 484.97 -66.452 526.005 -82.079 498.462 -116.276 
415.557 -170.556 419.883 -126.86 460.104 -144.477 455.778 -188.173 
382.417 -206.126 352.247 -174.222 373.266 -135.669 403.437 -167.573 
224.296 -154.603 238.487 -113.05 282.392 -113.707 268.201 -155.26 
217.91 -228.25 207.786 -185.438 251.549 -189.033 261.654 -231.764 
180.432 -251.196 170.102 -208.518 207.5 -185.506 217.848 -228.264 
-201.088 29.64 -205.952 73.28 -165.952 91.392 -161.087 47.752 
-235.785 105.606 -195.903 123.98 -166.105 91.729 -205.986 73.355 
-73.196 557.241 -30.164 565.971 -8.562 527.742 -51.596 519.011 
-27.015 567.585 -5.197 605.691 24.302 573.166 2.484 535.06 
419.586 542.128 446.3 576.977 471.188 540.801 444.473 505.952 
450.478 501.734 472.616 539.655 515.522 530.319 493.384 492.398 
568.713 77.065 590.806 115.013 633.723 105.727 611.63 67.78 
573.436 32.946 568.61 76.59 611.61 67.693 616.436 24.049 
302.443 -244.601 293.562 -201.598 311.652 -161.588 320.533 -204.591 
180.423 -251.183 217.902 -228.353 261.655 -231.757 224.195 -254.667 
97.046 -214.128 78.533 -174.312 116.914 -195.642 135.428 -235.458 
-203.008 -19.862 -165.818 3.485 -122.009 0.512 -159.198 -22.834 
-230.77 61.992 -235.775 105.616 -206.084 73.265 -201.079 29.641 
-227.426 154.548 -229.996 198.383 -206.31 235.357 -203.74 191.522 
-115.889 503.825 -125.932 546.571 -92.682 517.892 -82.64 475.145 
-73.196 557.241 -47.027 592.5 -5.129 605.643 -31.3 570.383 
35.18 615.707 78.882 619.975 116.747 597.741 73.045 593.473 
364.113 558.313 382.589 598.146 420.951 619.512 402.474 579.678 
446.277 576.961 488.48 564.836 515.496 530.221 473.293 542.346 
539.314 414.552 524.559 455.908 536.931 498.04 551.686 456.683 
586.046 176.976 629.562 171.105 661.316 140.777 617.8 146.648 
616.367 24.04 611.756 67.707 633.693 105.745 638.304 62.078 
516.414 -39.229 549.436 -10.288 593.164 -6.283 560.141 -35.225 
