158.628 226.305 153.139 269.87 196.269 261.628 201.758 218.063 
212.617 218.227 206.522 261.712 245.995 280.947 252.09 237.462 
215.755 208.835 255.565 227.36 285.486 195.222 245.675 176.697 
186.501 164.758 207.947 203.075 237.761 170.839 216.316 132.522 
135.313 177.954 155.831 216.775 199.093 209.258 178.575 170.436 
121.939 188.859 117.159 232.508 138.949 270.631 143.728 226.981 
159.708 285.945 200.279 302.74 242.974 292.479 202.402 275.685 
268.224 235.596 265.113 279.395 293.374 245.789 296.485 201.989 
228.873 122.301 249.837 160.883 289.476 179.774 268.512 141.192 
130.977 166.382 173.856 156.918 202.983 124.059 160.105 133.523 
61.081 128.191 98.565 151.062 131.9 122.48 94.416 99.609 
59.334 170.783 49.263 213.522 86.799 236.308 96.87 193.568 
12.119 254.248 50.339 275.862 82.708 246.191 44.486 224.576 
64.007 285.92 81.139 326.35 114.297 297.563 97.164 257.133 
125.272 340.078 164.004 360.765 195.647 330.321 156.915 309.634 
176.341 369.758 196.159 408.941 227.3 377.985 207.482 338.801 
219.925 329.854 238.945 369.431 282.462 363.572 263.443 323.995 
286.751 289.195 307.162 328.073 337.829 296.646 317.417 257.769 
329.763 248.378 349.754 287.474 393.113 280.542 373.122 241.447 
332.115 191.687 325.356 235.073 368.708 228.095 375.467 184.708 
288.701 120.078 308.533 159.254 351.92 152.498 332.088 113.322 
290.247 64.278 284.486 107.808 327.667 99.836 333.427 56.305 
238.834 43.998 231.417 87.277 270.287 107.704 277.703 64.425 
154.416 66.352 147.912 109.778 191.222 102.544 197.726 59.118 
107.744 44.354 99.065 87.398 137.32 108.954 145.999 65.91 
51.412 68.645 35.567 109.596 72.457 85.779 88.302 44.828 
7.927 206.445 6.21 250.321 33.388 215.834 35.106 171.957 
6.618 279.906 23.748 320.337 61.371 342.977 44.24 302.546 
120.598 367.396 146.48 402.867 188.269 416.35 162.386 380.879 
215.704 420.334 259.169 414.097 290.666 383.503 247.201 389.74 
330.77 339.985 372.323 325.79 397.596 289.883 356.044 304.078 
400.401 182.495 391.654 225.525 409.871 265.479 418.618 222.448 
345.745 54.698 345.21 98.605 370.585 134.441 371.119 90.534 
246.973 13.572 282.5 39.378 326.41 39.373 290.884 13.567 
109.734 38.462 150.236 55.424 192.973 45.341 152.471 28.379 
69.307 -57.548 73.991 -13.888 116.961 -4.85 112.277 -48.51 
-2.289 14.529 15.9 54.495 48.289 24.845 30.099 -15.12 
-27.728 49.528 -24.643 93.33 3.598 126.953 0.513 83.151 
-81.404 124.429 -58.954 162.165 -16.126 152.474 -38.577 114.738 
-80.229 211.226 -37.727 200.193 -9.829 166.285 -52.33 177.318 
-73.588 225.531 -86.676 267.445 -42.769 266.94 -29.681 225.026 
-61.241 306.776 -45.929 347.929 -2.058 346.082 -17.37 304.929 
-10.256 389.22 31.729 402.078 73.254 387.802 31.269 374.944 
44.477 420.967 43.0 464.852 85.194 452.695 86.67 408.81 
102.722 406.533 100.75 450.399 124.938 487.046 126.911 443.181 
150.511 438.764 146.477 482.489 186.815 499.837 190.849 456.112 
230.09 446.998 219.296 489.561 263.111 486.673 273.905 444.11 
312.658 421.507 312.3 465.416 338.398 430.104 338.756 386.195 
360.477 381.547 358.505 425.412 399.614 440.843 401.586 396.977 
362.694 368.633 404.376 382.442 446.214 369.114 404.532 355.305 
407.172 332.736 447.979 348.949 476.009 315.15 435.202 298.936 
451.424 218.414 439.985 260.809 476.77 284.787 488.208 242.393 
419.194 138.278 443.624 174.764 484.835 189.923 460.404 153.436 
421.797 118.758 462.911 134.176 490.281 99.839 449.167 84.421 
407.41 68.957 408.943 112.84 433.497 76.436 431.965 32.553 
369.188 19.391 389.504 58.317 420.248 26.966 399.93 -11.961 
296.783 -21.104 333.499 2.98 367.749 -24.496 331.033 -48.581 
217.56 -15.573 259.522 -28.507 285.866 -63.635 243.904 -50.701 
175.869 -58.21 201.772 -22.753 227.488 -58.345 201.586 -93.801 
119.997 -54.769 143.613 -17.75 184.478 -1.683 160.862 -38.701 
124.536 -94.519 161.103 -70.21 195.523 -97.476 158.955 -121.785 
5.344 -122.024 10.985 -78.478 50.657 -97.3 45.015 -140.846 
-66.316 -101.588 -48.025 -61.669 -4.408 -66.729 -22.698 -106.648 
-89.286 -59.59 -82.63 -16.187 -39.295 -9.105 -45.951 -52.508 
-84.62 59.915 -91.147 103.338 -47.833 96.127 -41.306 52.704 
-120.076 153.845 -105.327 195.204 -70.551 168.396 -85.299 127.037 
-174.175 267.561 -164.16 310.313 -120.405 314.0 -130.42 271.247 
-176.676 379.077 -133.612 387.656 -112.145 349.35 -155.209 340.772 
-121.738 392.199 -113.534 435.336 -75.044 414.204 -83.247 371.067 
-11.678 408.704 -12.399 452.608 29.134 466.86 29.855 422.956 
45.542 471.557 67.412 509.634 110.383 500.601 88.513 462.525 
147.987 578.606 191.453 584.83 210.805 545.414 167.338 539.19 
222.114 587.841 249.824 621.903 273.656 585.023 245.946 550.961 
271.673 529.74 284.656 571.686 328.562 572.3 315.579 530.354 
329.783 473.16 371.46 486.986 397.487 451.621 355.81 437.795 
411.934 396.554 408.54 440.333 451.225 430.032 454.619 386.254 
506.579 346.672 537.342 378.004 557.635 339.063 526.871 307.731 
542.91 277.416 570.619 311.479 611.578 295.652 583.869 261.589 
546.156 205.936 531.826 247.442 575.729 248.244 590.059 206.738 
472.859 140.145 497.976 176.162 524.469 141.145 499.352 105.128 
457.864 27.554 452.851 71.177 492.79 89.425 497.803 45.802 
403.429 -68.642 435.11 -38.238 473.816 -58.972 442.135 -89.377 
388.248 -124.238 394.565 -80.785 433.939 -100.221 427.622 -143.674 
350.136 -154.845 327.789 -117.046 356.832 -84.113 379.178 -121.911 
215.278 -105.78 236.717 -67.46 279.787 -76.01 258.347 -114.329 
207.485 -173.043 202.206 -129.369 245.294 -137.829 250.562 -181.422 
167.644 -191.445 162.374 -147.852 202.205 -129.369 207.485 -173.043 
-155.909 51.286 -157.36 95.172 -116.07 110.113 -114.619 66.227 
-184.333 129.821 -143.045 144.766 -116.072 110.117 -157.36 95.172 
-39.934 511.076 1.727 524.946 27.792 489.609 -13.87 475.739 
1.817 525.01 27.061 560.938 53.43 525.827 28.186 489.899 
392.542 495.252 417.483 531.391 444.146 496.502 419.203 460.363 
419.366 460.249 444.177 496.478 486.3 484.077 461.489 447.848 
515.94 85.809 539.53 122.844 582.043 111.853 558.452 74.818 
518.636 41.966 515.936 85.793 558.452 74.818 561.152 30.991 
280.82 -191.248 278.333 -147.408 302.088 -110.479 304.575 -154.319 
167.644 -191.444 207.485 -173.043 250.562 -181.422 210.731 -199.904 
94.527 -154.42 79.191 -113.275 115.782 -137.548 131.119 -178.693 
-157.901 28.45 -114.677 36.185 -75.162 17.036 -118.386 9.301 
-182.879 85.937 -184.33 129.823 -157.36 95.172 -155.909 51.286 
-181.412 166.122 -172.936 209.207 -140.754 239.081 -149.23 195.996 
-73.747 458.094 -76.371 501.925 -48.485 468.007 -45.861 424.176 
-39.934 511.076 -14.528 546.889 27.077 560.929 1.67 525.116 
58.923 569.393 102.651 565.395 135.678 536.458 91.95 540.456 
333.275 508.666 356.672 545.823 397.441 562.132 374.045 524.975 
417.474 531.384 459.574 518.904 486.297 484.061 444.198 496.542 
493.594 374.252 485.552 417.419 504.42 457.069 512.462 413.902 
532.996 184.219 575.525 173.295 603.512 139.459 560.982 150.383 
561.138 30.99 558.453 74.817 582.042 111.853 584.727 68.025 
459.258 -17.546 496.214 6.168 540.051 3.632 503.095 -20.083 
