160.181 221.928 158.734 265.814 200.92 253.629 202.367 209.743 
210.281 209.155 209.554 253.059 251.084 267.318 251.812 223.414 
211.94 202.168 253.685 215.788 279.537 180.296 237.793 166.676 
179.904 162.572 205.509 198.244 231.522 162.869 205.918 127.197 
133.027 178.431 157.505 214.885 199.739 202.871 175.261 166.416 
123.523 187.079 122.712 230.982 147.861 266.976 148.672 223.074 
165.27 279.263 206.866 293.328 248.786 280.258 207.189 266.192 
264.616 221.591 264.33 265.5 290.37 230.145 290.656 186.236 
214.687 118.973 240.055 154.813 281.645 168.898 256.277 133.057 
129.776 170.626 171.75 157.728 198.126 122.623 156.153 135.52 
78.955 147.934 119.7 164.303 147.86 130.611 107.115 114.241 
76.561 172.485 75.204 216.374 116.526 231.227 117.883 187.338 
46.276 254.356 87.227 270.199 114.95 236.147 73.998 220.304 
87.596 270.497 110.812 307.768 139.085 274.171 115.869 236.9 
137.547 318.052 178.989 332.567 205.6 297.64 164.158 283.124 
181.134 334.1 205.295 370.766 232.7 336.458 208.54 299.792 
209.236 299.335 233.002 336.258 275.461 325.064 251.696 288.142 
267.577 267.676 292.78 303.632 319.189 268.551 293.985 232.595 
296.364 230.893 320.682 267.454 362.968 255.625 338.65 219.064 
298.397 185.964 296.061 229.812 338.485 218.485 340.821 174.637 
260.496 129.73 285.526 165.807 327.572 153.15 302.542 117.073 
261.104 82.581 259.427 126.459 301.676 114.495 303.353 70.617 
218.781 67.149 216.841 111.017 257.961 126.418 259.902 82.551 
154.37 84.887 153.49 128.789 195.514 116.06 196.395 72.159 
110.104 69.039 107.619 112.878 148.546 128.788 151.03 84.949 
80.288 101.901 76.094 145.61 105.179 112.714 109.373 69.005 
43.232 209.188 44.323 253.085 69.242 216.93 68.15 173.034 
46.085 254.864 69.729 291.864 110.606 307.9 86.961 270.899 
135.93 323.957 162.752 358.723 204.886 371.084 178.064 336.318 
205.681 371.069 248.041 359.504 275.512 325.249 233.153 336.814 
296.342 306.051 337.848 291.721 363.004 255.731 321.498 270.061 
341.591 174.668 339.449 218.525 363.495 255.266 365.638 211.409 
304.552 70.572 305.641 114.468 332.323 149.341 331.234 105.445 
220.06 63.682 260.582 80.596 303.307 70.461 262.785 53.547 
110.618 67.26 152.538 80.328 194.134 66.26 152.214 53.192 
82.874 21.156 106.892 57.916 149.274 46.433 125.256 9.674 
49.001 60.406 73.029 97.158 100.557 62.948 76.528 26.196 
42.772 65.339 38.779 109.067 61.25 146.791 65.243 103.063 
-15.463 134.41 10.719 169.661 52.335 155.653 26.153 120.403 
-5.738 220.312 35.437 205.057 59.782 168.514 18.606 183.768 
-4.727 222.802 -5.276 266.708 36.651 253.663 37.2 209.756 
-4.053 270.13 18.195 307.987 61.073 298.525 38.825 260.669 
24.622 323.004 65.933 337.886 108.102 325.643 66.791 310.761 
72.091 350.768 72.702 394.674 114.27 380.524 113.659 336.619 
126.108 334.524 127.09 378.423 153.687 413.361 152.706 369.462 
161.06 368.368 162.559 412.252 204.758 424.388 203.26 380.504 
209.473 380.498 206.397 424.3 249.006 413.69 252.082 369.888 
265.474 367.994 264.844 411.9 291.16 376.75 291.791 332.844 
302.892 331.256 303.51 375.161 345.458 388.141 344.84 344.236 
304.736 320.565 346.753 333.32 388.243 318.943 346.226 306.187 
347.775 296.916 390.062 308.746 414.38 272.184 372.093 260.355 
377.223 210.722 374.01 254.514 414.666 271.103 417.879 227.311 
354.856 160.235 379.735 196.418 421.129 211.066 396.25 174.884 
356.724 150.781 398.606 163.973 424.094 128.218 382.213 115.026 
345.974 102.28 347.694 146.156 372.093 109.649 370.374 65.772 
311.692 63.586 338.631 98.261 363.285 61.925 336.345 27.25 
265.804 42.564 306.278 59.592 334.979 26.361 294.505 9.333 
211.627 47.387 253.981 35.801 281.436 1.533 239.082 13.119 
177.699 9.337 204.972 43.751 229.272 7.178 202.0 -27.235 
125.256 9.673 153.506 43.29 196.12 53.881 167.87 20.265 
127.922 -12.57 168.746 3.6 196.74 -30.229 155.916 -46.399 
46.296 -43.582 54.496 -0.445 92.988 -21.574 84.788 -64.711 
3.265 -52.315 8.257 -8.69 51.29 0.043 46.298 -43.582 
-27.018 17.458 8.751 42.927 44.026 16.779 8.257 -8.69 
-20.112 83.948 -18.508 127.829 22.729 112.743 21.125 68.863 
-49.762 173.169 -26.687 210.527 1.712 177.037 -21.362 139.679 
-86.429 238.83 -77.801 281.884 -34.188 286.983 -42.816 243.929 
-102.635 318.098 -60.52 330.525 -35.686 294.312 -77.801 281.885 
-55.738 333.376 -35.079 372.123 -4.613 340.502 -25.271 301.756 
22.063 339.731 23.875 383.604 66.16 395.439 64.349 351.566 
75.292 400.743 99.94 437.083 142.118 424.871 117.47 388.531 
147.419 487.853 190.525 496.219 211.802 457.808 168.697 449.442 
191.136 496.55 217.301 531.813 242.753 496.032 216.589 460.769 
227.414 451.925 249.426 489.919 292.363 480.725 270.351 442.731 
277.153 418.364 319.276 430.762 344.084 394.532 301.961 382.134 
352.045 343.803 351.067 387.702 393.12 375.066 394.098 331.167 
425.276 314.721 454.482 347.511 476.642 309.603 447.437 276.813 
452.047 272.869 478.21 308.134 519.834 294.15 493.671 258.885 
451.682 216.392 447.125 260.065 490.068 250.904 494.626 207.231 
404.057 167.289 430.532 202.32 455.668 166.316 429.193 131.285 
385.322 63.571 384.157 107.465 425.543 122.138 426.708 78.244 
350.461 -3.943 380.243 28.324 420.133 9.971 390.352 -22.295 
348.046 -51.873 348.843 -7.97 390.351 -22.295 389.554 -66.197 
303.028 -71.554 295.855 -28.234 334.839 -8.026 342.012 -51.346 
207.63 -32.272 233.985 2.849 275.532 -11.364 249.177 -46.485 
202.12 -91.905 199.8 -47.974 242.218 -59.322 244.534 -103.171 
161.128 -107.576 158.812 -63.727 199.799 -47.974 202.119 -91.905 
-76.178 71.557 -78.37 115.413 -37.338 131.049 -35.146 87.194 
-105.923 149.604 -64.892 165.242 -37.339 131.051 -78.371 115.413 
-4.514 432.351 36.84 447.113 63.658 412.344 22.304 397.582 
36.841 447.112 61.62 483.363 88.439 448.595 63.66 412.344 
331.544 436.611 356.436 472.784 383.146 437.932 358.253 401.759 
358.252 401.758 383.145 437.93 425.239 425.434 400.346 389.261 
440.901 119.799 465.253 156.338 507.529 144.469 483.176 107.93 
442.676 75.924 440.899 119.799 483.175 107.93 484.951 64.056 
263.927 -107.457 263.46 -63.549 288.891 -27.753 289.357 -71.66 
161.128 -107.575 202.12 -91.904 244.534 -103.17 203.547 -118.923 
104.97 -67.4 100.519 -23.716 129.797 -56.44 134.248 -100.124 
-75.332 58.217 -32.443 67.633 7.789 50.042 -35.099 40.626 
-103.73 105.748 -105.922 149.604 -78.371 115.413 -76.178 71.557 
-107.446 176.067 -84.179 213.306 -43.467 229.756 -66.734 192.518 
-23.535 380.125 -24.278 424.029 2.128 388.947 2.872 345.043 
-4.514 432.351 20.265 468.601 61.62 483.363 36.84 447.113 
86.173 492.446 128.163 479.603 154.584 444.532 112.594 457.375 
275.984 438.101 300.948 474.224 342.377 488.775 317.413 452.652 
356.437 472.785 398.531 460.287 425.24 425.434 383.146 437.932 
416.585 325.333 415.978 369.239 441.294 405.116 441.901 361.211 
449.122 209.736 491.251 197.357 518.059 162.579 475.929 174.958 
484.951 64.056 483.176 107.93 507.529 144.469 509.304 100.594 
386.924 38.697 428.141 53.839 470.386 41.863 429.17 26.72 
