158.454 226.741 152.801 270.285 195.961 262.205 201.614 218.661 
212.878 218.837 206.561 262.29 245.935 281.726 252.253 238.273 
216.117 209.218 255.831 227.952 285.919 195.971 246.205 177.237 
186.783 164.821 208.037 203.245 238.012 171.158 216.759 132.734 
135.259 178.015 155.592 216.934 198.889 209.623 178.556 170.705 
121.518 189.24 116.566 232.87 138.205 271.078 143.157 227.448 
159.591 286.807 200.111 303.726 242.837 293.596 202.317 276.678 
268.697 236.361 265.451 280.151 293.815 246.632 297.061 202.842 
229.738 122.145 250.494 160.839 290.03 179.943 269.275 141.249 
130.76 166.059 173.67 156.74 202.908 123.98 159.998 133.298 
60.303 127.463 97.658 150.543 131.152 122.149 93.797 99.068 
58.768 170.93 48.363 213.59 85.719 236.668 96.124 194.009 
10.825 254.431 48.897 276.306 81.467 246.855 43.394 224.98 
62.924 286.658 79.802 327.195 113.14 298.617 96.262 258.08 
124.903 340.922 163.489 361.88 195.345 331.66 156.76 310.701 
176.197 371.174 195.794 410.469 227.109 379.688 207.513 340.394 
220.252 331.253 239.069 370.926 282.616 365.289 263.799 325.616 
287.402 290.07 307.571 329.074 338.434 297.838 318.264 258.835 
330.923 249.224 350.704 288.427 394.1 281.729 374.319 242.526 
333.286 192.174 326.372 235.537 369.749 228.713 376.663 185.35 
289.751 119.96 309.314 159.271 352.746 152.813 333.183 113.502 
291.24 63.603 285.293 107.108 328.507 99.32 334.454 55.815 
239.799 43.098 232.17 86.34 270.939 106.958 278.568 63.716 
154.521 65.879 147.744 109.263 191.099 102.302 197.876 58.918 
107.565 43.591 98.597 86.576 136.707 108.387 145.674 65.403 
50.159 67.461 33.779 108.201 70.978 84.869 87.358 44.129 
6.635 206.563 4.823 250.435 32.076 216.007 33.888 172.134 
5.223 280.827 22.024 321.395 59.463 344.34 42.661 303.771 
120.157 368.983 145.997 404.485 187.77 418.019 161.93 382.517 
215.88 422.137 259.382 416.162 291.063 385.758 247.561 391.733 
331.795 341.244 373.353 327.065 398.64 291.168 357.082 305.346 
402.595 182.932 393.523 225.894 411.437 265.984 420.509 223.022 
347.516 54.039 346.832 97.944 372.085 133.866 372.768 89.961 
248.157 12.052 283.435 38.197 327.343 38.611 292.065 12.467 
109.663 37.363 150.11 54.454 192.879 44.507 152.431 27.416 
68.156 -59.797 72.044 -16.06 114.843 -6.242 110.955 -49.979 
-4.638 12.788 13.025 52.988 45.8 23.767 28.136 -16.434 
-30.754 49.611 -27.115 93.369 1.55 126.632 -2.09 82.873 
-83.62 124.46 -61.287 162.265 -18.43 152.707 -40.763 114.901 
-83.054 210.951 -40.423 200.429 -12.119 166.859 -54.75 177.381 
-75.818 226.415 -89.348 268.189 -45.438 268.148 -31.908 226.375 
-63.27 308.275 -48.297 349.553 -4.412 348.067 -19.385 306.79 
-11.342 391.427 30.683 404.152 72.163 389.745 30.137 377.02 
43.859 423.315 42.291 467.197 84.51 455.129 86.078 411.247 
102.322 409.031 100.025 452.881 123.942 489.706 126.239 445.856 
150.527 441.279 146.183 484.974 186.397 502.608 190.74 458.913 
230.8 449.496 219.647 491.966 263.485 489.45 274.638 446.98 
313.982 423.211 313.657 467.12 339.728 431.788 340.053 387.879 
362.479 382.955 360.353 426.814 401.409 442.388 403.534 398.529 
364.75 370.126 406.371 384.117 448.268 370.972 406.647 356.981 
409.34 333.754 450.036 350.245 478.296 316.638 437.601 300.146 
454.186 218.803 442.381 261.096 478.957 285.392 490.762 243.099 
421.205 137.89 445.66 174.36 486.881 189.491 462.426 153.021 
423.803 117.695 464.869 133.244 492.346 98.993 451.281 83.445 
409.603 67.808 410.921 111.699 435.653 75.416 434.335 31.525 
371.387 17.739 391.334 56.856 422.373 25.797 402.425 -13.321 
297.956 -23.278 334.478 1.099 368.947 -26.103 332.424 -50.48 
217.764 -17.27 259.692 -30.315 285.944 -65.513 244.017 -52.468 
175.503 -60.272 201.243 -24.698 227.122 -60.171 201.382 -95.746 
119.619 -57.093 142.922 -19.876 183.65 -3.464 160.347 -40.681 
124.423 -97.146 160.747 -72.475 195.435 -99.398 159.111 -124.068 
4.794 -124.877 10.016 -81.278 49.867 -99.717 44.645 -143.316 
-68.208 -103.608 -50.208 -63.557 -6.554 -68.3 -24.555 -108.351 
-91.259 -61.516 -85.18 -18.028 -41.943 -10.372 -48.022 -53.859 
-86.68 59.317 -93.65 102.67 -50.265 95.902 -43.295 52.549 
-122.16 153.133 -107.888 194.659 -72.806 168.254 -87.077 126.728 
-176.805 267.967 -167.192 310.812 -123.473 314.909 -133.086 272.064 
-179.275 380.703 -136.25 389.475 -114.611 351.267 -157.636 342.494 
-123.822 394.199 -116.142 437.432 -77.398 416.768 -85.078 373.535 
-12.694 410.97 -13.625 454.87 27.839 469.321 28.77 425.421 
44.712 473.682 66.384 511.871 109.402 503.061 87.729 464.872 
147.688 581.435 191.124 587.87 210.666 548.548 167.23 542.114 
223.083 590.665 250.71 624.795 274.632 587.975 247.007 553.844 
273.223 532.265 285.848 574.321 329.747 575.309 317.122 533.253 
331.457 474.912 373.093 488.858 399.223 453.569 357.586 439.623 
413.788 398.161 410.225 441.926 452.95 431.79 456.512 388.025 
509.039 347.99 539.69 379.432 560.122 340.565 529.47 309.123 
545.652 277.548 573.306 311.657 614.29 295.897 586.637 261.788 
549.161 205.725 534.487 247.11 578.382 248.277 593.055 206.891 
475.148 139.395 500.152 175.49 526.755 140.556 501.75 104.46 
460.295 26.655 455.037 70.249 494.873 88.721 500.131 45.127 
406.314 -69.314 438.059 -38.977 476.721 -59.794 444.976 -90.131 
389.178 -126.466 395.641 -83.034 434.95 -102.602 428.487 -146.034 
351.534 -157.41 328.739 -119.88 357.388 -86.604 380.183 -124.133 
215.521 -108.113 236.691 -69.643 279.82 -77.889 258.65 -116.359 
207.695 -175.569 202.317 -131.907 245.423 -140.269 250.792 -183.849 
167.896 -194.061 162.527 -150.481 202.316 -131.907 207.695 -175.569 
-158.295 50.54 -159.753 94.426 -118.466 109.374 -117.008 65.488 
-186.733 129.07 -145.447 144.023 -118.468 109.379 -159.753 94.426 
-41.121 513.601 0.583 527.339 26.537 491.92 -15.169 478.182 
0.707 527.427 25.956 563.352 52.32 528.237 27.071 492.312 
394.362 497.21 419.361 533.308 445.968 498.376 420.967 462.278 
421.196 462.118 446.014 498.342 488.134 485.933 463.316 449.709 
518.348 85.101 541.949 122.13 584.458 111.126 560.857 74.098 
521.034 41.255 518.342 85.082 560.857 74.098 563.548 30.271 
281.41 -193.855 278.79 -150.023 302.433 -113.022 305.053 -156.854 
167.896 -194.06 207.695 -175.569 250.792 -183.849 211.003 -202.422 
94.549 -157.139 79.064 -116.05 115.744 -140.189 131.229 -181.278 
-160.354 26.533 -117.254 34.929 -77.45 16.388 -120.55 7.992 
-185.271 85.187 -186.729 129.073 -159.753 94.426 -158.295 50.54 
-183.648 165.674 -175.624 208.845 -143.757 239.054 -151.781 195.883 
-75.414 460.632 -78.197 504.454 -50.188 470.637 -47.404 426.816 
-41.121 513.601 -15.655 549.371 25.974 563.341 0.507 527.57 
58.07 571.769 101.825 568.083 135.057 539.382 91.302 543.068 
335.135 510.932 358.424 548.156 399.146 564.582 375.857 527.358 
419.352 533.301 461.44 520.782 488.131 485.915 446.043 498.434 
495.926 375.873 487.641 418.995 506.286 458.75 514.57 415.629 
535.591 183.568 578.146 172.742 606.211 138.971 563.656 149.797 
563.531 30.269 560.858 74.098 584.457 111.127 587.13 67.298 
461.821 -18.489 498.693 5.354 542.539 2.971 505.666 -20.873 
