154.648 238.187 144.907 281.003 188.638 277.037 198.379 234.221 
219.122 234.515 208.143 277.031 245.185 300.61 256.164 258.095 
225.708 213.777 262.959 237.025 296.58 208.78 259.329 185.533 
194.165 161.192 210.399 201.991 244.184 173.944 227.951 133.145 
132.912 175.37 148.03 216.595 191.91 214.957 176.791 173.731 
106.596 202.059 97.153 244.942 114.72 285.185 124.163 242.302 
157.9 308.394 196.973 328.429 240.36 321.671 201.287 301.636 
286.575 251.535 280.027 294.954 310.845 263.676 317.393 220.257 
249.928 114.415 265.837 155.341 302.764 179.1 286.855 138.173 
122.39 150.794 166.101 146.62 199.011 117.55 155.299 121.724 
30.034 105.942 62.993 134.955 100.772 112.574 67.812 83.561 
46.48 175.642 28.852 215.858 61.654 245.05 79.281 204.834 
-18.92 269.85 15.383 297.26 52.053 273.105 17.748 245.695 
33.49 312.9 43.419 355.673 81.031 333.013 71.102 290.24 
117.037 358.146 151.735 385.056 188.05 360.373 153.353 333.462 
177.916 403.098 192.018 444.682 227.208 418.42 213.107 376.836 
231.716 364.722 245.59 406.382 289.498 406.061 275.625 364.4 
301.997 306.685 316.42 348.158 351.407 321.625 336.983 280.151 
360.508 260.757 374.939 302.228 418.84 301.319 404.408 259.848 
366.384 199.948 355.29 242.434 399.125 239.856 410.218 197.37 
314.266 113.614 327.164 155.587 371.069 156.289 358.17 114.317 
316.911 47.288 305.611 89.719 349.458 87.353 360.757 44.922 
264.074 19.868 249.786 61.388 284.859 87.808 299.147 46.287 
162.547 52.324 146.774 93.304 190.622 95.641 206.395 54.661 
91.037 27.578 75.586 68.679 109.901 96.076 125.352 54.974 
19.931 40.381 -6.042 75.786 35.782 62.41 61.755 27.005 
-30.159 217.911 -33.42 261.7 -5.044 228.19 -1.784 184.402 
-27.775 305.346 -18.753 348.319 13.806 377.781 4.783 334.808 
113.618 406.856 139.336 442.447 181.061 456.125 155.344 420.534 
222.132 462.034 266.04 462.386 301.769 436.861 257.86 436.509 
359.42 364.798 400.946 350.527 426.154 314.574 384.628 328.844 
450.827 193.337 434.365 234.044 444.975 276.654 461.437 235.946 
381.434 41.435 378.187 85.224 401.3 122.559 404.546 78.769 
277.259 -24.688 306.395 8.163 349.276 17.614 320.14 -15.237 
95.051 -5.074 133.453 16.219 177.036 10.873 138.634 -10.42 
46.254 -107.249 32.486 -65.553 67.887 -39.574 81.655 -81.27 
-44.925 -29.149 -49.427 14.53 -6.495 5.314 -1.994 -38.365 
-83.83 41.815 -72.06 84.118 -37.673 111.424 -49.443 69.121 
-124.856 118.955 -111.208 160.69 -67.298 160.605 -80.946 118.87 
-145.684 200.176 -102.456 207.884 -62.953 188.711 -106.182 181.003 
-117.927 248.979 -146.078 282.678 -105.329 299.037 -77.178 265.338 
-105.262 342.947 -101.291 386.677 -58.474 396.413 -62.445 352.683 
-41.652 436.973 1.35 445.857 41.361 427.768 -1.641 418.884 
29.419 470.023 25.462 513.754 68.276 504.004 72.233 460.273 
99.103 460.04 86.029 501.958 100.091 543.556 113.165 501.637 
157.43 493.133 142.406 534.393 177.004 561.432 192.028 520.172 
250.21 503.342 229.954 542.301 273.265 549.527 293.521 510.568 
336.085 464.255 337.365 508.147 362.127 471.886 360.848 427.994 
398.288 414.455 392.877 458.031 432.648 476.643 438.059 433.068 
404.079 394.326 442.163 416.182 485.821 411.478 447.737 389.622 
453.379 349.025 489.022 374.671 524.426 348.698 488.784 323.052 
515.65 226.644 494.332 265.032 524.253 297.169 545.571 258.781 
463.374 134.602 488.43 170.662 529.895 185.108 504.84 149.048 
464.959 98.582 504.167 118.352 535.085 87.173 495.877 67.403 
454.847 44.383 447.542 87.681 478.902 56.946 486.208 13.648 
412.367 -21.026 420.837 22.059 459.196 0.689 450.725 -42.396 
324.794 -77.9 353.059 -44.296 393.751 -60.794 365.487 -94.397 
223.71 -51.42 264.836 -66.805 289.065 -103.425 247.938 -88.04 
166.522 -106.469 183.62 -66.024 216.801 -94.783 199.704 -135.227 
111.655 -116.316 125.039 -74.496 160.448 -48.529 147.064 -90.349 
126.194 -155.046 155.186 -122.068 195.51 -139.451 166.517 -172.429 
-6.554 -185.282 -15.056 -142.203 28.542 -147.428 37.045 -190.507 
-102.142 -152.976 -95.542 -109.565 -52.216 -102.426 -58.816 -145.838 
-139.167 -94.698 -126.473 -52.663 -82.573 -51.747 -95.267 -93.783 
-129.209 43.349 -141.734 85.435 -97.837 84.342 -85.313 42.256 
-165.874 134.629 -163.642 178.482 -122.625 162.808 -124.856 118.955 
-230.737 272.835 -232.716 316.701 -191.61 332.139 -189.63 288.273 
-241.722 404.035 -200.609 419.457 -173.237 385.122 -214.35 369.7 
-172.204 429.019 -177.574 472.6 -134.468 464.24 -129.097 420.66 
-40.631 458.728 -48.331 501.958 -9.596 522.639 -1.897 479.41 
25.553 514.145 41.019 555.241 84.883 553.232 69.417 512.136 
136.573 638.45 178.426 651.731 203.991 616.03 162.138 602.749 
230.264 651.211 254.57 687.781 281.838 653.364 257.534 616.795 
296.59 586.729 299.229 630.559 341.731 641.592 339.091 597.762 
359.758 515.731 399.824 533.699 429.293 501.146 389.227 483.179 
448.161 434.056 438.86 476.97 482.548 472.555 491.848 429.641 
558.327 376.607 584.475 411.882 609.944 376.113 583.796 340.837 
599.932 289.826 625.062 325.834 667.073 313.061 641.943 277.053 
611.423 210.536 588.063 247.717 630.643 258.444 654.002 221.263 
523.017 129.392 544.632 167.614 574.304 135.246 552.689 97.024 
514.356 12.558 501.89 54.662 538.08 79.529 550.546 37.425 
459.369 -102.035 486.658 -67.634 527.808 -82.956 500.519 -117.358 
416.838 -172.115 421.033 -128.406 461.306 -145.902 457.112 -189.611 
383.85 -207.824 353.447 -176.142 374.184 -137.437 404.587 -169.119 
224.721 -156.486 238.585 -114.823 282.494 -115.133 268.63 -156.797 
218.63 -230.406 208.171 -187.675 251.961 -190.927 262.401 -233.578 
181.376 -253.818 170.531 -211.268 207.647 -187.805 218.512 -230.434 
-202.314 28.28 -207.546 71.878 -167.699 90.325 -162.468 46.728 
-237.725 103.916 -198.038 122.704 -167.904 90.765 -207.592 71.977 
-74.855 558.347 -31.784 566.882 -10.356 528.555 -53.429 520.02 
-28.398 568.586 -6.921 606.886 22.868 574.626 1.391 536.326 
420.007 544.063 446.777 578.869 471.607 542.652 444.835 507.847 
451.248 503.351 473.136 541.417 516.103 532.365 494.215 494.298 
570.772 77.037 592.722 115.067 635.674 105.944 613.724 67.914 
575.72 32.846 570.651 76.462 613.699 67.804 618.768 24.187 
303.873 -246.46 294.458 -203.571 312.05 -163.34 321.465 -206.228 
181.367 -253.805 218.617 -230.602 262.401 -233.57 225.171 -256.852 
97.196 -216.473 78.709 -176.645 117.077 -198.0 135.564 -237.828 
-203.953 -22.483 -167.331 1.744 -123.463 -0.183 -160.085 -24.409 
-232.299 60.35 -237.716 103.925 -207.721 71.856 -202.304 28.282 
-229.03 153.811 -232.048 197.617 -208.742 234.831 -205.723 191.025 
-117.731 504.833 -128.28 547.457 -94.692 519.174 -84.143 476.55 
-74.855 558.347 -48.731 593.64 -6.851 606.836 -32.976 571.543 
33.934 617.119 77.599 621.757 115.651 599.845 71.986 595.206 
364.78 560.156 382.935 600.137 421.123 621.811 402.968 581.83 
446.755 578.854 488.984 566.822 516.077 532.266 473.847 544.298 
540.792 416.335 525.726 457.579 537.779 499.802 552.846 458.558 
587.898 176.999 631.458 171.465 663.446 141.384 619.886 146.918 
618.697 24.178 613.882 67.823 635.641 105.963 640.456 62.318 
518.717 -39.998 551.528 -10.817 595.225 -6.494 562.414 -35.676 
