159.86 222.213 156.746 266.013 199.364 255.439 202.478 211.64 
212.38 211.096 209.816 254.931 250.714 270.915 253.277 227.08 
214.417 203.355 255.681 218.366 282.709 183.761 241.444 168.749 
183.231 162.282 207.514 198.867 234.804 164.467 210.522 127.882 
134.489 177.258 157.356 214.744 200.074 204.581 177.207 167.094 
124.077 186.1 121.62 229.941 145.402 266.854 147.859 223.012 
164.622 282.29 205.907 297.244 248.098 285.075 206.812 270.121 
267.73 225.035 266.565 268.929 293.308 234.102 294.472 190.208 
220.33 119.171 244.255 155.99 285.253 171.715 261.328 134.895 
130.772 168.108 173.053 156.261 200.297 121.825 158.015 133.671 
70.601 137.675 110.077 156.904 140.563 125.302 101.087 106.073 
68.156 169.965 63.201 213.594 103.164 231.789 108.119 188.16 
30.32 255.729 70.234 274.03 99.974 241.725 60.059 223.424 
75.564 278.225 95.887 317.149 126.626 285.792 106.303 246.868 
133.566 329.15 174.163 345.883 202.623 312.444 162.026 295.711 
181.24 350.795 203.501 388.644 232.618 355.776 210.358 317.927 
215.527 314.525 237.023 352.813 280.08 344.199 258.584 305.911 
278.488 275.433 301.992 312.523 330.003 278.708 306.498 241.618 
312.992 236.933 335.323 274.741 378.181 265.186 355.85 227.378 
315.818 187.132 311.216 230.801 354.169 221.683 358.771 178.014 
273.774 123.313 296.896 160.641 339.543 150.185 316.421 112.856 
275.131 72.616 271.514 116.376 314.251 106.294 317.868 62.534 
228.266 54.943 223.928 98.639 264.145 116.266 268.482 72.571 
154.056 74.962 151.093 118.771 193.674 108.051 196.637 64.241 
108.551 56.511 103.336 100.11 143.189 118.544 148.405 74.945 
68.315 85.795 59.37 128.784 91.875 99.263 100.82 56.273 
23.158 207.625 23.21 251.535 48.977 215.98 48.925 172.07 
27.172 265.452 48.301 303.944 88.02 322.666 66.89 284.174 
130.257 345.358 157.153 380.066 199.314 392.337 172.417 357.629 
210.171 393.513 253.081 384.198 282.321 351.44 239.41 360.755 
313.291 319.313 354.648 304.558 379.434 268.312 338.077 283.067 
368.706 178.009 363.766 221.64 385.415 259.842 390.355 216.211 
322.317 62.191 323.461 106.086 350.186 140.926 349.043 97.031 
233.233 39.676 271.802 60.666 315.342 54.977 276.773 33.987 
109.625 52.984 151.06 67.517 193.124 54.919 151.689 40.386 
79.141 -16.965 95.581 23.751 139.385 20.698 122.945 -20.019 
27.431 40.066 51.041 77.088 78.955 43.192 55.344 6.17 
13.912 53.648 10.509 97.426 33.488 134.843 36.89 91.066 
-47.57 127.254 -22.591 163.367 19.473 150.769 -5.506 114.656 
-38.202 215.853 2.937 200.5 27.194 163.899 -13.945 179.252 
-37.088 218.556 -43.333 262.02 -0.067 254.527 6.178 211.064 
-31.463 285.229 -12.284 324.729 31.21 318.694 12.031 279.194 
6.796 355.19 48.287 369.564 90.302 356.804 48.811 342.431 
56.499 384.829 56.716 428.739 98.409 414.963 98.192 371.054 
115.139 367.294 115.982 411.196 142.469 446.218 141.626 402.316 
156.048 399.83 156.189 443.74 197.993 457.175 197.853 413.265 
218.626 411.418 212.019 454.828 255.346 447.697 261.953 404.287 
290.189 394.638 289.424 438.542 315.848 403.472 316.613 359.569 
330.313 357.365 330.348 401.275 372.12 414.811 372.085 370.901 
332.026 342.195 374.137 354.638 415.518 339.953 373.408 327.51 
375.161 312.013 417.222 324.62 442.21 288.513 400.149 275.906 
411.876 214.272 404.935 257.63 444.026 277.629 450.967 234.271 
387.857 147.816 412.148 184.395 453.301 199.711 429.009 163.131 
390.041 136.045 431.718 149.869 457.745 114.503 416.068 100.679 
374.574 86.764 377.368 130.585 400.865 93.491 398.07 49.67 
337.384 44.09 362.361 80.203 388.989 45.288 364.011 9.174 
281.929 12.601 320.678 33.257 352.296 2.788 313.547 -17.868 
214.674 14.074 257.12 2.833 284.853 -31.211 242.406 -19.97 
178.122 -24.991 205.42 9.403 229.694 -27.187 202.397 -61.581 
122.992 -20.057 150.594 14.093 192.998 25.496 165.395 -8.653 
125.287 -53.486 164.633 -33.992 195.331 -65.388 155.985 -84.882 
15.58 -78.848 24.535 -35.86 62.651 -57.661 53.696 -100.648 
-34.554 -75.74 -19.738 -34.405 24.152 -35.722 9.337 -77.057 
-61.826 -21.492 -36.96 14.699 5.143 2.233 -19.723 -33.958 
-52.143 70.907 -53.461 114.797 -11.312 102.488 -9.994 58.597 
-85.347 164.02 -65.424 203.15 -34.366 172.11 -54.289 132.98 
-131.051 263.338 -118.758 305.492 -74.868 306.827 -87.161 264.673 
-139.854 350.339 -96.77 358.818 -75.392 320.464 -118.475 311.984 
-89.6 362.011 -74.621 403.288 -39.994 376.287 -54.972 335.011 
4.605 374.029 6.328 417.905 48.59 429.825 46.866 385.948 
60.845 437.701 84.696 474.57 127.13 463.28 103.279 426.411 
158.778 535.753 202.197 542.304 221.845 503.035 178.426 496.484 
205.259 543.693 232.361 578.242 256.843 541.791 229.743 507.242 
248.713 491.103 266.512 531.244 310.188 526.721 292.39 486.58 
303.715 445.672 345.834 458.088 370.657 421.869 328.538 409.452 
383.389 369.883 381.642 413.758 423.909 401.861 425.656 357.986 
471.661 321.082 501.968 352.856 522.822 314.214 492.516 282.439 
498.708 276.594 525.612 311.297 566.93 296.432 540.025 261.73 
499.158 211.548 489.949 254.482 533.627 249.972 542.836 207.039 
438.215 153.83 464.472 189.025 489.831 153.177 463.574 117.982 
421.48 44.475 418.927 88.311 459.829 104.284 462.382 60.449 
371.495 -44.352 402.029 -12.795 441.476 -32.083 410.943 -63.639 
367.003 -90.786 370.305 -47.001 410.927 -63.672 407.625 -107.457 
323.807 -115.35 310.206 -73.599 345.71 -47.762 359.311 -89.512 
210.828 -69.227 235.86 -33.152 277.906 -45.811 252.874 -81.887 
203.162 -133.459 199.642 -89.608 242.355 -99.791 245.869 -143.56 
162.614 -150.246 159.1 -106.477 199.641 -89.608 203.162 -133.459 
-116.652 61.226 -118.881 105.079 -77.862 120.75 -75.634 76.897 
-146.463 139.248 -105.444 154.92 -77.864 120.752 -118.882 105.08 
-21.681 472.212 19.569 487.262 46.629 452.681 5.379 437.631 
19.569 487.263 44.095 523.685 71.156 489.104 46.629 452.682 
363.655 465.217 388.096 501.696 415.237 467.178 390.795 430.699 
390.796 430.699 415.237 467.178 457.484 455.206 433.042 418.726 
479.002 101.093 502.589 138.13 545.102 127.143 521.515 90.106 
481.691 57.264 479.002 101.091 521.516 90.105 524.204 46.277 
269.921 -150.627 269.759 -106.717 295.438 -71.099 295.599 -115.009 
162.615 -150.245 203.162 -133.459 245.869 -143.56 205.328 -160.428 
95.777 -111.662 84.395 -69.253 118.531 -96.873 129.913 -139.282 
-117.345 47.985 -73.651 52.336 -35.744 30.174 -79.438 25.823 
-144.233 95.394 -146.462 139.247 -118.882 105.079 -116.652 61.226 
-145.313 173.321 -130.51 214.661 -94.236 239.405 -109.039 198.065 
-48.756 419.314 -49.827 463.21 -23.159 428.327 -22.088 384.43 
-21.681 472.212 2.844 508.634 44.095 523.684 19.569 487.262 
74.523 532.885 117.714 524.973 148.006 493.184 104.815 501.097 
304.845 473.838 329.364 510.265 370.611 525.322 346.093 488.896 
388.096 501.696 430.342 489.723 457.484 455.206 415.237 467.178 
458.308 348.173 453.629 391.833 475.506 429.906 480.185 386.246 
491.948 197.036 534.203 185.092 561.367 150.593 519.113 162.537 
524.204 46.278 521.516 90.106 545.102 127.143 547.791 83.316 
422.658 7.591 461.894 27.305 505.224 20.192 465.988 0.478 
