152.332 241.36 140.816 283.733 184.674 281.592 196.19 239.219 
220.168 239.745 207.252 281.712 243.174 306.965 256.09 264.997 
227.865 214.004 264.068 238.851 298.886 212.098 262.683 187.25 
195.735 158.476 209.994 200.007 245.085 173.612 230.827 132.082 
131.146 172.544 143.878 214.568 187.779 215.445 175.047 173.421 
100.767 206.226 89.219 248.59 104.778 289.652 116.326 247.288 
155.73 314.612 194.047 336.056 237.651 330.883 199.334 309.438 
292.32 255.514 284.262 298.678 316.152 268.494 324.21 225.329 
255.723 110.787 269.756 152.394 305.565 177.807 291.533 136.2 
118.299 142.859 162.188 141.488 196.889 114.582 153.0 115.952 
16.504 99.133 46.36 131.332 86.208 112.887 56.353 80.689 
44.837 175.215 23.967 213.849 54.261 245.636 75.131 207.002 
-25.428 280.512 7.977 309.01 45.404 286.045 11.997 257.547 
24.398 324.605 31.317 367.967 70.418 347.987 63.499 304.626 
112.428 360.767 145.398 389.768 183.169 367.374 150.198 338.372 
181.072 411.234 193.292 453.409 229.626 428.754 217.407 386.579 
237.051 374.789 249.043 417.029 292.922 418.677 280.93 376.436 
305.849 311.177 318.249 353.3 354.478 328.489 342.077 286.366 
369.725 261.61 382.448 303.637 426.349 304.524 413.626 262.498 
377.671 200.12 364.792 242.099 408.696 241.376 421.575 199.397 
321.523 110.472 332.06 153.098 375.857 156.248 365.32 113.622 
323.505 39.588 310.263 81.454 354.172 81.11 367.414 39.244 
270.171 8.959 252.541 49.174 285.34 78.368 302.97 38.153 
165.342 44.051 145.206 83.071 188.539 90.164 208.676 51.143 
83.433 20.95 66.159 61.32 99.215 90.223 116.489 49.854 
6.796 33.105 -20.163 67.765 22.02 55.571 48.979 20.911 
-43.336 226.868 -46.68 270.65 -18.241 237.195 -14.897 193.412 
-35.829 312.007 -29.232 355.419 1.622 386.661 -4.976 343.25 
112.856 419.248 139.076 454.471 180.991 467.555 154.771 432.332 
223.779 472.272 267.619 474.754 304.545 450.994 260.705 448.512 
368.724 370.024 410.179 355.547 435.208 319.468 393.753 333.945 
464.485 196.142 445.925 235.937 454.301 279.041 472.861 239.246 
390.339 35.036 386.52 78.779 409.141 116.414 412.96 72.67 
285.064 -37.246 312.444 -2.918 354.773 8.76 327.393 -25.568 
86.278 -17.859 124.115 4.423 167.822 0.21 129.986 -22.072 
35.931 -119.22 22.724 -77.343 58.469 -51.841 71.677 -93.717 
-52.137 -41.741 -61.15 1.234 -17.493 -3.475 -8.481 -46.451 
-96.158 27.738 -85.389 70.307 -51.656 98.417 -62.425 55.848 
-132.154 116.883 -123.742 159.98 -80.155 165.296 -88.567 122.2 
-161.761 196.612 -120.646 212.029 -78.322 200.334 -119.437 184.917 
-128.196 255.285 -160.746 284.757 -122.658 306.606 -90.108 277.135 
-113.674 349.588 -114.754 393.484 -73.34 408.076 -72.259 364.179 
-53.131 447.059 -9.891 454.704 29.584 435.473 -13.655 427.828 
22.979 478.883 17.044 522.39 60.256 514.59 66.191 471.083 
98.687 471.701 81.662 512.176 91.68 554.928 108.704 514.453 
159.867 506.049 140.029 545.223 171.155 576.195 190.993 537.022 
254.728 516.729 231.492 553.988 274.108 564.573 297.343 527.315 
339.191 477.97 340.912 521.846 365.309 485.338 363.588 441.462 
406.033 423.823 399.169 467.193 438.295 487.124 445.159 443.754 
413.876 399.301 449.939 424.353 493.839 423.423 457.777 398.371 
465.389 351.361 498.001 380.764 536.043 358.835 503.431 329.431 
532.424 228.598 508.242 265.25 535.627 299.574 559.809 262.923 
475.665 135.488 500.816 171.481 542.32 185.818 517.169 149.824 
476.329 92.999 514.42 114.844 546.967 85.368 508.876 63.523 
467.755 36.67 456.399 79.086 490.518 51.445 501.874 9.029 
422.812 -34.617 425.835 9.188 466.563 -7.224 463.539 -51.03 
331.439 -95.202 356.05 -58.837 398.239 -71.007 373.628 -107.372 
226.894 -62.068 267.936 -77.678 291.963 -114.431 250.921 -98.821 
161.795 -120.475 173.797 -78.237 210.258 -102.704 198.257 -144.942 
107.73 -135.96 115.577 -92.757 147.319 -62.417 139.472 -105.62 
125.681 -172.74 151.619 -137.31 193.331 -151.029 167.393 -186.46 
-7.743 -202.603 -20.804 -160.68 23.103 -161.214 36.164 -203.137 
-107.957 -167.223 -101.779 -123.749 -58.525 -116.19 -64.702 -159.663 
-145.774 -108.419 -131.49 -66.898 -87.587 -67.652 -101.871 -109.174 
-151.655 36.743 -161.252 79.592 -117.535 75.478 -107.938 32.629 
-175.387 126.775 -179.288 170.511 -136.487 160.706 -132.585 116.97 
-244.259 269.059 -249.814 312.616 -210.106 331.359 -204.55 287.802 
-260.316 402.534 -220.367 420.759 -190.689 388.397 -230.638 370.172 
-186.462 432.103 -195.335 475.107 -151.694 470.256 -142.82 427.252 
-51.539 468.616 -61.435 511.396 -23.806 534.028 -13.91 491.247 
17.244 523.427 30.874 565.169 74.784 565.105 61.154 523.364 
129.284 651.849 170.269 667.607 197.921 633.497 156.936 617.739 
226.242 667.051 249.003 704.602 277.682 671.352 254.922 633.801 
298.179 601.296 297.326 645.197 338.816 659.574 339.669 615.673 
365.041 529.247 404.406 548.702 435.072 517.276 395.708 497.821 
455.774 445.312 444.141 487.652 488.005 485.632 499.638 443.291 
570.416 386.16 594.599 422.81 621.983 388.485 597.799 351.835 
613.579 296.495 637.587 333.261 679.972 321.791 655.965 285.025 
627.971 215.425 602.026 250.851 643.735 264.578 669.68 229.153 
537.253 128.19 557.519 167.143 588.304 135.832 568.037 96.878 
531.151 9.445 515.923 50.63 550.386 77.84 565.614 36.655 
473.747 -112.845 499.002 -76.924 540.969 -89.842 515.714 -125.763 
426.669 -183.81 429.914 -140.02 470.558 -156.638 467.313 -200.428 
394.611 -220.397 362.632 -190.306 381.369 -150.594 413.347 -180.685 
227.913 -172.533 239.622 -130.213 283.489 -128.272 271.78 -170.592 
225.21 -246.744 212.75 -204.553 256.644 -205.739 269.081 -247.851 
190.389 -275.936 173.224 -235.52 206.357 -206.706 223.554 -247.198 
-210.307 15.632 -218.781 58.717 -180.423 80.09 -171.95 37.005 
-253.329 87.209 -216.481 111.09 -182.382 83.425 -219.23 59.544 
-88.298 563.833 -45.225 572.359 -23.805 534.027 -66.88 525.501 
-40.243 574.743 -21.775 614.581 10.406 584.706 -8.062 544.868 
421.53 559.046 448.547 593.66 473.119 557.269 446.101 522.654 
456.132 515.835 475.562 555.212 519.017 548.9 499.586 509.523 
586.793 77.521 607.429 116.28 650.668 108.631 630.032 69.872 
594.227 32.103 586.433 75.316 629.94 69.375 637.733 26.162 
315.569 -260.321 301.84 -218.613 315.249 -176.8 328.977 -218.509 
190.375 -275.92 225.211 -249.23 269.078 -247.958 234.269 -274.725 
96.538 -233.75 79.002 -193.493 116.851 -215.754 134.387 -256.01 
-206.558 -47.197 -177.865 -13.958 -135.115 -3.933 -163.808 -37.171 
-243.435 44.437 -253.321 87.22 -220.176 58.418 -210.291 15.635 
-241.688 147.045 -247.208 190.607 -226.07 229.094 -220.549 185.532 
-132.187 509.594 -146.598 551.072 -110.56 525.985 -96.149 484.507 
-88.375 564.231 -63.206 600.212 -21.695 614.526 -46.865 578.546 
23.197 626.712 66.474 634.141 105.852 614.713 62.575 607.285 
368.31 573.706 383.57 614.879 420.117 639.219 404.857 598.046 
448.535 593.653 491.05 582.674 518.993 548.801 476.477 559.781 
551.384 430.586 533.834 470.837 543.296 513.715 560.845 473.465 
601.579 177.687 645.415 175.13 679.375 147.295 635.54 149.853 
637.645 26.146 630.731 69.508 650.627 108.653 657.54 65.291 
536.299 -46.182 567.462 -15.246 610.856 -8.536 579.693 -39.472 
