154.705 238.079 145.012 280.906 188.738 276.89 198.431 234.063 
219.076 234.356 208.148 276.884 245.217 300.42 256.146 257.892 
225.627 213.769 262.908 236.969 296.492 208.681 259.211 185.482 
194.099 161.28 210.398 202.053 244.139 173.953 227.841 133.18 
132.961 175.446 148.146 216.647 192.022 214.938 176.838 173.737 
106.781 201.914 97.398 244.809 115.02 285.028 124.404 242.132 
157.938 308.185 197.03 328.183 240.41 321.385 201.319 301.386 
286.383 251.411 279.877 294.836 310.665 263.529 317.171 220.103 
249.743 114.512 265.702 155.418 302.659 179.132 286.7 138.225 
122.528 151.05 166.231 146.789 199.083 117.654 155.38 121.915 
30.472 106.239 63.523 135.149 101.231 112.65 68.18 83.74 
46.534 175.64 28.999 215.896 61.867 245.013 79.402 204.756 
-18.675 269.556 15.669 296.915 52.303 272.707 17.958 245.347 
33.804 312.531 43.82 355.284 81.385 332.547 71.37 289.795 
117.144 358.031 151.888 384.881 188.161 360.135 153.417 333.284 
177.831 402.812 191.991 444.377 227.145 418.066 212.986 376.502 
231.553 364.392 245.482 406.034 289.39 405.655 275.462 364.013 
301.863 306.547 316.347 347.999 351.294 321.414 336.809 279.961 
360.209 260.709 374.694 302.162 418.593 301.196 404.109 259.743 
366.031 199.923 354.986 242.421 398.818 239.792 409.862 197.294 
314.034 113.703 327.002 155.654 370.907 156.284 357.94 114.333 
316.685 47.508 305.446 89.955 349.289 87.527 360.528 45.08 
263.863 20.182 249.669 61.735 284.802 88.074 298.996 46.521 
162.462 52.567 146.82 93.596 190.675 95.794 206.317 54.764 
91.281 27.795 75.904 68.924 110.268 96.259 125.646 55.13 
20.257 40.691 -5.665 76.133 36.139 62.696 62.061 27.254 
-29.728 217.684 -32.981 261.473 -4.611 227.959 -1.358 184.17 
-27.471 305.095 -18.369 348.051 14.245 377.452 5.142 334.496 
113.647 406.461 139.357 442.058 181.08 455.744 155.37 420.148 
222.061 461.68 265.97 461.968 301.662 436.391 257.753 436.104 
359.128 364.62 400.655 350.352 425.866 314.4 384.338 328.668 
450.379 193.25 433.984 233.984 444.664 276.576 461.059 235.842 
381.14 41.611 377.912 85.402 401.04 122.727 404.268 78.936 
276.997 -24.308 306.189 8.494 349.085 17.872 319.894 -14.929 
95.328 -4.619 133.75 16.637 177.329 11.25 138.907 -10.006 
46.551 -106.858 32.849 -65.141 68.29 -39.217 81.993 -80.935 
-44.687 -28.687 -48.895 15.02 -6.025 5.515 -1.819 -38.193 
-83.438 42.127 -71.685 84.435 -37.309 111.754 -49.063 69.447 
-124.558 119.046 -110.762 160.732 -66.852 160.492 -80.648 118.806 
-145.108 200.327 -101.837 207.792 -62.444 188.396 -105.714 180.932 
-117.586 248.781 -145.564 282.624 -104.732 298.774 -76.754 264.931 
-104.927 342.684 -100.801 386.399 -57.949 395.983 -62.075 352.268 
-41.259 436.598 1.736 445.52 41.763 427.467 -1.231 418.544 
29.589 469.655 25.667 513.39 68.473 503.606 72.396 459.871 
99.107 459.611 86.158 501.568 100.343 543.123 113.293 501.166 
157.338 492.681 142.456 533.992 177.146 560.912 192.028 519.601 
250.026 502.88 229.862 541.887 273.19 549.01 293.354 510.004 
335.944 463.828 337.205 507.72 361.983 471.469 360.723 427.577 
398.02 414.146 392.646 457.726 432.433 476.304 437.806 432.724 
403.751 394.153 441.893 415.909 485.538 411.09 447.396 389.335 
452.984 348.936 488.711 374.465 524.03 348.376 488.304 322.847 
515.089 226.587 493.865 265.027 523.865 297.091 545.089 258.651 
462.978 134.59 488.029 170.654 529.492 185.106 504.442 149.042 
464.581 98.747 503.818 118.459 534.69 87.234 495.453 67.522 
454.428 44.614 447.246 87.933 478.519 57.109 485.701 13.79 
412.018 -20.607 420.647 22.447 458.927 0.935 450.297 -42.119 
324.576 -77.335 352.954 -43.827 393.591 -60.462 365.212 -93.97 
223.638 -51.113 264.771 -66.482 289.014 -103.092 247.881 -87.724 
166.673 -105.997 183.937 -65.623 216.999 -94.518 199.737 -134.892 
111.765 -115.62 125.328 -73.857 160.848 -48.041 147.285 -89.805 
126.174 -154.465 155.269 -121.578 195.538 -139.087 166.442 -171.974 
-6.528 -184.706 -14.879 -141.597 28.7 -146.976 37.052 -190.085 
-101.964 -152.469 -95.266 -109.073 -51.924 -102.033 -58.622 -145.429 
-138.857 -94.323 -126.256 -52.26 -82.358 -51.246 -94.959 -93.31 
-128.658 43.545 -141.244 85.613 -97.346 84.584 -84.759 42.516 
-165.516 134.873 -163.12 178.718 -122.162 162.89 -124.558 119.046 
-230.266 272.895 -232.122 316.766 -190.972 332.088 -189.116 288.217 
-241.093 403.993 -199.948 419.329 -172.648 384.937 -213.793 369.601 
-171.725 428.836 -176.97 472.432 -133.887 463.948 -128.642 420.352 
-40.277 458.286 -47.898 501.53 -9.126 522.141 -1.505 478.897 
25.769 513.828 41.307 554.898 85.168 552.811 69.63 511.742 
136.769 637.974 178.648 651.175 204.145 615.426 162.266 602.224 
230.34 650.665 254.692 687.204 281.917 652.754 257.567 616.214 
296.488 586.229 299.238 630.053 341.767 640.979 339.017 597.155 
359.566 515.312 399.653 533.231 429.082 500.643 388.995 482.724 
447.895 433.697 438.664 476.625 482.344 472.138 491.575 429.209 
557.913 376.305 584.121 411.537 609.53 375.726 583.323 340.494 
599.47 289.628 624.633 325.613 666.633 312.802 641.469 276.817 
610.868 210.4 587.594 247.634 630.198 258.263 653.472 221.028 
522.565 129.436 544.221 167.635 573.858 135.235 552.202 97.036 
513.816 12.655 501.435 54.784 537.676 79.577 550.057 37.449 
458.889 -101.692 486.24 -67.341 527.362 -82.739 500.01 -117.09 
416.52 -171.73 420.747 -128.024 461.008 -145.55 456.781 -189.256 
383.494 -207.405 353.149 -175.668 373.955 -137.001 404.3 -168.737 
224.616 -156.016 238.56 -114.379 282.469 -114.775 268.524 -156.412 
218.448 -229.872 208.072 -187.122 251.855 -190.457 262.212 -233.128 
181.137 -253.163 170.426 -210.58 207.615 -187.234 218.346 -229.897 
-202.016 28.625 -207.155 72.233 -167.269 90.596 -162.13 46.988 
-237.243 104.346 -197.505 123.027 -167.459 91.006 -207.197 72.325 
-74.441 558.08 -31.379 566.662 -9.909 528.359 -52.972 519.776 
-28.052 568.344 -6.489 606.595 23.227 574.267 1.664 536.016 
419.907 543.583 446.664 578.399 471.507 542.192 444.75 507.377 
451.06 502.95 473.011 540.98 515.963 531.856 494.012 493.826 
570.261 77.042 592.247 115.052 635.19 105.888 613.205 67.878 
575.151 32.87 570.145 76.494 613.181 67.774 618.187 24.151 
303.514 -246.001 294.234 -203.083 311.951 -162.906 321.232 -205.824 
181.128 -253.15 218.436 -230.042 262.213 -233.121 224.924 -256.308 
97.161 -215.892 78.664 -176.068 117.037 -197.414 135.534 -237.238 
-203.731 -21.82 -166.961 2.182 -123.106 -0.013 -159.876 -24.014 
-231.923 60.768 -237.234 104.355 -207.317 72.214 -202.006 28.626 
-228.633 153.997 -231.541 197.811 -208.141 234.967 -205.233 191.153 
-117.274 504.592 -127.695 547.247 -94.193 518.863 -83.771 476.208 
-74.441 558.08 -48.304 593.363 -6.419 606.545 -32.557 571.262 
34.246 616.772 77.92 621.319 115.926 599.326 72.252 594.78 
364.618 559.7 382.854 599.644 421.086 621.241 402.85 581.297 
446.641 578.384 488.864 566.328 515.937 531.757 473.714 543.813 
540.428 415.891 525.439 457.163 537.572 499.364 552.561 458.092 
587.44 176.992 630.989 171.373 662.919 141.23 619.37 146.848 
618.117 24.141 613.354 67.792 635.158 105.906 639.921 62.255 
518.146 -39.808 551.009 -10.685 594.714 -6.442 561.851 -35.564 
