159.918 222.181 157.54 266.026 199.975 254.738 202.352 210.893 
212.23 210.135 210.622 254.015 251.858 269.105 253.466 225.224 
214.121 202.25 255.689 216.4 281.99 181.239 240.422 167.09 
181.912 161.741 206.946 197.816 233.519 162.86 208.486 126.785 
133.595 177.553 157.187 214.587 199.699 203.594 176.107 166.56 
123.224 186.757 121.54 230.635 145.969 267.123 147.653 223.245 
165.906 282.439 207.359 296.922 249.408 284.274 207.955 269.791 
268.191 222.923 267.507 266.827 293.866 231.71 294.55 187.805 
218.288 117.645 242.979 153.955 284.297 168.818 259.606 132.508 
129.694 168.351 171.809 155.925 198.578 121.117 156.462 133.543 
73.671 141.028 113.702 159.074 143.235 126.579 103.204 108.533 
71.468 171.084 68.166 214.87 108.788 231.541 112.091 187.755 
36.717 255.889 77.027 273.3 106.043 240.343 65.732 222.932 
79.394 275.243 100.793 313.587 130.648 281.387 109.249 243.044 
136.262 324.936 177.263 340.652 204.881 306.515 163.88 290.798 
182.254 344.145 205.208 381.578 233.715 348.18 210.762 310.747 
213.235 309.168 235.617 346.946 278.462 337.333 256.081 299.556 
274.899 271.31 299.191 307.888 326.473 273.481 302.18 236.903 
306.684 233.709 329.771 271.06 372.428 260.646 349.341 223.294 
309.462 186.517 305.733 230.268 348.495 220.295 352.225 176.544 
268.17 125.189 292.175 161.957 334.561 150.488 310.556 113.72 
269.263 75.851 266.372 119.666 308.936 108.875 311.827 65.061 
224.829 59.099 221.532 102.885 262.157 119.551 265.453 75.765 
153.773 78.745 151.779 122.609 194.113 110.951 196.107 67.086 
108.732 61.306 104.554 105.017 144.834 122.498 149.013 78.788 
73.831 92.107 66.89 135.465 97.991 104.468 104.931 61.11 
30.494 208.647 31.144 252.552 56.424 216.65 55.774 172.745 
35.116 260.208 57.324 298.088 97.556 315.68 75.348 277.8 
133.511 336.925 160.531 371.537 202.736 383.658 175.715 349.045 
207.992 383.765 250.699 373.557 279.249 340.196 236.542 350.404 
306.635 312.655 348.005 297.937 372.823 261.712 331.453 276.431 
357.31 176.689 353.522 220.435 376.171 258.053 379.959 214.307 
314.627 64.887 315.95 108.777 342.817 143.507 341.495 99.617 
228.12 49.908 267.558 69.214 310.812 61.652 271.374 42.345 
109.484 58.763 151.202 72.462 193.005 59.024 151.287 45.324 
80.374 0.299 100.812 39.163 144.089 31.735 123.651 -7.129 
37.158 47.907 60.944 84.817 88.697 50.789 64.911 13.88 
26.428 57.675 22.342 101.395 44.733 139.166 48.819 95.447 
-34.497 130.003 -8.599 165.462 33.127 151.789 7.23 116.33 
-23.221 218.339 17.897 202.931 42.104 166.297 0.986 181.705 
-22.434 220.294 -25.849 264.071 16.841 253.791 20.255 210.014 
-20.115 277.509 0.01 316.535 43.345 309.455 23.221 270.428 
13.758 341.899 55.1 356.697 97.244 344.368 55.902 329.571 
62.45 371.155 62.942 415.062 104.548 401.027 104.057 357.12 
120.487 353.515 121.504 397.413 148.13 432.33 147.113 388.431 
158.919 386.511 159.998 430.408 202.08 442.947 201.001 399.05 
214.607 398.567 209.343 442.16 252.43 433.695 257.693 390.102 
280.749 384.079 279.901 427.98 306.391 392.961 307.239 349.06 
319.384 347.246 319.733 391.154 361.601 404.391 361.251 360.482 
321.143 332.675 363.243 345.155 404.637 330.506 362.538 318.026 
364.174 304.762 406.428 316.708 430.847 280.214 388.593 268.268 
397.685 212.904 392.217 256.472 431.963 275.136 437.431 231.568 
375.116 152.331 399.502 188.847 440.694 204.056 416.308 167.54 
377.118 142.152 418.899 155.659 444.656 120.096 402.875 106.59 
362.418 92.905 364.949 136.742 388.668 99.789 386.138 55.952 
326.117 52.233 352.256 87.515 377.734 51.752 351.594 16.47 
275.774 25.259 315.231 44.527 345.748 12.955 306.291 -6.312 
213.554 27.07 256.054 16.03 283.947 -17.882 241.447 -6.842 
178.185 -11.327 205.631 22.949 229.747 -13.746 202.302 -48.021 
123.651 -7.129 151.844 26.535 194.44 37.198 166.247 3.534 
125.87 -37.446 165.847 -19.282 195.476 -51.689 155.499 -69.853 
24.847 -63.955 33.822 -20.973 71.928 -42.791 62.953 -85.774 
-20.248 -67.057 -9.95 -24.372 33.828 -20.974 23.531 -63.66 
-49.436 -5.13 -18.963 26.484 20.52 7.271 -9.953 -24.343 
-39.467 76.148 -39.242 120.058 2.449 106.275 2.224 62.365 
-71.245 168.199 -49.998 206.627 -20.018 174.545 -41.264 136.118 
-113.401 257.3 -102.565 299.852 -58.747 302.696 -69.583 260.144 
-125.533 337.48 -82.839 347.744 -59.884 310.311 -102.578 300.047 
-76.469 350.968 -58.972 391.242 -26.077 362.157 -43.573 321.883 
11.359 360.533 13.411 404.395 55.761 415.997 53.708 372.135 
66.869 423.574 90.985 460.269 133.336 448.673 109.22 411.978 
156.355 517.67 199.671 524.868 219.902 485.896 176.586 478.698 
199.907 524.99 226.498 559.933 251.513 523.845 224.923 488.902 
240.412 475.929 260.106 515.174 303.517 508.572 283.823 469.326 
293.393 434.902 335.558 447.156 360.242 410.841 318.076 398.587 
371.73 359.579 370.231 403.464 412.431 391.328 413.929 347.444 
454.696 317.083 484.684 349.158 505.923 310.725 475.934 278.65 
480.453 274.716 506.96 309.722 548.445 295.33 521.937 260.323 
480.584 213.395 473.426 256.717 516.84 250.138 523.998 206.815 
424.704 159.211 451.147 194.266 476.315 158.285 449.873 123.23 
407.547 51.505 405.494 95.367 446.575 110.873 448.628 67.011 
362.806 -28.882 393.295 2.718 432.77 -16.513 402.281 -48.113 
359.012 -76.262 361.274 -32.411 402.281 -48.113 400.018 -91.965 
314.806 -98.639 304.143 -56.043 341.359 -32.739 352.022 -75.335 
209.46 -54.539 235.263 -19.012 277.026 -32.575 251.222 -68.102 
202.326 -117.438 199.255 -73.553 241.861 -84.173 244.927 -127.976 
161.609 -133.809 158.542 -90.006 199.253 -73.554 202.326 -117.438 
-100.899 65.465 -103.348 109.307 -62.409 125.185 -59.96 81.343 
-131.102 143.336 -90.164 159.215 -62.411 125.186 -103.35 109.308 
-14.771 456.824 26.474 471.885 53.545 437.312 12.299 422.251 
26.476 471.887 50.988 508.318 78.062 473.748 53.55 437.316 
351.532 453.878 376.096 490.274 403.12 455.664 378.555 419.268 
378.555 419.267 403.12 455.664 445.326 443.549 420.761 407.152 
464.202 108.068 488.036 144.947 530.475 133.677 506.641 96.798 
466.598 64.223 464.202 108.067 506.641 96.797 509.037 52.953 
267.201 -134.043 267.2 -90.133 293.007 -54.608 293.009 -98.518 
161.609 -133.808 202.326 -117.438 244.927 -127.976 204.215 -144.428 
98.871 -94.49 90.305 -51.423 122.549 -81.23 131.115 -124.296 
-101.12 52.661 -57.575 58.311 -19.025 37.286 -62.57 31.637 
-128.651 99.494 -131.102 143.335 -103.349 109.307 -100.898 65.465 
-131.038 175.257 -112.802 215.201 -74.57 236.798 -92.807 196.854 
-39.027 404.113 -39.772 448.017 -13.364 412.936 -12.619 369.032 
-14.771 456.824 9.743 493.254 50.988 508.318 26.474 471.888 
79.104 517.646 121.824 507.49 150.415 474.163 107.696 484.32 
293.611 460.138 318.415 496.371 359.779 511.105 334.976 474.872 
376.096 490.274 418.302 478.158 445.326 443.549 403.12 455.664 
441.821 339.629 439.059 383.452 462.584 420.529 465.346 376.706 
475.549 202.189 517.726 189.974 544.668 155.301 502.492 167.516 
509.037 52.953 506.641 96.798 530.475 133.677 532.87 89.832 
409.085 20.462 449.334 38.015 492.214 28.559 451.965 11.005 
