159.961 222.211 157.737 266.064 200.131 254.628 202.355 210.774 
212.092 210.005 210.654 253.891 251.948 268.821 253.386 224.935 
213.956 202.133 255.567 216.152 281.759 180.909 240.147 166.89 
181.628 161.745 206.786 197.734 233.239 162.686 208.082 126.697 
133.451 177.668 157.191 214.608 199.658 203.445 175.918 166.506 
123.108 186.925 121.58 230.809 146.138 267.209 147.666 223.326 
166.021 282.278 207.503 296.678 249.527 283.946 208.045 269.546 
268.054 222.624 267.452 266.53 293.746 231.363 294.348 187.457 
217.833 117.545 242.655 153.765 284.027 168.478 259.205 132.257 
129.558 168.528 171.645 156.006 198.334 121.137 156.247 133.659 
74.376 141.893 114.519 159.686 143.847 127.006 103.703 109.213 
72.202 171.397 69.235 215.206 109.984 231.566 112.95 187.756 
38.136 255.794 78.535 272.999 107.381 239.893 66.982 222.689 
80.432 274.562 102.086 312.761 131.725 280.363 110.071 242.163 
136.697 323.989 177.773 339.508 205.226 305.238 164.149 289.719 
182.276 342.671 205.395 380.003 233.754 346.48 210.637 309.148 
212.686 307.841 235.272 345.496 278.064 335.652 255.479 297.996 
273.997 270.579 298.442 307.055 325.579 272.534 301.132 236.058 
305.243 233.148 328.506 270.39 371.113 259.775 347.851 222.533 
307.958 186.426 304.431 230.194 347.147 220.024 350.674 176.256 
266.983 125.718 291.159 162.372 333.491 150.704 309.314 114.05 
268.0 76.676 265.283 120.502 307.803 109.542 310.52 65.716 
224.022 60.131 220.944 103.933 261.651 120.397 264.729 76.595 
153.756 79.618 151.957 123.491 194.239 111.644 196.038 67.771 
108.811 62.415 104.879 106.148 145.257 123.403 149.189 79.669 
74.916 93.554 68.408 136.979 99.198 105.672 105.706 62.247 
32.347 208.844 33.102 252.748 58.296 216.785 57.542 172.882 
36.834 259.254 59.268 297.0 99.605 314.35 77.17 276.604 
134.096 334.99 161.112 369.606 203.315 381.73 176.299 347.115 
207.61 381.756 250.268 371.348 278.662 337.854 236.003 348.261 
305.152 311.404 346.535 296.722 371.385 260.519 330.002 275.202 
354.882 176.394 351.345 220.162 374.21 257.649 377.747 213.882 
313.062 65.567 314.382 109.457 341.247 144.189 339.927 100.299 
226.945 52.082 266.561 71.021 309.743 63.057 270.127 44.118 
109.516 60.016 151.28 73.575 193.038 59.996 151.273 46.437 
80.668 3.867 101.832 42.34 144.962 34.101 123.798 -4.372 
39.186 49.692 62.962 86.607 90.724 52.587 66.947 15.671 
29.076 58.684 24.895 102.394 47.204 140.214 51.385 96.504 
-31.662 130.65 -5.659 166.033 36.027 152.236 10.024 116.853 
-20.314 218.805 20.815 203.426 45.048 166.809 3.919 182.188 
-19.499 220.828 -22.354 264.645 20.2 253.82 23.055 210.003 
-17.633 276.109 2.745 315.004 46.034 307.641 25.655 268.747 
15.324 339.024 56.639 353.895 98.805 341.642 57.489 326.771 
63.803 368.156 64.307 412.063 105.91 398.015 105.405 354.108 
121.505 350.642 122.528 394.54 149.158 429.453 148.135 385.555 
159.452 383.747 160.663 427.64 202.782 440.052 201.571 396.159 
213.816 395.83 208.862 439.459 251.887 430.689 256.841 387.059 
278.612 381.762 277.761 425.664 304.254 390.647 305.105 346.745 
316.966 345.004 317.353 388.912 359.231 402.114 358.845 358.205 
318.75 330.727 360.84 343.24 402.246 328.624 360.157 316.111 
361.782 303.366 404.058 315.235 428.41 278.696 386.134 266.827 
394.615 212.59 389.473 256.198 429.357 274.565 434.5 230.957 
372.239 153.404 396.665 189.894 437.873 205.057 413.447 168.568 
374.212 143.459 416.007 156.922 441.727 121.332 399.932 107.87 
359.855 94.247 362.293 138.089 386.091 101.187 383.653 57.345 
323.819 53.94 350.14 89.087 375.433 53.193 349.111 18.046 
274.335 27.935 313.951 46.874 344.204 15.049 304.588 -3.89 
213.261 30.005 255.756 18.947 283.634 -14.977 241.139 -3.919 
178.162 -8.279 205.611 25.994 229.724 -10.702 202.276 -44.975 
123.797 -4.373 152.062 29.231 194.681 39.804 166.416 6.2 
126.042 -33.872 166.144 -15.988 195.546 -48.602 155.443 -66.486 
27.285 -60.81 36.205 -17.815 74.339 -39.585 65.419 -82.579 
-16.833 -65.078 -7.476 -22.177 36.217 -17.818 26.86 -60.72 
-46.355 -1.741 -14.927 28.924 23.949 8.51 -7.479 -22.155 
-36.648 77.305 -36.159 121.212 5.448 107.179 4.959 63.271 
-68.143 169.016 -46.647 207.305 -16.876 175.029 -38.371 136.741 
-109.546 254.806 -98.976 297.424 -55.177 300.542 -65.747 257.923 
-122.245 334.686 -79.638 345.306 -56.372 308.067 -98.978 297.447 
-73.492 348.502 -55.464 388.541 -22.956 359.022 -40.984 318.984 
12.879 357.513 14.945 401.374 57.298 412.963 55.232 369.102 
68.115 420.368 92.277 457.032 134.614 445.382 110.451 408.718 
155.298 513.481 198.594 520.796 218.931 481.88 175.635 474.564 
198.685 520.843 225.192 555.85 250.294 519.823 223.788 484.816 
238.529 472.518 258.606 511.569 301.95 504.542 281.874 465.491 
291.042 432.521 333.209 444.77 357.888 408.453 315.721 396.203 
369.036 357.351 367.582 401.237 409.769 389.058 411.223 345.172 
450.625 316.572 480.551 348.705 501.864 310.315 471.939 278.181 
476.357 274.362 502.8 309.417 544.311 295.1 517.868 260.045 
476.433 213.832 469.689 257.221 513.039 250.226 519.783 206.837 
421.702 160.41 448.166 195.45 473.314 159.454 446.85 124.414 
404.435 53.145 402.487 97.011 443.605 112.42 445.553 68.553 
360.974 -25.303 391.429 6.329 430.924 -12.861 400.469 -44.493 
357.347 -72.867 359.381 -29.004 400.469 -44.493 398.435 -88.355 
312.983 -94.811 302.892 -52.077 340.417 -29.274 350.508 -72.009 
209.172 -51.247 235.099 -15.809 276.815 -29.517 250.887 -64.955 
202.203 -113.809 199.221 -69.918 241.806 -80.624 244.783 -124.433 
161.452 -130.097 158.475 -86.288 199.22 -69.918 202.203 -113.809 
-97.346 66.363 -99.809 110.203 -58.875 126.093 -56.412 82.252 
-127.573 144.224 -86.639 160.115 -58.876 126.095 -99.81 110.204 
-13.277 453.337 27.977 468.373 55.026 433.783 13.771 418.747 
27.977 468.373 52.516 504.787 79.565 470.197 55.026 433.783 
348.707 451.391 373.312 487.76 400.297 453.12 375.691 416.751 
375.692 416.75 400.297 453.119 442.489 440.957 417.884 404.588 
460.876 109.707 484.775 146.544 527.194 135.198 503.295 98.361 
463.196 65.855 460.875 109.704 503.295 98.361 505.616 54.512 
266.719 -130.284 266.683 -86.374 292.463 -50.829 292.499 -94.739 
161.453 -130.096 202.203 -113.809 244.783 -124.433 204.038 -140.803 
99.658 -90.617 91.734 -47.428 123.531 -77.711 131.455 -120.9 
-97.44 53.465 -53.96 59.597 -15.18 39.001 -58.66 32.869 
-125.109 100.383 -127.572 144.223 -99.81 110.203 -97.346 66.363 
-127.808 175.386 -108.708 214.925 -70.016 235.686 -89.116 196.147 
-36.859 400.673 -37.572 444.577 -11.19 409.476 -10.478 365.572 
-13.277 453.336 11.261 489.75 52.516 504.786 27.977 468.372 
79.984 514.105 122.583 503.457 150.788 469.803 108.189 480.451 
291.05 457.047 315.892 493.254 357.272 507.944 332.43 471.737 
373.312 487.76 415.504 475.597 442.489 440.957 400.297 453.12 
438.015 337.806 435.661 381.653 459.529 418.51 461.883 374.663 
471.828 203.339 513.995 191.089 540.909 156.394 498.742 168.644 
505.614 54.512 503.295 98.361 527.194 135.198 529.512 91.35 
406.025 23.307 446.462 40.422 489.236 30.5 448.799 13.385 
