155.529 236.081 146.64 279.082 190.283 274.248 199.172 231.247 
218.183 231.509 208.084 274.242 245.605 297.051 255.704 254.318 
224.08 213.555 261.87 235.915 294.813 206.884 257.023 184.523 
192.81 162.704 210.209 203.02 243.174 174.015 225.777 133.699 
133.668 176.642 149.965 217.417 193.779 214.518 177.483 173.744 
109.974 199.284 101.557 242.38 120.079 282.192 128.496 239.096 
158.429 304.469 197.835 323.842 241.101 316.353 201.696 296.98 
282.91 249.149 277.084 292.67 307.378 260.885 313.204 217.363 
246.375 116.107 263.201 156.665 300.654 179.587 283.827 139.029 
124.721 155.277 168.262 149.599 200.151 119.412 156.609 125.09 
37.788 111.419 72.212 138.679 108.776 114.364 74.352 87.104 
47.913 175.253 31.852 216.12 65.755 244.024 81.817 203.157 
-13.931 264.953 21.122 291.398 57.104 266.231 22.05 239.787 
39.402 306.416 50.872 348.802 87.639 324.796 76.17 282.41 
118.821 355.712 154.345 381.521 189.869 355.712 154.345 329.902 
176.56 397.556 191.714 438.769 226.226 411.621 211.073 370.409 
228.807 358.507 243.676 399.823 287.565 398.448 272.696 357.132 
299.38 304.06 314.931 345.123 349.179 317.644 333.628 276.58 
354.855 259.645 370.282 300.756 414.148 298.789 398.721 257.678 
359.789 199.272 349.567 241.975 393.34 238.501 403.562 195.797 
309.825 115.198 323.999 156.757 367.904 156.119 353.73 114.559 
312.412 51.096 302.223 93.808 345.993 90.299 356.182 47.587 
259.887 25.327 247.245 67.378 283.332 92.395 295.974 50.345 
160.835 56.445 147.362 98.237 191.272 98.136 204.745 56.344 
95.435 31.391 81.352 72.982 116.555 99.228 130.638 57.637 
25.694 46.264 0.942 82.533 42.286 67.74 67.038 31.471 
-22.21 214.253 -25.273 258.056 2.951 224.419 6.014 180.616 
-21.819 300.565 -11.312 343.199 22.248 371.515 11.74 328.88 
114.276 399.482 139.899 435.142 181.587 448.93 155.965 413.271 
220.716 455.183 264.618 454.352 299.646 427.873 255.744 428.705 
353.949 361.294 395.491 347.068 420.738 311.141 379.196 325.367 
442.275 191.676 427.085 232.875 439.012 275.134 454.202 233.935 
375.76 44.385 372.876 88.2 396.295 125.343 399.18 81.528 
272.171 -17.596 302.382 14.269 345.553 22.291 315.342 -9.574 
99.943 3.856 138.777 24.351 182.241 18.105 143.407 -2.39 
51.011 -99.43 39.274 -57.118 75.888 -32.879 87.625 -75.192 
-39.972 -20.054 -38.389 23.827 2.856 8.761 1.271 -35.121 
-76.121 46.286 -64.994 88.763 -31.026 116.587 -42.152 74.11 
-118.735 120.707 -102.51 161.509 -58.691 158.686 -74.916 117.884 
-134.463 203.03 -90.677 206.328 -53.315 183.26 -97.101 179.961 
-111.299 245.095 -136.117 281.319 -93.997 293.728 -69.179 257.504 
-98.548 337.402 -91.843 380.797 -48.5 387.829 -55.204 344.435 
-34.741 429.528 8.1 439.158 48.419 421.766 5.578 412.137 
32.479 462.68 29.1 506.46 71.781 496.145 75.16 452.365 
99.208 451.647 88.442 494.217 104.755 534.984 115.521 492.414 
155.681 484.383 143.216 526.487 179.408 551.352 191.872 509.248 
246.543 494.369 228.017 534.179 271.604 539.496 290.13 499.686 
333.132 456.276 334.038 500.177 359.109 464.128 358.203 420.227 
393.004 408.592 388.253 452.244 428.301 470.252 433.052 426.6 
397.764 390.92 436.851 410.927 480.233 404.138 441.146 384.131 
445.854 347.158 482.94 370.669 516.76 342.664 479.675 319.153 
504.896 225.543 485.365 264.87 516.731 295.598 536.263 256.271 
455.866 134.502 480.816 170.635 522.239 185.203 497.289 149.069 
457.738 101.64 497.446 120.387 527.545 88.416 487.838 69.67 
446.861 48.625 441.763 92.238 471.523 59.951 476.621 16.338 
405.649 -13.329 416.926 29.107 453.801 5.268 442.523 -37.17 
320.479 -67.233 350.801 -35.473 390.376 -54.497 360.054 -86.257 
222.483 -45.663 263.742 -60.689 288.289 -97.097 247.03 -82.071 
168.882 -97.655 188.751 -58.497 219.852 -89.494 199.983 -128.652 
113.408 -103.576 129.757 -62.823 166.938 -39.462 150.589 -80.216 
125.521 -144.17 156.323 -112.875 195.604 -132.497 164.803 -163.793 
-5.615 -174.416 -11.251 -130.869 31.906 -138.966 37.542 -182.513 
-98.144 -143.29 -89.257 -100.289 -45.613 -95.453 -54.501 -138.454 
-132.142 -88.223 -121.396 -45.647 -77.585 -42.711 -88.33 -85.286 
-120.058 46.85 -133.097 88.78 -89.19 88.223 -76.152 46.294 
-158.672 138.959 -153.655 182.581 -113.718 164.329 -118.735 120.707 
-221.584 273.366 -221.215 317.275 -179.342 330.493 -179.71 286.585 
-229.764 402.364 -188.102 416.234 -162.037 380.897 -203.699 367.027 
-163.096 424.793 -166.031 468.605 -123.457 457.858 -120.521 414.047 
-34.356 450.364 -40.58 493.83 -1.165 513.182 5.06 469.716 
29.461 507.855 46.262 548.424 90.037 544.982 73.236 504.413 
139.904 629.117 182.193 640.935 206.502 604.368 164.213 592.549 
231.189 640.679 256.302 676.7 282.798 641.686 257.687 605.665 
294.22 577.133 298.908 620.792 341.879 629.824 337.191 586.165 
355.89 507.919 396.349 524.981 425.078 491.774 384.618 474.712 
442.928 427.298 434.912 470.47 478.448 464.753 486.464 421.581 
550.308 370.995 577.519 405.458 601.887 368.93 574.676 334.467 
591.012 286.3 616.743 321.882 658.534 308.405 632.803 272.824 
600.766 208.204 579.038 246.362 622.043 255.234 643.77 217.077 
514.479 130.337 536.851 168.121 565.873 135.168 543.5 97.385 
504.204 14.414 493.312 56.952 530.403 80.455 541.294 37.917 
450.212 -95.545 478.667 -62.103 519.266 -78.832 490.81 -112.274 
410.918 -164.68 415.735 -121.035 455.756 -139.103 450.939 -182.748 
377.209 -199.7 347.95 -166.959 370.047 -129.014 399.306 -161.755 
222.671 -147.911 238.062 -106.788 281.93 -108.718 266.539 -149.842 
215.501 -220.268 206.641 -177.177 250.279 -182.058 259.122 -225.068 
177.32 -241.905 168.459 -198.898 206.622 -177.181 215.5 -220.268 
-196.023 33.991 -199.745 77.743 -159.285 94.804 -155.562 51.052 
-228.657 110.867 -188.28 128.123 -159.391 95.055 -199.768 77.798 
-67.363 552.543 -24.502 562.081 -2.186 524.264 -45.048 514.727 
-22.152 563.371 0.754 600.834 29.305 567.472 6.399 530.01 
417.631 535.048 444.109 570.076 469.241 534.069 442.761 499.041 
447.378 495.782 470.329 533.216 513.024 522.957 490.073 485.522 
561.157 77.333 583.722 115.002 626.52 105.182 603.955 67.513 
565.191 33.385 561.104 77.104 603.947 67.482 608.034 23.762 
297.582 -237.622 290.446 -194.296 310.138 -155.05 317.274 -198.376 
177.314 -241.895 215.5 -220.269 259.123 -225.064 220.953 -246.77 
96.43 -205.523 78.077 -165.632 116.372 -187.116 134.725 -227.007 
-198.525 -11.263 -159.721 9.288 -116.248 3.106 -155.052 -17.445 
-224.823 67.133 -228.647 110.876 -199.842 77.735 -196.018 33.992 
-221.424 156.925 -222.293 200.827 -197.191 236.855 -196.323 192.953 
-109.184 499.382 -117.547 542.488 -85.445 512.53 -77.082 469.423 
-67.363 552.543 -41.114 587.743 0.813 600.791 -25.437 565.591 
39.492 610.184 83.304 613.118 120.474 589.74 76.662 586.806 
361.297 551.428 380.86 590.739 419.794 611.043 400.231 571.732 
444.085 570.059 486.209 557.662 513.001 522.873 470.878 535.27 
533.691 408.126 520.053 449.865 533.554 491.648 547.191 449.91 
579.101 177.038 622.447 170.022 653.391 138.867 610.045 145.884 
607.975 23.755 604.002 67.485 626.492 105.199 630.465 61.469 
507.974 -36.399 541.755 -8.347 585.574 -5.508 551.793 -33.56 
