148.164 241.991 133.739 283.464 177.64 284.367 192.064 242.893 
221.125 244.005 205.009 284.851 238.876 312.8 254.991 271.954 
230.16 213.595 264.891 240.463 301.175 215.734 266.444 188.866 
197.342 155.14 209.606 197.303 245.915 172.61 233.652 130.447 
129.668 168.412 139.316 211.249 183.038 215.311 173.39 172.474 
95.808 205.325 81.812 246.944 94.952 288.842 108.948 247.223 
151.323 319.516 188.374 343.08 232.2 340.366 195.149 316.801 
297.544 259.493 286.92 302.098 320.557 273.874 331.181 231.269 
262.673 105.231 274.055 147.639 308.192 175.258 296.809 132.849 
114.449 132.719 158.294 135.116 195.174 111.284 151.329 108.887 
7.188 92.324 33.516 127.465 75.074 113.285 48.745 78.144 
40.108 170.878 15.359 207.148 42.206 241.895 66.955 205.624 
-33.51 286.268 0.37 314.2 37.405 290.609 3.525 262.677 
17.56 329.78 21.69 373.496 61.99 356.06 57.861 312.344 
105.198 363.881 135.999 395.177 175.281 375.554 144.48 344.259 
182.558 418.858 193.169 461.466 230.413 438.208 219.802 395.599 
241.892 383.193 251.435 426.053 295.147 430.221 285.604 387.361 
309.509 316.371 319.277 359.181 356.973 336.662 347.205 293.852 
378.855 261.891 389.827 304.408 433.654 307.112 422.682 264.595 
389.605 199.025 374.186 240.139 418.052 242.099 433.471 200.985 
329.72 106.6 337.293 149.852 380.769 156.014 373.195 112.762 
328.83 29.788 313.701 71.01 357.58 72.66 372.709 31.439 
274.948 -4.363 253.261 33.818 282.871 66.242 304.558 28.061 
169.001 33.05 143.889 69.07 185.906 81.822 211.018 45.802 
76.979 12.21 59.567 52.52 92.524 81.537 109.936 41.226 
-6.807 25.069 -35.812 58.035 7.031 48.414 36.037 15.448 
-56.131 232.122 -59.438 275.908 -31.027 242.428 -27.72 198.643 
-43.521 315.454 -38.859 359.115 -9.422 391.698 -14.086 348.036 
111.006 431.28 138.321 465.66 180.627 477.419 153.312 443.039 
224.689 481.742 268.346 486.444 306.429 464.586 262.771 459.884 
378.434 374.97 419.733 360.053 444.376 323.71 403.078 338.627 
478.441 199.103 457.532 237.716 463.313 281.244 484.222 242.631 
399.015 25.791 394.638 69.482 416.777 107.402 421.154 63.71 
291.808 -52.321 317.157 -16.467 358.739 -2.36 333.39 -38.214 
79.284 -30.676 116.378 -7.177 160.199 -9.969 123.105 -33.468 
24.558 -130.401 14.118 -87.75 51.455 -64.64 61.895 -107.291 
-60.66 -53.051 -70.743 -10.315 -26.982 -13.932 -16.899 -56.669 
-108.102 12.757 -101.854 56.22 -71.252 87.709 -77.501 44.246 
-137.798 112.592 -135.883 156.459 -93.57 168.194 -95.485 124.326 
-176.19 191.839 -138.917 215.052 -95.119 211.923 -132.392 188.71 
-139.766 258.955 -173.752 286.758 -136.807 310.489 -102.821 282.686 
-121.387 351.602 -126.382 395.227 -86.435 413.458 -81.44 369.833 
-65.523 452.068 -22.167 459.022 16.996 439.163 -26.36 432.209 
14.713 483.013 5.192 525.879 48.902 521.687 58.423 478.822 
97.188 481.029 75.566 519.247 80.538 562.874 102.16 524.657 
161.037 516.716 135.92 552.733 162.412 587.751 187.529 551.734 
256.066 528.602 229.76 563.76 271.327 577.913 297.632 542.755 
339.558 493.404 341.2 537.284 365.663 500.819 364.021 456.94 
413.11 432.686 403.772 475.592 441.692 497.731 451.03 454.826 
423.473 403.804 457.016 432.141 500.808 435.349 467.266 407.013 
477.318 352.743 505.875 386.099 546.423 369.248 517.867 335.892 
548.392 231.248 521.448 265.919 546.095 302.259 573.04 267.588 
489.045 137.515 514.145 173.543 555.629 187.938 530.529 151.909 
486.71 85.251 523.111 109.809 557.715 82.778 521.315 58.221 
480.468 26.933 464.857 67.974 501.61 43.947 517.221 2.906 
432.776 -49.325 429.803 -5.516 472.387 -16.227 475.359 -60.037 
338.592 -111.52 359.97 -73.166 403.053 -81.645 381.675 -120.0 
232.269 -77.291 273.551 -92.256 298.151 -128.627 256.87 -113.662 
157.084 -133.795 163.479 -90.353 202.818 -109.859 196.424 -153.301 
102.412 -153.195 105.754 -109.412 134.192 -75.955 130.85 -119.738 
121.248 -188.007 146.305 -151.948 188.342 -164.635 163.285 -200.694 
-12.459 -217.757 -30.912 -177.912 12.685 -172.675 31.137 -212.52 
-118.416 -179.188 -109.007 -136.298 -65.309 -131.992 -74.717 -174.882 
-151.778 -123.113 -139.918 -80.834 -96.045 -79.05 -107.905 -121.328 
-178.767 29.141 -190.573 71.434 -146.702 69.593 -134.895 27.3 
-185.774 118.18 -194.323 161.25 -150.72 156.071 -142.17 113.002 
-255.855 262.045 -264.416 305.112 -226.101 326.562 -217.541 283.495 
-276.507 396.73 -237.745 417.36 -206.146 386.87 -244.908 366.24 
-199.681 430.301 -210.835 472.771 -166.998 470.255 -155.843 427.786 
-63.98 472.427 -74.76 514.993 -37.608 538.399 -26.828 495.833 
5.736 529.738 17.414 572.067 61.279 574.042 49.602 531.713 
118.842 661.726 158.751 680.039 188.5 647.741 148.591 629.429 
218.86 679.464 239.687 718.121 270.015 686.367 249.189 647.711 
296.338 614.004 291.948 657.693 332.143 675.369 336.533 631.679 
369.22 544.584 407.831 565.495 439.65 535.236 401.039 514.325 
462.667 457.104 448.488 498.662 492.394 499.304 506.572 457.746 
581.38 395.821 603.317 433.859 632.715 401.242 610.778 363.204 
626.296 304.01 649.002 341.593 691.763 331.613 669.056 294.029 
643.404 221.215 615.021 254.719 655.656 271.359 684.039 237.856 
553.329 126.468 572.053 166.187 604.041 136.106 585.318 96.388 
547.505 4.989 529.535 45.054 562.086 74.525 580.056 34.461 
486.692 -124.473 509.874 -87.181 552.505 -97.704 529.322 -134.996 
436.202 -195.724 438.702 -151.885 479.622 -167.81 477.123 -211.648 
404.211 -232.649 371.092 -203.818 388.277 -163.411 421.397 -192.242 
229.976 -194.18 240.297 -151.5 284.077 -148.127 273.757 -190.807 
233.041 -262.184 220.665 -219.969 264.556 -221.241 276.91 -263.378 
192.101 -296.653 169.969 -258.729 199.198 -225.96 221.371 -263.956 
-218.67 2.439 -232.143 44.23 -196.56 69.959 -183.087 28.167 
-272.876 66.525 -241.839 97.586 -202.707 77.666 -233.744 46.605 
-103.584 564.758 -61.021 575.547 -37.607 538.399 -80.172 527.611 
-55.766 578.378 -40.626 619.596 -6.104 592.46 -21.244 551.242 
420.114 574.56 446.797 609.432 471.717 573.278 445.033 538.406 
460.012 528.961 475.458 570.064 519.323 568.075 503.877 526.972 
603.958 79.319 623.038 118.868 666.547 112.943 647.467 73.395 
616.358 29.863 603.223 71.762 647.131 71.306 660.265 29.407 
327.6 -273.428 309.16 -233.578 317.665 -190.5 336.105 -230.35 
197.56 -305.08 231.421 -277.163 275.214 -274.325 241.383 -302.318 
90.934 -248.207 74.747 -207.39 111.835 -230.896 128.023 -271.714 
-204.933 -71.371 -189.406 -30.298 -152.702 -6.197 -168.229 -47.27 
-256.697 25.586 -272.977 66.366 -235.836 42.944 -219.555 2.163 
-256.538 138.963 -261.813 182.555 -240.458 220.923 -235.183 177.33 
-146.366 509.015 -164.002 549.228 -126.098 527.061 -108.463 486.848 
-103.583 564.755 -80.969 602.394 -40.549 619.55 -63.165 581.912 
9.473 633.514 52.232 643.502 92.695 626.45 49.936 616.462 
368.981 585.959 380.317 628.38 414.424 656.036 403.088 613.615 
446.797 609.432 489.785 600.483 519.304 567.975 476.315 576.924 
561.09 445.899 541.032 484.961 547.765 528.352 567.823 489.29 
614.564 178.737 658.457 179.967 694.69 155.162 650.797 153.932 
660.2 29.391 650.182 72.142 667.206 112.618 677.225 69.866 
552.611 -53.795 582.459 -21.589 625.536 -13.078 595.688 -45.284 
