152.192 241.514 140.562 283.856 184.425 281.833 196.056 239.491 
220.196 240.051 207.147 281.977 242.988 307.344 256.038 265.418 
227.956 214.012 264.093 238.957 298.982 212.297 262.845 187.352 
195.797 158.337 209.955 199.902 245.11 173.593 230.953 132.028 
131.054 172.358 143.638 214.426 187.536 215.458 174.952 173.39 
100.465 206.416 88.795 248.747 104.235 289.853 115.905 247.522 
155.532 314.897 193.796 336.438 237.413 331.373 199.149 309.833 
292.615 255.742 284.46 298.888 316.417 268.775 324.572 225.629 
256.048 110.552 269.954 152.201 305.686 177.722 291.78 136.073 
118.12 142.431 162.014 141.219 196.812 114.439 152.919 115.651 
15.861 98.929 45.55 131.282 85.494 113.044 55.805 80.691 
44.695 175.183 23.64 213.716 53.781 245.648 74.836 207.115 
-25.746 281.099 7.648 309.609 45.083 286.658 11.688 258.147 
23.963 325.155 30.713 368.544 69.892 348.717 63.142 305.329 
112.086 360.874 144.946 389.999 182.801 367.747 149.941 338.622 
181.203 411.629 193.32 453.834 229.715 429.268 217.599 387.063 
237.317 375.283 249.194 417.556 293.069 419.322 281.191 377.049 
306.031 311.439 318.312 353.596 354.611 328.888 342.329 286.73 
370.213 261.617 382.839 303.673 426.738 304.661 414.112 262.605 
378.295 200.091 365.302 242.035 409.208 241.43 422.201 199.486 
321.927 110.277 332.321 152.939 376.108 156.236 365.713 113.574 
323.845 39.13 310.498 80.962 354.407 80.729 367.755 38.897 
270.477 8.316 252.645 48.442 285.297 77.801 303.129 37.675 
165.518 43.555 145.135 82.448 188.423 89.815 208.806 50.922 
83.057 20.583 65.728 60.929 98.744 89.878 116.073 49.532 
5.908 32.846 -21.099 67.468 21.101 55.333 48.108 20.71 
-44.004 227.398 -47.348 271.18 -18.909 237.725 -15.565 193.942 
-36.181 312.255 -29.7 355.684 1.071 387.009 -5.411 343.579 
112.779 419.888 139.046 455.076 180.979 468.105 154.712 432.917 
223.828 472.781 267.661 475.384 304.652 451.726 260.819 449.123 
369.237 370.291 410.685 355.794 435.696 319.703 394.248 334.2 
465.206 196.299 446.53 236.039 454.779 279.168 473.455 239.428 
390.811 34.644 386.96 78.385 409.554 116.035 413.405 72.295 
285.466 -37.978 312.747 -3.571 355.042 8.229 327.761 -26.178 
85.844 -18.511 123.646 3.83 167.36 -0.316 129.558 -22.657 
35.347 -119.851 22.271 -77.933 58.096 -52.543 71.173 -94.461 
-52.549 -42.321 -61.596 0.647 -17.935 -4.027 -8.888 -46.995 
-96.85 26.823 -86.233 69.43 -52.601 97.661 -63.217 55.053 
-132.397 116.774 -124.327 159.936 -80.783 165.597 -88.854 122.436 
-162.512 196.474 -121.553 212.3 -79.115 201.028 -120.074 185.202 
-128.744 255.617 -161.453 284.912 -123.484 306.968 -90.775 277.673 
-114.003 349.842 -115.348 393.731 -74.022 408.573 -72.677 364.684 
-53.643 447.467 -10.393 455.049 29.054 435.761 -14.196 428.179 
22.554 479.187 16.459 522.672 59.699 515.031 65.794 471.546 
98.621 472.223 81.366 512.601 91.14 555.409 108.395 515.032 
159.955 506.655 139.835 545.684 170.737 576.88 190.857 537.851 
254.873 517.391 231.469 554.544 274.036 565.322 297.44 528.169 
339.268 478.741 340.998 522.617 365.387 486.104 363.657 442.228 
406.414 424.309 399.45 467.663 438.53 487.684 445.494 444.33 
414.38 399.548 450.321 424.774 494.225 424.057 458.284 398.831 
466.017 351.463 498.442 381.073 536.623 359.385 504.198 329.775 
533.287 228.72 508.955 265.271 536.198 299.708 560.531 263.156 
476.331 135.566 501.483 171.559 542.988 185.894 517.836 149.901 
476.911 92.652 514.927 114.626 547.574 85.261 509.558 63.287 
468.447 36.212 456.865 78.567 491.131 51.109 502.713 8.754 
423.343 -35.381 426.048 8.445 466.894 -7.671 464.188 -51.497 
331.798 -96.118 356.214 -59.622 398.468 -71.564 374.053 -108.061 
227.111 -62.733 268.157 -78.333 292.194 -115.079 251.148 -99.48 
161.542 -121.187 173.294 -78.878 209.9 -103.129 198.148 -145.437 
107.486 -136.888 115.075 -93.638 146.636 -63.109 139.047 -106.359 
125.572 -173.637 151.379 -138.111 193.141 -151.676 167.335 -187.202 
-7.881 -203.472 -21.178 -161.624 22.731 -161.909 36.028 -203.758 
-108.352 -167.881 -102.032 -124.428 -58.753 -117.011 -65.073 -160.464 
-146.002 -109.249 -131.728 -67.724 -87.824 -68.468 -102.099 -109.993 
-153.097 36.326 -162.605 79.194 -118.897 74.99 -109.389 32.122 
-175.839 126.347 -180.088 170.051 -137.21 160.586 -132.96 116.883 
-244.915 268.739 -250.638 312.275 -211.002 331.171 -205.279 287.635 
-261.225 402.293 -221.342 420.664 -191.546 388.41 -231.429 370.039 
-187.182 432.102 -196.21 475.074 -152.551 470.381 -143.523 427.409 
-52.085 468.825 -62.076 511.584 -24.497 534.298 -14.507 491.54 
16.681 523.839 30.223 565.609 74.133 565.638 60.591 523.868 
128.797 652.457 169.73 668.35 197.494 634.331 156.561 618.439 
225.922 667.795 248.591 705.402 277.351 672.222 254.683 634.615 
298.159 602.011 297.114 645.908 338.541 660.466 339.586 616.569 
365.283 530.013 404.611 549.544 435.338 518.176 396.01 498.646 
456.146 445.922 444.379 488.226 488.249 486.344 500.016 444.04 
571.018 386.681 595.089 423.405 622.579 389.164 598.508 352.44 
614.269 296.879 638.211 333.688 680.617 322.292 656.675 285.484 
628.816 215.719 602.737 251.046 644.393 264.932 670.472 229.606 
538.04 128.124 558.23 167.117 589.076 135.866 568.886 96.873 
532.042 9.26 516.663 50.389 551.026 77.725 566.406 36.597 
474.467 -113.454 499.607 -77.452 541.615 -90.236 516.475 -126.238 
427.175 -184.449 430.371 -140.656 471.033 -157.229 467.837 -201.022 
395.134 -221.066 363.08 -191.056 381.717 -151.297 413.771 -181.307 
228.039 -173.496 239.67 -131.154 283.533 -129.132 271.903 -171.473 
225.571 -247.604 213.048 -205.432 256.943 -206.551 269.443 -248.644 
190.88 -277.192 173.289 -236.96 206.116 -207.797 223.74 -248.104 
-210.692 14.855 -219.356 57.902 -181.093 79.444 -172.429 36.397 
-254.235 86.116 -217.635 110.377 -183.252 83.067 -219.851 58.805 
-89.058 563.956 -46.004 572.581 -24.497 534.298 -67.551 525.674 
-40.98 574.996 -22.668 614.906 9.63 585.158 -8.682 545.248 
421.515 559.854 448.531 594.469 473.103 558.078 446.086 523.463 
456.34 516.509 475.604 555.968 519.085 549.841 499.821 510.382 
587.664 77.586 608.223 116.387 651.477 108.825 630.918 70.024 
595.284 32.049 587.286 75.224 630.82 69.489 638.818 26.313 
316.163 -261.047 302.21 -219.413 315.393 -177.529 329.346 -219.163 
190.873 -277.184 225.579 -250.325 269.438 -248.839 234.761 -275.775 
96.375 -234.605 78.911 -194.317 116.721 -216.646 134.184 -256.934 
-206.453 -48.693 -178.407 -14.907 -135.858 -4.059 -163.904 -37.845 
-244.029 43.417 -254.226 86.127 -220.872 57.568 -210.675 14.858 
-242.415 146.628 -247.989 190.183 -226.898 228.696 -221.324 185.141 
-132.959 509.676 -147.536 551.095 -111.397 526.154 -96.82 484.734 
-89.143 564.392 -64.063 600.434 -22.587 614.851 -47.668 578.809 
22.536 627.128 65.788 634.702 105.232 615.407 61.98 607.833 
368.405 574.388 383.484 615.627 419.923 640.127 404.844 598.888 
448.52 594.462 491.055 583.562 519.061 549.742 476.525 560.642 
551.91 431.38 534.224 471.571 543.539 514.482 561.225 474.291 
602.282 177.744 646.127 175.367 680.203 147.673 636.357 150.049 
638.728 26.297 631.671 69.636 651.436 108.846 658.493 65.507 
537.214 -46.548 568.289 -15.524 611.665 -8.691 580.59 -39.715 
