161.341 218.008 161.196 261.918 203.002 248.488 203.147 204.578 
204.782 204.546 204.761 248.456 246.515 262.046 246.537 218.136 
205.271 202.92 247.061 216.4 272.794 180.821 231.004 167.341 
178.021 166.544 203.934 201.993 229.64 166.395 203.729 130.945 
135.081 180.895 160.814 216.474 202.604 202.995 176.871 167.416 
132.953 182.539 132.925 226.449 158.713 261.989 158.741 218.079 
162.196 264.7 203.942 278.316 245.718 264.795 203.973 251.178 
249.49 218.035 249.49 261.945 275.299 226.421 275.298 182.511 
205.924 129.236 231.755 164.743 273.525 178.286 247.693 142.778 
134.319 178.741 176.096 165.221 201.948 129.727 160.171 143.247 
91.182 163.852 132.849 177.704 158.9 142.357 117.233 128.504 
89.804 169.041 89.861 212.951 131.639 226.466 131.582 182.556 
63.938 248.724 105.688 262.326 131.526 226.822 89.775 213.22 
105.976 262.535 131.591 298.201 157.596 262.819 131.981 227.154 
136.117 301.115 177.882 314.671 203.681 279.139 161.916 265.583 
178.095 314.822 203.802 350.421 229.714 314.971 204.008 279.373 
204.241 279.206 229.839 314.882 271.68 301.56 246.081 265.884 
250.216 262.464 276.073 297.953 301.835 262.394 275.977 226.905 
276.163 226.767 301.931 262.321 343.708 248.801 317.939 213.247 
276.299 182.503 276.049 226.413 317.887 213.081 318.136 169.172 
248.479 142.197 274.381 177.653 316.106 163.974 290.204 128.518 
248.43 97.895 248.349 141.805 290.135 128.313 290.216 84.404 
206.509 84.126 206.3 128.036 247.996 141.803 248.205 97.894 
159.624 98.091 159.743 142.001 201.468 128.319 201.348 84.409 
117.535 84.325 117.323 128.234 159.018 142.005 159.23 98.095 
91.181 119.448 90.505 163.352 116.859 128.23 117.535 84.325 
63.526 204.802 63.922 248.71 89.41 212.955 89.013 169.047 
63.889 248.893 89.343 284.672 130.967 298.656 105.512 262.877 
135.905 301.777 161.95 337.129 203.8 350.421 177.755 315.068 
203.842 350.446 245.704 337.192 271.78 301.863 229.918 315.118 
276.3 298.118 318.016 284.41 343.708 248.8 301.992 262.508 
318.486 169.169 318.165 213.078 343.715 248.79 344.036 204.881 
290.222 84.406 290.481 128.315 316.499 163.686 316.24 119.777 
206.698 83.548 248.317 97.546 290.215 84.407 248.596 70.41 
117.535 84.325 159.422 97.5 201.054 83.537 159.166 70.363 
90.994 47.754 117.092 83.067 158.741 69.159 132.643 33.846 
64.832 83.018 90.284 118.799 116.448 83.535 90.995 47.754 
64.458 83.289 63.337 127.184 88.232 163.355 89.352 119.46 
18.54 143.156 44.423 178.626 86.156 164.969 60.272 129.499 
20.381 217.893 61.947 203.738 87.254 167.854 45.688 182.009 
20.674 218.726 21.019 262.634 62.672 248.738 62.327 204.829 
21.021 262.633 46.391 298.472 88.315 285.418 62.945 249.579 
46.871 299.918 88.532 313.79 130.39 300.525 88.729 286.653 
89.65 316.899 89.728 360.809 131.464 347.166 131.387 303.256 
134.125 303.157 134.324 347.066 160.295 382.473 160.096 338.564 
161.531 338.529 161.948 382.437 203.836 395.609 203.419 351.701 
204.257 351.699 203.835 395.607 245.724 382.44 246.146 338.532 
247.594 338.509 247.435 382.419 273.373 346.989 273.532 303.079 
276.567 302.969 276.632 346.879 318.414 360.386 318.348 316.476 
277.23 300.687 319.046 314.087 360.752 300.349 318.936 286.949 
319.404 285.373 361.276 298.597 386.792 262.861 344.92 249.637 
345.556 204.871 345.194 248.779 386.842 262.692 387.204 218.783 
320.385 167.724 346.018 203.376 387.711 217.153 362.078 181.501 
321.209 164.838 362.992 178.342 388.746 142.777 346.963 129.274 
319.09 119.666 319.356 163.575 344.951 127.895 344.685 83.986 
291.453 83.456 317.655 118.69 343.069 82.882 316.865 47.647 
249.061 68.943 290.692 82.906 316.836 47.627 275.204 33.664 
205.872 81.163 247.77 68.023 273.942 32.766 232.044 45.906 
177.667 44.274 203.652 79.67 229.286 44.02 203.302 8.623 
133.254 33.376 159.712 68.42 201.716 81.219 175.257 46.175 
134.453 29.127 176.068 43.139 202.254 7.891 160.639 -6.121 
86.396 -2.88 87.878 41.005 129.157 26.034 127.676 -17.851 
44.172 -16.355 44.251 27.555 86.036 41.049 85.957 -2.861 
16.421 62.518 57.439 78.191 85.019 44.024 44.001 28.351 
17.237 97.834 18.025 141.736 59.535 127.42 58.748 83.517 
-9.032 179.532 16.448 215.294 42.585 180.01 17.106 144.249 
-29.773 207.096 -28.653 250.991 13.441 263.49 12.321 219.595 
-54.97 288.348 -13.211 301.924 12.605 266.404 -29.154 252.828 
-11.56 303.067 13.68 338.998 40.053 303.891 14.814 267.959 
45.8 303.699 46.137 347.608 88.001 360.856 87.664 316.948 
90.206 362.194 115.817 397.861 157.654 384.525 132.042 348.858 
134.903 426.103 176.835 439.133 202.186 403.279 160.253 390.249 
178.942 440.531 204.756 476.053 230.561 440.526 204.749 405.005 
207.056 403.245 232.523 439.015 274.412 425.847 248.946 390.077 
250.419 384.419 292.241 397.798 317.888 362.157 276.066 348.778 
319.9 316.453 319.728 360.363 361.542 346.958 361.714 303.048 
367.944 302.521 394.05 337.828 419.562 302.089 393.456 266.782 
395.88 264.886 421.693 300.408 463.453 286.836 437.64 251.314 
395.246 218.112 394.865 262.021 436.742 248.815 437.124 204.907 
364.634 179.474 390.595 214.888 416.253 179.255 390.292 143.841 
347.609 83.907 347.416 127.817 389.117 141.569 389.31 97.66 
322.769 42.342 349.035 77.53 390.618 63.424 364.352 28.236 
321.856 -4.044 321.878 39.866 363.632 26.276 363.611 -17.634 
277.86 -18.23 277.134 25.674 318.665 39.932 319.391 -3.972 
204.799 7.467 230.872 42.798 272.531 28.918 246.458 -6.413 
203.576 -40.217 203.425 3.774 245.233 -9.651 245.383 -53.561 
161.861 -53.848 161.708 -9.938 203.421 3.776 203.575 -40.215 
-27.919 84.352 -28.035 128.262 13.69 141.941 13.806 98.032 
-53.945 163.718 -12.223 177.405 13.687 141.954 -28.035 128.267 
19.334 386.706 61.085 400.304 86.919 364.798 45.168 351.2 
61.097 400.31 86.894 435.844 112.717 400.33 86.921 364.796 
295.394 399.865 321.202 435.389 347.013 399.866 321.203 364.341 
321.212 364.331 347.02 399.857 388.782 386.291 362.974 350.765 
393.358 141.416 419.026 177.042 460.841 163.64 435.172 128.013 
393.483 97.476 393.346 141.386 435.149 127.948 435.286 84.038 
251.067 -53.901 250.821 -9.991 276.431 25.677 276.677 -18.233 
161.862 -53.848 203.576 -40.218 245.383 -53.563 203.669 -67.274 
129.562 -17.891 129.527 26.019 155.366 -9.484 155.401 -53.394 
-26.45 78.727 15.208 92.609 57.07 79.353 15.412 65.472 
-53.826 119.806 -53.944 163.716 -28.039 128.261 -27.922 84.351 
-55.544 170.241 -29.296 205.442 12.63 218.492 -13.618 183.291 
14.297 339.453 14.033 383.362 40.055 347.993 40.319 304.084 
19.319 386.758 45.132 422.279 86.894 435.844 61.081 400.322 
92.438 439.278 134.156 425.579 159.856 389.974 118.137 403.673 
249.027 390.021 274.67 425.665 316.368 439.428 290.724 403.784 
321.228 435.407 362.985 421.823 388.782 386.29 347.026 399.874 
367.838 302.601 367.965 346.511 393.877 381.96 393.75 338.05 
395.128 217.75 436.959 204.397 462.953 169.007 421.122 182.36 
435.29 84.036 435.262 127.945 461.049 163.486 461.077 119.576 
349.114 77.753 390.901 91.243 432.636 77.595 390.849 64.105 
