161.57 217.565 161.491 261.475 203.277 247.982 203.356 204.072 
204.37 204.055 204.375 247.965 246.138 261.529 246.133 217.619 
204.687 203.033 246.473 216.523 272.215 180.951 230.429 167.46 
177.995 166.998 203.88 202.468 229.614 166.89 203.731 131.42 
135.481 181.077 161.253 216.628 203.029 203.103 177.256 167.552 
134.181 182.071 134.165 225.981 159.962 261.514 159.978 217.604 
162.102 263.207 203.854 276.803 245.624 263.261 203.872 249.665 
247.998 217.579 248.002 261.489 273.808 225.963 273.804 182.053 
205.056 130.395 230.885 165.905 272.654 179.45 246.824 143.941 
134.993 179.688 176.762 166.145 202.594 130.637 160.825 144.18 
92.397 165.337 134.11 179.055 160.046 143.623 118.334 129.905 
91.48 168.554 91.537 212.464 133.316 225.979 133.259 182.069 
65.682 248.147 107.445 261.708 133.248 226.179 91.485 212.618 
107.659 261.861 133.366 297.46 159.279 262.012 133.573 226.412 
136.128 299.311 177.898 312.852 203.685 277.311 161.915 263.77 
178.029 312.944 203.797 348.498 229.648 313.005 203.881 277.45 
204.026 277.344 229.724 312.949 271.527 299.51 245.829 263.906 
248.469 261.82 274.32 297.314 300.088 261.759 274.236 226.266 
274.335 226.193 300.143 261.719 341.905 248.152 316.097 212.627 
274.393 182.047 274.257 225.957 316.06 212.518 316.196 168.608 
247.386 143.545 273.271 179.013 315.003 165.354 289.118 129.886 
247.315 99.353 247.296 143.263 289.063 129.711 289.081 85.802 
205.394 85.699 205.307 129.609 247.04 143.261 247.128 99.351 
160.471 99.49 160.571 143.399 202.301 129.736 202.201 85.826 
118.505 85.814 118.395 129.724 160.121 143.398 160.232 99.488 
92.364 121.095 91.962 165.004 118.096 129.718 118.499 85.809 
65.421 204.231 65.683 248.14 91.28 212.464 91.019 168.554 
65.658 248.285 91.244 283.97 132.919 297.801 107.332 262.115 
136.0 299.706 161.961 335.119 203.78 348.51 177.819 313.096 
203.797 348.496 245.625 335.135 271.611 299.74 229.783 313.101 
274.452 297.405 316.183 283.745 341.916 248.164 300.185 261.824 
316.436 168.591 316.242 212.501 341.895 248.139 342.088 204.229 
289.184 85.807 289.344 129.717 315.283 165.146 315.123 121.237 
205.546 85.237 247.222 99.067 289.067 85.759 247.391 71.929 
118.511 85.78 160.345 99.123 202.031 85.328 160.197 71.985 
92.236 49.652 118.25 85.027 159.932 71.218 133.918 35.843 
66.215 85.031 91.815 120.706 117.833 85.334 92.231 49.659 
66.037 85.156 65.304 129.06 90.518 165.009 91.25 121.105 
21.666 144.041 47.48 179.562 89.239 165.988 63.426 130.467 
22.774 217.479 64.411 203.533 89.898 167.777 48.261 181.723 
22.957 218.021 23.175 261.93 64.868 248.154 64.65 204.244 
23.182 261.932 48.697 297.668 90.568 284.445 65.054 248.709 
48.998 298.608 90.692 312.382 132.519 299.019 90.826 285.244 
91.346 314.225 91.357 358.135 133.115 344.555 133.103 300.645 
134.82 300.596 134.942 344.506 160.851 379.958 160.729 336.048 
161.68 336.044 161.933 379.953 203.772 393.281 203.518 349.372 
204.078 349.371 203.814 393.28 245.656 379.962 245.92 336.053 
246.911 336.043 246.805 379.952 272.699 344.491 272.805 300.581 
274.583 300.535 274.599 344.445 316.366 357.998 316.349 314.088 
275.02 299.063 316.817 312.521 358.542 298.841 316.745 285.383 
317.066 284.369 358.89 297.74 384.532 262.095 342.707 248.723 
343.1 204.234 342.885 248.143 384.579 261.917 384.794 218.007 
317.718 167.647 343.412 203.255 385.129 216.96 359.435 181.352 
318.224 165.945 359.993 179.491 385.783 143.953 344.015 130.407 
316.868 121.178 317.025 165.087 342.707 129.471 342.55 85.562 
289.954 85.218 315.989 120.576 341.572 84.888 315.535 49.53 
247.678 71.043 289.377 84.8 315.346 49.393 273.647 35.636 
205.057 83.784 246.906 70.488 272.946 35.132 231.097 48.429 
177.784 47.434 203.71 82.873 229.403 47.264 203.478 11.825 
134.344 35.526 160.569 70.745 202.486 83.823 176.261 48.604 
135.13 32.902 176.806 46.73 202.836 11.367 161.16 -2.461 
89.665 1.402 90.472 45.304 131.976 30.97 131.17 -12.932 
47.306 -12.113 47.341 31.797 89.113 45.332 89.078 1.422 
20.351 67.305 61.727 82.006 88.493 47.197 47.117 32.496 
20.89 99.286 21.382 143.194 62.989 129.158 62.497 85.25 
-5.298 180.129 20.305 215.803 46.32 180.43 20.719 144.756 
-24.198 205.307 -23.663 249.213 18.26 262.273 17.725 218.366 
-49.882 286.115 -8.123 299.69 17.692 264.169 -24.068 250.595 
-6.917 300.534 18.641 336.24 44.7 300.899 19.143 265.193 
48.328 300.874 48.538 344.783 90.363 358.153 90.154 314.243 
91.664 359.047 117.341 394.668 159.152 381.256 133.476 345.635 
135.102 420.452 176.944 433.769 202.54 398.09 160.698 384.773 
178.427 434.784 204.239 470.307 230.046 434.783 204.236 399.259 
205.7 398.161 231.364 433.79 273.18 420.391 247.516 384.762 
248.546 381.154 290.343 394.61 316.056 359.017 274.258 345.561 
317.363 314.075 317.252 357.985 359.047 344.521 359.158 300.611 
362.98 300.345 388.919 335.775 414.599 300.157 388.66 264.727 
390.264 263.507 416.075 299.031 457.836 285.461 432.025 249.938 
389.772 217.744 389.615 261.654 431.424 248.234 431.581 204.325 
360.966 180.174 386.876 215.625 412.586 180.028 386.676 144.577 
344.451 85.549 344.318 129.459 386.037 143.154 386.171 99.244 
319.393 46.311 345.407 81.686 387.089 67.877 361.075 32.502 
318.759 0.634 318.771 44.544 360.528 30.963 360.516 -12.947 
275.259 -13.166 274.961 30.743 316.628 44.595 316.927 0.686 
204.41 11.112 230.398 46.505 272.09 32.726 246.103 -2.667 
203.638 -35.137 203.608 8.855 245.378 -4.685 245.408 -48.595 
161.889 -48.665 161.841 -4.755 203.587 8.86 203.635 -35.132 
-23.103 85.792 -23.119 129.702 18.637 143.286 18.653 99.376 
-48.953 165.216 -7.202 178.816 18.634 143.311 -23.117 129.711 
22.09 382.546 63.854 396.105 89.655 360.575 47.891 347.016 
63.871 396.108 89.695 431.621 115.491 396.087 89.667 360.573 
292.33 395.962 318.163 431.468 343.949 395.926 318.115 360.42 
318.11 360.41 343.957 395.907 385.704 382.295 359.857 346.798 
388.62 143.085 414.347 178.669 456.14 165.198 430.413 129.614 
388.662 99.177 388.617 143.087 430.392 129.561 430.437 85.651 
248.961 -48.742 248.865 -4.832 274.595 30.749 274.692 -13.161 
161.889 -48.667 203.639 -35.144 245.411 -48.596 203.662 -62.2 
132.171 -12.946 132.217 30.964 157.99 -4.587 157.944 -48.497 
-21.993 81.908 19.649 95.839 61.526 82.634 19.885 68.702 
-48.916 121.291 -48.943 165.201 -23.111 129.693 -23.084 85.783 
-50.025 169.123 -23.943 204.448 17.921 217.695 -8.161 182.371 
18.961 336.469 18.83 380.379 44.745 344.933 44.877 301.023 
22.102 382.552 47.911 418.076 89.672 431.645 63.862 396.121 
92.858 433.719 134.604 420.103 160.375 384.551 118.629 398.166 
247.571 384.742 273.304 420.321 315.037 433.979 289.303 398.4 
318.166 431.459 359.927 417.89 385.737 382.366 343.976 395.935 
362.845 300.442 362.909 344.352 388.771 379.838 388.707 335.928 
389.692 217.498 431.486 204.032 457.384 168.572 415.59 182.038 
430.491 85.63 430.491 129.54 456.301 165.064 456.301 121.154 
345.458 81.829 387.227 95.372 428.98 81.778 387.211 68.234 
