156.557 232.566 148.923 275.807 192.407 269.705 200.041 226.463 
216.378 226.682 207.629 269.712 245.849 291.329 254.598 248.3 
221.157 212.693 259.725 233.683 291.606 203.489 253.037 182.499 
190.348 164.342 209.376 203.916 241.132 173.591 222.106 134.018 
134.366 177.874 152.328 217.943 195.986 213.242 178.024 173.173 
114.83 195.096 107.811 238.442 127.612 277.634 134.63 234.289 
158.904 298.087 198.769 316.496 241.841 307.957 201.976 289.548 
276.987 244.893 272.173 288.538 301.721 256.058 306.535 212.413 
240.321 118.498 258.612 158.417 296.873 179.961 278.583 140.042 
127.506 160.81 170.773 153.327 201.38 121.841 158.112 129.324 
48.165 118.74 84.066 144.022 119.206 117.691 83.304 92.409 
51.674 173.667 37.727 215.303 73.015 241.434 86.962 199.798 
-4.826 259.483 31.388 284.314 66.195 257.545 29.98 232.714 
48.6 297.776 62.245 339.512 97.722 313.638 84.077 271.902 
121.15 350.776 157.878 374.841 192.115 347.347 155.387 323.282 
175.566 388.018 192.376 428.583 225.76 400.06 208.951 359.495 
224.907 348.471 241.274 389.216 285.083 386.241 268.716 345.496 
294.96 299.444 312.255 339.804 345.295 310.882 327.999 270.522 
345.664 256.941 362.717 297.405 406.47 293.69 389.417 253.227 
349.324 197.388 340.387 240.379 384.036 235.593 392.972 192.602 
302.324 117.454 318.533 158.262 362.354 155.456 346.145 114.648 
304.274 56.047 295.781 99.128 339.378 93.893 347.871 50.812 
252.419 32.517 241.969 75.165 279.301 98.283 289.751 55.634 
157.848 61.051 147.405 103.701 191.195 100.453 201.638 57.803 
101.573 36.279 89.494 78.495 125.911 103.028 137.99 60.812 
34.735 54.885 12.719 92.877 52.862 75.082 74.877 37.09 
-10.472 210.272 -13.115 254.102 14.786 220.196 17.429 176.366 
-11.713 292.697 1.132 334.686 36.205 361.105 23.359 319.116 
115.958 387.909 141.559 423.585 183.239 437.399 157.638 401.724 
218.381 443.344 262.206 440.617 296.057 412.65 252.232 415.378 
345.226 354.792 386.785 340.615 412.073 304.718 370.515 318.895 
427.904 188.719 414.883 230.654 428.999 272.234 442.019 230.299 
366.007 47.871 363.812 91.726 387.813 128.496 390.008 84.641 
263.384 -6.192 295.455 23.801 339.03 29.214 306.959 -0.778 
105.899 18.572 145.463 37.618 188.666 29.772 149.102 10.725 
56.249 -84.968 49.959 -41.51 89.346 -22.099 95.636 -65.557 
-29.592 -5.827 -19.691 36.952 17.935 14.316 8.033 -28.463 
-61.629 49.961 -52.624 92.938 -20.078 122.414 -29.083 79.438 
-107.082 123.299 -87.577 162.639 -44.135 156.244 -63.64 116.905 
-115.549 206.917 -71.731 204.077 -37.951 176.023 -81.769 178.864 
-99.435 238.144 -119.238 277.335 -75.846 284.059 -56.042 244.868 
-86.315 326.702 -76.001 369.383 -32.221 372.763 -42.535 330.081 
-25.168 416.103 17.372 426.987 58.185 410.788 15.645 399.904 
36.913 449.202 34.274 493.032 76.775 481.998 79.414 438.167 
99.678 436.782 92.456 480.094 112.071 519.38 119.293 476.068 
153.015 469.252 144.156 512.259 182.321 533.974 191.18 490.967 
240.204 478.617 224.463 519.608 268.312 521.912 284.054 480.92 
327.144 443.661 327.458 487.57 353.012 451.862 352.698 407.953 
383.238 399.041 379.433 442.786 419.861 459.923 423.666 416.178 
386.692 384.526 427.06 401.805 469.874 392.058 429.507 374.778 
433.127 343.252 471.992 363.688 503.438 333.04 464.573 312.604 
486.614 223.451 470.034 264.11 503.58 292.444 520.16 251.784 
443.408 134.924 468.163 171.191 509.508 185.98 484.752 149.714 
445.636 106.77 485.97 124.128 514.943 91.132 474.609 73.774 
433.519 55.316 431.443 99.176 458.904 64.913 460.98 21.052 
394.081 -1.564 409.146 39.68 443.717 12.607 428.65 -28.638 
312.507 -50.172 345.707 -21.434 383.297 -44.129 350.097 -72.866 
220.507 -35.776 262.022 -50.08 287.2 -86.055 245.685 -71.75 
171.201 -83.776 194.076 -46.295 222.654 -79.633 199.779 -117.114 
115.398 -85.258 134.911 -45.922 173.819 -25.568 154.305 -64.904 
124.28 -126.873 157.404 -98.047 195.054 -120.643 161.93 -149.468 
-2.144 -156.641 -3.216 -112.744 38.864 -125.29 39.936 -169.186 
-88.551 -128.026 -75.683 -86.044 -31.779 -85.309 -44.647 -127.291 
-117.258 -79.246 -110.069 -35.928 -66.65 -29.379 -73.839 -72.697 
-107.486 52.033 -119.515 94.263 -75.635 92.653 -63.606 50.423 
-145.458 144.639 -137.022 187.731 -98.646 166.391 -107.082 123.299 
-205.756 272.215 -201.679 315.935 -158.839 325.569 -162.915 281.848 
-210.508 396.463 -168.18 408.145 -143.989 371.499 -186.317 359.817 
-148.307 415.196 -147.2 459.092 -105.795 444.475 -106.901 400.579 
-25.525 436.366 -29.499 480.096 10.863 497.389 14.837 453.659 
35.274 496.34 54.094 536.013 97.64 530.373 78.82 490.701 
143.824 612.598 186.669 622.21 209.051 584.432 166.206 574.82 
230.471 622.762 256.688 657.986 282.086 622.167 255.87 586.943 
288.407 560.953 296.265 604.153 339.78 610.03 331.923 566.829 
348.366 495.525 389.37 511.233 416.98 477.09 375.975 461.382 
433.37 416.461 427.246 459.942 470.491 452.33 476.615 408.849 
536.228 362.244 564.951 395.457 587.663 357.877 558.941 324.664 
575.51 281.613 602.095 316.561 643.548 302.078 616.963 267.129 
582.612 205.661 563.577 245.231 607.092 251.107 626.128 211.537 
500.386 132.559 523.869 169.663 551.901 135.864 528.418 98.761 
487.892 17.865 479.347 60.936 517.669 82.372 526.214 39.302 
434.962 -84.972 465.135 -53.071 504.799 -71.909 474.626 -103.81 
401.829 -151.687 407.631 -108.162 447.233 -127.131 441.43 -170.656 
366.935 -185.429 339.803 -150.905 364.252 -114.432 391.385 -148.956 
219.255 -133.979 236.996 -93.813 280.679 -98.274 262.938 -138.44 
211.342 -203.925 204.445 -160.478 247.817 -167.331 254.702 -210.698 
172.216 -223.8 165.324 -180.434 204.438 -160.478 211.342 -203.925 
-183.495 41.03 -185.909 84.874 -144.958 100.719 -142.543 56.875 
-213.644 118.916 -172.698 134.774 -144.962 100.732 -185.909 84.874 
-56.542 540.207 -14.126 551.56 9.779 514.728 -32.638 503.375 
-13.014 552.258 11.398 588.757 38.567 554.262 14.156 517.762 
411.498 520.656 437.4 556.113 463.117 520.522 437.214 485.065 
439.509 483.446 463.647 520.126 505.992 508.504 481.853 471.823 
545.526 78.812 568.777 116.061 611.388 105.46 588.137 68.21 
548.661 34.949 545.508 78.745 588.136 68.21 591.289 24.414 
289.504 -222.458 284.871 -178.793 306.787 -140.744 311.421 -184.409 
172.213 -223.795 211.342 -203.926 254.702 -210.697 215.585 -230.647 
95.426 -187.847 78.113 -147.494 115.838 -169.964 133.151 -210.317 
-186.136 3.447 -145.249 19.458 -102.76 8.378 -143.647 -7.633 
-211.219 75.08 -213.635 118.924 -185.91 84.874 -183.494 41.03 
-208.255 160.538 -205.683 204.373 -177.837 238.324 -180.409 194.489 
-95.923 487.259 -101.561 530.806 -71.404 498.889 -65.767 455.343 
-56.542 540.207 -30.435 575.512 11.439 588.728 -14.669 553.423 
47.254 597.304 91.163 597.633 126.879 572.09 82.97 571.761 
353.66 536.784 375.037 575.139 414.877 593.603 393.499 555.248 
437.381 556.099 479.42 543.419 505.978 508.45 463.938 521.13 
521.042 395.496 509.562 437.879 525.187 478.915 536.667 436.532 
564.01 178.072 607.004 169.151 636.545 136.663 593.55 145.583 
591.244 24.409 588.14 68.209 611.374 105.469 614.478 61.669 
490.737 -30.312 525.937 -4.062 569.843 -3.515 534.644 -29.765 
