159.847 222.154 156.891 265.964 199.47 255.237 202.426 211.427 
212.404 210.818 210.066 254.665 251.046 270.438 253.383 226.591 
214.403 203.047 255.746 217.839 282.59 183.09 241.246 168.298 
182.95 162.099 207.416 198.561 234.533 164.026 210.068 127.563 
134.276 177.285 157.301 214.674 199.976 204.33 176.95 166.941 
123.892 186.182 121.603 230.032 145.526 266.853 147.815 223.003 
164.981 282.413 206.307 297.255 248.464 284.972 207.138 270.13 
267.926 224.477 266.877 268.375 293.527 233.478 294.577 189.58 
219.888 118.734 243.998 155.432 285.075 170.95 260.965 134.252 
130.501 168.098 172.742 156.109 199.869 121.58 157.628 133.57 
71.251 138.325 110.853 157.294 141.131 125.493 101.53 106.523 
68.858 170.116 64.264 213.785 104.376 231.649 108.97 187.98 
31.663 255.862 71.664 273.971 101.248 241.522 61.246 223.413 
76.266 277.633 96.81 316.441 127.371 284.911 106.827 246.103 
134.209 328.284 174.903 344.782 203.168 311.178 162.474 294.681 
181.571 349.409 203.975 387.173 232.967 354.196 210.564 316.431 
215.075 313.491 236.751 351.678 279.767 342.862 258.091 304.676 
277.792 274.469 301.475 311.444 329.322 277.493 305.637 240.518 
311.688 236.173 334.174 273.889 376.993 264.159 354.507 226.443 
314.534 186.966 310.109 230.652 353.025 221.361 357.45 177.674 
272.574 123.649 295.898 160.852 338.488 150.166 315.164 112.963 
273.887 73.244 270.415 117.016 313.119 106.792 316.591 63.019 
227.566 55.759 223.454 99.476 263.76 116.897 267.873 73.18 
153.984 75.733 151.236 119.557 193.765 108.628 196.512 64.804 
108.588 57.49 103.582 101.113 143.523 119.355 148.529 75.731 
69.55 87.086 61.034 130.162 93.243 100.318 101.76 57.242 
24.485 207.84 24.67 251.749 50.329 216.117 50.144 172.207 
28.846 264.25 50.212 302.611 90.047 321.086 68.679 282.725 
131.008 343.652 157.949 378.325 200.126 390.541 173.184 355.867 
209.644 391.398 252.514 381.894 281.608 349.007 238.739 358.511 
311.894 317.796 353.247 303.03 378.023 266.777 336.67 281.544 
366.274 177.732 361.577 221.39 383.44 259.471 388.136 215.813 
320.621 62.722 321.83 106.616 348.607 141.416 347.399 97.523 
232.195 41.869 270.956 62.502 314.442 56.411 275.681 35.778 
109.576 54.22 151.082 68.553 193.084 55.752 151.579 41.419 
79.405 -13.257 96.763 27.077 140.486 23.033 123.129 -17.301 
29.509 41.707 53.212 78.67 81.041 44.705 57.338 7.742 
16.604 54.424 13.014 98.187 35.833 135.702 39.423 91.939 
-44.815 127.775 -19.597 163.721 22.383 150.844 -2.835 114.898 
-34.874 216.385 6.242 200.971 30.445 164.334 -10.671 179.748 
-33.917 218.727 -39.563 262.272 3.596 254.185 9.242 210.64 
-29.095 283.505 -9.715 322.906 33.747 316.65 14.368 277.248 
8.25 352.398 49.709 366.866 91.753 354.201 50.294 339.734 
57.718 381.945 58.025 425.854 99.69 411.994 99.383 368.085 
116.338 364.295 117.244 408.196 143.781 443.18 142.876 399.279 
156.683 396.925 157.063 440.833 198.94 454.04 198.56 410.132 
217.717 408.677 211.386 452.128 254.667 444.722 260.998 401.271 
288.243 392.411 287.455 436.314 313.897 401.259 314.685 357.356 
328.021 355.242 328.146 399.152 369.945 412.602 369.82 368.692 
329.732 340.116 371.847 352.545 413.223 337.847 371.109 325.417 
372.826 310.378 414.941 322.805 439.774 286.591 397.659 274.165 
408.868 213.991 402.238 257.397 441.471 277.117 448.102 233.71 
385.224 148.72 409.527 185.291 450.684 200.594 426.382 164.022 
387.363 137.362 429.07 151.097 455.021 115.677 413.315 101.941 
371.957 88.077 374.72 131.9 398.244 94.822 395.481 50.999 
334.911 45.87 360.178 81.782 386.524 46.653 361.257 10.742 
280.698 15.32 319.592 35.702 350.993 5.01 312.1 -15.372 
214.461 16.751 256.929 5.589 284.724 -28.404 242.256 -17.241 
178.159 -22.153 205.504 12.204 229.728 -24.419 202.384 -58.776 
123.138 -17.309 150.903 16.709 193.36 27.91 165.595 -6.108 
125.389 -50.129 164.881 -30.934 195.341 -62.561 155.848 -81.756 
17.226 -75.631 26.226 -32.654 64.319 -54.494 55.319 -97.472 
-31.691 -73.934 -17.804 -32.278 26.105 -32.614 12.217 -74.27 
-59.406 -17.988 -33.195 17.241 8.409 3.199 -17.802 -32.03 
-49.493 71.995 -50.448 115.894 -8.402 103.236 -7.447 59.336 
-82.399 164.937 -62.16 203.905 -31.354 172.616 -51.591 133.648 
-127.288 262.934 -115.323 305.182 -71.445 306.858 -83.41 264.61 
-136.991 347.584 -93.983 356.437 -72.273 318.269 -115.281 309.416 
-86.904 359.67 -71.402 400.753 -37.121 373.314 -52.623 332.231 
6.015 371.215 7.842 415.087 50.132 426.906 48.304 383.034 
62.159 434.787 86.082 471.608 128.494 460.235 104.571 423.414 
158.702 532.096 202.094 538.817 221.896 499.625 178.503 492.904 
204.135 539.783 231.108 574.432 255.726 538.073 228.754 503.423 
246.991 487.956 265.201 527.911 308.829 522.938 290.618 482.983 
301.599 443.411 343.733 455.772 368.509 419.52 326.375 407.159 
381.006 367.683 379.325 411.561 421.575 399.601 423.256 355.723 
468.342 319.937 498.568 351.789 519.521 313.201 489.296 281.349 
494.913 276.182 521.717 310.963 563.078 296.218 536.274 261.438 
495.289 211.93 486.529 254.957 530.157 249.992 538.917 206.965 
435.392 154.955 461.701 190.111 487.007 154.226 460.698 119.07 
418.564 45.911 416.127 89.753 457.071 105.619 459.508 61.777 
369.6 -41.237 400.13 -9.677 439.579 -28.96 409.049 -60.52 
365.257 -87.855 368.344 -44.053 409.047 -60.524 405.961 -104.326 
321.81 -111.93 308.872 -69.969 344.781 -44.698 357.719 -86.659 
210.527 -66.175 235.752 -30.234 277.73 -43.119 252.504 -79.06 
202.942 -130.147 199.526 -86.287 242.214 -96.573 245.624 -140.35 
162.353 -146.836 158.943 -103.059 199.525 -86.288 202.941 -130.147 
-113.383 62.126 -115.678 105.976 -74.683 121.709 -72.388 77.859 
-143.311 140.102 -102.316 155.836 -74.685 121.71 -115.679 105.976 
-20.206 469.028 21.033 484.106 48.117 449.544 6.877 434.466 
21.033 484.107 45.534 520.546 72.619 485.984 48.117 449.545 
361.205 462.818 385.661 499.287 412.788 464.758 388.331 428.289 
388.332 428.289 412.788 464.758 455.03 452.769 430.574 416.299 
475.929 102.502 499.561 139.511 542.061 128.473 518.429 91.464 
478.565 58.669 475.929 102.5 518.43 91.463 521.066 47.632 
269.263 -147.204 269.182 -103.294 294.925 -67.723 295.006 -111.633 
162.354 -146.836 202.941 -130.147 245.624 -140.35 205.042 -157.121 
96.312 -108.105 85.474 -65.553 119.253 -93.608 130.091 -136.159 
-113.985 49.079 -70.308 53.599 -32.316 31.584 -75.993 27.063 
-141.014 96.252 -143.31 140.102 -115.678 105.976 -113.382 62.126 
-142.32 173.941 -126.921 215.062 -90.293 239.279 -105.692 198.158 
-46.719 416.161 -47.709 460.06 -21.106 425.127 -20.116 381.228 
-20.206 469.028 4.294 505.467 45.534 520.546 21.033 484.107 
75.619 529.792 118.727 521.438 148.693 489.341 105.585 497.695 
302.543 470.988 327.136 507.365 368.414 522.339 343.821 485.962 
385.661 499.287 427.903 487.297 455.029 452.768 412.788 464.758 
455.004 346.286 450.716 389.987 472.935 427.861 477.222 384.161 
488.559 198.109 530.793 186.092 557.897 151.546 515.663 163.563 
521.065 47.633 518.43 91.463 542.061 128.473 544.697 84.642 
419.828 10.257 459.294 29.506 502.537 21.88 463.071 2.632 
