157.818 228.402 151.571 271.865 194.837 264.376 201.085 220.913 
213.926 221.109 206.836 264.443 245.858 284.577 252.948 241.244 
217.564 210.516 256.934 229.96 287.592 198.525 248.221 179.081 
187.796 164.927 208.386 203.711 238.908 172.144 218.319 133.361 
135.009 178.165 154.66 217.433 198.078 210.877 178.427 171.61 
119.773 190.77 114.206 234.325 135.304 272.835 140.871 229.279 
159.303 290.169 199.634 307.533 242.468 297.875 202.137 280.511 
270.76 239.079 267.036 282.831 295.765 249.624 299.489 205.872 
232.94 121.268 252.952 160.352 292.116 180.209 272.104 141.125 
129.881 164.787 172.898 155.974 202.519 123.56 159.503 132.373 
57.23 124.924 94.156 148.685 128.165 120.909 91.239 97.148 
56.686 171.578 45.135 213.941 81.856 238.018 93.407 195.655 
6.126 255.428 43.65 278.23 76.933 249.589 39.408 226.786 
58.819 289.589 74.76 330.504 108.746 302.7 92.806 261.786 
123.685 343.991 161.729 365.917 194.338 336.51 156.294 314.584 
175.796 376.313 194.567 416.008 226.519 385.889 207.749 346.194 
221.482 336.445 239.561 376.46 283.205 371.631 265.126 331.616 
289.728 293.116 309.024 332.558 340.574 302.017 321.276 262.575 
335.201 252.048 354.188 291.641 397.71 285.819 378.724 246.226 
337.75 193.937 330.253 237.203 373.718 230.962 381.214 187.697 
293.533 119.441 312.106 159.229 355.687 153.859 337.113 114.071 
294.892 61.188 288.237 104.59 331.572 97.507 338.227 54.104 
243.433 39.838 235.027 82.936 273.418 104.249 281.824 61.151 
155.111 64.35 147.331 107.565 190.835 101.611 198.615 58.395 
106.484 41.096 96.533 83.863 134.133 106.543 144.084 63.776 
45.533 63.468 27.314 103.42 65.537 81.806 83.755 41.854 
1.754 207.25 -0.358 251.109 27.13 216.868 29.242 173.009 
0.153 284.226 15.759 325.268 52.51 349.299 36.903 308.256 
118.708 374.71 144.429 410.299 186.155 423.973 160.435 388.384 
216.472 428.633 260.096 423.631 292.448 393.943 248.824 398.945 
335.589 345.644 377.158 331.499 402.475 295.621 360.905 309.766 
410.393 184.635 400.124 227.327 416.909 267.902 427.179 225.21 
353.62 51.763 352.422 95.657 377.252 131.872 378.45 87.978 
252.61 6.636 286.953 33.996 330.82 35.945 296.477 8.584 
109.168 32.8 149.399 50.396 192.288 40.985 152.058 23.389 
64.05 -67.631 64.99 -23.731 107.032 -11.058 106.092 -54.959 
-12.919 7.066 2.834 48.053 36.947 20.405 21.193 -20.582 
-41.033 49.975 -35.622 93.551 -5.632 125.623 -11.043 82.048 
-91.375 124.75 -69.496 162.821 -26.527 153.777 -48.406 115.706 
-93.149 209.971 -50.074 201.452 -20.232 169.241 -63.308 177.759 
-83.549 229.868 -98.707 271.079 -54.829 272.761 -39.671 231.55 
-70.492 313.783 -56.786 355.498 -12.876 355.354 -26.582 313.638 
-15.322 399.196 26.854 411.411 68.156 396.502 25.979 384.287 
41.712 431.555 39.826 475.425 82.131 463.662 84.017 419.792 
101.162 417.795 97.568 461.557 120.383 499.075 123.978 455.312 
150.873 450.112 145.342 493.673 185.061 512.394 190.592 468.834 
233.411 458.502 220.911 500.596 264.807 499.477 277.307 457.383 
318.437 429.335 318.253 473.245 344.21 437.829 344.394 393.92 
369.379 387.902 366.717 431.731 407.578 447.808 410.241 403.978 
371.893 375.093 413.244 389.866 455.38 377.513 414.03 362.74 
416.93 337.084 457.183 354.629 486.308 321.768 446.055 304.223 
464.119 220.25 450.94 262.136 486.702 287.614 499.882 245.728 
428.204 136.631 452.745 173.043 494.002 188.076 469.46 151.664 
430.744 113.994 471.616 130.042 499.51 96.13 458.637 80.081 
417.211 63.763 417.698 107.671 443.113 71.863 442.627 27.956 
378.951 11.823 397.529 51.609 429.627 21.645 411.048 -18.141 
302.293 -31.163 338.021 -5.636 373.338 -31.727 337.61 -57.254 
218.506 -23.163 260.312 -36.593 286.238 -72.032 244.432 -58.601 
174.107 -67.532 199.185 -31.488 225.715 -66.476 200.639 -102.521 
118.209 -65.446 140.405 -27.559 180.631 -9.954 158.435 -47.841 
124.068 -106.389 159.483 -80.43 195.116 -106.091 159.7 -132.049 
2.771 -134.887 6.335 -91.121 46.857 -108.035 43.293 -151.8 
-74.738 -110.946 -58.015 -70.345 -14.233 -73.703 -30.957 -114.304 
-98.699 -67.779 -93.631 -24.163 -50.583 -15.505 -55.652 -59.122 
-93.881 57.267 -102.496 100.324 -58.884 95.212 -50.269 52.155 
-129.269 150.522 -116.904 192.655 -80.654 167.876 -93.018 125.743 
-185.977 269.377 -177.924 312.543 -134.383 318.222 -142.436 275.057 
-188.649 386.166 -145.791 395.721 -123.46 357.913 -166.318 348.358 
-131.266 401.123 -125.516 444.655 -85.892 425.734 -91.641 382.202 
-16.403 418.952 -18.15 462.827 23.039 478.047 24.785 434.171 
41.803 481.033 62.705 519.65 105.89 511.705 84.989 473.088 
146.694 591.35 189.994 598.644 210.312 559.717 167.012 552.423 
226.147 600.67 253.414 635.089 277.721 598.52 250.455 564.102 
278.505 541.194 289.782 583.631 333.627 586.019 322.35 543.582 
337.177 481.172 378.655 495.583 405.177 460.588 363.699 446.177 
420.213 403.807 415.975 447.512 458.851 438.037 463.089 394.332 
517.735 352.434 547.902 384.342 568.926 345.792 538.76 313.885 
555.253 278.244 582.648 312.561 623.751 297.111 596.356 262.795 
559.734 205.146 543.79 246.059 587.627 248.58 603.572 207.667 
483.117 136.865 507.698 173.25 534.707 138.629 510.126 102.243 
468.828 23.555 462.659 67.029 502.1 86.33 508.268 42.855 
415.949 -73.013 447.559 -42.534 486.313 -63.178 454.704 -93.656 
392.59 -134.455 399.184 -91.043 438.434 -110.729 431.84 -154.141 
356.184 -166.431 331.942 -129.819 359.27 -95.45 383.512 -132.061 
216.406 -116.309 236.593 -77.315 279.917 -84.465 259.73 -123.459 
208.451 -184.438 202.728 -140.82 245.899 -148.84 251.612 -192.377 
168.801 -203.245 163.086 -159.709 202.726 -140.82 208.451 -184.438 
-166.542 47.761 -168.085 91.644 -126.827 106.672 -125.284 62.789 
-195.134 126.234 -153.878 141.27 -126.829 106.68 -168.085 91.644 
-45.504 522.345 -3.616 535.515 21.853 499.746 -20.035 486.577 
-3.317 535.724 21.865 571.696 48.295 536.631 23.113 500.659 
400.468 504.245 425.704 540.178 452.08 505.072 426.843 469.139 
427.441 468.721 452.212 504.977 494.348 492.624 469.578 456.367 
526.814 82.693 550.406 119.728 592.918 108.735 569.326 71.701 
529.52 38.835 526.804 82.661 569.325 71.701 572.04 27.875 
283.428 -202.983 280.354 -159.181 303.613 -121.937 306.687 -165.74 
168.8 -203.243 208.451 -184.438 251.612 -192.377 211.971 -211.264 
94.684 -166.701 78.685 -125.809 115.664 -149.487 131.663 -190.379 
-168.765 19.402 -126.238 30.335 -85.406 14.183 -127.933 3.25 
-193.585 82.356 -195.128 126.239 -168.085 91.644 -166.542 47.761 
-191.412 164.057 -185.045 207.504 -154.358 238.91 -160.725 195.464 
-81.456 469.418 -84.906 513.192 -56.385 479.806 -52.935 436.031 
-45.504 522.346 -19.822 557.962 21.89 571.68 -3.793 536.064 
54.979 580.03 98.816 577.506 132.799 549.697 88.961 552.221 
341.483 518.958 364.328 556.457 404.852 573.366 382.007 535.867 
425.692 540.168 467.745 527.536 494.342 492.597 452.289 505.23 
504.073 381.687 494.878 424.623 512.678 464.764 521.872 421.828 
544.672 181.393 587.333 170.995 615.735 137.507 573.074 147.905 
572.015 27.872 569.327 71.7 592.914 108.737 595.602 64.909 
470.761 -22.115 507.254 2.305 551.131 0.611 514.638 -23.809 
