159.873 222.273 156.653 266.065 199.297 255.594 202.516 211.803 
212.35 211.305 209.629 255.131 250.469 271.262 253.19 227.436 
214.415 203.577 255.622 218.745 282.781 184.242 241.574 169.074 
183.416 162.418 207.571 199.088 234.981 164.783 210.827 128.114 
134.631 177.25 157.391 214.801 200.137 204.759 177.377 167.208 
124.187 186.069 121.618 229.904 145.306 266.877 147.875 223.042 
164.362 282.195 205.619 297.227 247.832 285.137 206.575 270.106 
267.586 225.437 266.341 269.329 293.147 234.551 294.391 190.659 
220.63 119.479 244.425 156.383 285.367 172.252 261.573 135.348 
130.953 168.124 173.263 156.378 200.588 122.006 158.278 133.752 
70.164 137.253 109.554 156.658 140.181 125.193 100.791 105.788 
67.687 169.893 62.489 213.495 102.35 231.912 107.548 188.311 
29.428 255.612 69.28 274.045 99.127 241.838 59.273 223.405 
75.114 278.6 95.29 317.601 126.147 286.361 105.971 247.36 
133.124 329.712 173.652 346.61 202.248 313.288 161.719 296.389 
180.989 351.707 203.154 389.613 232.354 356.819 210.19 318.914 
215.813 315.186 237.193 353.539 280.276 345.057 258.896 306.704 
278.932 276.094 302.312 313.262 330.436 279.541 307.056 242.373 
313.849 237.454 336.078 275.322 378.962 265.884 356.733 228.016 
316.653 187.255 311.938 230.911 354.914 221.906 359.63 178.25 
274.568 123.101 297.552 160.515 340.238 150.218 317.254 112.804 
275.953 72.21 272.24 115.963 314.999 105.974 318.712 62.221 
228.724 54.416 224.236 98.096 264.392 115.862 268.879 72.182 
154.1 74.459 150.992 118.259 193.609 107.68 196.717 63.88 
108.523 55.872 103.17 99.454 142.965 118.014 148.318 74.431 
67.483 84.951 58.251 127.879 90.953 98.575 100.184 55.647 
22.342 207.484 22.305 251.394 48.144 215.892 48.181 171.982 
26.068 266.262 47.034 304.843 86.674 323.732 65.707 285.151 
129.743 346.464 156.603 381.2 198.751 393.515 171.891 358.778 
210.535 394.923 253.473 385.735 282.81 353.064 239.872 362.251 
314.214 320.344 355.575 305.601 380.372 269.363 339.011 284.105 
370.32 178.191 365.217 221.803 386.723 260.086 391.827 216.474 
323.457 61.845 324.55 105.741 351.234 140.612 350.142 96.716 
233.907 38.218 272.345 59.446 315.92 54.026 277.481 32.798 
109.656 52.165 151.043 66.836 193.149 54.378 151.762 39.707 
78.95 -19.414 94.771 21.547 138.616 19.159 122.796 -21.802 
26.052 38.972 49.579 76.047 77.569 42.214 54.041 5.139 
12.106 53.161 8.847 96.95 31.947 134.292 35.207 90.503 
-49.386 126.936 -24.573 163.163 17.549 150.758 -7.265 114.532 
-40.428 215.512 0.733 200.22 25.044 163.655 -16.117 178.947 
-39.183 218.516 -45.82 261.922 -2.488 254.82 4.149 211.414 
-33.023 286.377 -13.985 325.945 29.53 320.064 10.491 280.497 
5.836 357.033 47.349 371.342 89.345 358.517 47.832 344.208 
55.704 386.737 55.854 430.647 97.568 416.936 97.418 373.026 
114.333 369.303 115.123 413.206 141.568 448.26 140.778 404.357 
155.627 401.779 155.599 445.689 197.351 459.285 197.379 415.375 
219.241 413.235 212.452 456.618 255.809 449.668 262.598 406.286 
291.46 396.112 290.712 440.015 317.123 404.936 317.871 361.033 
331.827 358.766 331.795 402.676 373.546 416.276 373.578 372.366 
333.546 343.588 375.651 356.048 417.038 341.378 374.933 328.919 
376.714 313.12 418.736 325.858 443.836 289.829 401.814 277.091 
413.867 214.457 406.721 257.781 445.716 277.966 452.863 234.642 
389.582 147.232 413.868 183.815 455.018 199.137 430.732 162.554 
391.799 135.163 433.454 149.052 459.536 113.726 417.88 99.838 
376.315 85.886 379.122 129.707 402.609 92.605 399.801 48.785 
339.042 42.889 363.815 79.143 390.639 44.379 365.865 8.125 
282.722 10.793 321.376 31.625 353.133 1.3 314.479 -19.532 
214.809 12.323 257.24 1.022 284.924 -33.061 242.493 -21.76 
178.089 -26.855 205.352 7.567 229.664 -28.998 202.402 -63.42 
122.892 -21.881 150.374 12.367 192.737 23.92 165.255 -10.327 
125.226 -55.7 164.47 -36.002 195.331 -67.238 156.087 -86.936 
14.607 -81.004 23.525 -38.009 61.66 -59.776 52.742 -102.771 
-36.414 -76.927 -21.009 -35.809 22.858 -37.753 7.453 -78.872 
-63.384 -23.8 -39.45 13.013 2.957 1.626 -20.977 -35.187 
-53.89 70.202 -55.454 114.084 -13.236 102.011 -11.673 58.129 
-87.284 163.418 -67.579 202.658 -36.349 171.792 -56.053 132.552 
-133.543 263.436 -121.064 305.536 -77.169 306.677 -89.648 264.578 
-141.7 352.148 -98.573 360.408 -77.391 321.944 -120.517 313.685 
-91.365 363.571 -76.725 404.969 -41.878 378.253 -56.517 336.855 
3.675 375.883 5.32 419.762 47.56 431.757 45.915 387.877 
59.964 439.607 83.76 476.511 126.21 465.284 102.415 428.381 
158.659 538.12 202.097 544.545 221.631 505.219 178.193 498.794 
206.017 546.26 233.21 580.737 257.596 544.222 230.404 509.745 
249.85 493.172 267.376 533.432 311.082 529.205 293.556 488.945 
305.099 447.167 347.204 459.626 372.064 423.431 329.958 410.972 
384.944 371.346 383.148 415.22 425.429 403.37 427.225 359.497 
473.767 321.956 504.135 353.671 524.915 314.989 494.547 283.274 
501.201 276.859 528.179 311.505 569.465 296.555 542.488 261.909 
501.703 211.292 492.196 254.161 535.904 249.955 545.411 207.087 
440.075 153.088 466.294 188.311 491.691 152.49 465.472 117.267 
423.406 43.533 420.772 87.364 461.644 103.414 464.278 59.583 
372.78 -46.348 403.318 -14.796 442.762 -34.089 412.224 -65.641 
368.175 -92.691 371.619 -48.916 412.187 -65.718 408.743 -109.493 
325.154 -117.581 311.103 -75.98 346.327 -49.761 360.377 -91.363 
211.033 -71.233 235.928 -35.063 278.021 -47.563 253.126 -83.734 
203.324 -135.632 199.73 -91.787 242.46 -101.899 246.047 -145.662 
162.803 -152.486 159.216 -108.723 199.729 -91.788 203.323 -135.632 
-118.804 60.64 -120.986 104.496 -79.951 120.123 -77.769 76.267 
-148.53 138.694 -107.495 154.322 -79.952 120.124 -120.987 104.497 
-22.662 474.302 18.598 489.324 45.635 454.725 4.375 439.703 
18.598 489.324 43.149 525.73 70.186 491.131 45.635 454.725 
365.245 466.808 389.681 503.291 416.827 468.777 392.39 432.294 
392.391 432.294 416.827 468.777 459.075 456.811 434.639 420.328 
481.021 100.178 504.581 137.232 547.102 126.275 523.542 89.221 
483.741 56.35 481.021 100.176 523.542 89.22 526.262 45.394 
270.383 -152.871 270.155 -108.962 295.779 -73.304 296.007 -117.214 
162.804 -152.486 203.324 -135.632 246.047 -145.662 205.534 -162.598 
95.471 -113.999 83.751 -71.682 118.106 -99.029 129.826 -141.346 
-119.556 47.24 -75.854 51.507 -37.99 29.272 -81.692 25.005 
-146.348 94.838 -148.53 138.693 -120.986 104.496 -118.804 60.64 
-147.292 172.878 -132.85 214.346 -96.793 239.405 -111.234 197.938 
-50.097 421.386 -51.223 465.282 -24.512 430.431 -23.387 386.535 
-22.662 474.302 1.888 510.707 43.149 525.729 18.598 489.324 
73.743 534.897 116.984 527.256 147.475 495.658 104.235 503.299 
306.349 475.716 330.816 512.177 372.042 527.293 347.575 490.832 
389.681 503.291 431.929 491.324 459.075 456.811 416.827 468.777 
460.428 349.46 455.5 393.092 477.159 431.289 482.088 387.656 
494.175 196.33 536.444 184.438 563.65 149.972 521.381 161.864 
526.262 45.395 523.542 89.221 547.102 126.275 549.822 82.449 
424.529 5.857 463.609 25.877 506.994 19.102 467.913 -0.918 
