153.254 240.224 142.451 282.784 186.267 279.907 197.07 237.347 
219.903 237.719 207.794 279.926 244.194 304.485 256.303 262.278 
227.193 213.92 263.811 238.153 298.173 210.816 261.555 186.582 
195.277 159.422 210.231 200.708 244.874 173.728 229.921 132.443 
131.802 173.693 145.489 215.416 189.399 215.292 175.712 173.569 
102.892 204.759 92.155 247.336 108.496 288.093 119.232 245.516 
156.818 312.477 195.46 333.331 238.98 327.488 200.337 306.635 
290.277 254.009 282.814 297.281 314.286 266.66 321.749 223.389 
253.59 112.255 268.401 153.591 304.682 178.327 289.87 136.991 
119.634 145.686 163.479 143.285 197.538 115.571 153.694 117.972 
21.169 100.873 52.157 131.983 91.32 112.124 60.332 81.015 
45.501 175.385 25.851 214.653 57.126 245.476 76.775 206.208 
-23.393 276.309 10.197 304.588 47.473 281.38 13.882 253.1 
27.538 320.505 35.621 363.664 74.171 342.64 66.087 299.48 
114.476 360.065 148.15 388.245 185.358 364.927 151.683 336.747 
179.883 408.495 192.815 450.457 228.727 425.191 215.795 383.228 
235.112 371.228 247.836 413.254 291.737 414.139 279.014 372.113 
304.549 309.476 317.712 351.366 353.485 325.902 340.32 284.011 
366.405 261.472 379.767 303.3 423.676 303.517 410.314 261.69 
373.498 200.208 361.33 242.399 405.216 240.933 417.383 198.743 
318.854 111.711 330.309 154.1 374.164 156.304 362.709 113.915 
321.171 42.551 308.644 84.636 352.54 83.545 365.068 41.46 
268.051 13.14 251.72 53.9 285.439 82.027 301.77 41.267 
164.244 47.197 145.736 87.016 189.326 92.312 207.833 52.493 
86.108 23.3 69.336 63.881 102.748 92.372 119.52 51.792 
12.334 35.113 -14.348 69.987 27.736 57.457 54.418 22.583 
-38.718 223.182 -42.047 266.966 -13.619 233.5 -10.291 189.717 
-33.349 310.219 -25.934 353.498 5.504 384.153 -1.912 340.874 
113.161 414.776 139.111 450.198 180.925 463.602 154.975 428.18 
223.374 468.773 267.253 470.435 303.728 445.989 259.85 444.326 
365.29 368.195 406.783 353.829 431.908 317.817 390.415 332.184 
459.6 195.086 441.81 235.231 451.016 278.166 468.805 238.02 
387.151 37.534 383.542 81.295 406.344 118.82 409.953 75.059 
282.305 -32.483 310.338 1.314 352.883 12.179 324.85 -21.618 
89.385 -13.458 127.434 8.458 171.099 3.825 133.05 -18.092 
39.817 -114.897 25.912 -73.247 61.227 -47.152 75.132 -88.802 
-49.44 -37.6 -57.836 5.5 -14.251 0.165 -5.856 -42.935 
-91.575 33.601 -80.058 75.974 -45.835 103.485 -57.352 61.112 
-130.068 117.427 -119.55 160.058 -75.755 163.229 -86.272 120.598 
-156.386 197.558 -114.319 210.146 -72.887 195.603 -114.954 183.015 
-124.547 252.848 -155.775 283.717 -116.767 303.878 -85.538 273.009 
-111.316 347.448 -110.531 391.351 -68.535 404.172 -69.319 360.269 
-49.948 443.954 -6.789 452.042 32.882 433.218 -10.277 425.129 
25.714 476.539 20.799 520.173 63.816 511.363 68.731 467.729 
98.986 468.035 83.44 509.101 95.001 551.462 110.547 510.396 
159.185 501.752 141.218 541.818 173.771 571.287 191.738 531.221 
253.501 512.136 231.393 550.075 274.307 559.377 296.415 521.438 
338.457 472.859 340.073 516.739 364.557 480.289 362.941 436.409 
403.395 420.493 397.137 463.954 436.537 483.337 442.796 439.875 
410.443 397.587 447.294 421.464 491.141 419.121 454.291 395.244 
461.122 350.599 494.931 378.618 532.026 355.123 498.218 327.104 
526.508 227.813 503.353 265.122 531.68 298.673 554.835 261.364 
471.201 135.028 496.336 171.033 537.833 185.388 512.699 149.383 
472.318 95.175 510.869 116.198 542.776 86.03 504.225 65.008 
463.09 39.612 453.244 82.404 486.362 53.572 496.208 10.78 
419.145 -29.561 424.253 14.051 464.152 -4.285 459.043 -47.897 
329.032 -88.986 354.978 -53.562 396.686 -67.291 370.74 -102.716 
225.534 -57.87 266.576 -73.479 290.604 -110.231 249.562 -94.622 
163.476 -115.591 177.216 -73.886 212.633 -99.842 198.894 -141.547 
109.266 -129.441 118.988 -86.62 152.022 -57.692 142.3 -100.513 
126.166 -166.514 153.111 -131.842 194.411 -146.754 167.467 -181.425 
-7.054 -196.54 -18.512 -154.151 25.343 -156.353 36.801 -198.742 
-105.586 -162.468 -99.908 -118.927 -56.743 -110.873 -62.421 -154.414 
-143.946 -103.031 -129.875 -61.437 -85.969 -61.966 -100.04 -103.561 
-142.416 39.288 -152.993 81.905 -109.193 78.795 -98.616 36.178 
-172.301 129.59 -173.78 173.475 -131.586 161.321 -130.106 117.436 
-239.631 270.885 -243.984 314.578 -203.774 332.221 -199.42 288.527 
-253.887 403.74 -213.49 420.95 -184.639 387.848 -225.036 370.638 
-181.467 431.642 -189.191 474.868 -145.695 468.856 -137.971 425.631 
-48.089 466.955 -57.291 509.889 -19.301 531.909 -10.099 488.974 
20.826 520.304 35.014 561.859 78.919 561.207 64.731 519.652 
132.296 647.409 173.611 662.279 200.521 627.58 159.205 612.71 
228.141 661.715 251.483 698.906 279.641 665.214 256.299 628.022 
298.053 596.312 298.48 640.219 340.371 653.381 339.944 609.473 
363.312 524.181 402.93 543.117 433.181 511.29 393.563 492.354 
453.192 441.209 442.445 483.784 486.257 480.848 497.003 438.274 
566.237 382.65 591.167 418.797 617.842 383.918 592.912 347.771 
608.822 293.962 633.258 330.445 675.506 318.479 651.071 281.996 
622.161 213.512 597.137 249.593 639.186 262.243 664.21 226.161 
532.023 128.603 552.791 167.292 583.169 135.586 562.401 96.897 
525.092 10.619 510.882 52.166 546.004 78.519 560.215 36.972 
468.732 -108.834 494.745 -73.459 536.428 -87.268 510.414 -122.643 
423.183 -179.553 426.765 -135.789 467.28 -152.72 463.698 -196.483 
390.905 -215.887 359.459 -185.24 378.889 -145.863 410.335 -176.51 
226.878 -166.34 239.233 -124.204 283.125 -122.934 270.77 -165.07 
222.74 -240.875 210.847 -198.521 254.721 -200.294 266.592 -242.569 
186.906 -267.557 172.479 -226.085 207.463 -199.548 221.917 -241.097 
-207.613 20.591 -214.889 63.893 -175.954 84.195 -168.678 40.892 
-247.468 93.98 -209.245 115.592 -176.878 85.919 -215.101 64.306 
-83.36 562.627 -40.169 570.536 -19.299 531.902 -62.491 523.993 
-35.538 572.697 -16.038 612.04 15.353 581.338 -4.146 541.995 
421.406 553.592 448.381 588.239 472.997 551.877 446.021 517.23 
454.618 511.297 475.075 550.151 518.349 542.702 497.892 503.848 
580.951 77.181 602.099 115.664 645.233 107.443 624.085 68.961 
587.294 32.398 580.702 75.81 624.026 68.664 630.618 25.252 
311.41 -255.364 299.218 -213.18 314.147 -171.887 326.34 -214.07 
186.894 -267.54 222.71 -242.181 266.593 -242.56 230.801 -267.998 
97.294 -227.765 79.302 -187.71 117.402 -209.54 135.393 -249.595 
-206.598 -37.429 -174.152 -7.842 -130.512 -2.978 -162.958 -32.564 
-239.453 50.815 -247.46 93.989 -215.605 63.767 -207.598 20.593 
-236.92 149.683 -241.849 193.316 -220.19 231.513 -215.261 187.88 
-126.915 508.546 -140.17 550.407 -104.841 524.331 -91.587 482.469 
-83.366 562.665 -57.679 598.277 -15.965 611.989 -41.653 576.376 
27.377 623.57 70.809 630.032 109.745 609.732 66.313 603.27 
367.446 568.982 383.851 609.712 421.065 633.02 404.659 592.29 
448.365 588.229 490.757 576.781 518.324 542.603 475.932 554.05 
547.74 425.289 531.112 465.929 541.547 508.581 558.175 467.941 
596.759 177.34 640.511 173.621 673.722 144.896 629.97 148.614 
630.538 25.239 624.507 68.733 645.193 107.465 651.224 63.971 
530.016 -43.83 561.779 -13.511 605.296 -7.652 573.533 -37.971 
