159.885 222.691 156.23 266.449 198.975 256.403 202.63 212.645 
212.121 212.352 208.715 256.13 249.298 272.897 252.704 229.12 
214.336 204.563 255.28 220.428 283.02 186.391 242.076 170.526 
184.105 163.034 207.713 200.058 235.629 166.164 212.022 129.14 
135.127 177.289 157.452 215.101 200.311 205.553 177.986 167.742 
124.436 186.153 121.416 229.959 144.722 267.174 147.742 223.368 
163.168 281.816 204.299 297.19 246.611 285.453 205.48 270.078 
266.995 227.27 265.403 271.151 292.483 236.586 294.075 192.705 
221.883 120.741 245.11 158.005 285.804 174.499 262.578 137.235 
131.576 168.184 174.007 156.883 201.691 122.8 159.26 134.101 
68.371 135.585 107.39 155.724 138.602 124.838 99.582 104.699 
65.804 169.815 59.607 213.286 99.035 232.613 105.232 189.142 
25.842 254.984 65.427 273.985 95.731 242.208 56.145 223.207 
73.332 279.975 92.917 319.276 124.242 288.505 104.657 249.204 
131.238 331.853 171.455 349.48 200.647 316.678 160.43 299.051 
179.785 355.315 201.55 393.451 231.093 360.967 209.329 322.83 
216.815 317.708 237.737 356.313 280.918 348.344 259.996 309.739 
280.56 278.844 303.405 316.343 332.01 283.028 309.164 245.529 
317.201 239.619 339.02 277.725 382.003 268.749 360.184 230.644 
319.885 187.848 314.731 231.454 357.796 222.881 362.95 179.274 
277.674 122.32 300.069 160.089 342.91 150.46 320.515 112.691 
279.157 70.657 275.072 114.376 317.914 104.75 321.999 61.031 
230.514 52.39 225.418 96.004 265.323 114.327 270.418 70.714 
154.211 72.542 150.495 116.295 193.254 106.309 196.97 62.556 
108.372 53.397 102.465 96.908 142.021 115.971 147.928 72.461 
64.131 81.664 53.729 124.324 87.22 95.926 97.623 53.266 
19.477 206.959 19.083 250.867 45.21 215.577 45.605 171.669 
21.751 269.477 42.027 308.425 81.325 328.016 61.048 289.068 
127.563 350.736 154.23 385.622 196.309 398.17 169.642 363.285 
212.024 400.518 255.071 391.853 284.802 359.54 241.755 368.205 
317.867 324.598 359.26 309.944 384.135 273.76 342.742 288.413 
376.697 178.924 370.931 222.453 391.852 261.059 397.618 217.529 
328.033 60.498 328.866 104.4 355.344 139.428 354.511 95.526 
236.469 32.458 274.367 54.636 318.063 50.303 280.165 28.124 
109.747 48.982 150.927 64.223 193.201 52.348 152.02 37.107 
77.98 -28.843 91.325 12.991 135.235 13.227 121.89 -28.607 
20.594 34.496 43.588 71.903 72.059 38.475 49.065 1.067 
4.721 51.474 2.215 95.313 25.955 132.252 28.46 88.413 
-56.445 125.896 -32.302 162.573 10.041 150.944 -14.102 114.268 
-49.195 214.345 -7.886 199.456 16.782 163.13 -24.527 178.019 
-47.242 218.929 -55.37 262.08 -11.819 256.476 -3.69 213.325 
-39.128 290.863 -20.715 330.726 22.887 325.531 4.474 285.669 
2.057 364.186 43.66 378.23 85.573 365.138 43.97 351.094 
52.685 394.232 52.513 438.142 94.327 424.737 94.499 380.827 
111.099 377.376 111.563 421.283 137.747 456.533 137.283 412.625 
153.931 409.664 153.151 453.567 194.664 467.876 195.444 423.973 
221.72 420.415 214.199 463.677 257.667 457.461 265.188 414.2 
296.343 401.905 295.665 445.809 322.019 410.688 322.697 366.783 
337.804 364.23 337.455 408.139 379.107 422.039 379.456 378.131 
339.577 349.198 381.644 361.785 423.076 347.242 381.009 334.655 
382.929 317.652 424.765 330.988 450.376 295.321 408.54 281.985 
421.74 215.183 413.766 258.363 452.368 279.29 460.343 236.111 
396.25 144.995 420.525 181.585 461.671 196.918 437.396 160.328 
398.599 131.591 440.153 145.782 466.49 110.647 424.936 96.456 
383.201 82.324 385.987 126.145 409.491 89.055 406.705 45.234 
345.651 37.972 369.543 74.812 397.198 40.704 373.305 3.864 
285.685 3.633 323.973 25.13 356.249 -4.642 317.961 -26.138 
215.319 5.606 257.669 -5.995 285.112 -40.272 242.762 -28.672 
177.908 -34.067 204.999 0.49 229.493 -35.954 202.403 -70.511 
122.475 -29.068 149.363 5.647 191.521 17.927 164.632 -16.788 
125.038 -64.358 163.84 -43.802 195.38 -74.352 156.579 -94.908 
11.624 -89.712 20.303 -46.668 58.558 -68.223 49.879 -111.267 
-43.502 -81.632 -26.108 -41.314 17.612 -45.398 0.218 -85.716 
-69.275 -32.679 -49.297 6.423 -5.936 -0.494 -25.913 -39.596 
-60.71 67.588 -63.248 111.424 -20.773 100.292 -18.234 56.455 
-94.803 161.193 -76.004 200.876 -44.073 170.735 -62.871 131.052 
-143.108 263.758 -130.354 305.775 -86.452 306.629 -99.206 264.612 
-148.953 358.814 -105.728 366.539 -85.023 327.817 -128.248 320.091 
-98.208 369.7 -84.87 411.535 -49.205 385.921 -62.542 344.086 
0.022 383.103 1.277 426.995 43.409 439.364 42.154 395.472 
56.408 446.879 79.92 483.964 122.455 473.064 98.944 435.978 
156.639 547.036 200.158 552.885 219.169 513.303 175.65 507.455 
209.257 556.081 236.843 590.243 260.809 553.45 233.223 519.288 
254.347 501.245 270.838 541.94 314.638 538.83 298.147 498.135 
310.45 453.046 352.493 465.715 377.533 429.645 335.49 416.976 
390.928 377.152 388.891 421.015 431.236 409.398 433.273 365.535 
481.312 326.481 511.985 357.903 532.391 319.022 501.718 287.6 
510.871 277.685 538.177 312.073 579.319 296.73 552.014 262.343 
511.623 210.197 500.96 252.792 544.766 249.771 555.43 207.175 
447.326 150.154 473.37 185.506 498.945 149.812 472.9 114.46 
430.96 39.848 427.961 83.656 468.698 100.045 471.697 56.237 
378.115 -53.606 408.709 -22.108 448.119 -41.471 417.525 -72.969 
372.892 -99.928 376.9 -56.201 417.248 -73.525 413.24 -117.252 
330.631 -126.13 314.741 -85.196 348.761 -57.434 364.651 -98.368 
211.884 -79.024 236.168 -42.44 278.465 -54.231 254.182 -90.815 
204.075 -144.053 200.165 -100.235 242.967 -110.039 246.869 -153.775 
163.677 -161.199 159.775 -117.462 200.164 -100.236 204.074 -144.054 
-127.213 58.494 -129.194 102.359 -88.087 117.798 -86.106 73.933 
-156.581 136.682 -115.475 152.122 -88.089 117.799 -129.195 102.359 
-26.6 482.369 14.723 497.215 41.613 462.501 0.289 447.655 
14.723 497.215 39.429 533.515 66.319 498.802 41.613 462.501 
371.303 473.111 395.763 509.577 422.886 475.045 398.426 438.579 
398.426 438.579 422.886 475.045 465.126 463.051 440.666 426.585 
488.853 96.66 512.342 133.76 554.884 122.886 531.396 85.786 
491.66 52.836 488.853 96.656 531.396 85.785 534.203 41.964 
272.41 -161.549 271.821 -117.643 297.151 -81.776 297.74 -125.682 
163.677 -161.198 204.075 -144.053 246.869 -153.775 206.479 -171.002 
94.645 -123.079 81.782 -81.096 116.866 -107.5 129.73 -149.484 
-128.212 44.184 -84.497 48.321 -46.699 25.973 -90.414 21.836 
-154.599 92.817 -156.581 136.682 -129.194 102.359 -127.213 58.494 
-155.024 171.201 -141.897 213.103 -106.648 239.287 -119.775 197.385 
-55.352 429.398 -56.706 473.287 -29.814 438.576 -28.459 394.687 
-26.6 482.369 -1.895 518.669 39.429 533.515 14.723 497.215 
70.211 542.539 113.595 535.761 144.71 504.778 101.326 511.555 
312.156 483.063 336.417 519.662 377.557 535.011 353.296 498.412 
395.763 509.577 438.003 497.582 465.126 463.051 422.886 475.045 
468.18 354.858 462.408 398.387 483.324 436.995 489.097 393.466 
502.848 193.548 545.177 181.873 572.559 147.546 530.23 159.222 
534.201 41.965 531.396 85.785 554.884 122.886 557.689 79.065 
431.898 -0.667 470.373 20.493 513.938 14.997 475.463 -6.163 
