160.393 221.064 159.449 264.964 201.492 252.295 202.436 208.395 
208.421 208.037 208.029 251.945 249.667 265.886 250.059 221.978 
209.851 202.324 251.631 215.835 277.391 180.276 235.612 166.764 
178.833 163.53 204.63 199.063 230.452 163.548 204.655 128.015 
133.181 179.002 158.139 215.13 200.211 202.557 175.253 166.43 
125.125 186.181 124.69 230.089 150.147 265.867 150.582 221.959 
164.065 275.256 205.72 289.148 247.584 275.903 205.93 262.011 
260.415 220.77 260.282 264.68 286.198 229.235 286.332 185.325 
212.036 121.322 237.65 156.987 279.336 170.785 253.722 135.12 
130.699 172.784 172.603 159.665 198.794 124.42 156.889 137.54 
82.467 152.678 123.564 168.14 150.97 133.832 109.872 118.37 
79.841 172.166 79.245 216.072 120.818 230.207 121.413 186.301 
51.683 252.684 92.979 267.604 119.932 232.939 78.635 218.018 
93.187 267.765 117.388 304.404 144.755 270.066 120.555 233.427 
137.031 313.29 178.639 327.32 204.841 292.084 163.233 278.054 
179.945 328.252 204.735 364.495 231.543 329.718 206.753 293.476 
207.211 293.165 231.683 329.623 273.919 317.613 249.447 281.155 
262.554 266.236 288.128 301.93 314.172 266.577 288.597 230.883 
290.104 229.791 315.073 265.912 357.141 253.327 332.173 217.207 
291.418 185.205 289.897 229.089 332.103 216.975 333.625 173.091 
256.443 133.016 281.936 168.767 323.816 155.568 298.322 119.817 
256.89 87.318 255.86 131.216 297.928 118.63 298.957 74.732 
214.779 72.507 213.48 116.397 254.821 131.197 256.12 87.306 
155.442 88.734 155.022 132.642 196.911 119.474 197.331 75.566 
111.8 73.666 110.166 117.545 151.394 132.658 153.027 88.779 
83.512 107.4 80.608 151.214 108.711 117.474 111.615 73.66 
50.189 208.504 51.27 252.401 76.196 216.252 75.115 172.355 
51.684 252.687 75.977 289.264 117.131 304.577 92.837 267.999 
135.954 317.015 162.542 351.96 204.593 364.603 178.004 329.658 
204.861 364.588 247.022 352.32 273.92 317.612 231.758 329.881 
290.216 303.379 331.811 289.308 357.191 253.475 315.596 267.546 
333.868 173.098 332.49 216.986 357.172 253.303 358.55 209.414 
298.973 74.733 299.82 118.635 326.309 153.654 325.462 109.752 
215.549 70.333 256.537 86.083 298.955 74.733 257.967 58.983 
112.154 72.457 154.127 85.355 195.665 71.119 153.692 58.221 
84.884 31.43 110.197 67.31 152.143 54.323 126.83 18.443 
54.966 67.601 79.093 104.288 106.529 70.005 82.402 33.317 
51.201 70.378 47.841 114.159 70.856 151.553 74.216 107.772 
-4.396 137.507 21.889 172.68 63.464 158.55 37.179 123.377 
3.063 220.263 44.298 205.172 68.787 168.725 27.552 183.816 
4.059 222.747 4.412 266.656 46.062 252.752 45.71 208.844 
4.588 267.168 28.173 304.206 70.686 293.22 47.102 256.182 
31.368 312.762 72.793 327.324 114.866 314.757 73.441 300.194 
78.468 339.319 79.242 383.222 120.758 368.919 119.984 325.016 
128.708 323.968 129.555 367.87 156.046 402.889 155.198 358.987 
161.123 358.394 162.523 402.282 204.695 414.513 203.295 370.625 
207.105 370.618 205.257 414.489 247.552 402.689 249.4 358.818 
257.163 358.197 256.747 402.105 282.891 366.827 283.307 322.919 
293.983 321.417 294.713 365.321 336.694 378.193 335.964 334.289 
295.568 314.102 337.533 327.027 379.08 312.816 337.115 299.892 
338.47 293.196 380.7 305.223 405.19 268.776 362.959 256.749 
366.177 209.098 364.187 252.962 405.29 268.41 407.28 224.545 
342.955 164.551 368.185 200.489 409.72 214.734 384.49 178.796 
344.773 155.306 386.699 168.358 412.068 132.518 370.143 119.466 
337.273 107.805 338.453 151.699 363.299 115.495 362.12 71.601 
304.237 69.868 331.311 104.437 355.822 68.005 328.747 33.435 
260.082 51.686 301.044 67.505 328.746 33.436 287.784 17.617 
210.598 59.225 252.795 47.081 279.794 12.452 237.597 24.597 
177.346 21.236 204.453 55.78 228.929 19.325 201.822 -15.219 
126.829 18.444 154.792 52.299 197.314 63.253 169.351 29.398 
129.561 1.576 170.714 16.891 197.996 -17.515 156.843 -32.83 
59.532 -31.95 65.516 11.551 105.038 -7.583 99.054 -51.084 
16.939 -42.612 19.961 1.194 62.557 11.857 59.535 -31.949 
-13.148 30.036 24.513 52.613 57.623 23.771 19.961 1.194 
-8.606 88.257 -6.811 132.13 34.36 116.866 32.566 72.992 
-36.336 175.724 -12.168 212.385 15.23 178.071 -8.937 141.411 
-69.797 228.288 -63.213 271.702 -19.89 278.856 -26.474 235.442 
-88.75 307.421 -46.887 320.67 -21.349 284.95 -63.212 271.701 
-42.832 323.246 -20.76 361.205 8.52 328.483 -13.551 290.524 
28.888 327.878 30.317 371.764 72.498 383.966 71.068 340.08 
80.746 387.006 105.865 423.022 147.881 410.262 122.761 374.246 
141.373 468.714 184.143 478.651 206.811 441.045 164.04 431.107 
186.467 479.955 212.465 515.342 238.085 479.682 212.088 444.295 
220.61 437.363 243.839 474.625 286.456 464.047 263.227 426.785 
268.192 408.201 310.244 420.841 335.259 384.753 293.207 372.114 
340.669 334.098 340.092 378.004 382.028 364.985 382.605 321.079 
406.943 312.653 435.07 346.373 458.448 309.203 430.321 275.483 
435.23 271.286 461.223 306.675 502.913 292.891 476.92 257.501 
434.469 217.451 431.379 261.252 473.991 250.655 477.082 206.854 
392.015 171.582 418.42 206.666 443.627 170.711 417.222 135.628 
372.204 70.59 371.523 114.495 413.068 128.71 413.749 84.805 
342.741 10.375 371.47 43.582 411.93 26.521 383.201 -6.686 
341.116 -37.106 341.379 6.804 383.058 -7.016 382.794 -50.925 
295.765 -55.187 290.519 -11.591 330.359 6.87 335.606 -36.725 
206.768 -19.57 233.217 15.48 274.725 1.156 248.276 -33.894 
202.463 -76.379 200.754 -32.421 243.011 -44.358 244.716 -88.235 
161.256 -91.478 159.551 -47.601 200.753 -32.42 202.462 -76.379 
-61.476 75.135 -63.205 119.011 -22.011 134.214 -20.282 90.338 
-90.394 153.491 -49.2 168.695 -22.011 134.215 -63.205 119.012 
2.014 418.054 43.465 432.539 70.05 397.591 28.598 383.107 
43.469 432.539 68.483 468.628 95.076 433.687 70.062 397.598 
320.063 425.948 345.213 461.942 371.673 426.9 346.523 390.906 
346.561 390.877 371.681 426.892 413.696 414.13 388.576 378.115 
426.795 126.739 451.55 163.007 493.692 150.672 468.937 114.404 
428.087 82.844 426.792 126.735 468.935 114.404 470.23 70.513 
261.474 -91.269 260.77 -47.365 286.006 -11.431 286.71 -55.336 
161.257 -91.478 202.463 -76.379 244.716 -88.235 203.513 -103.415 
110.045 -51.828 107.49 -7.993 135.324 -41.955 137.879 -85.79 
-60.002 62.619 -17.581 73.958 23.403 58.197 -19.018 46.858 
-88.665 109.615 -90.394 153.491 -63.205 119.011 -61.476 75.135 
-92.299 177.096 -67.324 213.212 -25.891 227.75 -50.866 191.634 
-13.494 366.474 -14.3 410.377 12.156 375.332 12.962 331.43 
2.014 418.054 27.032 454.14 68.483 468.628 43.464 432.543 
91.619 477.461 133.444 464.089 159.421 428.687 117.597 442.059 
266.47 424.297 291.538 460.348 333.009 474.779 307.941 438.728 
345.213 461.942 387.222 449.161 413.696 414.13 371.687 426.91 
403.435 315.924 403.251 359.834 428.913 395.465 429.096 351.555 
433.007 213.318 475.083 200.761 501.742 165.87 459.666 178.427 
470.23 70.513 468.938 114.404 493.691 150.672 494.983 106.781 
373.96 48.57 415.447 62.956 457.466 50.21 415.979 35.824 
