146.263 240.861 130.471 281.833 174.318 284.192 190.11 243.22 
222.076 244.318 204.688 284.639 237.662 313.635 255.05 273.315 
231.679 213.179 265.842 240.765 302.634 216.799 268.472 189.213 
198.051 153.517 209.619 195.876 246.33 171.785 234.763 129.426 
129.434 166.355 137.919 209.438 181.515 214.682 173.03 171.599 
94.535 202.663 79.743 244.007 92.078 286.149 106.87 244.805 
150.231 320.905 186.723 345.328 230.6 343.636 194.108 319.214 
299.316 260.583 287.516 302.878 321.922 275.596 333.722 233.302 
265.44 102.215 275.868 144.868 309.376 173.246 298.948 130.593 
113.281 128.162 157.007 132.181 194.744 109.732 151.018 105.713 
5.507 88.289 30.665 124.277 72.667 111.472 47.509 75.483 
37.693 167.621 11.679 202.995 37.283 238.668 63.297 203.293 
-37.014 285.464 -2.787 312.969 33.95 288.916 -0.278 261.411 
16.256 329.104 19.638 372.884 60.23 356.14 56.849 312.36 
103.114 365.578 133.182 397.578 172.908 378.871 142.84 346.87 
182.843 421.642 193.217 464.31 230.59 441.259 220.217 398.592 
243.593 385.58 252.246 428.629 295.862 433.701 287.209 390.652 
310.976 318.12 319.729 361.148 357.947 339.527 349.194 296.498 
381.864 261.814 392.379 304.447 436.174 307.622 425.66 264.989 
393.724 198.253 377.266 238.962 421.068 242.035 437.527 201.326 
332.635 105.071 339.035 148.511 382.328 155.848 375.928 112.407 
329.644 25.835 313.957 66.847 357.809 69.093 373.497 28.081 
276.074 -9.476 253.073 27.928 281.538 61.362 304.539 23.959 
170.569 28.704 143.843 63.544 185.236 78.195 211.962 43.356 
74.946 9.212 58.021 49.73 91.326 78.347 108.25 37.829 
-8.295 20.58 -38.411 52.535 4.736 44.385 34.852 12.43 
-60.604 231.071 -64.263 274.828 -35.584 241.578 -31.925 197.821 
-46.554 316.495 -42.328 360.201 -13.219 393.076 -17.446 349.37 
110.616 435.246 138.243 469.376 180.655 480.75 153.028 446.62 
225.269 484.844 268.848 490.222 307.265 468.957 263.685 463.579 
381.891 376.335 423.144 361.292 447.676 324.875 406.423 339.917 
482.996 200.066 461.302 238.243 466.191 281.88 487.885 243.704 
401.216 21.623 396.783 65.308 418.874 103.256 423.307 59.571 
293.867 -57.955 318.312 -21.479 359.528 -6.336 335.084 -42.813 
77.112 -35.156 113.863 -11.125 157.72 -13.284 120.969 -37.316 
20.631 -133.942 11.016 -91.098 48.793 -68.714 58.407 -111.558 
-63.843 -56.665 -74.122 -13.976 -30.345 -17.392 -20.066 -60.083 
-110.667 10.366 -106.055 54.033 -76.657 86.649 -81.269 42.982 
-142.449 110.906 -141.513 154.806 -99.472 167.481 -100.408 123.581 
-181.162 189.875 -145.627 215.67 -101.718 215.65 -137.253 189.856 
-144.395 259.563 -178.29 287.477 -141.268 311.087 -107.373 283.173 
-124.694 351.749 -130.295 395.3 -90.605 414.084 -85.005 370.533 
-70.35 453.043 -26.984 459.935 12.151 440.02 -31.215 433.129 
12.249 483.93 1.326 526.46 45.15 523.706 56.073 481.176 
96.83 483.974 73.789 521.353 77.119 565.137 100.16 527.758 
161.233 520.131 134.578 555.025 159.526 591.159 186.182 556.265 
255.993 532.208 228.831 566.709 270.037 581.88 297.199 547.379 
339.32 498.966 340.875 542.849 365.409 506.433 363.854 462.55 
415.218 435.642 404.839 478.308 442.21 501.363 452.588 458.697 
426.478 405.076 459.111 434.456 502.781 439.044 470.148 409.664 
481.188 353.248 508.245 387.832 549.497 372.786 522.44 338.203 
553.178 232.458 525.423 266.484 549.207 303.395 576.962 269.369 
493.769 138.677 518.851 174.718 560.328 189.134 535.245 153.092 
489.265 81.836 524.809 107.619 560.314 81.782 524.77 56.0 
483.895 23.005 467.037 63.55 504.507 40.658 521.365 0.113 
435.619 -54.468 430.802 -10.824 473.799 -19.729 478.616 -63.374 
340.784 -116.727 361.405 -77.96 404.646 -85.592 384.026 -124.359 
233.537 -83.341 275.056 -97.632 300.245 -133.599 258.726 -119.307 
155.535 -137.923 159.656 -94.207 199.958 -111.635 195.838 -155.351 
99.999 -158.359 102.219 -114.504 129.791 -80.331 127.571 -124.185 
118.115 -191.951 143.865 -156.383 185.649 -169.881 159.9 -205.449 
-14.691 -222.285 -34.932 -183.319 8.382 -176.109 28.623 -215.076 
-122.445 -183.746 -112.616 -140.951 -68.877 -137.075 -78.707 -179.87 
-154.878 -126.808 -143.297 -84.452 -99.437 -82.378 -111.017 -124.734 
-183.928 27.066 -196.683 69.082 -152.781 68.229 -140.026 26.212 
-190.094 115.551 -199.427 158.457 -155.737 154.075 -146.402 111.169 
-259.797 260.251 -269.203 303.141 -231.318 325.341 -221.912 282.451 
-282.126 395.086 -243.642 416.23 -211.64 386.164 -250.124 365.02 
-204.177 429.435 -215.741 471.795 -171.881 469.702 -160.316 427.343 
-68.63 473.851 -79.469 516.402 -42.349 539.859 -31.511 497.308 
1.971 531.688 12.974 574.198 56.803 576.869 45.8 534.36 
115.167 664.501 154.72 683.571 185.079 651.847 145.526 632.777 
216.029 682.994 236.194 722.001 267.059 690.77 246.896 651.763 
295.103 617.932 289.709 661.509 329.487 680.105 334.882 636.528 
370.324 550.067 408.623 571.543 440.883 541.755 402.584 520.278 
464.897 461.245 449.932 502.526 493.817 504.003 508.782 462.722 
584.613 399.149 605.842 437.586 635.838 405.519 614.61 367.082 
630.022 306.772 652.325 344.596 695.19 335.073 672.887 297.248 
648.014 223.6 618.947 256.513 659.231 273.986 688.297 241.074 
559.314 125.681 577.294 165.741 609.838 136.263 591.859 96.202 
551.959 2.527 533.426 42.334 565.558 72.261 584.091 32.454 
490.016 -128.996 512.514 -91.286 555.329 -101.029 532.832 -138.739 
439.002 -200.362 441.268 -156.511 482.273 -172.217 480.007 -216.069 
406.173 -236.997 372.77 -208.495 389.554 -167.92 422.957 -196.421 
229.469 -202.0 239.573 -159.269 283.335 -155.673 273.232 -198.405 
234.29 -266.979 222.196 -224.682 266.078 -226.247 278.15 -268.465 
187.323 -300.275 166.28 -261.735 196.43 -229.813 217.513 -268.424 
-221.517 -1.218 -236.999 39.872 -202.704 67.294 -187.222 26.204 
-280.03 62.563 -250.309 94.886 -210.384 76.609 -240.104 44.286 
-108.893 564.753 -66.578 576.48 -42.349 539.859 -84.664 528.132 
-61.174 579.529 -47.4 621.223 -12.003 595.24 -25.776 553.546 
419.267 579.975 445.631 615.09 470.88 579.165 444.515 544.051 
461.52 533.751 475.172 575.485 519.082 575.397 505.43 533.664 
609.866 80.692 628.45 120.476 672.03 115.095 653.446 75.312 
624.147 27.655 608.758 68.781 652.626 70.708 668.015 29.583 
330.699 -277.731 310.481 -238.753 317.034 -195.335 337.253 -234.313 
194.767 -315.051 229.535 -288.274 273.398 -286.89 238.658 -313.745 
87.97 -251.953 72.336 -210.92 109.103 -234.926 124.737 -275.959 
-205.942 -76.561 -192.995 -34.603 -157.859 -8.268 -170.805 -50.226 
-264.437 19.905 -281.435 60.391 -243.886 37.628 -226.887 -2.858 
-261.781 137.271 -266.513 180.926 -244.682 219.024 -239.95 175.37 
-150.788 508.213 -169.61 547.885 -131.065 526.853 -112.244 487.181 
-108.89 564.745 -87.273 602.964 -47.319 621.178 -68.937 582.958 
4.832 635.795 47.447 646.378 88.145 629.89 45.529 619.308 
368.69 589.805 378.612 632.579 411.781 661.352 401.86 618.578 
445.633 615.092 488.814 607.124 519.065 575.296 475.884 583.265 
564.061 451.093 543.343 489.808 549.339 533.307 570.056 494.592 
618.458 179.319 662.282 182.074 699.356 158.544 655.532 155.789 
669.786 29.989 659.072 72.572 675.434 113.32 686.148 70.737 
556.747 -57.143 586.379 -24.738 629.399 -15.94 599.767 -48.344 
