154.531 238.4 144.693 281.194 188.432 277.327 198.27 234.533 
219.209 234.832 208.13 277.321 245.116 300.988 256.195 258.499 
225.867 213.791 263.058 237.135 296.752 208.978 259.561 185.634 
194.292 161.015 210.397 201.865 244.27 173.925 228.166 133.075 
132.81 175.216 147.796 216.49 191.681 214.992 176.695 173.718 
106.227 202.346 96.665 245.202 114.12 285.494 123.682 242.638 
157.821 308.807 196.856 328.916 240.256 322.241 201.221 302.132 
286.953 251.78 280.321 295.186 311.2 263.968 317.832 220.562 
250.294 114.219 266.102 155.184 302.971 179.034 287.163 138.068 
122.112 150.284 165.84 146.283 198.865 117.344 155.137 121.345 
29.156 105.356 61.932 134.577 99.851 112.435 67.075 83.215 
46.377 175.64 28.564 215.774 61.229 245.118 79.042 204.984 
-19.401 270.445 14.823 297.954 51.562 273.905 17.338 246.396 
32.87 313.639 42.625 356.452 80.329 333.945 70.573 291.132 
116.819 358.37 151.423 385.401 187.824 360.843 153.22 333.813 
178.087 403.66 192.075 445.283 227.337 419.117 213.35 377.495 
232.041 365.376 245.804 407.073 289.714 406.867 275.95 365.17 
302.262 306.958 316.561 348.474 351.627 322.044 337.326 280.528 
361.1 260.85 375.425 302.357 419.328 301.56 405.003 260.052 
367.086 199.996 355.894 242.456 399.734 239.98 410.926 197.52 
314.724 113.436 327.485 155.451 371.387 156.298 358.626 114.283 
317.354 46.846 305.934 89.245 349.787 87.003 361.207 44.604 
264.489 19.237 250.011 60.692 284.963 87.272 299.441 45.817 
162.715 51.836 146.68 92.713 190.512 95.331 206.547 54.454 
90.549 27.144 74.952 68.191 109.17 95.709 124.767 54.662 
19.274 39.773 -6.797 75.106 35.063 61.845 61.134 26.512 
-31.018 218.373 -34.291 262.161 -5.906 228.66 -2.632 184.872 
-28.371 305.843 -19.51 348.849 12.938 378.434 4.076 335.427 
113.561 407.641 139.295 443.22 181.026 456.879 155.293 421.3 
222.27 462.733 266.177 463.211 301.98 437.79 258.072 437.312 
360.0 365.149 401.524 350.872 426.727 314.915 385.202 329.191 
451.715 193.51 435.12 234.164 445.59 276.807 462.185 236.154 
382.014 41.079 378.732 84.866 401.813 122.22 405.095 78.433 
277.777 -25.446 306.802 7.502 349.651 17.097 320.625 -15.851 
94.496 -5.969 132.859 15.395 176.452 10.129 138.089 -11.234 
45.652 -108.02 31.772 -66.361 67.102 -40.287 80.982 -81.945 
-45.391 -30.055 -50.455 13.562 -7.408 4.899 -2.344 -38.718 
-84.603 41.165 -72.807 83.461 -38.404 110.746 -50.2 68.45 
-125.439 118.778 -112.086 160.608 -68.176 160.833 -81.53 119.003 
-146.818 199.879 -103.679 208.072 -63.963 189.344 -107.102 181.151 
-118.601 249.37 -147.092 282.781 -106.512 299.553 -78.02 266.142 
-105.92 343.459 -102.259 387.216 -59.512 397.256 -63.173 353.499 
-42.444 437.713 0.574 446.521 40.553 428.361 -2.465 419.553 
29.078 470.745 25.051 514.47 67.881 504.788 71.907 461.063 
99.094 460.885 85.771 502.726 99.587 544.406 112.909 502.566 
157.613 494.026 142.306 535.182 176.718 562.457 192.024 521.301 
250.57 504.254 230.131 543.117 273.408 550.547 293.847 511.684 
336.358 465.106 337.675 508.996 362.407 472.714 361.09 428.824 
398.819 415.068 393.331 458.633 433.069 477.315 438.556 433.749 
404.727 394.666 442.696 416.721 486.378 412.247 448.409 390.191 
454.161 349.2 489.635 375.078 525.209 349.338 489.735 323.459 
516.758 226.757 495.254 265.041 525.019 297.323 546.523 259.039 
464.159 134.628 489.224 170.682 530.694 185.117 505.628 149.063 
465.707 98.254 504.856 118.141 535.867 87.053 496.718 67.167 
455.677 43.921 448.126 87.177 479.661 56.621 487.212 13.365 
413.058 -21.861 421.21 21.286 459.726 0.199 451.572 -42.948 
325.224 -79.02 353.262 -45.227 394.065 -61.45 366.027 -95.243 
223.855 -52.032 264.971 -67.448 289.172 -104.086 248.057 -88.671 
166.218 -107.403 182.982 -66.819 216.399 -95.304 199.635 -135.888 
111.431 -117.697 124.455 -75.763 159.64 -49.492 146.616 -91.427 
126.229 -156.201 155.014 -123.043 195.445 -140.173 166.66 -173.331 
-6.6 -186.423 -15.403 -143.405 28.23 -148.326 37.034 -191.344 
-102.488 -153.975 -96.071 -110.536 -52.775 -103.217 -59.193 -146.655 
-139.761 -95.455 -126.885 -53.475 -82.981 -52.749 -95.857 -94.729 
-130.335 42.957 -142.724 85.083 -98.831 83.848 -86.443 41.721 
-166.575 134.139 -164.676 178.009 -123.541 162.646 -125.439 118.778 
-231.665 272.706 -233.888 316.56 -192.868 332.226 -190.645 288.372 
-242.966 404.103 -201.918 419.696 -174.403 385.476 -215.451 369.882 
-173.152 429.367 -178.771 472.917 -135.617 464.802 -129.998 421.254 
-41.341 459.605 -49.198 502.806 -10.539 523.629 -2.682 480.428 
25.12 514.767 40.443 555.917 84.314 554.06 68.991 512.91 
136.178 639.387 177.98 652.827 203.68 617.223 161.877 603.783 
230.105 652.29 254.319 688.92 281.674 654.572 257.46 617.942 
296.784 587.716 299.204 631.559 341.65 642.805 339.23 598.962 
360.136 516.565 400.159 534.629 429.706 502.148 389.684 484.084 
448.685 434.771 439.244 477.654 482.946 473.381 492.387 430.498 
559.143 377.205 585.174 412.568 610.762 376.884 584.731 341.521 
600.845 290.221 625.908 326.276 667.943 313.581 642.88 277.526 
612.52 210.81 588.991 247.884 631.522 258.805 655.051 221.732 
523.914 129.305 545.446 167.574 575.188 135.27 553.656 97.001 
515.429 12.366 502.791 54.418 538.88 79.432 551.518 37.38 
460.322 -102.716 487.484 -68.215 528.69 -83.387 501.527 -117.888 
417.471 -172.875 421.601 -129.159 461.901 -146.597 457.77 -190.312 
384.558 -208.652 354.043 -177.078 374.642 -138.3 405.157 -169.874 
224.931 -157.426 238.634 -115.709 282.543 -115.851 268.841 -157.567 
218.999 -231.463 208.379 -188.772 252.181 -191.859 262.78 -234.47 
181.861 -255.127 170.739 -212.649 207.7 -188.944 218.844 -231.501 
-202.895 27.582 -208.315 71.156 -168.548 89.776 -163.128 46.202 
-238.682 103.04 -199.102 122.053 -168.788 90.285 -208.369 71.272 
-75.683 558.863 -32.593 567.308 -11.247 528.935 -54.337 520.491 
-29.087 569.056 -7.786 607.454 22.15 575.33 0.848 536.932 
420.197 545.016 446.993 579.801 471.795 543.567 444.998 508.781 
451.616 504.147 473.376 542.286 516.373 533.378 494.613 495.238 
571.786 77.029 593.663 115.102 636.632 106.062 614.756 67.989 
576.85 32.798 571.656 76.4 614.729 67.867 619.924 24.265 
304.594 -247.369 294.909 -204.54 312.247 -164.198 321.932 -207.027 
181.852 -255.113 218.982 -231.719 262.781 -234.462 225.672 -257.935 
97.262 -217.625 78.798 -177.785 117.153 -199.163 135.617 -239.003 
-204.369 -23.824 -168.053 0.859 -124.164 -0.517 -160.48 -25.201 
-233.039 59.502 -238.673 103.049 -208.519 71.13 -202.884 27.583 
-229.816 153.434 -233.051 197.225 -209.928 234.554 -206.693 190.763 
-118.638 505.295 -129.445 547.854 -95.687 519.775 -84.88 477.216 
-75.683 558.863 -49.585 594.175 -7.714 607.403 -33.814 572.091 
33.31 617.798 76.954 622.62 115.098 600.868 71.454 596.046 
365.092 561.058 383.085 601.112 421.185 622.94 403.192 582.886 
446.971 579.787 489.215 567.804 516.347 533.279 474.103 545.262 
541.511 417.217 526.29 458.405 538.186 500.673 553.407 459.485 
588.803 177.016 632.384 171.652 664.489 141.696 620.908 147.06 
619.852 24.255 614.932 67.889 636.598 106.081 641.519 62.448 
519.851 -40.377 552.557 -11.078 596.238 -6.6 563.532 -35.898 
