159.225 224.82 154.355 268.46 197.364 259.605 202.233 215.966 
211.909 216.053 206.674 259.649 246.519 278.101 251.754 234.504 
214.694 207.388 254.877 225.093 284.131 192.348 243.949 174.643 
185.528 164.407 207.702 202.306 236.894 169.506 214.72 131.606 
135.441 177.715 156.624 216.178 199.75 207.918 178.568 169.455 
123.264 187.628 119.116 231.342 141.454 269.145 145.602 225.432 
160.39 283.29 201.153 299.616 243.726 288.864 202.964 272.538 
266.92 232.742 264.323 276.575 292.188 242.64 294.785 198.807 
225.927 122.487 247.657 160.642 287.666 178.737 265.935 140.582 
131.62 167.438 174.366 157.394 203.045 124.143 160.299 134.187 
63.754 130.959 101.755 152.959 134.421 123.615 96.42 101.616 
61.437 170.351 52.67 213.376 90.881 235.01 99.648 191.985 
16.9 253.949 55.65 274.6 87.265 244.127 48.514 223.476 
67.768 283.471 85.816 323.5 118.309 293.966 100.261 253.936 
126.848 337.037 166.112 356.695 196.942 325.427 157.677 305.77 
177.083 364.589 197.678 403.37 228.196 371.799 207.601 333.018 
218.762 324.988 238.51 364.206 281.912 357.543 262.164 318.324 
284.372 285.847 305.671 324.246 335.608 292.123 314.308 253.724 
325.468 245.203 346.192 283.915 389.413 276.168 368.689 237.456 
327.878 190.042 321.685 233.513 364.942 225.97 371.136 182.499 
284.87 120.614 305.657 159.292 348.866 151.473 328.079 112.796 
286.517 66.664 281.419 110.277 324.472 101.648 329.571 58.035 
235.485 47.174 228.869 90.583 268.109 110.289 274.725 66.88 
154.179 68.298 148.692 111.864 191.821 103.62 197.309 60.054 
108.048 47.42 100.469 90.67 139.261 111.244 146.841 67.993 
55.922 73.277 42.118 114.96 77.787 89.351 91.592 47.668 
12.448 206.285 11.135 250.176 37.995 215.439 39.308 171.549 
11.783 276.495 30.097 316.403 68.371 337.925 50.056 298.016 
122.472 361.548 148.552 396.874 190.415 410.124 164.335 374.798 
214.862 413.634 258.183 406.462 289.014 375.196 245.693 382.368 
326.825 335.145 368.344 320.854 393.535 284.888 352.015 299.179 
392.155 181.055 384.568 224.304 403.852 263.754 411.439 220.504 
339.329 56.94 339.316 100.85 365.115 136.382 365.128 92.472 
242.871 19.484 279.282 44.027 323.165 42.48 286.754 17.937 
109.812 42.121 150.51 58.604 193.125 48.017 152.426 31.534 
73.272 -48.678 80.885 -5.432 124.366 0.692 116.753 -42.554 
6.317 21.627 26.491 60.628 57.349 29.389 37.174 -9.612 
-15.971 49.449 -15.105 93.35 11.399 128.358 10.533 84.457 
-72.928 124.561 -50.032 162.028 -7.322 151.829 -30.219 114.362 
-69.616 212.274 -27.597 199.526 -1.096 164.516 -43.115 177.263 
-64.959 222.594 -76.392 264.99 -32.538 262.762 -21.105 220.366 
-53.632 301.274 -37.115 341.959 6.683 338.823 -9.834 298.138 
-6.241 380.788 35.602 394.102 77.279 380.28 35.437 366.965 
46.894 411.978 45.8 455.874 87.886 443.35 88.98 399.454 
104.64 396.913 103.72 440.814 128.779 476.871 129.7 432.971 
150.825 429.116 147.904 472.928 188.669 489.245 191.59 445.433 
227.379 437.754 217.858 480.619 261.567 476.428 271.088 433.563 
307.356 415.091 306.881 458.998 333.073 423.755 333.547 379.848 
352.725 376.105 351.334 419.993 392.644 434.878 394.035 390.99 
354.771 362.615 396.633 375.87 438.29 361.987 396.428 348.732 
398.853 328.475 440.046 343.681 467.237 309.203 426.044 293.997 
441.104 217.108 430.968 259.832 468.469 282.674 478.605 239.95 
411.488 140.046 435.837 176.587 477.014 191.838 452.665 155.296 
414.068 122.84 455.342 137.826 482.348 103.203 441.074 88.217 
399.199 73.346 401.414 117.2 425.399 80.419 423.184 36.565 
361.098 25.586 382.696 63.817 412.382 31.462 390.784 -6.769 
292.611 -12.952 329.965 10.131 363.46 -18.261 326.106 -41.344 
216.715 -8.931 258.809 -21.43 285.516 -56.284 243.422 -43.785 
176.961 -50.288 203.402 -15.231 228.572 -51.21 202.133 -86.267 
121.166 -46.012 145.987 -9.789 187.358 4.926 162.537 -31.296 
124.812 -84.453 162.251 -61.51 195.641 -90.027 158.202 -112.97 
7.337 -111.1 14.373 -67.758 53.42 -87.843 46.383 -131.186 
-58.934 -94.222 -39.965 -54.62 3.56 -60.423 -15.409 -100.025 
-82.295 -51.544 -72.211 -8.808 -28.45 -5.193 -38.535 -47.929 
-76.662 62.284 -81.643 105.91 -38.612 97.166 -33.631 53.539 
-111.868 156.43 -95.536 197.19 -61.818 169.062 -78.149 128.302 
-164.022 266.047 -152.662 308.462 -108.813 310.765 -120.172 268.35 
-167.004 372.597 -123.824 380.574 -102.894 341.973 -146.074 333.996 
-113.869 384.488 -103.78 427.224 -66.254 404.422 -76.343 361.687 
-7.903 400.058 -7.894 443.968 33.87 457.529 33.861 413.619 
48.778 463.317 71.311 501.005 114.118 491.221 91.585 453.533 
149.437 567.792 192.989 573.385 211.767 533.693 168.215 528.1 
218.077 577.146 246.015 611.022 269.599 573.983 241.662 540.107 
265.648 520.147 279.907 561.677 323.811 560.949 309.552 519.419 
323.252 466.553 365.069 479.948 390.73 444.318 348.913 430.922 
404.783 390.365 401.939 434.182 444.491 423.346 447.335 379.528 
497.334 341.176 528.399 372.209 548.314 333.075 517.249 302.042 
532.365 277.234 560.193 311.2 601.096 295.231 573.268 261.264 
534.656 207.016 521.585 248.936 565.492 248.413 578.563 206.493 
464.177 143.176 489.676 178.924 515.795 143.627 490.297 107.879 
448.657 31.244 444.495 74.956 484.782 92.422 488.944 48.71 
393.257 -65.829 424.465 -34.94 463.486 -55.075 432.278 -85.964 
383.903 -115.987 389.418 -72.425 429.144 -91.132 423.628 -134.694 
344.075 -145.217 323.702 -106.319 354.4 -74.923 374.773 -113.821 
214.195 -96.866 236.657 -59.136 279.481 -68.841 257.019 -106.571 
206.434 -163.37 201.602 -119.645 244.601 -128.544 249.424 -172.189 
166.407 -181.364 161.584 -137.719 201.601 -119.645 206.434 -163.371 
-146.578 53.921 -148.094 97.805 -106.827 112.808 -105.31 68.924 
-175.117 132.416 -133.85 147.42 -106.827 112.81 -148.094 97.805 
-35.568 501.34 5.958 515.609 32.362 480.524 -9.165 466.255 
5.974 515.62 31.12 551.617 57.585 516.579 32.44 480.582 
385.352 487.897 410.103 524.166 436.949 489.418 412.196 453.149 
412.225 453.128 436.951 489.415 479.102 477.112 454.376 440.825 
506.804 88.832 530.338 125.903 572.867 114.977 549.333 77.906 
509.561 45.001 506.802 88.824 549.333 77.906 552.092 34.082 
278.151 -181.32 276.282 -137.45 300.555 -100.859 302.424 -144.729 
166.408 -181.363 206.434 -163.371 249.424 -172.189 209.406 -190.263 
94.4 -143.986 79.718 -102.604 115.92 -127.453 130.602 -168.836 
-148.256 35.07 -104.708 40.693 -66.171 19.645 -109.72 14.022 
-173.599 88.533 -175.116 132.417 -148.094 97.805 -146.578 53.921 
-172.743 167.803 -162.62 210.53 -129.315 239.147 -139.439 196.42 
-67.535 448.312 -69.642 492.172 -42.158 457.927 -40.05 414.068 
-35.568 501.34 -10.387 537.311 31.13 551.612 5.948 515.64 
62.174 560.249 105.786 555.144 138.069 525.38 94.457 530.484 
326.04 500.069 349.786 537.004 390.707 552.927 366.961 515.992 
410.098 524.163 452.245 511.843 479.102 477.104 436.955 489.423 
484.681 368.113 477.505 411.433 497.162 450.697 504.339 407.377 
523.0 186.942 565.451 175.716 593.196 141.682 550.746 152.908 
552.083 34.082 549.333 77.906 572.867 114.977 575.617 71.153 
449.626 -13.41 486.939 9.738 530.732 6.532 493.419 -16.615 
