160.118 222.181 158.367 266.056 200.636 254.163 202.386 210.288 
211.283 209.574 210.32 253.473 251.773 267.956 252.737 224.056 
213.041 202.037 254.754 215.753 280.688 180.319 238.974 166.604 
180.668 162.076 206.136 197.846 232.285 162.572 206.818 126.801 
133.134 178.112 157.325 214.757 199.652 203.075 175.461 166.429 
123.112 187.236 122.044 231.133 146.983 267.273 148.051 223.376 
165.91 281.035 207.468 295.211 249.423 282.252 207.864 268.076 
266.648 221.923 266.26 265.831 292.382 230.537 292.771 186.628 
216.149 117.972 241.335 153.941 282.853 168.236 257.667 132.267 
129.482 169.514 171.495 156.747 197.981 121.724 155.968 134.491 
76.946 145.2 117.452 162.151 146.091 128.865 105.584 111.914 
74.722 172.255 72.773 216.122 113.891 231.531 115.84 187.664 
42.923 255.17 83.639 271.608 111.855 237.963 71.138 221.525 
84.41 272.24 106.971 309.911 135.827 276.814 113.266 239.143 
137.606 320.687 178.913 335.581 205.842 300.898 164.535 286.004 
181.837 337.663 205.553 374.618 233.37 340.644 209.656 303.689 
210.723 303.0 234.006 340.229 276.607 329.589 253.325 292.36 
270.524 268.618 295.442 304.773 322.127 269.901 297.207 233.746 
300.161 231.653 324.037 268.504 366.463 257.184 342.586 220.333 
302.537 186.17 299.702 229.988 342.252 219.144 345.088 175.326 
263.127 127.875 287.83 164.177 329.989 151.901 305.286 115.599 
263.883 79.87 261.771 123.729 304.136 112.184 306.248 68.325 
221.103 64.008 218.724 107.854 259.689 123.665 262.067 79.819 
153.967 82.628 152.743 126.521 194.866 114.121 196.09 70.228 
109.377 66.228 106.297 110.029 147.004 126.494 150.083 82.692 
78.219 98.428 73.104 142.039 102.876 109.764 107.992 66.153 
38.729 209.258 39.731 253.157 64.723 217.053 63.72 173.154 
42.406 256.518 65.578 293.816 106.249 310.37 83.075 273.072 
135.594 328.398 162.535 363.071 204.711 375.288 177.77 340.614 
206.458 375.337 248.945 364.25 276.801 330.308 234.314 341.394 
300.032 307.849 341.479 293.348 366.488 257.256 325.041 271.756 
346.937 175.401 344.235 219.228 367.81 256.273 370.512 212.446 
308.05 68.238 309.27 112.131 336.056 146.925 334.836 103.032 
222.931 59.088 263.104 76.813 306.024 67.54 265.85 49.815 
109.967 64.192 151.841 77.407 193.486 63.486 151.611 50.27 
81.819 14.39 104.844 51.779 147.519 41.435 124.494 4.046 
45.156 55.909 69.08 92.73 96.705 58.598 72.781 21.778 
37.296 62.434 33.106 106.144 55.407 143.969 59.597 100.259 
-22.22 132.817 3.941 168.082 45.565 154.097 19.403 118.832 
-11.467 219.945 29.695 204.654 54.007 168.089 12.846 183.38 
-10.51 222.307 -11.83 266.197 30.32 253.889 31.64 209.999 
-9.537 272.315 11.881 310.647 54.955 302.122 33.538 263.79 
20.721 329.617 61.997 344.595 104.195 332.451 62.918 317.473 
68.504 358.03 69.03 401.937 110.625 387.869 110.1 343.962 
124.458 341.196 125.467 385.094 152.086 420.016 151.077 376.118 
160.806 374.689 162.28 418.574 204.473 430.733 202.999 386.848 
211.266 386.8 207.382 430.537 250.18 420.715 254.063 376.977 
271.135 373.849 270.353 417.752 296.79 382.693 297.572 338.79 
308.738 337.215 309.233 381.123 351.144 394.22 350.649 350.313 
310.6 324.571 352.648 337.226 394.102 322.749 352.055 310.094 
353.653 299.248 395.956 311.019 420.224 274.424 377.921 262.653 
384.379 211.516 380.352 255.241 420.693 272.582 424.72 228.857 
362.244 157.278 386.888 193.62 428.186 208.537 403.543 172.195 
364.145 147.8 405.984 161.125 431.587 125.451 389.747 112.126 
351.555 98.87 353.602 142.732 377.728 106.044 375.68 62.181 
316.544 59.604 343.3 94.42 368.144 58.214 341.387 23.398 
269.381 36.641 309.516 54.453 338.858 21.787 298.723 3.974 
212.258 40.049 254.695 28.773 282.4 -5.293 239.962 5.982 
177.936 1.926 205.275 36.287 229.506 -0.332 202.168 -34.693 
124.494 4.046 152.828 37.591 195.468 48.076 167.134 14.53 
126.991 -21.612 167.521 -4.719 196.112 -38.046 155.581 -54.939 
38.051 -50.643 46.953 -7.644 85.096 -29.398 76.194 -72.396 
-5.268 -57.82 1.293 -14.403 44.612 -7.226 38.052 -50.643 
-35.416 9.692 -1.156 37.158 35.552 13.063 1.292 -14.403 
-27.084 81.221 -25.842 125.114 15.518 110.369 14.276 66.477 
-57.586 171.546 -35.196 209.319 -6.191 176.352 -28.581 138.579 
-96.247 245.573 -86.687 288.43 -42.974 292.582 -52.533 249.725 
-110.933 325.04 -68.623 336.786 -44.377 300.176 -86.687 288.43 
-63.267 339.815 -43.611 379.08 -12.342 348.252 -31.998 308.988 
18.165 347.187 20.139 391.053 62.467 402.731 60.493 358.865 
72.245 409.202 96.631 445.718 138.896 433.81 114.51 397.294 
151.134 498.871 194.346 506.67 215.116 467.983 171.904 460.184 
194.344 506.668 220.619 541.85 245.959 505.989 219.685 470.808 
232.006 460.688 253.251 499.115 296.363 490.784 275.118 452.356 
282.938 424.359 325.088 436.665 349.817 400.381 307.667 388.075 
359.419 349.68 358.178 393.573 400.306 381.189 401.547 337.297 
436.194 315.328 465.817 347.74 487.49 309.551 457.867 277.139 
462.254 273.389 488.521 308.576 530.103 294.467 503.836 259.28 
462.142 215.374 456.701 258.946 499.821 250.656 505.262 207.085 
411.448 164.47 437.936 199.491 463.058 163.477 436.57 128.456 
393.54 59.062 392.006 102.945 433.267 117.966 434.801 74.082 
354.881 -12.873 385.078 19.006 424.728 0.139 394.531 -31.74 
351.898 -60.844 353.185 -16.953 394.53 -31.74 393.244 -75.631 
307.148 -81.441 298.823 -38.327 337.253 -17.086 345.579 -60.2 
208.249 -40.171 234.469 -4.95 276.069 -19.003 249.849 -54.225 
202.058 -101.21 199.43 -57.296 241.927 -68.346 244.551 -112.177 
161.177 -117.168 158.553 -73.337 199.429 -57.297 202.058 -101.21 
-85.124 69.408 -87.488 113.254 -46.518 129.051 -44.154 85.205 
-115.174 147.337 -74.204 163.135 -46.519 129.053 -87.489 113.255 
-8.207 441.237 33.097 456.136 60.031 421.456 18.725 406.557 
33.098 456.135 57.757 492.467 84.691 457.787 60.032 421.455 
338.79 442.882 363.555 479.142 390.387 444.383 365.621 408.124 
365.624 408.12 390.387 444.382 432.526 432.036 407.762 395.775 
449.371 115.507 473.517 152.182 515.859 140.552 491.713 103.876 
451.394 71.643 449.37 115.506 491.712 103.876 493.736 60.013 
265.167 -117.173 264.894 -73.264 290.483 -37.581 290.755 -81.49 
161.178 -117.168 202.058 -101.21 244.55 -112.178 203.675 -128.218 
102.741 -77.234 96.958 -33.706 127.222 -65.521 133.005 -109.049 
-84.703 56.141 -41.53 64.152 -1.893 45.255 -45.067 37.245 
-112.809 103.491 -115.173 147.337 -87.488 113.254 -85.124 69.408 
-116.279 175.698 -94.53 213.843 -54.513 231.92 -76.262 193.774 
-29.268 388.768 -29.977 432.673 -3.598 397.57 -2.89 353.665 
-8.207 441.237 16.452 477.569 57.757 492.467 33.097 456.135 
83.192 501.672 125.404 489.577 152.445 454.981 110.233 467.076 
282.233 446.232 307.154 482.385 348.566 496.984 323.645 460.832 
363.555 479.142 405.693 466.793 432.526 432.035 390.388 444.383 
425.169 331.135 424.005 375.029 448.865 411.225 450.028 367.33 
458.819 207.182 500.965 194.859 527.818 160.117 485.673 172.44 
493.736 60.013 491.713 103.876 515.859 140.552 517.882 96.688 
395.185 32.624 436.147 48.442 478.584 37.163 437.622 21.345 
