158.103 227.638 152.125 271.139 195.345 263.382 201.323 219.881 
213.441 220.071 206.694 263.46 245.874 283.284 252.621 239.896 
216.891 209.951 256.415 229.082 286.822 197.404 247.299 178.273 
187.341 164.904 208.226 203.529 238.507 171.731 217.623 133.106 
135.13 178.115 155.091 217.226 198.456 210.328 178.495 171.217 
120.601 190.051 115.309 233.641 136.651 272.017 141.942 228.427 
159.413 288.62 199.83 305.783 242.617 295.912 202.2 278.749 
269.765 237.864 266.255 281.634 294.821 248.286 298.33 204.517 
231.489 121.717 251.835 160.629 291.167 180.149 270.821 141.238 
130.292 165.381 173.262 156.342 202.712 123.773 159.742 132.812 
58.67 126.053 95.783 149.52 129.57 121.476 92.457 98.008 
57.635 171.264 46.589 213.762 83.594 237.4 94.64 194.902 
8.252 254.916 46.025 277.302 78.99 248.295 41.215 225.908 
60.705 288.217 77.071 328.963 110.766 300.806 94.399 260.06 
124.217 342.605 162.508 364.097 194.781 334.323 156.49 312.83 
175.957 373.992 195.105 413.507 226.768 383.086 207.621 343.571 
220.915 334.084 239.329 373.947 282.93 368.752 264.517 328.89 
288.685 291.764 308.374 331.012 339.617 300.157 319.927 260.909 
333.25 250.826 352.601 290.242 396.068 284.02 376.717 244.603 
335.686 193.15 328.457 236.461 371.882 229.952 379.111 186.641 
291.83 119.702 310.853 159.277 354.37 153.414 335.347 113.839 
293.219 62.261 286.893 105.713 330.173 98.302 336.5 54.85 
241.766 41.299 233.714 84.464 272.279 105.461 280.331 62.295 
154.798 65.007 147.475 108.302 190.914 101.887 198.237 58.592 
107.056 42.171 97.538 85.037 135.365 107.335 144.883 64.469 
47.637 65.217 30.231 105.53 68.008 83.147 85.414 42.834 
3.995 206.891 2.011 250.756 29.399 216.434 31.383 172.569 
2.447 282.674 18.594 323.507 55.659 347.051 39.511 306.217 
119.338 372.129 145.106 407.683 186.851 421.302 161.083 385.747 
216.205 425.705 259.776 420.26 291.825 390.244 248.253 395.689 
333.85 343.687 375.416 329.532 400.723 293.649 359.157 307.804 
406.896 183.846 397.17 226.665 414.471 267.024 424.197 224.205 
350.943 52.744 349.97 96.644 374.984 132.731 375.958 88.832 
250.569 9.075 285.342 35.888 329.234 37.141 294.461 10.328 
109.439 34.981 149.772 52.34 192.606 42.677 152.273 25.318 
65.875 -64.141 68.163 -20.291 110.574 -8.915 108.286 -52.766 
-9.236 9.556 7.39 50.196 40.904 21.825 24.278 -18.815 
-36.518 49.803 -31.861 93.465 -2.431 126.052 -7.087 82.39 
-87.921 124.588 -65.83 162.536 -22.912 153.251 -45.004 115.304 
-88.613 210.412 -45.732 200.96 -16.597 168.108 -59.478 177.56 
-80.12 228.264 -94.536 269.74 -50.635 270.634 -36.219 229.158 
-67.255 311.277 -52.97 352.798 -9.066 352.042 -23.352 310.521 
-13.514 395.726 28.594 408.177 69.979 393.5 27.871 381.049 
42.667 427.882 40.923 471.758 83.19 459.858 84.934 415.983 
101.635 413.885 98.651 457.693 121.986 494.89 124.971 451.081 
150.663 446.172 145.683 489.798 185.635 508.016 190.615 464.39 
232.217 454.445 220.332 496.716 264.207 494.956 276.092 452.685 
316.486 426.574 316.234 470.483 342.246 435.108 342.498 391.199 
366.331 385.692 363.907 429.535 404.856 445.388 407.279 401.545 
368.725 372.93 410.208 387.327 452.231 374.591 410.748 360.194 
413.551 335.643 454.013 352.701 482.739 319.491 442.278 302.433 
459.644 219.592 447.095 261.671 483.237 286.609 495.786 244.53 
425.093 137.169 449.595 173.608 490.836 188.685 466.334 152.247 
427.667 115.627 468.628 131.446 496.331 97.377 455.369 81.558 
413.845 65.563 414.72 109.464 439.817 73.433 438.942 29.531 
375.636 14.478 394.835 53.967 426.459 23.504 407.259 -15.986 
300.316 -27.592 336.423 -2.604 371.345 -29.222 335.238 -54.21 
218.164 -20.546 260.025 -33.804 286.097 -69.135 244.237 -55.877 
174.739 -64.287 200.133 -28.464 226.355 -63.685 200.962 -99.507 
118.842 -61.676 141.535 -24.084 181.989 -7.01 159.297 -44.602 
124.205 -102.259 160.037 -76.878 195.248 -103.113 159.416 -128.494 
3.691 -130.423 8.03 -86.728 48.246 -104.357 43.907 -148.052 
-71.847 -107.629 -54.51 -67.286 -10.784 -71.308 -28.121 -111.651 
-95.284 -65.075 -89.953 -21.49 -46.854 -13.093 -52.185 -56.678 
-90.673 58.173 -98.54 101.372 -55.023 95.505 -47.156 52.305 
-126.138 151.708 -112.877 193.568 -77.164 168.02 -90.424 126.161 
-181.897 268.754 -173.121 311.778 -129.49 316.727 -138.266 273.702 
-184.419 383.779 -141.481 392.965 -119.475 354.967 -162.413 345.781 
-127.92 398.057 -121.292 441.464 -82.058 421.746 -88.685 378.34 
-14.72 415.387 -16.087 459.276 25.232 474.139 26.599 430.25 
43.102 477.775 64.362 516.196 107.471 507.849 86.211 469.429 
147.137 586.933 190.503 593.823 210.457 554.709 167.091 547.819 
224.851 596.191 252.289 630.473 276.414 593.784 248.976 559.502 
276.187 537.2 288.083 579.467 331.959 581.214 320.062 538.946 
334.659 478.357 376.212 492.552 402.552 457.42 360.999 443.225 
417.367 401.285 413.446 445.019 456.252 435.233 460.172 391.499 
513.852 350.477 544.251 382.163 564.993 343.46 534.594 311.774 
550.98 277.883 578.502 312.098 619.547 296.497 592.025 262.282 
555.015 205.364 539.651 246.499 583.519 248.4 598.884 207.266 
479.577 137.965 504.352 174.218 531.175 139.454 506.401 103.2 
465.021 24.922 459.268 68.453 498.892 87.376 504.644 43.844 
411.786 -71.097 443.52 -40.749 482.19 -61.552 450.455 -91.9 
391.0 -130.869 397.602 -87.458 436.848 -107.152 430.246 -150.563 
354.129 -162.415 330.516 -125.395 358.428 -91.497 382.041 -128.518 
215.993 -112.654 236.627 -73.894 279.866 -81.541 259.233 -120.3 
208.093 -180.48 202.527 -136.842 245.669 -145.018 251.224 -188.576 
168.374 -199.144 162.817 -155.587 202.526 -136.842 208.093 -180.48 
-162.887 49.029 -164.381 92.914 -123.106 107.896 -121.612 64.012 
-191.391 127.535 -150.118 142.523 -123.109 107.902 -164.381 92.914 
-43.505 518.472 -1.704 531.916 23.999 496.315 -17.802 482.871 
-1.496 532.064 23.733 568.002 50.117 532.902 24.887 496.964 
397.806 501.073 422.931 537.085 449.416 502.061 424.29 466.05 
424.696 465.767 449.503 501.999 491.627 489.602 466.82 453.371 
523.036 83.747 546.642 120.772 589.15 109.763 565.544 72.738 
525.721 39.893 523.028 83.72 565.543 72.738 568.235 28.91 
282.511 -198.92 279.645 -155.104 303.08 -117.971 305.947 -161.787 
168.374 -199.142 208.093 -180.48 251.225 -188.575 211.516 -207.319 
94.607 -162.429 78.84 -121.448 115.684 -145.334 131.452 -186.316 
-165.051 22.649 -122.241 32.416 -81.866 15.155 -124.676 5.388 
-189.891 83.654 -191.386 127.539 -164.382 92.914 -162.887 49.029 
-187.965 164.787 -180.846 208.116 -149.618 238.985 -156.738 195.656 
-78.722 465.528 -81.852 509.326 -53.576 475.733 -50.445 431.935 
-43.505 518.472 -17.92 554.157 23.755 567.989 -1.831 532.303 
56.381 576.363 100.185 573.308 133.827 545.09 90.023 548.145 
338.692 515.365 361.75 552.733 402.369 569.411 379.312 532.043 
422.919 537.076 464.987 524.489 491.622 489.58 449.554 502.167 
500.452 379.066 491.674 422.09 509.862 462.056 518.64 419.032 
540.63 182.334 583.24 171.729 611.48 138.104 568.87 148.709 
568.213 28.908 565.545 72.737 589.148 109.764 591.817 65.935 
466.781 -20.434 503.463 3.701 547.326 1.666 510.644 -22.47 
