147.786 241.814 133.11 283.2 177.005 284.368 191.68 242.983 
221.278 244.098 204.921 284.848 238.623 312.997 254.979 272.247 
230.416 213.522 265.042 240.525 301.422 215.938 266.796 188.935 
197.487 154.849 209.617 197.05 246.004 172.473 233.875 130.272 
129.61 168.068 139.04 210.954 182.74 215.239 173.311 172.353 
95.554 204.864 81.4 246.43 94.38 288.377 108.535 246.811 
151.085 319.811 188.035 343.534 231.873 341.008 194.923 317.285 
297.88 259.704 287.036 302.254 320.819 274.205 331.663 231.655 
263.191 104.728 274.397 147.184 308.418 174.944 297.212 132.489 
114.189 131.885 158.016 134.584 195.059 111.006 151.232 108.308 
6.811 91.569 32.901 126.888 74.553 112.989 48.463 77.67 
39.673 170.272 14.668 206.367 41.269 241.302 66.274 205.207 
-34.165 286.177 -0.221 314.031 36.759 290.356 2.815 262.501 
17.267 329.703 21.25 373.432 61.608 356.132 57.626 312.403 
104.773 364.19 135.434 395.623 174.803 376.176 144.142 344.743 
182.64 419.382 193.191 462.005 230.468 438.799 219.917 396.176 
242.229 383.679 251.6 426.577 295.295 430.92 285.924 388.022 
309.783 316.705 319.357 359.558 357.155 337.21 347.58 294.356 
379.44 261.901 390.316 304.443 434.137 307.245 423.26 264.703 
390.395 198.908 374.783 239.949 418.639 242.114 434.252 201.074 
330.282 106.331 337.642 149.619 381.087 155.996 373.727 112.707 
329.047 29.067 313.806 70.247 357.68 72.017 372.922 30.837 
275.18 -5.306 253.233 32.726 282.622 65.351 304.569 27.319 
169.283 32.249 143.85 68.044 185.753 81.171 211.185 45.376 
76.58 11.624 59.242 51.966 92.253 80.922 109.59 40.579 
-7.164 24.228 -36.376 57.011 6.527 47.66 35.739 14.877 
-56.978 232.0 -60.321 275.783 -31.882 242.326 -28.54 198.544 
-44.102 315.626 -39.534 359.297 -10.168 391.943 -14.737 348.271 
110.932 432.061 138.315 466.387 180.645 478.063 153.261 443.737 
224.783 482.339 268.426 487.173 306.575 465.431 262.932 460.597 
379.08 375.254 420.369 360.309 444.988 323.95 403.699 338.895 
479.339 199.301 458.275 237.829 463.88 281.38 484.944 242.852 
399.493 25.048 395.097 68.737 417.219 106.667 421.616 62.977 
292.195 -53.379 317.388 -17.414 358.908 -3.126 333.716 -39.091 
78.864 -31.525 115.896 -7.93 159.724 -10.608 122.692 -34.203 
23.801 -131.079 13.527 -88.388 50.954 -65.424 61.228 -108.116 
-61.271 -53.783 -71.432 -11.065 -27.664 -14.603 -17.504 -57.321 
-108.665 12.21 -102.726 55.717 -72.349 87.424 -78.288 43.917 
-138.572 112.239 -136.902 156.117 -94.655 168.087 -96.325 124.209 
-177.162 191.415 -140.212 215.138 -96.375 212.611 -133.325 188.888 
-140.619 259.046 -174.601 286.854 -137.653 310.581 -103.671 282.773 
-122.013 351.611 -127.15 395.219 -87.264 413.58 -82.126 369.972 
-66.45 452.244 -23.093 459.188 16.066 439.32 -27.292 432.377 
14.228 483.192 4.439 525.997 48.174 522.08 57.964 479.275 
97.122 481.596 75.218 519.652 79.867 563.316 101.771 525.259 
161.091 517.378 135.663 553.176 161.851 588.422 187.279 552.624 
256.077 529.311 229.597 564.338 271.093 578.698 297.573 543.671 
339.531 494.447 341.157 538.327 365.633 501.872 364.007 457.992 
413.547 433.236 404.01 476.098 441.828 498.413 451.364 455.551 
424.083 404.063 457.451 432.605 501.223 436.082 467.855 407.54 
478.082 352.81 506.348 386.413 547.04 369.914 518.775 336.312 
549.368 231.454 522.259 265.997 546.733 302.454 573.842 267.911 
489.94 137.692 515.033 173.726 556.513 188.129 531.42 152.095 
487.261 84.631 523.519 109.399 558.28 82.57 522.022 57.801 
481.19 26.207 465.327 67.151 502.228 43.351 518.091 2.407 
433.355 -50.298 430.019 -6.515 472.691 -16.873 476.025 -60.656 
339.034 -112.519 360.252 -74.075 403.37 -82.375 382.153 -120.819 
232.58 -78.43 273.897 -93.295 298.586 -129.606 257.268 -114.742 
156.78 -134.595 162.742 -91.092 202.274 -110.205 196.313 -153.708 
101.977 -154.218 105.078 -110.417 133.332 -76.805 130.231 -120.605 
120.712 -188.802 145.864 -152.809 187.868 -165.607 162.716 -201.6 
-12.896 -218.638 -31.718 -178.967 11.828 -173.326 30.65 -212.997 
-119.227 -180.028 -109.701 -137.163 -65.991 -132.977 -75.517 -175.841 
-152.362 -123.868 -140.631 -81.554 -96.764 -79.635 -108.494 -121.949 
-179.952 28.75 -191.989 70.978 -148.108 69.376 -136.072 27.148 
-186.578 117.635 -195.294 160.672 -151.671 155.662 -142.954 112.626 
-256.588 261.628 -265.325 304.66 -227.098 326.267 -218.362 283.235 
-277.538 396.368 -238.837 417.112 -207.148 386.715 -245.849 365.971 
-200.536 430.124 -211.783 472.569 -167.94 470.149 -156.692 427.704 
-64.874 472.693 -75.662 515.257 -38.515 538.67 -27.727 496.106 
5.004 530.11 16.55 572.475 60.409 574.586 48.863 532.221 
118.136 662.276 157.975 680.741 187.847 648.558 148.008 630.093 
218.325 680.167 239.023 718.893 269.457 687.242 248.761 648.516 
296.127 614.772 291.533 658.44 331.646 676.304 336.24 632.635 
369.454 545.615 408.007 566.632 439.909 536.46 401.355 515.443 
463.106 457.88 448.772 499.385 492.675 500.191 507.009 458.686 
582.042 396.429 603.833 434.55 633.355 402.045 611.563 363.924 
627.069 304.512 649.692 342.147 692.475 332.261 669.852 294.627 
644.336 221.617 615.811 254.999 656.374 271.812 684.899 238.43 
554.437 126.311 573.042 166.085 605.12 136.1 586.515 96.326 
548.432 4.577 530.323 44.579 562.77 74.163 580.88 34.161 
487.389 -125.298 510.442 -87.926 553.108 -98.302 530.055 -135.674 
436.761 -196.563 439.219 -152.722 480.155 -168.607 477.697 -212.448 
404.668 -233.459 371.492 -204.694 388.598 -164.253 421.774 -193.018 
229.962 -195.719 240.217 -153.023 283.992 -149.583 273.737 -192.279 
233.398 -263.126 221.079 -220.894 264.969 -222.226 277.264 -264.379 
191.356 -297.497 169.334 -259.508 198.658 -226.825 220.721 -264.884 
-219.237 1.747 -233.114 43.406 -197.782 69.478 -183.905 27.819 
-274.249 65.516 -243.55 96.912 -204.204 77.418 -234.903 46.022 
-104.6 564.755 -62.082 575.72 -38.514 538.67 -81.033 527.705 
-56.801 578.59 -41.911 619.899 -7.225 592.972 -22.116 551.664 
419.964 575.578 446.598 610.488 471.568 574.369 444.933 539.46 
460.29 529.844 475.411 571.068 519.291 569.425 504.169 528.201 
605.094 79.488 624.066 119.087 667.591 113.28 648.618 73.681 
617.907 29.533 604.324 71.289 648.234 71.304 661.817 29.548 
328.275 -274.255 309.498 -234.562 317.639 -191.414 336.415 -231.107 
197.347 -307.147 231.322 -279.37 275.127 -276.712 241.181 -304.565 
90.374 -248.955 74.286 -208.098 111.317 -231.695 127.406 -272.551 
-205.079 -72.434 -190.143 -31.142 -153.79 -6.515 -168.725 -47.807 
-257.925 24.485 -274.474 65.157 -237.179 41.98 -220.629 1.309 
-257.538 138.535 -262.731 182.137 -241.303 220.464 -236.111 176.862 
-147.23 508.867 -165.094 548.979 -127.065 527.028 -109.201 486.916 
-104.599 564.751 -82.168 602.499 -41.833 619.853 -64.265 582.105 
8.572 633.942 51.301 644.059 91.816 627.129 49.088 617.012 
368.954 586.705 380.013 629.199 413.939 657.076 402.879 614.582 
446.597 610.488 489.622 601.713 519.271 569.325 476.247 578.1 
561.692 446.884 541.492 485.872 548.066 529.287 568.266 490.3 
615.346 178.803 659.23 180.311 695.619 155.736 651.735 154.228 
661.846 29.554 651.672 72.269 668.549 112.807 678.723 70.091 
553.484 -54.394 583.279 -22.14 626.343 -13.559 596.547 -45.813 
