155.399 236.452 146.369 279.424 190.028 274.733 199.058 231.761 
218.357 232.029 208.113 274.727 245.555 297.665 255.8 254.966 
224.375 213.607 262.076 236.118 295.135 207.219 257.434 184.708 
193.062 162.467 210.266 202.866 243.371 174.02 226.167 133.621 
133.563 176.448 149.664 217.3 193.492 214.611 177.39 173.759 
109.409 199.76 100.827 242.823 119.195 282.707 127.778 239.644 
158.359 305.148 197.71 324.631 240.997 317.263 201.646 297.78 
283.55 249.572 277.606 293.078 307.986 261.374 313.929 217.869 
247.002 115.833 263.672 156.455 301.036 179.521 284.366 138.899 
124.357 154.555 167.93 149.117 199.984 119.107 156.412 124.545 
36.523 110.507 70.729 138.04 107.485 114.016 73.279 86.483 
47.602 175.366 31.291 216.134 65.024 244.245 81.335 203.477 
-14.847 265.704 20.078 292.317 56.182 267.325 21.256 240.711 
38.385 307.468 49.601 349.921 86.512 326.136 75.296 283.682 
118.541 356.173 153.928 382.169 189.588 356.547 154.201 330.551 
176.755 398.54 191.73 439.818 226.359 412.821 211.386 371.543 
229.285 359.583 243.987 400.958 287.881 399.76 273.179 358.385 
299.844 304.522 315.203 345.658 349.58 318.338 334.22 277.202 
355.838 259.869 371.093 301.044 414.967 299.26 399.712 258.085 
360.924 199.416 350.558 242.085 394.341 238.759 404.708 196.09 
310.608 114.935 324.563 156.568 368.472 156.16 354.516 114.527 
313.229 50.485 302.852 93.151 346.637 89.836 357.014 47.169 
260.642 24.447 247.734 66.417 283.661 91.663 296.569 49.693 
161.146 55.802 147.3 97.472 191.209 97.764 205.055 56.094 
94.705 30.776 80.391 72.287 115.447 98.728 129.761 57.217 
24.727 45.256 -0.27 81.356 41.173 66.844 66.17 30.744 
-23.554 214.8 -26.659 258.6 1.597 224.99 4.702 181.19 
-22.88 301.405 -12.626 344.1 20.767 372.614 10.512 329.919 
114.143 400.749 139.776 436.401 181.469 450.177 155.836 414.525 
220.972 456.398 264.877 455.769 300.027 429.453 256.122 430.082 
354.893 361.926 396.433 347.694 421.674 311.763 380.134 325.996 
443.775 191.968 428.362 233.083 440.06 275.407 455.474 234.291 
376.765 43.927 373.815 87.738 397.179 124.916 400.129 81.105 
273.073 -18.819 303.094 13.226 346.217 21.504 316.196 -10.54 
99.152 2.269 137.906 22.915 181.394 16.838 142.64 -3.807 
50.32 -100.868 38.127 -58.685 74.477 -34.053 86.671 -76.237 
-40.904 -21.675 -40.391 22.232 1.209 8.176 0.695 -35.732 
-77.518 45.676 -66.238 88.112 -32.169 115.814 -43.449 73.378 
-119.868 120.404 -104.058 161.369 -60.212 158.992 -76.022 118.027 
-136.455 202.546 -92.73 206.578 -54.987 184.139 -98.712 180.107 
-112.483 245.794 -137.879 281.615 -95.964 294.699 -70.568 258.878 
-99.767 338.444 -93.506 381.905 -50.236 389.38 -56.497 345.919 
-35.871 430.874 7.0 440.37 47.265 422.854 4.394 413.358 
31.969 464.014 28.499 507.786 71.202 497.56 74.672 453.787 
99.184 453.148 88.024 495.616 103.958 536.534 115.118 494.065 
155.983 485.934 143.093 527.91 179.03 553.141 191.921 511.165 
247.204 495.965 228.38 535.636 271.925 541.28 290.75 501.61 
333.689 457.648 334.66 501.547 359.677 465.461 358.705 421.562 
393.956 409.613 389.097 453.254 429.101 471.36 433.959 427.72 
398.882 391.536 437.807 411.856 481.243 405.416 442.318 385.096 
447.174 347.511 484.029 371.38 518.12 343.705 481.264 319.835 
506.79 225.739 486.946 264.91 518.068 295.887 537.911 256.716 
457.177 134.5 482.147 170.62 523.578 185.165 498.608 149.045 
459.005 101.114 498.633 120.027 528.867 88.183 489.239 69.27 
448.261 47.904 442.798 91.473 472.827 59.436 478.29 15.867 
406.836 -14.634 417.654 27.922 454.784 4.482 443.965 -38.075 
321.261 -69.08 351.24 -36.997 391.017 -55.595 361.038 -87.678 
222.689 -46.67 263.923 -61.765 288.408 -98.214 247.175 -83.119 
168.552 -99.166 188.0 -59.797 219.431 -90.458 199.985 -129.827 
113.155 -105.698 129.056 -64.768 165.979 -41.001 150.077 -81.931 
125.67 -146.041 156.181 -114.463 195.642 -133.723 165.131 -165.301 
-5.856 -176.302 -11.99 -132.822 31.257 -140.425 37.391 -183.904 
-98.951 -144.974 -90.501 -101.884 -46.91 -96.605 -55.359 -139.694 
-133.524 -89.269 -122.418 -46.786 -78.583 -44.222 -89.689 -86.704 
-121.521 46.272 -134.546 88.206 -90.639 87.635 -77.614 45.702 
-159.986 138.255 -155.405 181.926 -115.288 164.075 -119.868 120.404 
-223.211 273.359 -223.25 317.269 -181.501 330.876 -181.462 286.966 
-231.846 402.78 -190.271 416.908 -163.987 381.733 -205.562 367.606 
-164.684 425.637 -168.048 469.418 -125.371 459.088 -122.006 415.308 
-35.389 451.824 -41.867 495.254 -2.564 514.835 3.913 471.405 
28.806 508.994 45.38 549.656 89.173 546.459 72.6 505.797 
139.38 630.787 181.6 642.854 206.123 606.43 163.903 594.363 
231.105 642.539 256.085 678.651 282.71 643.735 257.731 607.622 
294.698 578.822 299.036 622.517 341.933 631.893 337.595 588.199 
356.599 509.262 396.993 526.479 425.849 493.382 385.455 476.165 
443.869 428.466 435.637 471.598 479.201 466.099 487.434 422.968 
551.733 371.958 578.767 406.56 603.322 370.157 576.289 335.555 
592.591 286.881 618.222 322.534 660.051 309.175 634.42 273.522 
602.643 208.571 580.63 246.564 623.567 255.759 645.58 217.766 
515.965 130.155 538.21 168.014 567.342 135.159 545.098 97.301 
505.96 14.085 494.802 56.554 531.744 80.29 542.902 37.821 
451.815 -96.672 480.072 -63.062 520.769 -79.551 492.511 -113.16 
411.933 -165.996 416.641 -122.339 456.706 -140.307 451.998 -183.964 
378.351 -201.142 348.884 -168.588 370.739 -130.503 400.206 -163.057 
223.041 -149.37 238.17 -108.149 282.049 -109.8 266.92 -151.021 
216.009 -222.031 206.876 -178.998 250.544 -183.601 259.66 -226.554 
177.969 -243.917 168.827 -200.969 206.848 -179.003 216.007 -222.031 
-197.212 33.11 -201.157 76.842 -160.784 94.108 -156.839 50.376 
-230.234 109.82 -189.944 127.278 -160.89 94.354 -201.18 76.896 
-68.615 553.661 -25.713 563.012 -3.562 525.098 -46.465 515.748 
-23.197 564.372 -0.51 601.967 28.235 568.772 5.547 531.177 
418.118 536.606 444.652 571.592 469.726 535.544 443.191 500.559 
448.1 497.096 470.885 534.632 513.625 524.561 490.84 487.025 
562.824 77.252 585.293 114.978 628.116 105.267 605.647 67.541 
566.993 33.277 562.762 76.983 605.636 67.501 609.867 23.795 
298.603 -239.181 291.113 -195.914 310.485 -156.509 317.974 -199.775 
177.962 -243.906 216.009 -222.035 259.661 -226.55 221.631 -248.501 
96.564 -207.417 78.145 -167.557 116.476 -188.978 134.895 -228.838 
-199.632 -13.045 -161.136 8.078 -117.577 2.539 -156.073 -18.583 
-226.179 66.106 -230.224 109.829 -201.252 76.834 -197.207 33.111 
-222.767 156.445 -224.014 200.338 -199.223 236.58 -197.977 192.688 
-110.652 500.456 -119.362 543.494 -87.019 513.795 -78.309 470.758 
-68.615 553.661 -42.373 588.867 -0.448 601.923 -26.692 566.718 
38.575 611.447 82.367 614.671 119.69 591.54 75.899 588.316 
361.968 552.961 381.303 592.384 420.119 612.913 400.784 573.49 
444.628 571.575 486.767 559.229 513.602 524.473 471.463 536.819 
534.958 409.527 521.078 451.186 534.335 493.047 548.215 451.388 
580.653 177.003 624.037 170.227 655.153 139.244 611.769 146.021 
609.807 23.788 605.706 67.506 628.086 105.285 632.187 61.567 
509.833 -37.025 543.45 -8.776 587.251 -5.681 553.634 -33.93 
