160.46 220.892 159.611 264.794 201.626 252.035 202.475 208.133 
208.087 207.813 207.757 251.722 249.415 265.604 249.745 221.695 
209.468 202.35 251.255 215.839 276.996 180.266 235.209 166.777 
178.742 163.75 204.565 199.265 230.361 163.732 204.54 128.217 
133.283 179.176 158.324 215.246 200.367 202.577 175.326 166.507 
125.597 185.974 125.223 229.883 150.73 265.625 151.104 221.716 
163.876 274.459 205.542 288.317 247.396 275.038 205.73 261.18 
259.624 220.592 259.517 264.502 285.413 229.041 285.519 185.131 
211.527 121.951 237.179 157.589 278.88 171.342 253.228 135.705 
130.914 173.206 172.805 160.043 198.959 124.772 157.068 137.934 
83.147 153.578 124.306 168.877 151.575 134.46 110.416 119.161 
80.513 172.061 80.038 215.969 121.65 229.988 122.125 186.081 
52.708 252.374 94.062 267.134 120.879 232.364 79.524 217.604 
94.295 267.313 118.661 303.843 145.874 269.381 121.508 232.852 
136.954 312.374 178.589 326.326 204.724 291.041 163.09 277.089 
179.75 327.155 204.64 363.329 231.352 328.479 206.463 292.304 
206.898 292.007 231.483 328.389 273.682 316.249 249.096 279.867 
261.619 265.947 287.246 301.603 313.238 266.211 287.61 230.556 
288.93 229.598 314.002 265.646 356.034 252.941 330.961 216.892 
290.103 185.034 288.728 228.923 330.894 216.668 332.268 172.78 
255.772 133.74 281.333 169.443 323.187 156.166 297.627 120.463 
256.149 88.182 255.234 132.083 297.268 119.387 298.183 75.486 
214.055 73.485 212.874 117.379 254.255 132.066 255.436 88.172 
155.689 89.468 155.343 133.377 197.21 120.138 197.556 76.229 
112.167 74.533 110.679 118.417 151.956 133.394 153.444 89.509 
84.121 108.406 81.432 152.234 109.369 118.358 112.059 74.53 
51.457 208.347 52.52 252.244 77.462 216.106 76.398 172.209 
52.707 252.383 77.105 288.891 118.302 304.086 93.904 267.578 
135.978 315.717 162.522 350.695 204.557 363.391 178.013 328.413 
204.75 363.41 246.878 351.028 273.682 316.249 231.554 328.63 
289.037 302.853 330.644 288.82 356.057 253.011 314.45 267.044 
332.535 172.786 331.268 216.678 356.043 252.931 357.309 209.039 
298.207 75.487 298.996 119.39 325.439 154.444 324.65 110.541 
214.755 71.492 255.819 87.043 298.181 75.487 257.117 59.936 
112.489 73.436 154.469 86.312 196.0 72.054 154.02 59.178 
85.29 33.161 110.784 68.913 152.663 55.715 127.17 19.963 
55.982 68.929 80.156 105.585 107.548 71.266 83.372 34.61 
52.628 71.378 49.423 115.171 72.571 152.484 75.775 108.691 
-2.382 138.1 23.913 173.266 65.484 159.124 39.189 123.958 
4.599 220.175 45.855 205.141 70.394 168.729 29.138 183.762 
5.6 222.68 6.08 266.587 47.69 252.563 47.211 208.656 
6.135 266.745 29.942 303.641 72.389 292.401 48.582 255.505 
32.688 311.153 74.131 325.664 116.189 313.044 74.746 298.533 
79.577 337.286 80.343 381.189 121.861 366.894 121.095 322.99 
129.211 322.083 130.01 365.986 156.462 401.034 155.663 357.132 
161.173 356.611 162.539 400.5 204.701 412.763 203.335 368.874 
206.754 368.868 205.098 412.746 247.341 400.761 248.996 356.882 
255.901 356.395 255.506 400.303 281.634 365.013 282.029 321.105 
292.397 319.688 293.11 363.593 335.086 376.481 334.373 332.577 
293.918 312.892 335.872 325.853 377.431 311.679 335.477 298.718 
336.784 292.466 378.999 304.55 403.536 268.135 361.321 256.052 
364.219 208.779 362.424 252.652 403.596 267.916 405.39 224.043 
340.81 165.205 366.084 201.112 407.637 215.305 382.363 179.398 
342.616 156.109 384.54 169.167 409.914 133.331 367.991 120.273 
335.73 108.838 336.818 152.734 361.74 116.582 360.653 72.686 
303.088 71.042 330.132 105.635 354.675 69.224 327.63 34.631 
259.066 53.258 300.114 68.852 327.629 34.632 286.581 19.038 
210.318 61.279 252.487 49.037 279.406 14.346 237.237 26.589 
177.333 23.316 204.374 57.912 228.92 21.504 201.881 -13.092 
127.169 19.964 155.056 53.882 197.553 64.931 169.666 31.013 
129.88 3.991 171.074 19.194 198.264 -15.285 157.07 -30.489 
61.939 -29.683 67.511 13.872 107.212 -4.887 101.641 -48.442 
19.428 -40.668 22.118 3.16 64.631 14.145 61.941 -29.682 
-10.588 32.458 27.384 54.51 60.089 25.211 22.118 3.16 
-6.47 89.055 -4.687 132.929 36.489 117.675 34.706 73.802 
-33.867 176.162 -9.527 212.709 17.709 178.266 -6.63 141.72 
-66.605 226.412 -60.46 269.89 -17.211 277.481 -23.356 234.003 
-86.085 305.546 -44.254 318.899 -18.628 283.242 -60.459 269.889 
-40.341 321.407 -18.023 359.223 11.044 326.311 -11.273 288.496 
30.223 325.72 31.563 369.609 73.719 381.897 72.379 338.007 
81.695 384.634 106.872 420.609 148.867 407.782 123.689 371.806 
140.429 465.045 183.125 475.299 206.071 437.861 163.375 427.607 
185.722 476.769 211.691 512.177 237.34 476.537 211.372 441.129 
219.391 434.628 242.841 471.751 285.394 460.921 261.945 423.797 
266.558 406.252 308.591 418.955 333.66 382.905 291.628 370.202 
338.722 332.412 338.196 376.319 380.116 363.251 380.642 319.344 
403.545 312.047 431.464 345.938 455.069 308.913 427.15 275.021 
432.029 270.86 457.995 306.27 499.695 292.518 473.729 257.108 
431.247 217.608 428.423 261.427 470.97 250.573 473.795 206.754 
389.766 172.345 416.141 207.452 441.379 171.52 415.005 136.413 
369.886 71.839 369.266 115.745 410.831 129.902 411.451 85.996 
341.348 13.304 369.849 46.708 410.425 29.925 381.925 -3.479 
339.653 -34.414 339.887 9.495 381.575 -4.295 381.342 -48.205 
294.275 -52.135 289.447 -8.492 329.463 9.587 334.291 -34.057 
206.619 -17.233 233.071 17.816 274.578 3.489 248.127 -31.56 
202.538 -73.43 200.97 -29.466 243.188 -41.538 244.753 -85.42 
161.284 -88.397 159.719 -44.515 200.969 -29.466 202.538 -73.43 
-58.727 75.84 -60.333 119.72 -19.097 134.808 -17.49 90.927 
-87.426 154.276 -46.189 169.364 -19.097 134.809 -60.333 119.721 
3.305 415.406 44.779 429.826 71.31 394.838 29.836 380.417 
44.781 429.826 69.855 465.873 96.39 430.887 71.316 394.84 
317.939 423.902 343.149 459.853 369.55 424.766 344.339 388.815 
344.387 388.779 369.561 424.756 411.557 411.933 386.383 375.955 
424.117 128.047 448.957 164.256 491.07 151.821 466.229 115.612 
425.303 84.149 424.114 128.043 466.227 115.61 467.417 71.716 
260.905 -88.216 260.189 -44.312 285.415 -8.372 286.131 -52.276 
161.284 -88.397 202.538 -73.43 244.753 -85.42 203.503 -100.469 
111.432 -49.047 109.223 -5.193 136.787 -39.373 138.996 -83.228 
-57.16 63.628 -14.82 75.268 26.274 59.798 -16.065 48.158 
-85.818 110.396 -87.425 154.276 -60.333 119.721 -58.726 75.84 
-89.418 177.07 -64.225 213.034 -22.705 227.322 -47.898 191.358 
-11.494 363.994 -12.308 407.897 14.155 372.858 14.969 328.955 
3.304 415.407 28.381 451.452 69.856 465.873 44.778 429.828 
92.225 474.6 134.027 461.158 159.946 425.713 118.143 439.155 
264.764 421.659 289.859 457.691 331.341 472.09 306.246 436.059 
343.149 459.853 385.138 447.007 411.557 411.934 369.568 424.78 
400.815 314.498 400.698 358.408 426.414 394.0 426.531 350.09 
429.96 213.92 472.023 201.318 498.646 166.399 456.583 179.0 
467.422 71.716 466.232 115.61 491.069 151.821 492.259 107.927 
371.71 50.639 413.243 64.891 455.221 52.008 413.688 37.756 
