159.846 222.129 157.048 265.95 199.589 255.069 202.387 211.249 
212.401 210.583 210.278 254.442 251.334 270.014 253.457 226.156 
214.367 202.775 255.782 217.366 282.456 182.487 241.041 167.896 
182.667 161.947 207.304 198.295 234.258 163.631 209.622 127.284 
134.07 177.331 157.253 214.623 199.883 204.1 176.701 166.808 
123.696 186.304 121.573 230.163 145.636 266.893 147.759 223.034 
165.3 282.498 206.664 297.234 248.79 284.843 207.426 270.107 
268.085 223.977 267.144 267.876 293.709 232.914 294.649 189.014 
219.453 118.344 243.736 154.927 284.886 170.25 260.603 133.667 
130.243 168.115 172.446 155.992 199.465 121.378 157.261 133.501 
71.9 139.003 111.622 157.718 141.696 125.723 101.974 107.008 
69.562 170.322 65.325 214.027 105.582 231.562 109.819 187.857 
33.017 255.938 73.102 273.859 102.534 241.273 62.448 223.351 
77.021 277.01 97.788 315.699 128.166 283.993 107.399 245.304 
134.824 327.395 175.607 343.668 203.687 309.91 162.904 293.636 
181.844 348.0 204.392 385.679 233.258 352.591 210.711 314.912 
214.6 312.398 236.461 350.479 279.434 341.456 257.573 303.375 
277.059 273.542 300.915 310.406 328.603 276.324 304.745 239.461 
310.361 235.446 333.004 273.067 375.782 263.158 353.138 225.536 
313.212 186.819 308.969 230.524 351.845 221.054 356.088 177.349 
271.371 124.016 294.889 161.097 337.422 150.188 313.904 113.107 
272.633 73.901 269.311 117.685 311.979 107.314 315.301 63.53 
226.849 56.61 222.961 100.347 263.356 117.561 267.245 73.823 
153.913 76.525 151.376 120.362 193.851 109.228 196.388 65.392 
108.62 58.493 103.829 102.14 143.86 120.185 148.652 76.537 
70.76 88.408 62.672 131.567 94.584 101.405 102.672 58.247 
25.952 208.059 26.269 251.968 51.821 216.258 51.504 172.349 
30.539 263.077 52.138 301.307 92.084 319.54 70.484 281.31 
131.734 341.887 158.711 376.533 200.9 388.705 173.923 354.059 
209.149 389.289 251.976 379.595 280.926 346.581 238.099 356.274 
310.483 316.321 351.835 301.554 376.61 265.301 335.258 280.068 
363.831 177.452 359.38 221.136 381.456 259.093 385.907 215.409 
318.949 63.273 320.209 107.165 347.026 141.934 345.767 98.042 
231.125 44.065 270.074 64.339 313.502 57.847 274.552 37.573 
109.532 55.459 151.102 69.602 193.046 56.609 151.476 42.467 
79.657 -9.533 97.908 30.405 141.53 25.39 123.28 -14.548 
31.598 43.359 55.358 80.285 83.134 46.277 59.373 9.351 
19.287 55.247 15.538 98.997 38.22 136.594 41.969 92.845 
-42.026 128.342 -16.586 164.131 25.313 150.994 -0.127 115.205 
-31.584 216.931 9.522 201.489 33.7 164.835 -7.406 180.277 
-30.733 219.028 -35.767 262.649 7.274 253.957 12.308 210.337 
-26.69 281.792 -7.117 321.098 36.314 314.629 16.741 275.323 
9.724 349.572 51.15 364.133 93.222 351.563 51.797 337.003 
58.969 379.037 59.35 422.945 100.991 409.015 100.611 365.106 
117.518 361.318 118.471 405.218 145.046 440.173 144.093 396.273 
157.316 394.044 157.917 437.95 199.86 450.946 199.259 407.04 
216.832 405.921 210.782 449.412 254.014 441.727 260.064 398.236 
286.253 390.165 285.444 434.067 311.903 399.025 312.712 355.122 
325.702 353.094 325.905 397.003 367.728 410.379 367.525 366.47 
327.418 338.053 369.533 350.481 410.91 335.782 368.795 323.353 
370.482 308.781 412.644 321.047 437.339 284.739 395.177 272.473 
405.839 213.703 399.52 257.156 438.894 276.593 445.213 233.14 
382.538 149.657 406.856 186.219 448.02 201.504 423.701 164.942 
384.635 138.672 426.366 152.331 452.253 116.863 410.522 103.204 
369.342 89.387 372.06 133.213 395.622 96.159 392.904 52.334 
332.464 47.628 358.0 83.349 384.082 48.024 358.545 12.303 
279.417 18.041 318.459 38.135 349.634 7.213 310.591 -12.881 
214.237 19.49 256.72 8.388 284.564 -25.565 242.08 -14.463 
178.182 -19.265 205.566 15.061 229.749 -21.589 202.366 -55.915 
123.28 -14.549 151.187 19.353 193.69 30.378 165.784 -3.524 
125.504 -46.729 165.136 -27.824 195.363 -59.674 155.731 -78.579 
19.085 -72.433 28.114 -29.461 66.193 -51.328 57.163 -94.299 
-28.733 -72.098 -15.809 -30.133 28.096 -29.456 15.172 -71.421 
-56.872 -14.458 -29.388 19.787 11.673 4.23 -15.811 -30.015 
-46.807 73.107 -47.412 117.013 -5.468 104.02 -4.864 60.114 
-79.402 165.856 -58.866 204.668 -28.3 173.143 -48.835 134.331 
-123.516 262.066 -111.893 304.41 -68.029 306.441 -79.653 264.097 
-133.998 344.826 -91.073 354.073 -69.013 316.107 -111.938 306.859 
-84.145 357.327 -68.103 398.202 -34.186 370.315 -50.227 329.44 
7.444 368.361 9.359 412.229 51.672 423.965 49.757 380.096 
63.463 431.812 87.448 468.593 129.84 457.148 105.855 420.367 
158.352 528.316 201.722 535.185 221.657 496.06 178.287 489.191 
203.009 535.815 229.865 570.555 254.606 534.279 227.751 499.538 
245.241 484.751 263.864 524.516 307.438 519.093 288.815 479.328 
299.43 441.125 341.577 453.443 366.315 417.165 324.168 404.847 
378.563 365.479 376.939 409.359 419.174 397.343 420.798 353.463 
464.841 318.97 494.994 350.89 516.034 312.348 485.881 280.429 
491.055 275.766 517.768 310.617 559.167 295.981 532.454 261.131 
491.359 212.313 483.045 255.429 526.62 250.013 534.934 206.897 
432.529 156.094 458.883 191.216 484.143 155.299 457.789 120.177 
415.613 47.38 413.285 91.228 454.268 106.992 456.596 63.144 
367.73 -37.999 398.256 -6.435 437.708 -25.713 407.182 -57.277 
363.529 -84.827 366.396 -41.01 407.182 -57.277 404.315 -101.094 
319.847 -108.422 307.556 -66.268 343.85 -41.551 356.141 -83.706 
210.232 -63.073 235.635 -27.257 277.548 -40.349 252.145 -76.165 
202.746 -126.77 199.43 -82.903 242.095 -93.286 245.404 -137.071 
162.119 -143.367 158.809 -99.582 199.429 -82.904 202.745 -126.771 
-110.059 63.038 -112.411 106.885 -71.437 122.672 -69.085 78.825 
-140.089 140.976 -99.115 156.763 -71.439 122.673 -112.413 106.886 
-18.727 465.786 22.507 480.877 49.602 446.324 8.367 431.233 
22.507 480.878 46.997 517.325 74.093 482.771 49.603 446.324 
358.675 460.405 383.153 496.859 410.258 462.313 385.779 425.859 
385.781 425.858 410.259 462.313 452.494 450.298 428.016 413.844 
472.803 103.955 496.484 140.933 538.969 129.837 515.288 92.86 
475.38 60.119 472.803 103.954 515.288 92.859 517.865 49.025 
268.648 -143.711 268.622 -99.801 294.41 -64.262 294.436 -108.172 
162.12 -143.367 202.745 -126.77 245.404 -137.071 204.785 -153.749 
96.93 -104.482 86.676 -61.786 120.068 -90.301 130.322 -132.997 
-110.567 50.136 -66.913 54.878 -28.81 33.055 -72.463 28.313 
-137.736 97.128 -140.089 140.975 -112.412 106.885 -110.059 63.038 
-139.302 174.46 -123.222 215.32 -86.197 238.926 -102.276 198.066 
-44.655 412.958 -45.564 456.858 -19.025 421.877 -18.115 377.976 
-18.727 465.786 5.762 502.233 46.997 517.324 22.507 480.878 
76.64 526.607 119.654 517.78 149.264 485.356 106.251 494.183 
300.184 468.096 324.844 504.427 366.15 519.324 341.49 482.993 
383.153 496.859 425.387 484.843 452.493 450.297 410.259 462.313 
451.56 344.442 447.682 388.181 470.254 425.845 474.132 382.107 
485.105 199.199 527.32 187.116 554.371 152.528 512.156 164.611 
517.865 49.025 515.289 92.86 538.969 129.837 541.546 86.003 
416.961 12.987 456.653 31.766 499.803 23.628 460.111 4.849 
