158.911 225.606 153.699 269.206 196.775 260.69 201.987 217.09 
212.238 217.227 206.523 260.764 246.163 279.652 251.878 236.115 
215.212 208.183 255.188 226.348 284.817 193.941 244.84 175.776 
186.043 164.623 207.815 202.756 237.353 170.266 215.582 132.133 
135.387 177.845 156.211 216.504 199.412 208.645 178.588 169.987 
122.585 188.267 118.094 231.946 140.135 269.924 144.626 226.244 
159.961 284.62 200.618 301.205 243.259 290.725 202.602 274.14 
267.54 234.308 264.658 278.123 292.743 244.369 295.625 200.554 
227.481 122.465 248.792 160.856 288.6 179.389 267.289 140.998 
131.305 166.892 174.127 157.175 203.059 124.145 160.238 133.861 
62.327 129.436 100.038 151.93 133.085 123.016 95.374 100.522 
60.28 170.567 50.788 213.439 88.628 235.715 98.12 192.843 
14.284 254.037 52.749 275.214 84.777 245.175 46.311 223.998 
65.762 284.755 83.315 325.004 116.171 295.873 98.618 255.624 
125.938 338.682 164.913 358.907 196.192 328.09 157.217 307.865 
176.629 367.4 196.809 406.399 227.662 375.155 207.483 336.157 
219.388 327.58 238.743 366.994 282.209 360.765 262.854 321.351 
285.66 287.703 306.476 326.365 336.814 294.621 315.997 255.958 
327.824 246.934 348.158 285.853 391.455 278.541 371.122 239.622 
330.188 190.902 323.686 234.328 366.996 227.092 373.498 183.666 
286.955 120.289 307.229 159.238 350.537 151.992 330.263 113.043 
288.571 65.381 283.117 108.951 326.24 100.674 331.695 57.104 
237.266 45.469 230.21 88.808 269.248 108.911 276.304 65.572 
154.279 67.194 148.235 110.686 191.467 102.994 197.511 59.502 
107.939 45.701 99.758 88.842 138.259 109.954 146.441 66.813 
53.48 70.703 38.553 111.998 74.902 87.364 89.829 46.069 
10.029 206.32 8.484 250.202 35.527 215.609 37.072 171.726 
8.955 278.368 26.628 318.564 64.553 340.694 46.879 300.498 
121.392 364.739 147.356 400.151 189.175 413.538 163.211 378.127 
215.369 417.308 258.769 410.639 289.961 379.733 246.56 386.402 
329.036 337.836 370.576 323.606 395.819 287.676 354.278 301.907 
396.685 181.808 388.475 224.943 407.188 264.667 415.398 221.531 
342.798 55.753 342.506 99.662 368.079 135.357 368.37 91.448 
245.055 16.177 280.989 41.413 324.893 40.708 288.959 15.472 
109.8 40.179 150.39 56.93 193.073 46.623 152.483 29.873 
71.185 -53.653 77.194 -10.155 120.419 -2.428 114.41 -45.926 
1.649 17.632 20.735 57.177 52.447 26.805 33.36 -12.74 
-22.486 49.433 -20.384 93.293 7.095 127.541 4.994 83.681 
-77.617 124.439 -54.97 162.058 -12.194 152.145 -34.84 114.525 
-75.453 211.696 -33.172 199.849 -5.929 165.412 -48.211 177.259 
-69.756 224.132 -82.099 266.271 -38.208 264.988 -25.864 222.849 
-57.813 304.279 -41.944 345.221 1.898 342.779 -13.971 301.837 
-8.441 385.454 33.479 398.526 75.075 384.461 33.156 371.39 
45.541 416.955 44.228 460.845 86.377 448.531 87.69 404.64 
103.495 402.255 102.028 446.141 126.638 482.507 128.104 438.622 
150.573 434.466 147.047 478.234 187.584 495.112 191.11 451.344 
228.885 442.81 218.681 485.518 262.452 482.025 272.656 439.317 
310.336 418.628 309.924 462.536 336.065 427.256 336.477 383.348 
357.031 379.132 355.319 423.009 396.52 438.195 398.231 394.319 
359.165 366.009 400.937 379.544 442.687 365.941 400.915 352.406 
403.462 330.916 444.448 346.672 472.099 312.561 431.113 296.805 
446.77 217.792 435.933 260.344 473.053 283.8 483.89 241.249 
415.749 138.997 440.141 175.509 481.335 190.712 456.944 154.199 
418.351 120.563 459.54 135.778 486.74 101.306 445.55 86.091 
403.703 70.906 405.572 114.776 429.846 78.186 427.977 34.316 
365.506 22.167 386.418 60.778 416.676 28.957 395.764 -9.653 
294.853 -17.446 331.873 6.168 365.77 -21.743 328.751 -45.357 
217.193 -12.644 259.214 -25.387 285.718 -60.395 243.698 -47.652 
176.423 -54.683 202.583 -19.416 228.04 -55.193 201.881 -90.46 
120.579 -50.837 144.733 -14.167 185.828 1.302 161.674 -35.368 
124.695 -90.03 161.663 -66.336 195.622 -94.173 158.653 -117.868 
6.254 -117.149 12.559 -73.695 51.939 -93.12 45.633 -136.575 
-63.048 -98.225 -44.361 -58.49 -0.796 -63.983 -19.483 -103.718 
-86.065 -56.134 -78.113 -12.95 -34.585 -7.169 -42.538 -50.353 
-81.084 60.955 -86.889 104.479 -43.701 96.55 -37.896 53.026 
-116.456 155.026 -100.957 196.109 -66.674 168.673 -82.172 127.59 
-169.663 266.873 -159.008 309.471 -115.202 312.5 -125.858 269.903 
-172.306 376.233 -129.184 384.514 -107.982 346.062 -151.105 337.78 
-118.208 388.764 -109.14 431.727 -71.082 409.827 -80.149 366.863 
-9.975 404.839 -10.357 448.747 31.284 462.679 31.666 418.771 
46.969 467.899 69.153 505.793 112.048 496.406 89.864 458.511 
148.552 573.775 192.064 579.678 211.124 540.121 167.613 534.217 
220.372 583.045 248.205 617.007 271.903 580.042 244.072 546.08 
268.995 525.444 282.565 567.204 326.475 567.202 312.905 525.442 
326.889 470.196 368.631 483.824 394.49 448.337 352.749 434.709 
408.75 393.804 405.62 437.602 448.242 427.045 451.372 383.246 
502.408 344.332 533.334 375.504 553.424 336.46 522.499 305.287 
538.216 277.259 565.999 311.262 606.923 295.347 579.14 261.344 
541.027 206.353 527.269 248.052 571.179 248.251 584.936 206.551 
468.96 141.455 494.258 177.345 520.574 142.195 495.276 106.305 
453.725 29.136 449.114 72.804 489.218 90.683 493.83 47.016 
398.645 -67.578 430.136 -36.976 468.97 -57.47 437.48 -88.071 
386.492 -120.503 392.477 -77.003 431.999 -96.138 426.014 -139.638 
347.571 -150.508 326.054 -112.232 355.809 -79.94 377.326 -118.216 
214.826 -101.8 236.724 -63.74 279.688 -72.806 257.79 -110.866 
207.068 -168.727 201.976 -125.031 245.027 -133.675 250.11 -177.289 
167.149 -186.958 162.066 -143.343 201.975 -125.031 207.068 -168.727 
-151.786 52.507 -153.247 96.392 -111.96 111.343 -110.5 67.457 
-180.227 131.036 -138.942 145.99 -111.962 111.346 -153.247 96.392 
-37.957 506.74 3.638 520.807 29.87 485.594 -11.726 471.527 
3.685 520.841 28.9 556.79 55.298 521.701 30.083 485.752 
389.368 491.948 414.219 528.149 440.969 493.327 416.117 457.126 
416.2 457.067 440.983 493.316 483.115 480.947 458.332 444.699 
511.843 87.074 535.409 124.124 577.929 113.161 554.363 76.11 
514.564 43.237 511.84 87.062 554.363 76.11 557.087 32.285 
279.712 -186.805 277.478 -142.952 301.447 -106.161 303.681 -150.014 
167.149 -186.958 207.068 -168.727 250.11 -177.289 210.2 -195.601 
94.48 -149.771 79.417 -108.525 115.847 -133.04 130.91 -174.285 
-153.648 31.565 -110.251 38.261 -71.207 18.17 -114.603 11.474 
-178.764 87.152 -180.225 131.038 -153.247 96.392 -151.786 52.507 
-177.565 166.879 -168.338 209.808 -135.639 239.116 -144.867 196.186 
-70.946 453.735 -73.323 497.58 -45.628 463.506 -43.251 419.66 
-37.957 506.74 -12.652 542.625 28.913 556.782 3.607 520.897 
60.368 565.317 104.046 560.808 136.732 531.486 93.054 535.996 
330.063 504.815 353.626 541.867 394.468 557.993 370.905 520.941 
414.212 528.143 456.332 515.733 483.113 480.935 440.993 493.346 
489.607 371.506 481.965 414.746 501.197 454.22 508.84 410.98 
528.549 185.375 571.04 174.303 598.909 140.369 556.417 151.442 
557.075 32.284 554.363 76.11 577.929 113.161 580.641 69.335 
454.901 -15.874 492.0 7.616 535.82 4.815 498.722 -18.676 
