153.182 240.318 142.326 282.865 186.145 280.042 197.001 237.495 
219.93 237.874 207.763 280.065 244.129 304.674 256.296 262.484 
227.251 213.926 263.838 238.205 298.235 210.912 261.648 186.632 
195.318 159.345 210.216 200.651 244.895 173.718 229.998 132.412 
131.748 173.608 145.363 215.355 189.273 215.307 175.658 173.561 
102.72 204.882 91.92 247.443 108.2 288.224 119.0 245.663 
156.748 312.659 195.367 333.555 238.893 327.762 200.274 306.865 
290.444 254.125 282.936 297.388 314.439 266.8 321.946 223.536 
253.756 112.146 268.511 153.503 304.757 178.288 290.002 136.931 
119.518 145.461 163.367 143.14 197.477 115.488 153.628 117.81 
20.781 100.702 51.679 131.902 90.9 112.158 60.002 80.958 
45.466 175.37 25.721 214.591 56.921 245.489 76.665 206.268 
-23.551 276.648 10.018 304.952 47.311 281.772 13.742 253.467 
27.277 320.846 35.269 364.023 73.863 343.08 65.871 299.904 
114.331 360.122 147.953 388.365 185.204 365.117 151.582 336.874 
179.996 408.718 192.873 450.697 228.818 425.479 215.942 383.499 
235.276 371.523 247.945 413.565 291.845 414.508 279.176 372.465 
304.659 309.606 317.765 351.514 353.572 326.099 340.466 284.191 
366.67 261.491 379.983 303.334 423.892 303.603 410.579 261.76 
373.826 200.209 361.605 242.384 405.493 240.974 417.714 198.799 
319.062 111.618 330.448 154.026 374.299 156.302 362.913 113.894 
321.357 42.323 308.773 84.391 352.671 83.359 365.255 41.291 
268.221 12.818 251.791 53.538 285.442 81.747 301.872 41.027 
164.325 46.956 145.69 86.716 189.262 92.152 207.897 52.392 
85.889 23.115 69.069 63.676 102.447 92.206 119.267 51.646 
11.93 34.928 -14.774 69.785 27.319 57.282 54.022 22.425 
-39.091 223.471 -42.422 267.255 -13.993 233.791 -10.662 190.007 
-33.556 310.368 -26.208 353.659 5.183 384.362 -2.166 341.071 
113.151 415.141 139.119 450.55 180.94 463.932 154.972 428.524 
223.414 469.054 267.29 470.781 303.801 446.388 259.925 444.661 
365.56 368.342 407.051 353.968 432.17 317.952 390.679 332.326 
459.988 195.169 442.139 235.287 451.281 278.236 469.13 238.117 
387.404 37.343 383.778 81.103 406.566 118.637 410.192 74.876 
282.525 -32.849 310.508 0.99 353.037 11.918 325.054 -21.921 
89.131 -13.81 127.165 8.133 170.833 3.531 132.8 -18.413 
39.513 -115.241 25.649 -73.577 60.988 -47.516 74.853 -89.18 
-49.649 -37.945 -58.127 5.138 -14.531 -0.113 -6.054 -43.197 
-91.93 33.162 -80.457 75.547 -46.262 103.093 -57.736 60.709 
-130.261 117.391 -119.9 160.061 -76.117 163.392 -86.477 120.722 
-156.834 197.479 -114.836 210.294 -73.326 195.975 -115.325 183.16 
-124.835 253.051 -156.182 283.799 -117.252 304.11 -85.905 273.362 
-111.517 347.644 -110.883 391.549 -68.93 404.513 -69.564 360.608 
-50.184 444.221 -7.019 452.275 32.637 433.42 -10.528 425.365 
25.508 476.747 20.516 520.372 63.549 511.639 68.541 468.014 
98.972 468.338 83.316 509.362 94.762 551.754 110.419 510.73 
159.245 502.108 141.134 542.109 173.58 571.695 191.691 531.694 
253.615 512.507 231.42 550.395 274.312 559.796 296.507 521.909 
338.531 473.256 340.157 517.136 364.633 480.681 363.006 436.801 
403.61 420.759 397.308 464.214 436.689 483.637 442.991 440.181 
410.719 397.725 447.509 421.695 491.363 419.462 454.572 395.492 
461.463 350.663 495.181 378.792 532.352 355.416 498.634 327.288 
526.983 227.873 503.746 265.131 532.0 298.744 555.237 261.486 
471.554 135.059 496.69 171.063 538.188 185.416 513.052 149.413 
472.641 95.012 511.158 116.097 543.113 85.98 504.596 64.896 
463.459 39.388 453.495 82.152 486.692 53.412 496.656 10.647 
419.442 -29.954 424.389 13.676 464.355 -4.513 459.407 -48.143 
329.221 -89.479 355.061 -53.977 396.81 -67.582 370.97 -103.084 
225.635 -58.185 266.675 -73.799 290.699 -110.554 249.659 -94.94 
163.343 -115.986 176.94 -74.234 212.446 -100.067 198.851 -141.819 
109.151 -129.98 118.715 -87.124 151.643 -58.075 142.079 -100.931 
126.143 -167.018 153.001 -132.28 194.339 -147.089 167.48 -181.827 
-7.094 -197.032 -18.681 -154.679 25.18 -156.746 36.768 -199.1 
-105.758 -162.864 -100.07 -119.324 -56.903 -111.279 -62.591 -154.819 
-144.113 -103.442 -130.009 -61.859 -86.103 -62.423 -100.207 -104.006 
-143.115 39.103 -153.597 81.744 -109.805 78.537 -99.322 35.896 
-172.557 129.373 -174.227 173.252 -131.98 161.281 -130.31 117.403 
-240.008 270.767 -244.463 314.45 -204.294 332.186 -199.839 288.502 
-254.42 403.676 -214.058 420.969 -185.139 387.927 -225.5 370.634 
-181.867 431.714 -189.688 474.922 -146.179 469.009 -138.357 425.801 
-48.347 467.109 -57.605 510.032 -19.644 532.101 -10.386 489.178 
20.559 520.579 34.705 562.148 78.611 561.54 64.465 519.971 
132.079 647.784 173.369 662.723 200.337 628.069 159.046 613.13 
228.009 662.161 251.308 699.38 279.505 665.721 256.208 628.502 
298.083 596.714 298.41 640.623 340.271 653.88 339.944 609.971 
363.457 524.574 403.054 543.552 433.338 511.758 393.741 492.78 
453.403 441.532 442.587 484.089 486.404 481.225 497.219 438.667 
566.577 382.926 591.449 419.113 618.179 384.277 593.307 348.09 
609.207 294.158 633.61 330.663 675.869 318.735 651.466 282.23 
622.629 213.657 597.531 249.688 639.554 262.423 664.651 226.392 
532.433 128.572 553.162 167.281 583.571 135.605 562.842 96.896 
525.574 10.529 511.284 52.049 546.355 78.47 560.646 36.951 
469.14 -109.144 495.095 -73.726 536.8 -87.466 510.845 -122.884 
423.465 -179.885 427.02 -136.119 467.545 -153.025 463.99 -196.791 
391.212 -216.243 359.723 -185.64 379.097 -146.235 410.586 -176.838 
226.973 -166.812 239.268 -124.659 283.158 -123.328 270.862 -165.481 
222.94 -241.342 210.993 -199.003 254.87 -200.722 266.794 -242.981 
187.184 -268.21 172.554 -226.808 207.408 -200.101 222.065 -241.579 
-207.834 20.218 -215.202 63.506 -176.31 83.89 -168.942 40.602 
-247.921 93.481 -209.79 115.256 -177.298 85.72 -215.429 63.945 
-83.734 562.753 -40.551 570.707 -19.642 532.094 -62.826 524.141 
-35.891 572.886 -16.471 612.268 14.983 581.629 -4.437 542.247 
421.434 554.023 448.415 588.665 473.024 552.299 446.042 517.657 
454.748 511.655 475.13 550.548 518.418 543.182 498.036 504.289 
581.412 77.201 602.521 115.705 645.663 107.528 624.554 69.025 
587.831 32.377 581.155 75.777 624.493 68.715 631.17 25.316 
311.752 -255.758 299.435 -213.611 314.244 -172.273 326.56 -214.42 
187.171 -268.193 222.91 -242.725 266.795 -242.973 231.08 -268.518 
97.258 -228.254 79.299 -188.184 117.381 -210.046 135.339 -250.115 
-206.638 -38.176 -174.452 -8.307 -130.857 -3.061 -163.042 -32.93 
-239.769 50.342 -247.913 93.49 -215.962 63.369 -207.819 20.221 
-237.291 149.487 -242.282 193.113 -220.678 231.34 -215.687 187.715 
-127.339 508.67 -140.689 550.501 -105.302 524.506 -91.952 482.674 
-83.746 562.821 -58.097 598.46 -16.397 612.216 -42.048 576.577 
27.065 623.845 70.485 630.382 109.457 610.15 66.036 603.612 
367.532 569.366 383.852 610.13 421.016 633.516 404.697 592.752 
448.4 588.656 490.8 577.24 518.393 543.083 475.993 554.498 
548.036 425.702 531.336 466.312 541.695 508.983 558.396 468.373 
597.147 177.364 640.906 173.734 674.175 145.075 630.415 148.706 
631.089 25.303 624.993 68.788 645.622 107.551 651.717 64.066 
530.519 -44.008 562.235 -13.64 605.743 -7.713 574.028 -38.081 
