148.673 242.193 134.577 283.779 178.484 284.334 192.579 242.748 
220.94 243.849 205.147 284.821 239.232 312.502 255.026 271.531 
229.841 213.686 264.712 240.372 300.866 215.454 265.995 188.768 
197.147 155.517 209.593 197.627 245.795 172.778 233.35 130.669 
129.757 168.848 139.697 211.618 183.446 215.381 173.506 172.611 
96.163 205.891 82.383 247.583 95.742 289.412 109.521 247.72 
151.663 319.101 188.847 342.456 232.657 339.495 195.474 316.14 
297.095 259.201 286.761 301.877 320.206 273.425 330.54 230.749 
261.985 105.864 273.605 148.208 307.895 175.635 296.276 133.291 
114.817 133.812 158.681 135.81 195.343 111.644 151.479 109.646 
7.739 93.309 34.396 128.202 75.818 113.632 49.162 78.74 
40.675 171.66 16.276 208.168 43.457 242.654 67.856 206.146 
-32.644 286.317 1.152 314.35 38.258 290.87 4.461 262.837 
17.989 329.823 22.321 373.519 62.54 355.897 58.208 312.201 
105.791 363.481 136.781 394.589 175.943 374.729 144.953 343.621 
182.436 418.156 193.14 460.742 230.333 437.403 219.631 394.818 
241.436 382.519 251.211 425.327 294.944 429.259 285.17 386.451 
309.147 315.92 319.174 358.669 356.733 335.923 346.706 293.173 
378.065 261.863 389.171 304.346 433.006 306.911 421.9 264.429 
388.545 199.169 373.381 240.377 417.259 242.065 432.422 200.856 
328.962 106.954 336.817 150.155 380.332 156.034 372.477 112.833 
328.501 30.741 313.525 72.018 357.41 73.505 372.386 32.228 
274.623 -3.11 253.291 35.27 283.2 67.418 304.532 29.039 
168.634 34.113 143.961 70.436 186.13 82.676 210.803 46.354 
77.519 13.018 60.024 53.292 92.921 82.376 110.416 42.102 
-6.231 26.168 -34.965 59.371 7.798 49.399 36.532 16.196 
-54.99 232.206 -58.267 275.993 -29.879 242.494 -26.602 198.707 
-42.748 315.231 -37.95 358.878 -8.412 391.369 -13.211 347.721 
111.113 430.216 138.332 464.672 180.605 476.549 153.386 442.093 
224.573 480.933 268.25 485.452 306.241 463.436 262.564 458.916 
377.574 374.572 418.886 359.693 443.563 323.373 402.251 338.252 
477.217 198.837 456.52 237.563 462.539 281.059 483.236 242.333 
398.335 26.761 393.991 70.455 416.158 108.359 420.503 64.664 
291.286 -50.908 316.837 -15.197 358.498 -1.325 332.947 -37.036 
79.848 -29.532 117.02 -6.159 160.832 -9.099 123.66 -32.472 
25.578 -129.484 14.908 -86.89 52.12 -63.58 62.79 -106.174 
-59.836 -52.038 -69.791 -9.272 -26.041 -13.019 -16.086 -55.786 
-107.284 13.582 -100.611 56.981 -69.702 88.17 -76.376 44.77 
-136.861 113.079 -134.563 156.929 -92.149 168.293 -94.447 124.443 
-174.872 192.424 -137.177 214.945 -93.444 211.007 -131.139 188.486 
-138.636 258.831 -172.615 286.643 -135.663 310.365 -101.685 282.552 
-120.56 351.595 -125.338 395.244 -85.301 413.276 -80.523 369.628 
-64.277 451.826 -20.924 458.794 18.246 438.949 -25.108 431.981 
15.38 482.765 6.22 525.709 49.893 521.15 59.053 478.206 
97.28 480.258 76.047 518.693 81.461 562.268 102.694 523.834 
160.956 515.818 136.269 552.131 163.176 586.831 187.863 550.518 
256.034 527.629 229.971 562.968 271.634 576.835 297.697 541.496 
339.583 492.007 341.247 535.886 365.691 499.409 364.028 455.531 
412.505 431.947 403.43 474.909 441.486 496.815 450.56 453.853 
422.634 403.444 456.412 431.501 500.229 434.345 466.452 406.288 
476.279 352.662 505.225 385.68 545.572 368.354 516.626 335.335 
547.048 230.983 520.33 265.829 545.214 302.007 571.932 267.161 
487.838 137.295 512.95 173.317 554.438 187.699 529.326 151.677 
485.926 86.061 522.508 110.348 556.911 83.062 520.329 58.775 
479.454 27.893 464.192 69.065 500.74 44.727 516.002 3.554 
431.968 -48.019 429.492 -4.18 471.952 -15.372 474.427 -59.212 
337.981 -110.17 359.585 -71.943 402.617 -80.677 381.013 -118.905 
231.808 -75.771 273.047 -90.851 297.546 -127.291 256.307 -112.211 
157.496 -132.701 164.467 -89.347 203.544 -109.374 196.574 -152.727 
102.976 -151.783 106.661 -108.028 135.36 -74.795 131.676 -118.55 
121.916 -186.897 146.875 -150.771 188.946 -163.344 163.987 -199.471 
-11.871 -216.554 -29.809 -176.475 13.851 -171.8 31.789 -211.878 
-117.305 -178.074 -108.072 -135.145 -64.391 -130.661 -73.624 -173.589 
-150.997 -122.061 -138.902 -79.849 -95.02 -78.308 -107.114 -120.52 
-176.979 29.66 -188.446 72.046 -144.591 69.854 -133.123 27.468 
-184.705 118.934 -193.013 162.051 -149.44 156.629 -141.13 113.513 
-254.872 262.643 -263.19 305.758 -224.755 326.991 -216.437 283.876 
-275.134 397.243 -236.286 417.711 -204.815 387.089 -243.663 366.621 
-198.531 430.547 -209.549 473.052 -165.72 470.396 -154.701 427.891 
-62.777 472.075 -73.543 514.645 -36.383 538.039 -25.617 495.469 
6.734 529.235 18.589 571.514 62.463 573.304 50.607 531.025 
119.794 660.969 159.8 679.07 189.378 646.616 149.372 628.515 
219.573 678.495 240.577 717.056 270.76 685.164 249.757 646.603 
296.601 612.955 292.495 656.672 332.805 674.086 336.911 630.369 
368.891 543.202 407.578 563.973 439.287 533.599 400.6 512.827 
462.067 456.064 448.101 497.694 492.01 498.112 505.975 456.482 
580.466 395.01 602.601 432.933 631.828 400.163 609.693 362.24 
625.222 303.343 648.044 340.857 690.774 330.745 667.952 293.231 
642.122 220.699 613.937 254.369 654.669 270.77 682.854 237.1 
551.847 126.679 570.721 166.326 602.596 136.126 583.722 96.478 
546.21 5.51 528.444 45.665 561.144 74.971 578.91 34.815 
485.708 -123.388 509.062 -86.204 551.644 -96.925 528.289 -134.109 
435.428 -194.624 437.982 -150.789 478.883 -166.764 476.329 -210.6 
403.533 -231.57 370.492 -202.65 387.787 -162.289 420.828 -191.209 
229.936 -192.087 240.359 -149.433 284.148 -146.166 273.724 -188.82 
232.478 -260.901 220.022 -218.709 263.916 -219.898 276.349 -262.011 
192.944 -295.39 170.755 -257.499 199.935 -224.687 222.166 -262.649 
-217.876 3.358 -230.8 45.323 -194.883 70.583 -181.959 28.618 
-271.032 68.007 -239.508 98.574 -200.695 78.039 -232.219 47.472 
-102.212 564.763 -59.59 575.315 -36.383 538.039 -79.006 527.487 
-54.369 578.096 -38.899 619.19 -4.595 591.779 -20.066 550.684 
420.305 573.194 447.049 608.019 471.906 571.822 445.161 536.996 
459.642 527.783 475.513 568.725 519.356 566.282 503.484 525.34 
602.423 79.13 621.649 118.608 665.135 112.522 645.909 73.045 
614.26 30.252 601.723 72.334 645.62 71.253 658.157 29.17 
326.63 -272.312 308.641 -232.256 317.631 -189.277 335.62 -229.333 
197.613 -302.23 231.363 -274.18 275.145 -271.17 241.425 -299.296 
91.671 -247.165 75.356 -206.399 112.517 -229.79 128.832 -270.557 
-204.771 -69.882 -188.362 -29.153 -151.147 -5.848 -167.556 -46.577 
-255.188 27.037 -271.047 67.983 -234.149 44.179 -218.29 3.233 
-255.187 139.589 -260.565 183.169 -239.3 221.587 -233.922 178.007 
-145.188 509.209 -162.516 549.555 -124.783 527.099 -107.455 486.752 
-102.212 564.761 -79.353 602.251 -38.823 619.145 -61.683 581.655 
10.693 632.941 53.495 642.745 93.885 625.518 51.083 615.714 
369.0 584.945 380.709 627.265 415.058 654.619 403.348 612.299 
447.047 608.019 489.988 598.844 519.335 566.181 476.394 575.356 
560.262 444.572 540.404 483.735 547.359 527.091 567.217 487.928 
613.485 178.664 657.387 179.528 693.412 154.423 649.511 153.559 
658.059 29.147 648.271 71.952 665.513 112.336 675.301 69.531 
551.381 -53.016 581.305 -20.881 624.402 -12.471 594.479 -44.607 
