154.347 238.711 144.363 281.471 188.115 277.753 198.1 234.994 
219.335 235.3 208.102 277.749 245.002 301.55 256.235 259.101 
226.098 213.811 263.199 237.298 297.0 209.271 259.9 185.784 
194.473 160.751 210.387 201.676 244.39 173.894 228.477 132.969 
132.654 174.983 147.441 216.329 191.332 215.043 176.545 173.697 
105.679 202.763 95.936 245.579 113.221 285.944 122.964 243.129 
157.693 309.417 196.67 329.638 240.089 323.088 201.112 302.866 
287.509 252.143 280.75 295.529 311.72 264.402 318.479 221.015 
250.834 113.922 266.491 154.946 303.271 178.931 287.614 137.908 
121.696 149.523 165.446 145.782 198.643 117.04 154.892 120.78 
27.843 104.506 60.338 134.038 98.467 112.26 65.972 82.727 
46.235 175.622 28.138 215.629 60.595 245.204 78.692 205.197 
-20.097 271.35 14.01 299.004 50.851 275.11 16.742 247.457 
31.959 314.749 41.452 357.621 79.292 335.344 69.799 292.473 
116.482 358.69 150.944 385.901 187.473 361.534 153.011 334.323 
178.347 404.486 192.165 446.165 227.534 420.144 213.716 378.465 
232.526 366.342 246.124 408.092 290.035 408.06 276.436 366.309 
302.648 307.364 316.765 348.943 351.946 322.668 337.829 281.089 
361.975 260.978 376.143 302.54 420.049 301.908 405.88 260.346 
368.128 200.058 356.786 242.478 400.635 240.156 411.976 197.736 
315.402 113.168 327.956 155.245 371.853 156.307 359.299 114.23 
318.001 46.177 306.402 88.527 350.264 86.472 361.863 44.121 
265.096 18.285 250.33 59.637 285.096 86.46 299.862 45.107 
162.961 51.099 146.532 91.82 190.336 94.861 206.766 54.141 
89.822 26.499 74.011 67.463 108.085 95.159 123.896 54.194 
18.267 38.894 -7.936 74.129 33.973 61.025 60.176 25.79 
-32.292 219.086 -35.582 262.872 -7.184 229.382 -3.894 185.595 
-29.24 306.58 -20.619 349.635 11.664 379.399 3.042 336.344 
113.479 408.803 139.238 444.364 180.979 457.993 155.221 422.432 
222.47 463.76 266.375 464.427 302.286 439.16 258.381 438.493 
360.86 365.664 402.381 351.377 427.574 315.413 386.054 329.7 
453.024 193.766 436.232 234.339 446.496 277.032 463.287 236.46 
382.869 40.536 379.533 84.319 402.568 121.702 405.904 77.919 
278.536 -26.575 307.399 6.516 350.2 16.323 321.337 -16.769 
93.666 -7.271 131.972 14.193 175.579 9.041 137.272 -12.423 
44.736 -109.153 30.731 -67.536 65.983 -41.356 79.988 -82.973 
-46.067 -31.374 -51.902 12.146 -8.708 4.247 -2.874 -39.274 
-85.743 40.126 -73.927 82.416 -39.511 109.684 -51.327 67.394 
-126.278 118.523 -113.369 160.492 -69.465 161.184 -82.373 119.215 
-148.473 199.449 -105.478 208.364 -65.454 190.304 -108.45 181.389 
-119.592 249.944 -148.578 282.928 -108.252 300.302 -79.266 267.318 
-106.875 344.191 -103.679 387.984 -61.041 398.477 -64.237 354.684 
-43.642 438.793 -0.601 447.489 39.331 429.226 -3.71 420.53 
28.566 471.796 24.433 515.511 67.285 505.933 71.419 462.218 
99.079 462.124 85.388 503.845 98.835 545.646 112.526 503.925 
157.881 495.337 142.152 536.333 176.282 563.961 192.011 522.964 
251.094 505.592 230.382 544.311 273.606 552.044 294.317 513.325 
336.749 466.369 338.12 510.258 362.807 473.945 361.436 430.056 
399.595 415.971 393.991 459.522 433.679 478.31 439.283 434.759 
405.682 395.163 443.477 417.515 487.192 413.383 449.397 391.031 
455.315 349.45 490.533 375.676 526.359 350.286 491.141 324.06 
518.389 226.925 496.611 265.054 526.143 297.549 547.922 259.42 
465.319 134.674 490.398 170.717 531.873 185.136 506.794 149.092 
466.81 97.765 505.869 117.827 537.019 86.879 497.96 66.817 
456.902 43.233 448.983 86.423 480.777 56.137 488.696 12.947 
414.075 -23.105 421.749 20.129 460.496 -0.529 452.821 -43.764 
325.856 -80.675 353.555 -46.603 394.518 -62.418 366.819 -96.49 
224.084 -52.947 265.183 -68.406 289.346 -105.069 248.247 -89.611 
165.759 -108.782 182.022 -67.995 215.787 -96.066 199.525 -136.853 
111.091 -119.73 123.572 -77.631 158.414 -50.908 145.933 -93.007 
126.265 -157.912 154.742 -124.488 195.33 -141.242 166.853 -174.666 
-6.66 -188.11 -15.907 -145.185 27.775 -149.655 37.022 -192.58 
-102.989 -155.438 -96.809 -111.965 -53.554 -104.409 -59.734 -147.882 
-140.587 -96.606 -127.457 -54.705 -83.549 -54.246 -96.68 -96.147 
-132.082 42.369 -144.236 84.564 -100.351 83.084 -88.197 40.889 
-167.589 133.407 -166.198 177.295 -124.888 162.41 -126.278 118.523 
-233.025 272.487 -235.607 316.321 -194.716 332.322 -192.134 288.488 
-244.798 404.162 -203.849 420.013 -176.12 385.966 -217.069 370.115 
-174.55 429.847 -180.531 473.348 -137.311 465.594 -131.329 422.094 
-42.411 460.904 -50.502 504.063 -11.956 525.094 -3.865 481.936 
24.469 515.675 39.581 556.903 83.461 555.271 68.349 514.043 
135.576 640.758 177.303 654.433 203.203 618.975 161.477 605.3 
229.847 653.875 253.924 690.596 281.407 656.351 257.332 619.63 
297.052 589.169 299.146 633.029 341.507 644.59 339.413 600.73 
360.687 517.803 400.643 536.011 430.307 503.637 390.35 485.428 
449.453 435.829 439.802 478.666 483.524 474.607 493.175 431.771 
560.341 378.095 586.196 413.586 611.961 378.029 586.106 342.538 
602.187 290.814 627.15 326.938 669.22 314.36 644.257 278.236 
614.136 211.227 590.357 248.141 632.813 259.349 656.592 222.435 
525.242 129.181 546.651 167.518 576.497 135.31 555.088 96.973 
517.018 12.082 504.125 54.056 540.062 79.289 552.954 37.314 
461.726 -103.722 488.702 -69.075 529.989 -84.024 503.014 -118.671 
418.41 -173.991 422.447 -130.267 462.784 -147.618 458.746 -191.342 
385.608 -209.867 354.931 -178.451 375.329 -139.567 406.007 -170.983 
225.244 -158.835 238.71 -117.041 282.62 -116.934 269.154 -158.728 
219.563 -233.023 208.711 -190.39 252.529 -193.239 263.36 -235.792 
182.607 -257.088 171.042 -214.729 207.755 -190.64 219.341 -233.078 
-203.729 26.515 -209.435 70.053 -169.792 88.934 -164.085 45.396 
-240.104 101.691 -200.696 121.061 -170.097 89.568 -209.504 70.199 
-76.921 559.593 -33.807 567.909 -12.574 529.474 -55.689 521.158 
-30.12 569.725 -9.086 608.269 21.073 576.354 0.039 537.81 
420.457 546.427 447.29 581.184 472.054 544.924 445.22 510.167 
452.148 505.324 473.712 543.575 516.754 534.886 495.189 496.636 
573.289 77.028 595.054 115.164 638.049 106.25 616.285 68.113 
578.534 32.73 573.142 76.308 616.253 67.97 621.645 24.392 
305.681 -248.705 295.589 -205.97 312.543 -165.466 322.635 -208.2 
182.598 -257.074 219.541 -233.387 263.36 -235.784 226.438 -259.55 
97.343 -219.326 78.927 -179.464 117.256 -200.888 135.672 -240.749 
-204.923 -25.874 -169.099 -0.482 -125.192 -0.997 -161.016 -26.389 
-234.121 58.199 -240.095 101.7 -209.692 70.018 -203.717 26.517 
-230.977 152.86 -234.525 196.627 -211.67 234.12 -208.122 190.354 
-119.981 505.938 -131.18 548.396 -97.164 520.628 -85.966 478.17 
-76.921 559.593 -50.866 594.938 -9.012 608.217 -35.068 572.873 
32.372 618.786 75.985 623.881 114.264 602.367 70.651 597.272 
365.536 562.385 383.283 602.549 421.249 624.61 403.502 584.446 
447.269 581.171 489.534 569.263 516.728 534.787 474.463 546.695 
542.566 418.529 527.115 459.631 538.775 501.965 554.226 460.863 
590.135 177.049 633.747 171.941 666.028 142.174 622.416 147.282 
621.573 24.382 616.49 67.997 638.014 106.27 643.097 62.655 
521.529 -40.937 554.081 -11.467 597.738 -6.758 565.186 -36.228 
