160.746 219.448 160.307 263.355 202.201 250.205 202.64 206.297 
206.262 206.156 206.137 250.065 247.859 263.753 247.984 219.843 
207.247 202.578 249.047 216.025 274.752 180.426 232.952 166.978 
178.277 165.107 204.187 200.558 229.896 164.962 203.987 129.511 
134.001 180.151 159.468 215.921 201.358 202.754 175.89 166.983 
129.129 184.18 128.982 228.089 154.672 263.7 154.82 219.79 
162.806 269.594 204.522 283.3 246.327 269.868 204.611 256.162 
254.463 219.366 254.432 263.276 280.266 227.77 280.297 183.86 
208.617 125.636 234.411 161.171 276.166 174.758 250.372 139.223 
132.361 175.825 174.182 162.442 200.15 127.034 158.329 140.416 
87.244 158.882 128.709 173.332 155.265 138.363 113.8 123.913 
84.884 170.601 84.81 214.511 126.548 228.151 126.622 184.241 
58.408 250.604 100.037 264.57 126.184 229.293 84.554 215.327 
100.354 264.804 125.506 300.797 151.965 265.754 126.813 229.761 
136.392 306.808 178.126 320.459 204.006 284.985 162.271 271.335 
178.699 320.867 204.099 356.685 230.314 321.46 204.915 285.642 
205.258 285.401 230.433 321.377 272.428 308.551 247.253 272.575 
255.881 264.289 281.692 299.812 307.5 264.286 281.688 228.764 
282.29 228.324 307.82 264.049 349.686 250.809 324.156 215.083 
282.81 183.827 282.105 227.732 324.078 214.836 324.784 170.931 
252.029 137.959 277.858 173.468 319.611 159.876 293.782 124.366 
252.106 93.093 251.713 137.001 293.594 123.806 293.986 79.898 
210.087 78.932 209.466 122.837 251.031 136.995 251.652 93.09 
157.324 93.748 157.329 137.658 199.089 124.084 199.083 80.174 
114.709 79.497 113.974 123.401 155.502 137.667 156.237 93.763 
87.599 114.043 85.973 157.922 113.081 123.378 114.706 79.498 
57.528 206.604 58.272 250.508 83.476 214.552 82.732 170.648 
58.41 250.604 83.355 286.74 124.777 301.312 99.831 265.176 
135.872 308.506 162.158 343.679 204.098 356.684 177.812 321.511 
204.101 356.683 246.083 343.816 272.484 308.73 230.501 321.597 
282.437 300.344 324.108 286.502 349.685 250.81 308.014 264.652 
325.252 170.936 324.496 214.839 349.69 250.802 350.447 206.899 
294.023 79.898 294.523 123.806 320.735 159.033 320.235 115.126 
210.488 77.741 251.886 92.381 293.982 79.892 252.584 65.252 
114.766 79.312 156.751 92.174 198.277 77.901 156.292 65.039 
87.607 41.384 113.772 76.647 155.395 62.659 129.229 27.396 
60.676 76.26 85.47 112.5 112.274 77.72 87.479 41.48 
59.197 77.32 56.979 121.174 80.96 157.957 83.178 114.103 
8.437 140.788 34.627 176.032 76.24 162.014 50.05 126.77 
12.812 219.198 54.199 204.528 79.058 168.333 37.671 183.003 
13.435 220.85 14.028 264.756 55.602 250.624 55.009 206.718 
14.031 264.758 38.902 300.945 81.003 288.473 56.132 252.286 
40.053 304.311 81.608 318.498 123.566 305.551 82.011 291.363 
84.907 326.374 85.404 370.281 127.009 356.241 126.512 312.334 
131.794 311.956 132.278 355.863 158.478 391.101 157.994 347.193 
161.268 347.0 162.224 390.899 204.27 403.557 203.315 359.657 
205.126 359.652 204.275 403.554 246.291 390.797 247.142 346.895 
250.573 346.779 250.289 390.688 276.327 355.331 276.61 311.422 
283.744 310.77 284.161 354.678 326.049 367.849 325.632 323.941 
284.902 306.28 326.782 319.479 368.421 305.541 326.542 292.342 
327.469 288.687 369.53 301.294 394.518 265.187 352.457 252.58 
353.984 206.833 353.053 250.733 394.516 265.185 395.448 221.285 
329.57 167.429 355.027 203.206 396.652 217.188 371.195 181.41 
331.147 160.582 373.011 173.831 398.549 138.111 356.685 124.862 
327.099 114.49 327.721 158.396 353.025 122.509 352.403 78.604 
296.917 77.478 323.626 112.33 348.519 76.158 321.809 41.305 
253.709 61.561 295.116 76.173 321.808 41.307 280.4 26.695 
208.261 71.906 250.299 59.221 276.851 24.248 234.813 36.934 
177.443 34.109 203.853 69.189 229.055 33.232 202.646 -1.849 
129.994 26.778 157.181 61.26 199.444 73.177 172.257 38.695 
132.225 16.953 173.65 31.515 200.301 -3.383 158.876 -17.945 
74.878 -16.254 78.414 27.513 118.946 10.626 115.41 -33.142 
32.815 -28.854 33.828 15.044 75.891 27.646 74.878 -16.253 
3.496 47.084 43.104 66.038 73.37 34.225 33.761 15.271 
5.515 93.453 7.016 137.337 48.288 122.349 46.787 78.464 
-20.901 178.0 4.148 214.065 30.707 179.098 5.659 143.033 
-47.844 215.002 -44.399 258.776 -1.702 269.027 -5.147 225.252 
-70.593 296.304 -28.816 309.825 -3.047 274.272 -44.824 260.751 
-25.945 311.738 -2.039 348.571 25.603 314.453 1.698 277.621 
37.942 313.898 38.732 357.8 80.731 370.615 79.94 326.712 
86.22 372.5 111.655 408.293 153.556 395.165 128.122 359.371 
136.278 444.651 178.566 456.476 202.881 419.912 160.593 408.087 
181.829 458.444 207.683 493.936 233.448 458.38 207.594 422.888 
212.595 418.952 237.182 455.332 279.38 443.189 254.792 406.809 
257.604 395.047 299.521 408.126 324.912 372.302 282.995 359.223 
328.515 323.867 328.192 367.776 370.052 354.514 370.375 310.605 
384.729 307.994 411.611 342.713 436.325 306.418 409.443 271.698 
413.711 268.152 439.566 303.644 481.31 290.023 455.455 254.531 
412.938 218.272 411.495 262.158 453.68 249.969 455.123 206.083 
376.924 176.328 403.08 211.598 428.541 175.823 402.385 140.553 
357.861 78.314 357.477 122.222 399.117 136.156 399.502 92.248 
332.518 28.927 359.792 63.34 400.949 48.035 373.675 13.622 
330.901 -18.981 330.988 24.929 372.722 11.277 372.635 -32.633 
285.945 -34.768 283.382 9.067 324.28 25.05 326.843 -18.785 
205.844 -4.483 232.132 30.688 273.706 16.555 247.418 -18.617 
203.2 -56.541 202.457 -12.555 244.441 -25.417 245.183 -69.32 
161.673 -70.731 160.93 -26.827 202.456 -12.554 203.2 -56.539 
-43.119 79.98 -43.892 123.883 -2.376 138.185 -1.603 94.282 
-70.323 158.947 -28.808 173.251 -2.375 138.188 -43.891 123.884 
11.045 400.531 52.688 414.454 78.799 379.151 37.155 365.228 
52.694 414.456 78.201 450.198 104.312 414.895 78.805 379.152 
306.038 411.946 331.587 447.657 357.656 412.322 332.106 376.611 
332.104 376.61 357.67 412.309 399.523 399.026 373.956 363.326 
408.578 135.243 433.932 171.094 475.863 158.059 450.509 122.208 
409.146 91.308 408.566 135.214 450.503 122.198 451.082 78.291 
256.841 -70.721 256.202 -26.815 281.49 9.081 282.13 -34.825 
161.673 -70.731 203.201 -56.54 245.183 -69.32 203.658 -83.592 
120.747 -33.386 120.065 10.519 146.424 -24.6 147.105 -68.505 
-41.295 70.509 0.65 83.498 42.219 69.35 0.274 56.362 
-69.55 115.044 -70.323 158.948 -43.891 123.883 -43.118 79.98 
-72.705 174.354 -46.523 209.605 -4.622 222.734 -30.803 187.483 
0.69 350.611 0.031 394.516 26.371 359.383 27.03 315.478 
11.04 400.546 36.554 436.283 78.201 450.197 52.686 414.461 
92.903 457.298 134.589 443.5 160.204 407.835 118.518 421.633 
255.654 406.184 280.977 442.056 322.55 456.191 297.226 420.32 
331.649 447.703 373.494 434.393 399.524 399.03 357.679 412.34 
384.426 308.234 384.615 352.144 410.577 387.557 410.388 343.647 
412.407 216.662 454.37 203.732 480.72 168.606 438.756 181.536 
451.102 78.292 450.523 122.198 475.862 158.06 476.441 114.153 
360.018 63.927 401.766 77.538 443.54 64.01 401.793 50.4 
