151.451 242.147 139.221 284.32 183.109 282.92 195.339 240.747 
220.322 241.497 206.567 283.197 241.975 309.165 255.73 267.465 
228.391 214.021 264.184 239.456 299.434 213.274 263.641 187.839 
196.105 157.635 209.772 199.364 245.235 173.471 231.569 131.742 
130.628 171.407 142.472 213.69 186.345 215.492 174.501 173.209 
99.057 207.117 86.786 249.277 101.64 290.599 113.911 248.438 
154.46 316.196 192.444 338.226 236.122 333.723 198.138 311.693 
294.006 256.847 285.336 299.892 317.651 270.164 326.322 227.119 
257.67 109.344 270.929 151.204 306.261 177.276 293.002 135.416 
117.256 140.246 161.164 139.853 196.456 113.726 152.548 114.119 
12.96 97.918 41.823 131.009 82.214 113.785 53.351 80.694 
43.838 174.873 21.859 212.886 51.22 245.536 73.199 207.523 
-27.419 283.651 5.989 312.146 43.413 289.177 10.005 260.683 
21.957 327.489 27.914 370.994 67.448 351.886 61.492 308.381 
110.306 361.444 142.622 391.172 180.881 369.625 148.565 339.896 
181.694 413.528 193.328 455.869 230.001 431.721 218.368 389.38 
238.545 377.566 249.843 419.997 293.689 422.364 282.391 379.933 
306.904 312.738 318.581 355.067 355.23 330.88 343.552 288.551 
372.563 261.637 384.718 303.832 428.603 305.311 416.448 263.116 
381.325 199.896 367.755 241.656 411.665 241.658 425.235 199.897 
323.921 109.312 333.602 152.141 377.327 156.169 367.646 113.339 
325.434 36.824 311.581 78.492 355.49 78.791 369.343 37.123 
271.894 5.104 253.056 44.768 284.957 74.941 303.795 35.277 
166.397 41.006 144.79 79.232 187.822 87.97 209.429 49.744 
81.317 18.629 63.781 58.886 96.649 88.003 114.184 47.746 
1.524 31.531 -25.79 65.912 16.516 54.152 43.83 19.771 
-47.218 229.744 -50.547 273.527 -22.119 240.062 -18.79 196.279 
-37.903 313.363 -31.965 356.869 -1.588 388.576 -7.527 345.069 
112.312 422.944 138.828 457.945 180.852 470.676 154.336 435.675 
224.041 475.224 267.836 478.41 305.138 455.247 261.344 452.06 
371.723 371.575 413.134 356.972 438.052 320.817 396.642 335.421 
468.713 197.057 449.459 236.521 457.08 279.765 476.333 240.301 
393.094 32.616 389.089 76.343 411.55 114.073 415.555 70.346 
287.36 -41.618 314.152 -6.828 356.275 5.569 329.484 -29.22 
83.869 -21.707 121.499 0.922 165.243 -2.889 127.613 -25.518 
32.499 -122.853 20.119 -80.725 56.36 -55.932 68.74 -98.06 
-54.575 -45.093 -63.739 -2.15 -20.066 -6.705 -10.902 -49.648 
-100.199 22.32 -90.511 65.148 -57.5 94.102 -67.188 51.274 
-133.385 116.068 -127.088 159.524 -83.813 166.963 -90.11 123.507 
-166.072 195.704 -125.926 213.491 -82.992 204.283 -123.139 186.496 
-131.463 257.051 -164.806 285.622 -127.33 308.505 -93.986 279.934 
-115.632 350.828 -118.195 394.663 -77.298 410.646 -74.734 366.811 
-56.331 449.227 -13.033 456.535 26.291 436.997 -17.007 429.689 
20.445 480.516 13.533 523.879 56.909 517.053 63.821 473.69 
98.242 474.706 79.839 514.574 88.384 557.644 106.787 517.777 
160.335 509.497 138.841 547.787 168.615 580.061 190.108 541.771 
255.448 520.537 231.231 557.165 273.55 568.878 297.767 532.25 
339.533 482.542 341.288 526.417 365.657 489.89 363.902 446.015 
408.235 426.636 400.746 469.902 439.58 490.396 447.07 447.129 
416.812 400.728 452.144 426.8 496.053 427.125 460.721 401.053 
469.055 351.913 500.531 382.529 539.376 362.054 507.899 331.438 
537.427 229.33 512.37 265.389 538.921 300.362 563.978 264.303 
479.608 135.99 504.76 171.983 546.264 186.318 521.112 150.325 
479.696 90.891 517.33 113.515 550.476 84.714 512.842 62.091 
471.797 33.917 459.106 75.953 494.082 49.405 506.772 7.369 
425.915 -39.108 427.059 4.787 468.452 -9.865 467.308 -53.761 
333.575 -100.484 357.066 -63.386 399.607 -74.264 376.116 -111.362 
228.279 -66.154 269.357 -81.668 293.471 -118.364 252.392 -102.85 
160.327 -124.64 170.831 -82.005 208.133 -105.17 197.63 -147.805 
106.266 -141.349 112.65 -97.906 143.35 -66.511 136.966 -109.955 
124.905 -177.893 150.172 -141.981 192.134 -154.913 166.868 -190.825 
-8.679 -207.582 -23.175 -166.134 20.724 -165.155 35.221 -206.603 
-110.473 -170.929 -103.263 -127.615 -59.84 -121.088 -67.051 -164.402 
-147.05 -113.33 -133.027 -71.719 -89.12 -72.198 -103.143 -113.809 
-160.369 34.176 -169.788 77.064 -126.088 72.768 -116.67 29.88 
-178.109 124.234 -183.927 167.757 -140.737 159.84 -134.918 116.318 
-247.99 267.049 -254.504 310.473 -215.218 330.087 -208.704 286.663 
-265.494 400.949 -225.934 420.005 -195.586 388.271 -235.145 369.215 
-190.6 431.897 -200.327 474.716 -156.598 470.735 -146.87 427.916 
-54.897 469.783 -65.282 512.447 -27.915 535.508 -17.53 492.844 
13.854 525.673 26.945 567.586 70.852 568.088 57.761 526.175 
126.313 655.249 166.985 671.799 195.294 638.233 154.622 621.682 
224.242 671.248 246.447 709.13 275.613 676.306 253.409 638.424 
297.933 605.395 295.959 649.261 337.069 664.692 339.042 620.827 
366.419 533.793 405.565 553.683 436.579 522.599 397.432 502.708 
457.92 448.894 445.499 491.011 489.393 489.809 501.813 447.693 
573.89 389.199 597.404 426.283 625.407 392.461 601.893 355.377 
617.567 298.768 641.188 335.784 683.691 324.758 660.071 287.742 
632.857 217.179 606.134 252.022 647.529 266.669 674.252 231.826 
541.933 127.785 561.745 166.972 592.892 136.021 573.08 96.834 
536.348 8.317 520.235 49.164 554.104 77.11 570.216 36.263 
477.919 -116.397 502.505 -80.015 544.703 -92.155 520.118 -128.537 
429.632 -187.515 432.603 -143.706 473.35 -160.069 470.38 -203.878 
397.671 -224.265 365.274 -194.625 383.451 -154.654 415.849 -184.294 
228.633 -178.4 239.913 -135.964 283.758 -133.579 272.478 -176.015 
227.432 -251.688 214.708 -209.577 258.609 -210.487 271.309 -252.52 
192.968 -283.213 173.371 -243.919 204.686 -213.138 224.32 -252.506 
-212.568 11.013 -222.235 53.846 -184.485 76.275 -174.819 33.443 
-258.82 80.546 -223.609 106.781 -187.777 81.401 -222.988 55.165 
-92.824 564.397 -49.875 573.533 -27.915 535.508 -70.864 526.373 
-44.694 576.085 -27.16 616.343 5.709 587.227 -11.824 546.97 
421.333 563.777 448.323 598.412 472.923 562.04 445.932 527.405 
457.317 519.797 475.716 559.667 519.319 554.49 500.921 514.62 
591.928 77.965 612.104 116.966 655.43 109.83 635.255 70.829 
600.55 31.737 591.456 74.695 635.122 70.069 644.216 27.111 
319.11 -264.5 304.045 -223.255 316.1 -181.033 331.165 -222.277 
193.286 -283.612 227.449 -256.067 271.27 -253.707 237.137 -281.329 
95.439 -238.661 78.324 -198.224 115.939 -220.878 133.054 -261.315 
-205.672 -55.958 -181.074 -19.584 -139.794 -4.616 -164.392 -40.99 
-246.978 38.272 -258.811 80.558 -224.383 53.303 -212.55 11.017 
-246.03 144.535 -251.745 188.072 -230.778 226.653 -225.064 183.116 
-136.666 509.859 -152.047 550.987 -115.43 526.754 -100.048 485.626 
-92.931 564.917 -68.349 601.301 -27.075 616.287 -51.658 579.903 
19.208 629.011 62.332 637.284 102.082 618.63 58.959 610.357 
368.759 577.629 382.92 619.193 418.807 644.495 404.647 602.931 
448.314 598.407 490.956 587.931 519.297 554.391 476.654 564.867 
554.422 435.261 536.077 475.155 544.684 518.213 563.03 478.319 
605.658 178.035 649.543 176.564 684.183 149.58 640.298 151.05 
644.118 27.092 636.311 70.302 655.393 109.849 663.2 66.639 
541.609 -48.355 572.276 -16.928 615.558 -9.529 584.891 -40.956 
