160.607 220.001 160.028 263.907 201.964 250.89 202.543 206.983 
206.93 206.78 206.747 250.69 248.451 264.433 248.634 220.523 
208.077 202.469 249.878 215.915 275.583 180.315 233.782 166.869 
178.434 164.575 204.326 200.039 230.052 164.455 204.161 128.991 
133.686 179.81 159.013 215.68 200.954 202.678 175.627 166.808 
127.745 184.854 127.53 228.763 153.165 264.413 153.38 220.504 
163.182 271.478 204.882 285.231 246.703 271.846 205.002 258.093 
256.44 219.832 256.389 263.742 282.239 228.247 282.29 184.337 
209.701 124.227 235.458 159.789 277.199 173.419 251.442 137.857 
131.742 174.788 173.585 161.476 199.614 126.112 157.77 139.423 
85.727 156.915 127.089 171.655 153.89 136.873 112.527 122.133 
83.183 171.18 82.991 215.09 124.693 228.841 124.884 184.931 
56.294 251.27 97.836 265.492 124.2 230.377 82.657 216.155 
98.137 265.717 123.036 301.885 149.741 267.029 124.842 230.86 
136.616 308.93 178.323 322.662 204.272 287.239 162.564 273.507 
179.079 323.201 204.305 359.142 230.691 324.045 205.466 288.104 
205.818 287.859 230.786 323.979 272.854 311.395 247.886 275.274 
258.079 264.915 283.845 300.471 309.698 264.978 283.932 229.423 
284.752 228.824 310.143 264.65 352.06 251.573 326.67 215.748 
285.48 184.287 284.556 228.188 326.593 215.5 327.517 171.6 
253.408 136.35 279.166 171.91 320.946 158.401 295.188 122.84 
253.579 91.264 253.021 135.17 294.951 122.133 295.509 78.227 
211.535 76.921 210.724 120.823 252.227 135.161 253.038 91.259 
156.634 92.141 156.529 136.05 198.322 122.581 198.427 78.671 
113.733 77.644 112.731 121.543 154.171 136.061 155.173 92.163 
86.296 111.955 84.294 155.819 111.697 121.509 113.699 77.644 
55.302 207.282 56.17 251.183 81.272 215.156 80.404 171.255 
56.296 251.272 81.045 287.542 122.388 302.338 97.638 266.067 
135.948 311.147 162.327 346.25 204.302 359.143 177.922 324.04 
204.306 359.14 246.337 346.431 272.87 311.444 230.839 324.153 
284.887 301.21 326.537 287.304 352.06 251.573 310.409 265.479 
327.944 171.606 327.01 215.506 352.058 251.571 352.992 207.671 
295.509 78.228 296.111 122.134 322.404 157.301 321.803 113.395 
212.03 75.47 253.321 90.41 295.507 78.228 254.217 63.287 
113.86 77.224 155.855 90.051 197.369 75.744 155.374 62.917 
86.629 38.652 112.655 74.018 154.332 60.195 128.306 24.828 
59.09 73.575 83.604 110.005 110.675 75.432 86.16 39.003 
57.006 75.07 54.406 118.903 78.066 155.893 80.666 112.06 
4.52 139.898 30.789 175.083 72.37 160.973 46.102 125.787 
9.845 219.608 51.179 204.789 75.909 168.505 34.575 183.324 
10.614 221.596 11.218 265.502 52.788 251.36 52.184 207.454 
11.221 265.503 35.773 301.907 77.983 289.805 53.43 253.401 
37.357 306.457 78.871 320.763 120.866 307.935 79.352 293.63 
83.082 330.307 83.723 374.212 125.282 360.035 124.64 316.129 
130.884 315.597 131.483 359.503 157.774 394.672 157.176 350.766 
161.256 350.469 162.403 394.364 204.505 406.837 203.357 362.942 
205.645 362.936 204.558 406.833 246.642 394.302 247.73 350.406 
252.24 350.203 251.912 394.112 277.985 358.782 278.313 314.873 
286.875 313.918 287.437 357.824 329.369 370.857 328.806 326.95 
288.169 308.662 330.077 321.77 371.686 307.742 329.778 294.634 
330.865 290.031 372.995 302.406 397.783 266.161 355.653 253.787 
357.608 207.556 356.408 251.45 397.783 266.155 398.983 222.262 
333.541 166.887 358.938 202.708 400.539 216.76 375.142 180.939 
335.251 158.909 377.145 172.062 402.601 136.283 360.707 123.13 
330.287 112.415 331.069 156.318 356.242 120.34 355.46 76.437 
299.138 75.093 325.994 109.832 350.734 73.556 323.878 38.816 
255.626 58.576 296.928 73.485 323.869 38.812 282.568 23.903 
209.096 68.119 251.18 55.589 277.861 20.716 235.777 33.246 
177.386 30.215 204.042 65.108 228.99 28.974 202.335 -5.919 
128.844 24.39 156.316 58.645 198.676 70.211 171.204 35.955 
131.329 12.26 172.676 27.042 199.513 -7.713 158.166 -22.496 
70.167 -21.309 74.41 22.396 114.664 4.855 110.421 -38.85 
27.925 -33.293 29.58 10.586 71.823 22.571 70.168 -21.308 
-1.619 41.478 37.406 61.605 68.607 30.709 29.581 10.582 
1.081 91.82 2.727 135.699 43.95 120.574 42.304 76.695 
-25.517 177.408 -0.681 213.619 26.083 178.809 1.247 142.597 
-54.828 218.888 -50.399 262.574 -7.483 271.862 -11.911 228.176 
-76.415 299.603 -34.623 313.077 -8.894 277.494 -50.686 264.02 
-31.313 315.249 -7.984 352.45 20.186 318.767 -3.142 281.567 
35.038 318.189 36.036 362.087 78.095 374.704 77.097 330.805 
84.683 376.761 110.034 412.614 151.966 399.583 126.615 363.73 
137.547 452.061 179.981 463.349 203.83 426.479 161.395 415.191 
183.218 465.248 209.105 500.716 234.837 465.136 208.951 429.668 
215.056 424.806 239.244 461.453 281.573 449.773 257.384 413.126 
260.839 399.204 302.799 412.147 328.073 376.241 286.114 363.298 
332.15 326.851 331.764 370.759 373.643 357.558 374.028 313.65 
391.564 309.631 418.803 344.071 443.141 307.523 415.903 273.082 
420.501 269.214 446.387 304.682 488.119 291.023 462.233 255.555 
419.704 218.08 417.776 261.947 460.092 250.225 462.02 206.357 
381.716 174.909 407.951 210.12 433.332 174.289 407.097 139.077 
362.105 76.003 361.653 119.911 403.273 133.908 403.724 90.001 
335.951 23.345 363.659 57.409 404.618 41.584 376.911 7.52 
334.215 -24.716 334.349 19.194 376.068 5.498 375.935 -38.411 
289.012 -41.193 285.642 2.588 326.239 19.322 329.609 -24.459 
206.154 -9.142 232.519 25.971 274.061 11.745 247.696 -23.367 
202.965 -62.812 201.926 -18.833 243.996 -31.411 245.033 -75.309 
161.534 -77.282 160.496 -33.384 201.924 -18.831 202.965 -62.811 
-48.897 78.388 -49.992 122.284 -8.583 136.891 -7.487 92.994 
-76.681 157.153 -35.272 171.761 -8.583 136.893 -49.992 122.285 
8.089 406.002 49.669 420.114 75.94 384.929 34.359 370.817 
49.672 420.113 75.013 455.973 101.287 420.791 75.946 384.931 
310.403 416.436 335.839 452.228 362.02 416.977 336.583 381.184 
336.613 381.16 362.029 416.967 403.937 403.861 378.521 368.054 
414.394 132.66 439.56 168.642 481.559 155.827 456.392 119.844 
415.201 88.699 414.374 132.602 456.383 119.822 457.21 75.919 
258.557 -77.217 257.853 -33.312 283.089 2.621 283.793 -41.283 
161.535 -77.282 202.966 -62.812 245.033 -75.309 203.605 -89.861 
117.168 -39.196 116.024 4.7 142.751 -30.14 143.894 -74.035 
-47.105 67.741 -5.028 80.295 36.392 65.72 -5.685 53.165 
-75.585 113.256 -76.681 157.153 -49.992 122.284 -48.896 78.388 
-78.999 175.777 -53.1 211.236 -11.305 224.701 -37.204 189.242 
-3.992 355.42 -4.743 399.323 21.67 364.245 22.42 320.342 
8.09 406.002 33.432 441.86 75.013 455.973 49.669 420.115 
93.066 463.926 134.784 450.225 160.482 414.62 118.764 428.321 
258.889 412.021 284.11 447.965 325.642 462.219 300.421 426.275 
335.838 452.228 377.745 439.117 403.942 403.877 362.035 416.988 
390.739 310.303 390.845 354.213 416.74 389.675 416.635 345.765 
418.929 215.769 460.935 202.979 487.401 167.941 445.395 180.731 
457.209 75.92 456.423 119.823 481.593 155.803 482.379 111.9 
364.193 58.721 405.878 72.522 447.714 59.186 406.029 45.385 
