160.332 221.235 159.292 265.133 201.363 252.557 202.403 208.659 
208.756 208.261 208.299 252.169 249.917 266.171 250.373 222.264 
210.233 202.304 252.004 215.841 277.785 180.296 236.014 166.76 
178.952 163.33 204.72 198.884 230.571 163.391 204.804 127.836 
133.099 178.853 157.973 215.039 200.074 202.565 175.2 166.379 
124.709 186.378 124.209 230.285 149.612 266.101 150.113 222.194 
164.259 276.037 205.902 289.963 247.778 276.753 206.135 262.826 
261.193 220.95 261.031 264.859 286.971 229.431 287.133 185.521 
212.537 120.755 238.11 156.449 279.78 170.295 254.207 134.601 
130.497 172.375 172.415 159.301 198.644 124.084 156.725 137.158 
81.8 151.794 122.835 167.421 150.378 133.223 109.342 117.596 
79.194 172.259 78.471 216.163 120.003 230.417 120.726 186.513 
50.674 252.996 91.912 268.078 119.0 233.519 77.761 218.436 
92.106 268.231 116.137 304.981 143.663 270.77 119.632 234.019 
137.11 314.186 178.691 328.299 204.962 293.114 163.381 279.002 
180.143 329.335 204.83 365.648 231.736 330.948 207.05 294.635 
207.531 294.31 231.886 330.846 274.161 318.973 249.806 282.436 
263.469 266.523 288.984 302.258 315.086 266.948 289.57 231.213 
291.271 229.981 316.13 266.177 358.236 253.72 333.377 217.524 
292.731 185.377 291.059 229.255 333.306 217.285 334.978 173.407 
257.132 132.334 282.552 168.137 324.458 155.024 299.038 119.221 
257.638 86.458 256.492 130.354 298.593 117.88 299.739 73.985 
215.51 71.531 214.089 115.418 255.39 130.331 256.81 86.444 
155.211 88.013 154.713 131.92 196.625 118.826 197.124 74.919 
111.45 72.81 109.67 116.684 150.846 131.935 152.627 88.061 
82.909 106.398 79.784 150.197 108.057 116.6 111.181 72.801 
48.921 208.652 50.013 252.548 74.931 216.393 73.838 172.497 
50.669 253.015 74.855 289.664 115.964 305.097 91.777 268.448 
135.933 318.297 162.565 353.209 204.631 365.8 177.999 330.888 
204.97 365.752 247.165 353.603 274.161 318.972 231.965 331.121 
291.387 303.916 332.968 289.805 358.313 253.948 316.733 268.059 
335.203 173.414 333.703 217.298 358.284 253.684 359.784 209.799 
299.815 73.984 300.716 117.885 327.249 152.871 326.348 108.971 
216.354 69.167 257.263 85.123 299.737 73.985 258.828 58.03 
111.835 71.489 153.801 84.412 195.347 70.201 153.382 57.278 
84.49 29.631 109.599 65.654 151.618 52.906 126.509 16.883 
53.909 66.277 78.003 102.986 105.47 68.726 81.374 32.018 
49.71 69.409 46.205 113.179 69.096 150.649 72.601 106.88 
-6.424 136.893 19.841 172.081 61.424 157.975 35.158 122.787 
1.506 220.329 42.722 205.186 67.166 168.709 25.949 183.852 
2.497 222.792 2.705 266.702 44.402 252.935 44.193 209.025 
3.026 267.633 26.382 304.816 68.962 294.094 45.607 256.911 
30.076 314.483 71.482 329.1 113.572 316.588 72.166 301.971 
77.323 341.368 78.09 385.272 119.607 370.975 118.84 327.072 
128.203 325.867 129.092 369.768 155.615 404.762 154.727 360.861 
161.08 360.19 162.507 404.076 204.686 416.282 203.26 372.395 
207.474 372.387 205.422 416.249 247.771 404.647 249.824 360.785 
258.52 360.0 258.08 403.908 284.244 368.644 284.684 324.736 
295.57 323.176 296.304 367.08 338.287 379.949 337.552 336.045 
297.217 315.303 339.192 328.193 380.728 313.948 338.752 301.058 
340.15 293.926 382.394 305.906 406.842 269.432 364.598 257.452 
368.149 209.42 365.953 253.275 406.983 268.916 409.179 225.061 
345.107 163.843 370.288 199.816 411.803 214.118 386.623 178.145 
346.936 154.497 388.86 167.553 414.233 131.716 372.309 118.659 
338.83 106.782 340.102 150.674 364.872 114.417 363.6 70.525 
305.452 68.704 332.538 103.264 357.036 66.823 329.949 32.263 
261.114 50.083 301.986 66.131 329.878 32.218 289.006 16.17 
210.84 57.123 253.066 45.079 280.148 10.516 237.922 22.56 
177.381 19.113 204.539 53.618 228.962 17.127 201.805 -17.378 
126.513 16.88 154.542 50.681 197.085 61.551 169.056 27.75 
129.254 -0.898 170.362 14.537 197.744 -19.79 156.636 -35.224 
57.119 -34.164 63.535 9.275 102.865 -10.25 96.45 -53.689 
14.445 -44.495 17.808 -0.714 60.485 9.617 57.122 -34.164 
-15.7 27.665 21.644 50.763 55.151 22.385 17.808 -0.714 
-10.732 87.463 -8.936 131.336 32.235 116.071 30.439 72.197 
-38.837 175.264 -14.855 212.047 12.716 177.873 -11.265 141.09 
-72.945 230.181 -65.938 273.528 -22.547 280.258 -29.554 236.911 
-91.369 309.322 -49.467 322.448 -24.035 286.653 -65.937 273.527 
-45.273 325.084 -23.447 363.186 6.044 330.654 -15.781 292.553 
27.584 330.034 29.098 373.917 71.303 386.038 69.788 342.154 
79.762 389.425 104.812 425.489 146.852 412.81 121.802 376.746 
142.381 472.35 185.225 481.967 207.611 444.192 164.767 434.575 
187.239 483.089 213.267 518.453 238.857 482.771 212.831 447.407 
221.826 440.072 244.832 477.472 287.511 467.148 264.505 429.748 
269.818 410.115 311.887 422.696 336.852 386.573 294.783 373.992 
342.651 335.821 342.014 379.726 383.968 366.764 384.604 322.859 
410.325 313.205 438.662 346.748 461.807 309.433 433.47 275.89 
438.383 271.681 464.406 307.049 506.085 293.23 480.062 257.861 
437.66 217.293 434.301 261.074 476.977 250.74 480.336 206.958 
394.238 170.809 420.667 205.876 445.85 169.905 419.422 134.839 
374.542 69.335 373.792 113.239 415.315 127.519 416.065 83.616 
344.116 7.562 373.066 40.577 413.412 23.247 384.462 -9.768 
342.49 -39.813 342.796 4.096 384.462 -9.763 384.156 -53.672 
297.21 -58.239 291.564 -14.694 331.234 4.132 336.88 -39.413 
206.923 -21.903 233.362 13.155 274.874 -1.158 248.435 -36.215 
202.385 -79.301 200.549 -35.347 242.84 -47.161 244.672 -91.033 
161.223 -94.519 159.389 -50.648 200.547 -35.347 202.384 -79.3 
-64.2 74.45 -66.039 118.321 -24.882 133.627 -23.044 89.755 
-93.314 152.733 -52.159 168.04 -24.883 133.629 -66.039 118.322 
0.756 420.682 42.184 435.231 68.824 400.325 27.395 385.776 
42.186 435.23 67.15 471.353 93.791 436.448 68.826 400.325 
322.176 427.956 347.265 463.991 373.784 428.993 348.693 392.958 
348.712 392.942 373.788 428.988 415.818 416.279 390.743 380.233 
429.43 125.445 454.103 161.768 496.272 149.528 471.6 113.205 
430.819 81.556 429.428 125.444 471.598 113.205 472.989 69.317 
262.017 -94.313 261.337 -50.408 286.593 -14.489 287.273 -58.394 
161.223 -94.519 202.385 -79.3 244.673 -91.032 203.515 -106.333 
108.804 -54.624 105.903 -10.81 134.004 -44.551 136.905 -88.365 
-62.829 61.682 -20.325 72.705 20.541 56.638 -21.964 45.616 
-91.475 108.862 -93.314 152.733 -66.039 118.321 -64.2 74.45 
-95.15 176.976 -70.42 213.259 -29.086 228.078 -53.816 191.794 
-15.43 368.954 -16.224 412.856 10.224 377.805 11.018 333.902 
0.756 420.682 25.72 456.804 67.15 471.353 42.184 435.231 
90.843 480.259 132.69 466.956 158.725 431.597 116.879 444.9 
268.179 426.897 293.222 462.964 334.684 477.423 309.64 441.355 
347.265 463.991 389.293 451.272 415.818 416.279 373.791 428.998 
405.95 317.46 405.701 361.369 431.31 397.039 431.558 353.129 
436.009 212.698 478.097 200.181 504.791 165.316 462.702 177.833 
472.99 69.317 471.6 113.205 496.272 149.528 497.662 105.64 
376.238 46.615 417.68 61.13 459.739 48.515 418.297 33.999 
