159.826 223.011 155.936 266.749 198.735 256.932 202.625 213.195 
211.96 213.003 208.181 256.75 248.619 273.864 252.398 230.116 
214.274 205.099 255.068 221.347 283.125 187.571 242.332 171.323 
184.402 163.358 207.723 200.563 235.9 166.887 212.58 129.681 
135.29 177.351 157.39 215.294 200.306 206.0 178.205 168.057 
124.396 186.322 121.151 230.111 144.265 267.446 147.51 223.656 
162.498 281.728 203.556 297.294 245.923 285.753 204.864 270.188 
266.754 228.312 264.972 272.186 292.201 237.739 293.983 193.865 
222.553 121.314 245.474 158.766 286.032 175.594 263.111 138.141 
131.762 168.168 174.257 157.113 202.139 123.191 159.644 134.246 
67.446 134.73 106.267 155.25 137.779 124.67 98.958 104.151 
64.865 169.872 58.152 213.266 97.348 233.06 104.06 189.666 
24.033 254.636 63.469 273.946 94.021 242.407 54.584 223.097 
72.379 280.614 91.667 320.06 123.223 289.526 103.935 250.079 
130.235 332.872 170.272 350.903 199.793 318.398 159.756 300.367 
179.13 357.141 200.684 395.397 230.407 363.076 208.853 324.82 
217.234 318.997 237.929 357.724 281.156 350.009 260.461 311.282 
281.307 280.273 303.861 317.948 332.722 284.854 310.166 247.18 
318.861 240.729 340.473 278.952 383.505 270.21 361.892 231.986 
321.479 188.21 316.113 231.791 359.219 223.427 364.585 179.846 
279.167 121.943 301.251 159.895 344.17 150.619 322.086 112.667 
280.699 69.895 276.429 113.597 319.311 104.153 323.581 60.451 
231.408 51.396 226.004 94.972 265.777 113.578 271.182 70.001 
154.209 71.634 150.167 115.358 193.0 105.691 197.042 61.968 
108.279 52.19 102.082 95.661 141.51 114.988 147.707 71.517 
62.46 80.037 51.443 122.543 85.341 94.631 96.358 52.126 
18.166 206.734 17.589 250.64 43.863 215.459 44.44 171.553 
19.659 271.016 39.565 310.154 78.675 330.116 58.768 290.978 
126.407 352.89 152.948 387.871 194.982 400.572 168.441 365.59 
212.731 403.27 255.832 394.879 285.769 362.756 242.668 371.147 
319.707 326.791 361.123 312.204 386.056 276.059 344.64 290.646 
379.835 179.31 373.728 222.794 394.346 261.562 400.453 218.079 
330.298 59.829 330.976 103.734 357.33 138.855 356.652 94.951 
237.695 29.65 275.309 52.306 319.056 48.525 281.442 25.87 
109.763 47.48 150.836 63.006 193.192 51.424 152.118 35.898 
77.328 -33.256 89.465 8.944 133.349 10.442 121.212 -31.758 
17.867 32.132 40.461 69.783 69.287 36.66 46.693 -0.991 
0.866 50.802 -1.135 94.667 23.029 131.33 25.03 87.466 
-59.853 125.498 -36.021 162.378 6.418 151.109 -17.413 114.229 
-53.434 213.872 -12.018 199.284 12.913 163.138 -28.503 177.726 
-51.034 219.427 -59.864 262.44 -16.228 257.546 -7.398 214.533 
-42.11 293.019 -24.043 333.04 19.602 328.224 1.535 288.203 
0.218 367.624 41.868 381.53 83.738 368.299 42.088 354.393 
51.303 397.897 50.941 441.806 92.812 428.581 93.174 384.672 
109.512 381.423 109.746 425.333 135.744 460.719 135.511 416.809 
153.07 413.666 151.864 457.559 193.237 472.27 194.443 428.376 
222.934 423.962 215.04 467.156 258.56 461.316 266.454 418.122 
298.673 404.726 298.034 448.631 324.357 413.486 324.996 369.581 
340.779 366.851 340.244 410.758 381.836 424.835 382.372 380.928 
342.597 352.017 384.635 364.704 426.101 350.259 384.064 337.572 
386.072 319.968 427.797 333.647 453.701 298.191 411.975 284.512 
425.643 215.549 417.251 258.649 455.649 279.95 464.041 236.849 
399.449 143.911 423.728 180.498 464.876 195.828 440.597 159.24 
401.861 129.779 443.358 144.134 469.834 109.103 428.337 94.748 
386.557 80.502 389.291 124.327 412.839 87.265 410.105 43.44 
348.883 35.451 372.312 72.588 400.392 38.829 376.962 1.692 
287.067 0.125 325.176 21.937 357.696 -7.567 319.587 -29.379 
215.564 2.424 257.866 -9.352 285.166 -43.743 242.864 -31.967 
177.788 -37.52 204.779 -2.884 229.378 -39.256 202.389 -73.892 
122.254 -32.574 148.781 2.418 190.81 15.135 164.283 -19.857 
124.973 -68.559 163.531 -47.552 195.426 -77.732 156.867 -98.739 
10.543 -94.08 19.018 -50.996 57.375 -72.37 48.9 -115.454 
-46.834 -84.028 -28.737 -44.02 14.905 -48.868 -3.192 -88.876 
-72.047 -36.857 -54.141 3.236 -10.477 -1.404 -28.383 -41.497 
-64.022 66.398 -67.036 110.205 -24.442 99.534 -21.428 55.728 
-98.42 160.185 -80.09 200.086 -47.807 170.324 -66.135 130.422 
-147.594 264.112 -134.943 306.16 -91.043 307.122 -103.694 265.074 
-152.597 361.796 -109.356 369.434 -88.729 330.67 -131.97 323.032 
-101.517 372.677 -88.818 414.71 -52.766 389.644 -65.465 347.61 
-1.747 386.605 -0.728 430.504 41.337 443.099 40.318 399.201 
54.654 450.306 77.987 487.503 120.575 476.806 97.241 439.609 
154.844 551.247 198.397 556.835 217.17 517.14 173.617 511.552 
211.05 560.622 238.817 594.638 262.588 557.719 234.822 523.703 
256.587 505.182 272.611 546.063 316.444 543.455 300.419 502.574 
313.053 455.916 355.057 468.712 380.207 432.719 338.203 419.922 
393.795 379.998 391.614 423.854 433.998 412.376 436.178 368.52 
484.602 329.387 515.445 360.641 535.639 321.649 504.796 290.395 
515.492 277.842 542.973 312.09 584.037 296.538 556.556 262.29 
516.439 209.575 505.242 252.033 549.082 249.562 560.279 207.103 
450.836 148.69 476.782 184.114 502.455 148.491 476.509 113.067 
434.633 38.029 431.433 81.822 472.094 98.398 475.294 54.605 
380.907 -56.775 411.564 -25.339 450.935 -44.781 420.278 -76.217 
375.235 -103.34 379.529 -59.64 419.763 -77.228 415.469 -120.927 
333.397 -130.189 316.576 -89.629 349.952 -61.097 366.774 -101.657 
212.331 -82.776 236.276 -45.969 278.68 -57.369 254.736 -94.175 
204.507 -148.107 200.424 -104.305 243.264 -113.94 247.339 -157.66 
164.177 -165.412 160.102 -121.692 200.423 -104.306 204.506 -148.108 
-131.295 57.532 -133.17 101.402 -92.026 116.741 -90.151 72.871 
-160.475 135.791 -119.331 151.132 -92.027 116.743 -133.17 101.402 
-28.563 486.246 12.801 500.978 39.595 466.189 -1.771 451.458 
12.801 500.977 37.606 537.21 64.401 502.423 39.596 466.19 
374.187 476.214 398.689 512.652 425.771 478.088 401.268 441.651 
401.269 441.649 425.771 478.088 467.998 466.045 443.496 429.607 
492.622 94.956 516.098 132.064 558.644 121.204 535.168 84.096 
495.444 51.132 492.621 94.951 535.168 84.095 537.991 40.276 
273.514 -165.715 272.698 -121.812 297.842 -85.815 298.658 -129.717 
164.178 -165.412 204.507 -148.107 247.339 -157.66 207.018 -175.047 
94.441 -127.463 81.12 -85.622 116.491 -111.642 129.812 -153.482 
-132.426 42.602 -88.717 46.797 -50.89 24.498 -94.599 20.304 
-158.598 91.921 -160.474 135.791 -133.17 101.401 -131.295 57.532 
-158.76 170.458 -146.255 212.55 -111.398 239.253 -123.902 197.161 
-57.914 433.25 -59.399 477.135 -32.404 442.504 -30.918 398.619 
-28.563 486.246 -3.758 522.478 37.607 537.21 12.801 500.978 
68.299 546.16 111.732 539.7 143.072 508.944 99.64 515.405 
314.969 486.63 339.133 523.293 380.232 538.751 356.068 502.088 
398.688 512.651 440.915 500.608 467.998 466.045 425.772 478.088 
471.635 357.681 465.544 401.166 486.176 439.927 492.267 396.442 
507.061 192.159 549.418 180.585 576.883 146.324 534.526 157.898 
537.988 40.276 535.168 84.096 558.644 121.204 561.464 77.385 
435.511 -3.669 473.705 17.994 517.338 13.069 479.144 -8.594 
