153.955 239.303 143.672 281.992 187.449 278.581 197.733 235.892 
219.57 236.215 208.021 278.579 244.742 302.654 256.292 260.29 
226.537 213.85 263.457 237.62 297.472 209.852 260.552 186.082 
194.806 160.232 210.347 201.3 244.602 173.829 229.062 132.761 
132.334 174.509 146.716 215.997 190.618 215.139 176.235 173.651 
104.607 203.553 94.496 246.283 111.432 286.796 121.543 244.066 
157.408 310.605 196.265 331.055 239.722 324.759 200.864 304.309 
288.584 252.852 281.565 296.197 312.721 265.256 319.74 221.911 
251.888 113.315 267.238 154.454 303.839 178.713 288.488 137.574 
120.879 148.03 164.671 144.804 198.203 116.454 154.411 119.68 
25.253 102.942 57.178 133.091 95.716 112.045 63.792 81.897 
45.973 175.547 27.297 215.287 59.32 245.331 77.997 205.591 
-21.409 273.195 12.479 301.116 49.507 277.513 15.617 249.592 
30.213 316.959 39.182 359.943 77.291 338.131 68.323 295.146 
115.777 359.272 149.952 386.844 186.735 362.862 152.56 335.29 
178.895 406.067 192.377 447.856 227.954 422.12 214.473 380.331 
233.498 368.225 246.768 410.082 290.677 410.395 277.407 368.538 
303.393 308.163 317.147 349.863 352.556 323.896 338.801 282.196 
363.681 261.202 377.541 302.867 421.45 302.56 407.59 260.895 
370.175 200.15 358.53 242.487 402.394 240.48 414.04 198.142 
316.724 112.628 328.867 154.826 372.752 156.316 360.609 114.118 
319.239 44.825 307.285 87.077 351.163 85.388 363.117 43.137 
266.254 16.363 250.907 57.503 285.291 84.813 300.639 43.672 
163.441 49.623 146.225 90.017 189.962 93.908 207.179 53.514 
88.389 25.241 72.178 66.049 105.979 94.077 122.19 53.269 
16.161 37.284 -10.26 72.356 31.73 59.512 58.151 24.44 
-34.783 220.571 -38.096 264.356 -9.68 230.88 -6.368 187.095 
-30.884 308.017 -22.731 351.164 9.225 381.278 1.072 338.131 
113.339 411.085 139.158 446.602 180.922 460.161 155.103 424.644 
222.844 465.731 266.742 466.773 302.868 441.813 258.97 440.771 
362.55 366.654 404.062 352.342 429.234 316.363 387.722 330.675 
455.568 194.268 438.393 234.68 448.251 277.469 465.427 237.057 
384.526 39.427 381.085 83.202 404.031 120.639 407.472 76.864 
280.002 -28.808 308.547 4.557 351.253 14.772 322.708 -18.593 
92.022 -9.732 130.227 11.912 173.858 6.966 135.653 -14.678 
42.883 -111.359 28.778 -69.775 63.967 -43.511 78.072 -85.094 
-47.36 -33.867 -54.457 9.465 -11.052 2.824 -3.956 -40.509 
-87.969 37.838 -76.182 80.137 -41.784 107.429 -53.571 65.13 
-127.83 118.056 -115.815 160.29 -71.935 161.913 -83.95 119.679 
-151.62 198.649 -108.942 208.981 -68.343 192.255 -111.021 181.923 
-121.513 251.054 -151.422 283.203 -111.604 301.713 -81.695 269.564 
-108.671 345.525 -106.397 389.376 -63.99 400.764 -66.263 356.913 
-46.062 440.848 -2.978 449.323 36.86 430.855 -6.224 422.38 
27.523 473.761 23.147 517.452 66.052 508.112 70.428 464.421 
99.053 464.485 84.646 505.964 97.37 547.99 111.778 506.511 
158.403 497.857 141.835 538.521 175.389 566.845 191.957 526.18 
252.078 508.162 230.835 546.591 273.948 554.92 295.191 516.491 
337.468 468.848 338.941 512.733 363.544 476.363 362.071 432.478 
401.086 417.726 395.244 461.246 434.829 480.25 440.67 436.731 
407.531 396.115 444.975 419.051 488.749 415.598 451.305 392.662 
457.561 349.914 492.259 376.825 528.574 352.142 493.877 325.231 
521.547 227.257 499.235 265.076 528.309 297.982 550.62 260.163 
467.583 134.784 492.687 170.81 534.172 185.2 509.068 149.174 
468.949 96.794 507.824 117.211 539.254 86.548 500.38 66.131 
459.288 41.867 450.638 84.917 482.94 55.174 491.591 12.124 
416.046 -25.561 422.759 17.833 461.955 -1.962 455.241 -45.356 
327.08 -83.891 354.109 -49.286 395.373 -64.299 368.343 -98.904 
224.581 -54.777 265.653 -70.308 289.751 -107.014 248.68 -91.483 
164.86 -111.448 180.135 -70.28 214.567 -97.53 199.292 -138.697 
110.405 -123.614 121.81 -81.211 155.961 -53.61 144.556 -96.013 
126.285 -161.247 154.159 -127.317 195.04 -143.342 167.167 -177.271 
-6.773 -191.389 -16.882 -148.658 26.881 -152.249 36.99 -194.98 
-103.955 -158.229 -98.114 -114.709 -54.92 -106.816 -60.76 -150.335 
-142.033 -98.966 -128.462 -57.206 -84.552 -57.208 -98.123 -98.969 
-135.778 41.199 -147.376 83.55 -103.514 81.493 -91.916 39.142 
-169.484 131.949 -169.142 175.858 -127.489 161.964 -127.83 118.056 
-235.632 271.961 -238.904 315.749 -198.27 332.392 -194.998 288.604 
-248.339 404.138 -207.591 420.5 -179.438 386.803 -220.186 370.441 
-177.253 430.658 -183.926 474.058 -140.588 466.992 -133.915 423.593 
-44.57 463.399 -53.109 506.471 -14.784 527.902 -6.245 484.83 
23.147 517.452 37.865 558.822 81.759 557.609 67.04 516.238 
134.357 643.375 175.929 657.514 202.222 622.346 160.65 608.207 
229.271 656.934 253.069 693.836 280.81 659.799 257.012 622.897 
297.511 591.97 298.965 635.856 341.152 648.035 339.699 604.149 
361.73 520.235 401.557 538.725 431.448 506.56 391.621 488.071 
450.924 437.899 440.858 480.64 484.618 477.005 494.683 434.265 
562.647 379.84 588.152 415.583 614.265 380.281 588.76 344.538 
604.776 291.999 629.54 328.26 671.679 315.913 646.914 279.652 
617.262 212.074 592.999 248.671 635.303 260.438 659.566 223.84 
527.842 128.949 549.007 167.422 579.057 135.405 557.892 96.932 
520.125 11.525 506.73 53.342 542.361 79.004 555.756 37.187 
464.453 -105.682 491.061 -70.753 532.504 -85.265 505.895 -120.195 
420.251 -176.146 424.109 -132.406 464.516 -149.592 460.658 -193.332 
387.663 -212.208 356.679 -181.094 376.696 -142.012 407.68 -173.126 
225.868 -161.647 238.885 -119.711 282.791 -119.132 269.774 -161.068 
220.73 -236.055 209.449 -193.534 253.293 -195.94 264.553 -238.382 
184.165 -261.012 171.621 -218.932 207.766 -193.999 220.333 -236.158 
-205.282 24.325 -211.572 67.782 -172.186 87.193 -165.896 43.736 
-242.9 98.886 -203.885 119.034 -172.667 88.154 -211.682 68.007 
-79.375 560.892 -36.219 568.986 -15.184 530.442 -58.341 522.348 
-32.162 570.936 -11.687 609.78 18.929 578.304 -1.546 539.46 
420.897 549.184 447.794 583.891 472.492 547.585 445.594 512.877 
453.143 507.623 474.305 546.097 517.436 537.86 496.274 499.386 
576.23 77.054 597.767 115.32 640.815 106.662 619.278 68.396 
581.86 32.603 576.048 76.127 619.238 68.204 625.049 24.681 
307.86 -251.289 296.961 -208.753 313.144 -167.935 324.043 -210.47 
184.154 -260.997 220.7 -236.702 264.553 -238.373 228.029 -262.747 
97.432 -222.622 79.148 -182.7 117.406 -204.25 135.69 -244.172 
-205.794 -30.099 -171.079 -3.211 -127.19 -1.863 -161.905 -28.751 
-236.195 55.499 -242.892 98.895 -211.966 67.723 -205.269 24.327 
-233.244 151.686 -237.37 195.402 -215.013 233.194 -210.887 189.478 
-122.62 507.056 -134.613 549.297 -100.083 522.172 -88.091 479.931 
-79.378 560.905 -53.426 596.325 -11.611 609.726 -37.563 574.306 
30.471 620.67 74.019 626.3 112.559 605.258 69.011 599.629 
366.341 564.953 383.591 605.333 421.282 627.861 404.032 587.481 
447.775 583.879 490.085 572.133 517.41 537.761 475.1 549.507 
544.593 421.113 528.691 462.043 539.885 504.502 555.786 463.573 
592.712 177.138 636.382 172.547 669.013 143.164 625.343 147.755 
624.975 24.67 619.552 68.244 640.777 106.683 646.2 63.109 
524.806 -42.036 557.054 -12.234 600.66 -7.078 568.412 -36.88 
