154.22 238.913 144.137 281.649 187.898 278.033 197.981 235.296 
219.415 235.608 208.077 278.029 244.919 301.92 256.256 259.499 
226.247 213.824 263.288 237.407 297.161 209.466 260.12 185.884 
194.587 160.577 210.376 201.55 244.464 173.873 228.677 132.899 
132.548 174.826 147.201 216.22 191.096 215.075 176.443 173.682 
105.317 203.034 95.453 245.821 112.622 286.235 122.487 243.448 
157.601 309.816 196.539 330.113 239.97 323.647 201.033 303.35 
287.872 252.382 281.027 295.755 312.058 264.689 318.903 221.316 
251.188 113.722 266.744 154.784 303.465 178.86 287.909 137.798 
121.42 149.02 165.185 145.452 198.495 116.841 154.73 120.409 
26.972 103.962 59.278 133.702 97.545 112.168 65.24 82.428 
46.146 175.602 27.857 215.522 60.171 245.252 78.46 205.333 
-20.547 271.96 13.485 299.707 50.391 275.914 16.358 248.167 
31.365 315.489 40.684 358.399 78.614 336.276 69.295 293.366 
116.251 358.894 150.618 386.226 187.232 361.986 152.865 334.655 
178.521 405.024 192.226 446.74 227.665 420.814 213.96 379.098 
232.847 366.975 246.336 408.761 290.246 408.845 276.757 367.058 
302.899 307.632 316.894 349.252 352.152 323.081 338.157 281.461 
362.549 261.057 376.614 302.654 420.521 302.131 406.456 260.534 
368.815 200.093 357.373 242.486 401.227 240.268 412.669 197.875 
315.846 112.989 328.264 155.106 372.157 156.311 359.74 114.193 
318.422 45.728 306.703 88.046 350.571 86.113 362.289 43.796 
265.489 17.646 250.53 58.929 285.17 85.914 300.13 44.63 
163.122 50.606 146.43 91.22 190.214 94.545 206.906 53.931 
89.34 26.073 73.392 66.985 107.372 94.795 123.321 53.884 
17.579 38.334 -8.703 73.51 33.236 60.501 59.518 25.325 
-33.132 219.572 -36.43 263.358 -8.026 229.873 -4.727 186.088 
-29.803 307.066 -21.339 350.152 10.834 380.035 2.37 336.948 
113.426 409.568 139.203 445.116 180.952 458.723 155.175 423.176 
222.598 464.43 266.501 465.222 302.484 440.057 258.581 439.265 
361.428 366.0 402.946 351.705 428.133 315.737 386.614 330.032 
453.883 193.934 436.961 234.453 447.088 277.179 464.01 236.661 
383.429 40.17 380.057 83.95 403.062 121.351 406.434 77.571 
279.033 -27.323 307.788 5.861 350.557 15.806 321.802 -17.378 
93.114 -8.112 131.386 13.414 175.001 8.333 136.73 -13.193 
44.12 -109.896 30.06 -68.297 65.278 -42.071 79.337 -83.67 
-46.505 -32.226 -52.804 11.23 -9.528 3.791 -3.231 -39.666 
-86.492 39.392 -74.675 81.682 -40.258 108.95 -52.075 66.66 
-126.814 118.361 -114.203 160.42 -70.304 161.424 -82.915 119.364 
-149.547 199.172 -106.653 208.564 -66.431 190.95 -109.325 181.558 
-120.241 250.32 -149.545 283.021 -109.389 300.785 -80.085 268.084 
-107.491 344.654 -104.605 388.469 -62.042 399.263 -64.928 355.448 
-44.447 439.494 -1.392 448.117 38.508 429.786 -4.547 421.163 
28.224 472.475 24.018 516.183 66.886 506.676 71.092 462.968 
99.069 462.931 85.134 504.571 98.336 546.45 112.271 504.809 
158.057 496.192 142.047 537.08 175.987 564.94 191.996 524.053 
251.43 506.465 230.54 545.087 273.727 553.02 294.618 514.398 
336.997 467.203 338.403 511.09 363.062 474.758 361.656 430.87 
400.101 416.564 394.419 460.105 434.073 478.964 439.755 435.423 
406.307 395.487 443.985 418.035 487.721 414.131 450.043 391.582 
456.073 349.61 491.119 376.066 527.11 350.911 492.064 324.455 
519.457 227.036 497.498 265.061 526.877 297.695 548.835 259.67 
466.082 134.707 491.17 170.745 532.648 185.154 507.56 149.116 
467.533 97.441 506.531 117.621 537.774 86.767 498.776 66.587 
457.707 42.776 449.543 85.921 481.508 55.815 489.672 12.67 
414.741 -23.928 422.095 19.361 460.994 -1.01 453.639 -44.3 
326.269 -81.761 353.744 -47.508 394.81 -63.053 367.335 -97.306 
224.243 -53.557 265.332 -69.041 289.472 -105.72 248.383 -90.236 
165.455 -109.685 181.386 -68.767 215.378 -96.562 199.448 -137.48 
110.862 -121.054 122.982 -78.849 157.594 -51.829 145.474 -94.033 
126.279 -159.036 154.552 -125.44 195.242 -141.947 166.968 -175.544 
-6.697 -189.217 -16.235 -146.356 27.476 -150.529 37.014 -193.391 
-103.315 -156.389 -97.268 -112.897 -54.036 -105.208 -60.083 -148.7 
-141.098 -97.384 -127.81 -55.533 -83.901 -55.239 -97.19 -97.09 
-133.286 41.978 -145.265 84.223 -101.386 82.561 -89.407 40.317 
-168.24 132.92 -167.195 176.817 -125.769 162.258 -126.814 118.361 
-233.911 272.325 -236.727 316.145 -195.922 332.363 -193.106 288.544 
-245.997 404.175 -205.114 420.197 -177.243 386.266 -218.126 370.244 
-175.465 430.139 -181.682 473.607 -138.421 466.088 -132.203 422.62 
-43.129 461.761 -51.373 504.89 -12.903 526.059 -4.658 482.93 
24.036 516.263 39.008 557.542 82.893 556.058 67.921 514.78 
135.171 641.648 176.846 655.479 202.878 620.118 161.203 606.287 
229.664 654.91 253.648 691.692 281.217 657.516 257.234 620.734 
297.216 590.118 299.095 633.988 341.399 645.757 339.52 601.888 
361.043 518.621 400.956 536.924 430.697 504.619 390.783 486.316 
449.952 436.526 440.163 479.331 483.898 475.414 493.687 432.61 
561.123 378.682 586.861 414.258 612.743 378.786 587.005 343.21 
603.063 291.21 627.96 327.38 670.053 314.879 645.156 278.709 
615.193 211.507 591.251 248.315 633.656 259.712 657.599 222.904 
526.117 129.101 547.444 167.484 577.359 135.34 556.032 96.957 
518.064 11.894 505.003 53.817 540.837 79.194 553.899 37.271 
462.647 -104.383 489.5 -69.64 530.84 -84.442 503.987 -119.185 
419.029 -174.721 423.006 -130.991 463.366 -148.286 459.39 -192.016 
386.3 -210.661 355.518 -179.347 375.787 -140.395 406.569 -171.708 
225.452 -159.773 238.765 -117.93 282.674 -117.662 269.361 -159.505 
219.946 -234.046 208.946 -191.451 252.774 -194.148 263.753 -236.663 
183.117 -258.396 171.239 -216.123 207.773 -191.763 219.673 -234.115 
-204.263 25.792 -210.162 69.304 -170.603 88.361 -164.703 44.849 
-241.042 100.771 -201.759 120.391 -170.96 89.094 -210.243 69.474 
-77.744 560.051 -34.614 568.287 -13.453 529.813 -56.584 521.577 
-30.807 570.147 -9.954 608.79 20.354 577.017 -0.498 538.374 
420.615 547.356 447.471 582.096 472.211 545.819 445.354 511.079 
452.489 506.099 473.921 544.424 516.992 535.884 495.56 497.559 
574.278 77.032 595.968 115.212 638.981 106.382 617.292 68.202 
579.649 32.687 574.121 76.248 617.258 68.044 622.786 24.483 
306.407 -249.579 296.045 -206.909 312.742 -166.298 323.104 -208.968 
183.107 -258.381 219.922 -234.495 263.753 -236.654 226.96 -260.62 
97.385 -220.44 79.008 -180.561 117.316 -202.022 135.693 -241.902 
-205.248 -27.265 -169.774 -1.386 -125.864 -1.3 -161.338 -27.179 
-234.824 57.311 -241.034 100.78 -210.46 69.263 -204.25 25.794 
-231.74 152.473 -235.489 196.223 -212.805 233.82 -209.057 190.07 
-120.864 506.333 -132.328 548.72 -98.14 521.166 -86.676 478.779 
-77.744 560.051 -51.721 595.419 -9.88 608.737 -35.903 573.369 
31.746 619.424 75.338 624.699 113.705 603.343 70.113 598.069 
365.816 563.254 383.399 603.49 421.274 625.706 403.691 585.47 
447.45 582.083 489.73 570.227 516.967 535.785 474.687 547.64 
543.253 419.397 527.651 460.442 539.155 502.818 554.757 461.773 
591.007 177.075 634.639 172.139 667.037 142.5 623.405 147.436 
622.713 24.473 617.518 68.075 638.945 106.402 644.139 62.801 
522.633 -41.306 555.083 -11.723 598.723 -6.864 566.274 -36.447 
