157.105 230.584 150.123 273.935 193.511 267.179 200.493 223.828 
215.264 224.033 207.275 267.21 245.87 288.15 253.859 244.973 
219.472 211.836 258.425 232.102 289.736 201.318 250.783 181.051 
189.091 164.779 208.88 203.977 240.044 173.044 220.256 133.846 
134.665 178.145 153.447 217.836 196.999 212.238 178.217 172.548 
117.269 192.951 110.947 236.404 131.374 275.274 137.696 231.821 
159.086 294.437 199.176 312.351 242.139 303.28 202.049 285.366 
273.892 242.269 269.59 285.967 298.755 253.143 303.057 209.444 
236.888 119.826 255.989 159.363 294.682 180.122 275.581 140.585 
128.684 162.925 171.827 154.756 201.93 122.789 158.786 130.957 
52.8 121.823 89.223 146.348 123.803 119.286 87.38 94.761 
54.038 172.618 41.19 214.606 77.153 239.8 90.001 197.812 
0.317 257.312 37.152 281.212 71.265 253.565 34.429 229.664 
53.491 293.717 68.242 335.076 103.018 308.267 88.268 266.908 
122.329 347.703 159.685 370.781 193.178 342.385 155.821 319.306 
175.532 382.593 193.262 422.764 225.988 393.488 208.259 353.317 
223.173 342.883 240.341 383.297 284.083 379.458 266.915 339.044 
292.521 296.607 310.753 336.552 343.11 306.868 324.876 266.922 
340.682 254.92 358.646 294.987 402.304 290.283 384.339 250.216 
343.738 195.921 335.486 239.049 379.053 233.57 387.306 190.443 
298.183 118.504 315.51 158.85 359.237 154.838 341.909 114.491 
299.739 58.431 292.133 101.677 335.613 95.547 343.22 52.301 
248.159 35.968 238.724 78.852 276.594 101.077 286.029 58.193 
156.368 62.695 147.259 105.65 190.926 101.04 200.036 58.085 
104.257 38.487 93.178 80.976 130.164 104.644 141.243 62.154 
39.782 58.955 19.481 97.89 58.791 78.323 79.091 39.388 
-4.596 208.635 -7.01 252.479 20.713 218.427 23.126 174.583 
-6.126 288.63 8.012 330.202 43.885 355.524 29.747 313.952 
117.157 381.713 142.791 417.364 184.485 431.14 158.851 395.488 
217.346 436.538 261.092 432.749 294.256 403.971 250.51 407.759 
340.581 350.705 382.148 336.554 407.46 300.673 365.892 314.824 
419.779 186.846 408.029 229.155 423.391 270.29 435.141 227.982 
360.395 49.539 358.641 93.414 383.011 129.94 384.765 86.065 
258.328 -0.087 291.467 28.721 335.21 32.549 302.071 3.74 
107.894 25.831 147.801 44.15 190.853 35.513 150.947 17.194 
59.553 -76.909 56.685 -33.092 97.471 -16.824 100.339 -60.641 
-22.282 0.515 -9.226 42.439 26.612 17.066 13.554 -24.858 
-52.423 50.313 -45.133 93.613 -13.784 124.36 -21.075 81.059 
-100.19 124.673 -79.24 163.263 -36.065 155.263 -57.015 116.673 
-105.204 208.67 -61.671 202.929 -29.827 172.697 -73.36 178.438 
-92.336 234.358 -109.734 274.674 -66.015 278.762 -48.617 238.446 
-79.062 320.689 -67.041 362.921 -23.16 364.537 -35.182 322.305 
-20.403 408.361 21.967 419.889 63.021 404.31 20.651 392.783 
39.172 441.179 36.898 485.03 79.305 473.642 81.58 429.791 
100.212 428.094 94.783 471.667 116.002 510.11 121.431 466.537 
151.826 460.491 144.642 503.809 183.62 524.028 190.804 480.709 
236.877 469.378 222.664 510.925 266.569 511.603 280.782 470.057 
323.308 436.895 323.356 480.805 349.126 445.253 349.078 401.343 
377.104 393.831 373.82 437.618 414.449 454.273 417.733 410.486 
380.043 380.414 420.937 396.408 463.422 385.31 422.528 369.316 
425.751 340.592 465.343 359.581 495.638 327.795 456.046 308.806 
476.186 222.024 461.223 263.306 495.861 290.293 510.824 249.011 
436.398 135.516 461.05 171.853 502.352 186.761 477.7 150.424 
438.795 109.935 479.402 126.644 507.842 93.188 467.235 76.479 
426.007 59.134 425.262 103.037 451.671 67.956 452.415 24.052 
387.29 4.705 404.097 45.271 437.484 16.751 420.676 -23.816 
307.758 -41.096 342.264 -13.941 378.753 -38.367 344.247 -65.522 
219.519 -30.011 261.173 -43.905 286.704 -79.629 245.05 -65.735 
172.487 -76.204 196.534 -39.463 224.045 -73.686 199.999 -110.427 
116.615 -75.819 137.447 -37.165 177.02 -18.137 156.188 -56.792 
123.982 -117.373 158.215 -89.875 194.947 -113.935 160.713 -141.434 
0.19 -146.645 1.429 -102.752 42.791 -117.493 41.552 -161.386 
-82.259 -119.979 -67.434 -78.647 -23.544 -79.974 -38.369 -121.306 
-108.386 -74.275 -102.753 -30.728 -59.597 -22.628 -65.23 -66.176 
-101.78 54.769 -112.324 97.395 -68.527 94.251 -57.983 51.625 
-137.744 147.43 -127.706 190.177 -90.153 167.421 -100.19 124.674 
-196.674 271.014 -190.687 314.514 -147.465 322.261 -153.453 278.761 
-200.207 392.052 -157.605 402.692 -134.321 365.463 -176.923 354.824 
-140.307 408.963 -136.994 452.748 -96.377 436.067 -99.688 392.283 
-21.116 428.369 -23.99 472.185 16.794 488.458 19.667 444.642 
38.335 489.439 58.179 528.61 101.564 521.842 81.721 482.671 
145.354 602.914 188.437 611.397 209.817 573.043 166.734 564.561 
228.928 612.575 255.67 647.403 280.529 611.208 253.788 576.38 
284.19 551.821 293.697 594.689 337.406 598.893 327.898 556.025 
343.473 488.797 384.72 503.855 411.786 469.279 370.539 454.221 
427.495 410.555 422.305 454.157 465.377 445.619 470.567 402.017 
527.858 357.627 557.304 390.201 579.185 352.13 549.739 319.556 
566.345 279.716 593.337 314.35 634.617 299.381 607.625 264.747 
572.143 205.063 554.576 245.306 598.278 249.577 615.844 209.334 
492.434 134.306 516.458 171.062 543.991 136.857 519.968 100.101 
478.997 20.253 471.62 63.539 510.508 83.931 517.885 40.645 
426.339 -79.172 457.302 -48.036 496.481 -67.861 465.519 -98.997 
397.292 -143.885 403.56 -100.424 442.956 -119.815 436.689 -163.276 
361.768 -176.855 335.933 -141.349 361.718 -105.807 387.552 -141.312 
217.749 -125.906 236.676 -86.285 280.207 -92.043 261.28 -131.664 
209.731 -194.914 203.489 -151.367 246.753 -158.874 252.983 -202.34 
170.308 -214.194 164.073 -170.728 203.485 -151.368 209.731 -194.914 
-175.912 44.317 -177.782 88.187 -136.637 103.523 -134.766 59.653 
-205.09 122.573 -163.949 137.919 -136.641 103.533 -177.782 88.188 
-51.174 532.267 -9.017 544.545 15.689 508.244 -26.47 495.966 
-8.363 544.98 16.529 581.153 43.24 546.301 18.348 510.128 
406.873 512.913 432.45 548.605 458.491 513.25 432.913 477.559 
434.267 476.607 458.799 513.025 501.015 500.948 476.483 464.53 
536.852 80.303 560.321 117.416 602.869 106.564 579.401 69.452 
539.717 36.439 536.838 80.254 579.399 69.452 582.278 25.637 
286.278 -213.593 282.516 -169.845 305.186 -132.24 308.948 -175.988 
170.306 -214.19 209.731 -194.914 252.983 -202.339 213.57 -221.697 
95.019 -178.054 78.352 -137.43 115.714 -160.498 132.382 -201.122 
-178.312 10.63 -136.681 24.593 -94.794 11.419 -136.425 -2.544 
-203.212 78.709 -205.083 122.579 -177.783 88.187 -175.912 44.317 
-200.56 162.162 -196.206 205.856 -167.002 238.647 -171.355 194.953 
-89.02 479.355 -93.508 523.035 -64.203 490.335 -59.715 446.655 
-51.174 532.267 -25.245 567.703 16.562 581.13 -9.368 545.694 
51.025 589.516 94.923 588.481 129.829 561.841 85.931 562.876 
348.403 528.535 370.551 566.45 410.755 584.105 388.607 546.19 
432.433 548.593 474.466 535.891 501.006 500.909 458.973 513.611 
513.414 388.913 503.036 431.579 519.719 472.196 530.097 429.53 
555.212 179.309 598.035 169.601 626.974 136.576 584.151 146.284 
582.242 25.633 579.402 69.451 602.861 106.569 605.701 62.751 
481.394 -26.625 517.259 -1.292 561.165 -1.877 525.3 -27.211 
