155.857 235.06 147.348 278.138 190.947 272.918 199.455 229.841 
217.685 230.089 207.982 272.914 245.713 295.375 255.415 252.55 
223.249 213.382 261.28 235.332 293.907 205.945 255.876 183.996 
192.094 163.301 210.007 203.391 242.599 173.966 224.687 133.876 
133.921 177.113 150.733 217.677 194.507 214.223 177.695 173.659 
111.475 198.008 103.494 241.187 122.417 280.811 130.398 237.632 
158.598 302.609 198.146 321.688 241.356 313.877 201.807 294.798 
281.154 247.962 275.64 291.524 305.706 259.522 311.22 215.96 
244.632 116.829 261.885 157.206 299.578 179.731 282.324 139.353 
125.654 157.144 169.111 150.851 200.57 120.217 157.113 126.51 
41.108 113.83 76.066 140.402 112.139 115.366 77.181 88.794 
48.874 174.88 33.468 215.998 67.814 243.357 83.22 202.238 
-11.341 263.081 24.059 289.058 59.706 263.418 24.304 237.44 
42.159 303.67 54.299 345.869 90.681 321.283 78.541 279.085 
119.549 354.37 155.438 379.67 190.59 353.356 154.701 328.056 
176.119 394.812 191.759 435.843 225.947 408.289 210.308 367.259 
227.555 355.562 242.874 396.712 286.745 394.858 271.426 353.708 
298.092 302.766 314.163 343.629 348.06 315.717 331.988 274.854 
352.154 258.969 368.054 299.899 411.894 297.426 395.995 256.495 
356.691 198.82 346.855 241.615 390.595 237.744 400.43 194.95 
307.651 115.898 322.422 157.248 366.313 155.978 351.542 114.627 
310.103 52.684 300.423 95.514 344.148 91.484 353.827 48.654 
257.767 27.621 245.822 69.875 282.317 94.292 294.262 52.038 
159.965 58.067 147.471 100.162 191.366 99.037 203.86 56.942 
97.364 33.005 83.905 74.802 119.498 100.518 132.956 58.721 
28.335 48.988 4.317 85.747 45.355 70.126 69.373 33.367 
-18.602 212.901 -21.544 256.713 6.587 222.998 9.53 179.187 
-18.878 298.242 -7.682 340.7 26.333 368.468 15.136 326.009 
114.691 396.034 140.294 431.707 181.975 445.519 156.372 409.845 
220.006 451.794 263.894 450.407 298.585 423.489 254.697 424.875 
351.368 359.502 392.914 345.291 418.173 309.373 376.627 323.584 
438.12 190.859 423.548 232.281 436.107 274.357 450.679 232.935 
372.959 45.546 370.262 89.373 393.84 126.415 396.537 82.588 
269.661 -14.235 300.402 17.119 343.702 24.415 312.96 -6.939 
101.968 8.242 141.023 28.313 184.416 21.595 145.361 1.524 
52.665 -95.312 42.331 -52.635 79.726 -29.619 90.06 -72.296 
-37.272 -15.595 -32.909 28.097 7.298 10.446 2.934 -33.247 
-72.15 47.799 -61.505 90.4 -27.855 118.608 -38.499 76.008 
-115.48 121.503 -98.186 161.864 -54.456 157.888 -71.75 117.527 
-128.934 204.287 -85.045 205.654 -48.735 180.963 -92.624 179.596 
-107.959 243.112 -131.224 280.352 -88.617 290.97 -65.352 253.73 
-95.104 334.399 -87.248 377.6 -43.733 383.477 -51.589 340.276 
-31.765 425.725 10.992 435.724 51.46 418.682 8.703 408.683 
33.839 458.901 30.694 502.698 73.32 492.155 76.464 448.358 
99.294 447.43 89.598 490.256 106.926 530.603 116.623 487.777 
154.859 480.055 143.527 522.478 180.371 546.365 191.703 503.942 
244.695 489.897 226.987 530.078 270.674 534.503 288.382 494.322 
331.517 452.532 332.241 496.436 357.461 460.491 356.737 416.587 
390.307 405.784 385.841 449.467 426.006 467.212 430.471 423.53 
394.634 389.167 434.141 408.332 477.368 400.616 437.861 381.451 
442.196 346.128 479.872 368.681 512.964 339.819 475.288 317.266 
499.635 224.985 480.965 264.728 512.994 294.765 531.664 255.022 
452.245 134.548 477.139 170.72 518.54 185.352 493.646 149.18 
454.23 103.095 494.141 121.403 523.887 89.103 483.976 70.795 
442.991 50.587 438.856 94.302 467.897 61.367 472.032 17.652 
402.34 -9.804 414.821 32.295 451.003 7.415 438.521 -34.684 
318.257 -62.179 349.486 -31.311 388.493 -51.472 357.264 -82.341 
221.9 -42.848 263.232 -57.672 287.956 -93.959 246.624 -79.135 
169.647 -93.546 190.551 -54.931 220.816 -86.744 199.914 -125.359 
114.024 -97.968 131.462 -57.669 169.256 -35.315 151.819 -75.615 
125.105 -139.063 156.648 -108.517 195.448 -129.077 163.904 -159.624 
-4.79 -169.234 -9.064 -125.532 33.819 -134.972 38.093 -178.673 
-95.679 -138.71 -85.58 -95.977 -41.818 -92.377 -51.917 -135.109 
-128.077 -85.47 -118.374 -42.645 -74.647 -38.641 -84.351 -81.466 
-116.056 48.38 -129.072 90.316 -85.166 89.736 -72.15 47.799 
-154.94 140.765 -148.815 184.246 -109.355 164.984 -115.48 121.504 
-217.039 273.222 -215.562 317.107 -173.368 329.263 -174.845 285.378 
-224.057 400.976 -182.174 414.164 -156.689 378.406 -198.572 365.218 
-158.736 422.267 -160.488 466.143 -118.219 454.251 -116.466 410.376 
-31.62 446.322 -37.159 489.881 2.557 508.609 8.096 465.05 
31.218 504.629 48.632 544.938 92.35 540.833 74.936 500.524 
141.231 624.428 183.701 635.578 207.43 598.632 164.96 587.482 
231.259 635.512 256.719 671.288 282.876 636.019 257.417 600.243 
292.764 572.45 298.403 615.996 341.561 624.09 335.922 580.544 
353.852 504.252 394.485 520.898 422.872 487.398 382.239 470.752 
440.267 424.101 432.83 467.376 476.286 461.076 483.722 417.8 
546.319 368.377 574.0 402.463 597.864 365.604 570.183 331.518 
586.602 284.779 612.599 320.167 654.288 306.378 628.291 270.991 
595.55 207.284 574.61 245.879 617.788 253.868 638.728 215.272 
510.381 130.884 533.095 168.463 561.816 135.249 539.102 97.67 
499.394 15.343 489.219 58.058 526.699 80.935 536.874 38.22 
445.779 -92.454 474.766 -59.471 515.092 -76.847 486.105 -109.829 
408.163 -161.007 413.277 -117.395 453.174 -135.736 448.06 -179.347 
374.1 -195.669 345.431 -162.409 368.204 -124.866 396.873 -158.126 
221.629 -143.897 237.731 -103.046 281.559 -105.737 265.457 -146.588 
214.148 -215.447 205.981 -172.219 249.535 -177.8 257.687 -220.947 
175.623 -236.463 167.458 -193.319 205.968 -172.222 214.148 -215.446 
-192.579 36.236 -195.785 80.029 -155.126 96.611 -151.92 52.818 
-224.299 113.494 -183.718 130.267 -155.226 96.856 -195.807 80.083 
-64.026 549.253 -21.287 559.322 1.497 521.785 -41.243 511.716 
-19.358 560.425 4.086 597.553 32.153 563.784 8.709 526.656 
416.129 530.787 442.446 565.936 467.742 530.045 441.424 494.896 
445.281 492.169 468.647 529.347 511.225 518.613 487.859 481.436 
556.579 77.625 579.385 115.148 622.119 105.054 599.313 67.531 
560.284 33.728 556.543 77.478 599.308 67.517 603.05 23.766 
294.924 -233.288 288.664 -189.826 309.146 -150.986 315.405 -194.448 
175.618 -236.455 214.148 -215.447 257.687 -220.944 219.172 -242.033 
96.094 -200.333 77.988 -160.33 116.15 -182.051 134.256 -222.054 
-195.226 -6.593 -155.664 12.458 -112.46 4.617 -152.022 -14.434 
-220.985 69.718 -224.288 113.504 -195.879 80.022 -192.575 36.237 
-217.669 158.114 -217.508 202.024 -191.569 237.454 -191.73 193.544 
-105.199 496.184 -112.669 539.454 -81.193 508.838 -73.724 465.568 
-64.026 549.253 -37.784 584.459 4.14 597.515 -22.103 562.31 
41.915 606.595 85.773 608.745 122.518 584.706 78.661 582.556 
359.312 547.184 379.465 586.196 418.7 605.911 398.547 566.899 
442.423 565.92 484.512 553.404 511.205 518.539 469.117 531.056 
530.13 404.33 517.147 446.277 531.3 487.844 544.283 445.897 
574.782 177.201 618.023 169.562 648.516 137.966 605.275 145.605 
602.995 23.76 599.336 67.517 622.095 105.068 625.755 61.311 
502.883 -34.669 537.104 -7.154 580.962 -5.009 546.741 -32.524 
