159.61 223.731 155.286 267.428 198.18 258.038 202.505 214.341 
211.761 214.301 207.315 257.985 247.487 275.713 251.934 232.029 
214.274 206.11 254.792 223.034 283.407 189.729 242.89 172.805 
184.863 163.9 207.675 201.42 236.309 168.131 213.498 130.611 
135.425 177.507 157.128 215.679 200.138 206.834 178.435 168.662 
124.052 186.8 120.413 230.559 143.19 268.1 146.829 224.341 
161.39 282.005 202.316 297.916 244.778 286.733 203.852 270.822 
266.547 230.27 264.406 274.128 291.916 239.904 294.057 196.047 
223.876 122.07 246.259 159.846 286.572 177.251 264.189 139.475 
131.848 167.999 174.46 157.4 202.704 123.778 160.092 134.377 
65.825 133.162 104.287 154.347 136.321 124.315 97.859 103.13 
63.285 170.058 55.66 213.301 94.431 233.915 102.055 190.672 
20.877 254.162 60.028 274.042 91.034 242.95 51.882 223.069 
70.513 281.769 89.274 321.47 121.235 291.359 102.474 251.659 
128.556 334.654 168.256 353.416 198.368 321.457 158.668 302.695 
178.079 360.397 199.242 398.871 229.293 366.856 208.131 328.382 
217.894 321.452 238.191 360.389 281.495 353.116 261.198 314.179 
282.587 282.81 304.604 320.801 333.932 288.121 311.914 250.13 
321.788 242.679 343.033 281.108 386.146 272.778 364.901 234.349 
324.302 188.942 318.572 232.476 361.747 224.473 367.477 180.939 
281.702 121.301 303.227 159.573 346.278 150.927 324.752 112.656 
283.309 68.524 278.698 112.192 321.653 103.082 326.263 59.415 
233.067 49.611 227.125 93.117 266.666 112.212 272.608 68.706 
154.161 70.117 149.503 113.779 192.468 104.716 197.125 61.054 
108.142 50.097 101.393 93.486 140.573 113.312 147.321 69.924 
59.569 77.143 47.396 119.331 82.042 92.355 94.216 50.167 
15.802 206.442 14.892 250.342 41.432 215.361 42.342 171.46 
16.123 273.536 35.355 313.01 74.116 333.642 54.884 294.167 
124.472 356.727 150.783 391.881 192.733 404.856 166.421 369.702 
213.815 407.945 257.012 400.063 287.325 368.295 244.128 376.178 
322.975 330.642 364.442 316.198 389.5 280.14 348.033 294.583 
385.264 180.04 378.541 223.432 398.607 262.489 405.33 219.097 
334.23 58.615 334.615 102.523 360.735 137.82 360.35 93.911 
239.862 24.956 276.962 48.445 320.783 45.64 283.683 22.152 
109.777 45.032 150.671 61.027 193.155 49.931 152.262 33.936 
75.849 -40.429 85.947 2.304 129.709 5.906 119.611 -36.827 
12.981 27.716 34.658 65.902 64.277 33.485 42.599 -4.701 
-6.246 49.938 -7.14 93.839 17.941 129.881 18.834 85.98 
-65.668 124.972 -42.308 162.152 0.271 151.423 -23.089 114.243 
-60.642 213.146 -18.99 199.246 6.537 163.519 -35.115 177.419 
-57.345 220.621 -67.351 263.376 -23.596 259.679 -13.591 216.924 
-47.227 296.69 -29.804 336.995 13.913 332.879 -3.51 292.574 
-2.784 373.491 38.949 387.147 80.738 373.665 39.005 360.009 
49.174 404.19 48.469 448.094 90.443 435.197 91.147 391.293 
107.008 388.414 106.78 432.323 132.405 467.981 132.633 424.071 
151.754 420.631 149.773 464.497 190.88 479.936 192.861 436.071 
224.962 430.078 216.391 473.144 259.998 467.987 268.569 424.922 
302.581 409.468 302.013 453.374 328.28 418.187 328.847 374.281 
346.02 371.162 345.122 415.062 386.597 429.482 387.495 385.582 
347.938 356.891 389.907 369.8 431.449 355.574 389.48 342.665 
391.674 323.995 433.175 338.338 459.641 303.3 418.139 288.957 
432.454 216.204 423.319 259.153 461.343 281.113 470.478 238.164 
404.851 142.071 429.151 178.645 470.307 193.951 446.007 157.377 
407.356 126.62 448.754 141.26 475.469 106.412 434.072 91.772 
392.236 77.29 394.812 121.125 418.494 84.148 415.918 40.313 
354.356 31.027 376.974 68.663 405.779 35.522 383.161 -2.115 
289.439 -5.814 327.233 16.539 360.171 -12.498 322.377 -34.851 
216.021 -2.826 258.231 -14.926 285.267 -49.525 243.057 -37.426 
177.513 -43.308 204.298 -8.513 229.112 -44.739 202.328 -79.534 
121.837 -38.558 147.651 -3.037 189.413 10.528 163.6 -24.993 
124.895 -75.694 162.994 -53.863 195.53 -83.351 157.431 -105.182 
9.013 -101.653 16.97 -58.47 55.581 -79.382 47.624 -122.565 
-52.347 -88.374 -33.519 -48.705 10.027 -54.354 -8.801 -94.022 
-76.654 -43.703 -62.384 -2.176 -18.481 -2.915 -32.75 -44.442 
-69.681 64.481 -73.528 108.222 -30.739 98.364 -26.892 54.622 
-104.509 158.517 -87.027 198.797 -54.121 169.723 -71.603 129.443 
-155.051 264.881 -142.826 307.055 -98.939 308.462 -111.163 266.288 
-158.943 366.706 -115.709 374.382 -95.048 335.637 -138.282 327.96 
-107.092 377.862 -95.516 420.219 -58.81 396.121 -70.385 353.764 
-4.62 392.607 -4.042 436.513 37.894 449.531 37.316 405.625 
51.832 456.107 74.831 493.512 117.513 483.197 94.513 445.793 
151.754 558.528 195.333 563.91 213.919 524.127 170.34 518.745 
214.258 568.036 242.211 601.899 265.778 564.85 237.826 530.986 
260.521 511.894 275.778 553.068 319.652 551.28 304.395 510.106 
317.558 460.767 359.484 473.818 384.851 437.976 342.925 424.926 
398.659 384.779 396.2 428.62 438.655 417.41 441.114 373.569 
489.998 335.025 521.068 366.054 540.978 326.917 509.909 295.888 
523.154 277.623 550.885 311.668 591.834 295.814 564.102 261.769 
524.629 208.386 512.586 250.613 556.467 249.018 568.511 206.791 
456.795 146.152 482.559 181.71 508.415 146.22 482.652 110.662 
440.881 34.902 437.299 78.665 477.814 95.596 481.396 51.832 
386.024 -61.513 416.865 -30.257 456.121 -49.931 425.28 -81.186 
379.227 -109.036 384.037 -65.39 424.06 -83.453 419.25 -127.098 
338.206 -136.978 319.775 -97.124 351.983 -67.279 370.414 -107.133 
213.143 -89.115 236.455 -51.905 279.048 -62.579 255.736 -99.789 
205.334 -154.966 200.929 -111.195 243.838 -120.514 248.236 -164.203 
165.134 -172.569 160.736 -128.88 200.927 -111.196 205.334 -154.967 
-138.211 55.946 -139.903 99.823 -98.696 114.992 -97.004 71.114 
-167.064 134.326 -125.858 149.495 -98.697 114.993 -139.904 99.824 
-31.812 492.925 9.624 507.453 36.246 472.533 -5.191 458.005 
9.625 507.453 34.601 543.567 61.231 508.653 36.254 472.539 
379.1 481.508 403.709 517.874 430.69 483.231 406.08 446.866 
406.086 446.86 430.689 483.23 472.882 471.07 448.279 434.7 
498.984 92.07 522.472 129.17 565.014 118.296 541.526 81.196 
501.791 48.246 498.983 92.066 541.526 81.195 544.334 37.375 
275.54 -172.739 274.276 -128.847 299.052 -92.595 300.316 -136.487 
165.134 -172.569 205.334 -154.967 248.236 -164.203 208.044 -181.887 
94.32 -134.889 80.331 -93.266 116.113 -118.717 130.102 -160.339 
-139.583 39.617 -95.909 44.169 -57.901 22.181 -101.574 17.629 
-165.371 90.448 -167.064 134.326 -139.903 99.823 -138.211 55.946 
-165.075 169.246 -153.619 211.636 -119.436 239.196 -130.892 196.807 
-62.248 439.895 -63.99 483.77 -36.792 449.298 -35.05 405.423 
-31.812 492.925 -6.831 529.035 34.606 543.565 9.623 507.455 
65.263 552.378 108.771 546.454 140.489 516.088 96.98 522.012 
319.825 492.665 343.817 529.441 384.844 545.09 360.852 508.314 
403.707 517.872 445.898 505.708 472.882 471.067 430.691 483.232 
477.298 362.549 470.752 405.968 490.977 444.943 497.524 401.524 
514.234 189.743 556.633 178.322 584.221 144.161 541.822 155.582 
544.331 37.375 541.526 81.196 565.014 118.296 567.819 74.475 
441.721 -8.448 479.479 13.967 523.201 9.909 485.444 -12.507 
