159.88 222.149 157.346 265.986 199.821 254.85 202.355 211.013 
212.325 210.279 210.535 254.153 251.708 269.414 253.498 225.54 
214.243 202.411 255.759 216.71 282.187 181.644 240.671 167.345 
182.195 161.782 207.091 197.953 233.797 163.098 208.902 126.928 
133.759 177.453 157.199 214.583 199.756 203.764 176.315 166.634 
123.381 186.578 121.535 230.449 145.829 267.027 147.675 223.155 
165.726 282.519 207.148 297.091 249.224 284.534 207.802 269.961 
268.22 223.271 267.446 267.175 293.877 232.111 294.651 188.208 
218.73 117.839 243.277 154.246 284.537 169.271 259.989 132.864 
129.871 168.224 172.017 155.904 198.873 121.164 156.726 133.484 
72.993 140.225 112.91 158.521 142.646 126.212 102.729 107.915 
70.746 170.774 67.098 214.532 107.588 231.524 111.236 187.765 
35.314 255.945 75.538 273.553 104.714 240.737 64.489 223.13 
78.437 275.917 99.59 314.396 129.65 282.388 108.496 243.909 
135.764 325.869 176.686 341.789 204.473 307.789 163.551 291.869 
182.157 345.604 204.954 383.134 233.601 349.856 210.806 312.327 
213.764 310.433 235.945 348.328 278.84 338.942 256.659 301.047 
275.748 272.101 299.881 308.785 327.311 274.496 303.177 237.813 
308.088 234.322 331.005 271.778 373.709 261.558 350.793 224.102 
310.91 186.617 306.983 230.351 349.79 220.571 353.717 176.837 
269.366 124.712 293.193 161.595 335.634 150.331 311.807 113.448 
270.528 75.081 267.47 118.884 310.075 108.256 313.133 64.453 
225.607 58.123 222.09 101.892 262.63 118.762 266.147 74.993 
153.813 77.894 151.619 121.749 194.006 110.284 196.2 66.428 
108.679 60.226 104.264 103.914 144.448 121.613 148.864 77.926 
72.708 90.691 65.336 133.978 96.744 103.291 104.116 60.005 
28.703 208.43 29.235 252.337 54.612 216.503 54.08 172.596 
33.395 261.23 55.375 299.242 95.501 317.075 73.52 279.062 
132.877 338.824 159.89 373.442 202.092 385.57 175.079 350.952 
208.399 385.812 251.153 375.8 279.855 342.57 237.102 352.582 
308.094 313.978 349.454 299.233 374.249 262.993 332.888 277.738 
359.751 176.978 355.713 220.702 378.146 258.449 382.185 214.725 
316.223 64.252 317.534 108.142 344.393 142.879 343.081 98.989 
229.271 47.722 268.528 67.393 311.85 60.233 272.593 40.562 
109.484 57.52 151.151 71.374 193.004 58.091 151.337 44.237 
80.094 -3.355 99.75 35.91 143.167 29.351 123.512 -9.915 
35.085 46.171 58.877 83.076 86.624 49.043 62.83 12.138 
23.755 56.722 19.783 100.452 42.273 138.165 46.245 94.435 
-37.329 129.363 -11.574 164.927 30.207 151.421 4.452 115.858 
-26.264 217.83 14.845 202.398 39.031 165.75 -2.077 181.182 
-25.483 219.768 -29.493 263.494 13.333 253.795 17.343 210.069 
-22.599 279.038 -2.698 318.178 40.678 311.345 20.776 272.205 
12.226 344.79 53.598 359.503 95.716 347.088 54.344 332.375 
61.122 374.132 61.586 418.039 103.201 404.03 102.737 360.122 
119.411 356.416 120.414 400.315 147.028 435.241 146.025 391.342 
158.342 389.309 159.262 433.209 201.298 445.9 200.378 401.999 
215.419 401.319 209.854 444.875 252.998 436.709 258.563 393.153 
282.846 386.376 282.009 430.278 308.49 395.253 309.327 351.351 
321.775 349.459 322.079 393.368 363.933 406.648 363.629 362.739 
323.514 334.665 365.622 347.118 407.007 332.443 364.9 319.99 
366.551 306.222 408.776 318.269 433.282 281.834 391.057 269.786 
400.752 213.21 394.961 256.736 434.568 275.694 440.359 232.167 
377.942 151.297 402.297 187.834 443.476 203.078 419.121 166.541 
379.977 140.847 421.742 154.404 447.541 118.872 405.776 105.316 
365.002 91.578 367.613 135.41 391.265 98.414 388.653 54.582 
328.462 50.518 354.395 85.951 380.081 50.338 354.147 14.904 
277.176 22.563 316.475 42.151 347.247 10.828 307.948 -8.76 
213.826 24.182 256.324 13.137 284.213 -20.778 241.715 -9.733 
178.194 -14.341 205.624 19.947 229.757 -16.736 202.328 -51.024 
123.512 -9.915 151.612 23.826 194.179 34.606 166.078 0.865 
125.722 -40.966 165.572 -22.527 195.424 -54.73 155.573 -73.169 
22.566 -67.126 31.585 -24.152 69.669 -46.01 60.649 -88.983 
-23.539 -68.976 -12.259 -26.539 31.586 -24.153 20.307 -66.589 
-52.351 -8.593 -22.925 23.999 17.164 6.084 -12.262 -26.508 
-42.25 74.999 -42.315 118.909 -0.534 105.402 -0.469 61.492 
-74.325 167.346 -53.333 205.913 -23.141 174.031 -44.132 135.464 
-117.213 259.467 -106.104 301.949 -62.269 304.511 -73.378 262.03 
-128.769 340.243 -85.988 350.138 -63.358 312.508 -106.138 302.613 
-79.398 353.384 -62.443 393.889 -29.16 365.248 -46.114 324.743 
9.871 363.507 11.889 407.371 54.23 419.006 52.212 375.142 
65.605 426.715 89.675 463.44 132.041 451.897 107.971 415.172 
157.261 521.754 200.596 528.835 220.723 489.809 177.387 482.728 
201.095 529.088 227.777 563.962 252.698 527.809 226.016 492.935 
242.254 479.284 261.553 518.725 305.028 512.558 285.729 473.117 
295.699 437.257 337.86 449.526 362.556 413.22 320.395 400.951 
374.349 361.797 372.806 405.679 415.018 393.586 416.561 349.704 
458.628 317.69 488.677 349.708 509.843 311.236 479.794 279.218 
484.483 275.094 511.061 310.047 552.516 295.571 525.938 260.618 
484.675 212.976 477.091 256.226 520.568 250.074 528.152 206.824 
427.67 158.028 454.085 193.105 479.282 157.143 452.867 122.067 
410.609 49.918 408.453 93.775 449.498 109.378 451.653 65.521 
364.645 -32.378 395.154 -0.798 434.616 -20.055 404.107 -51.635 
360.692 -79.558 363.183 -35.719 404.107 -51.635 401.616 -95.474 
316.664 -102.38 305.408 -59.938 342.295 -36.117 353.551 -78.559 
209.748 -57.784 235.413 -22.156 277.229 -35.556 251.563 -71.184 
202.468 -120.995 199.307 -77.116 241.935 -87.65 245.09 -131.447 
161.783 -137.448 158.628 -93.651 199.306 -77.117 202.467 -120.995 
-104.386 64.56 -106.81 108.403 -65.861 124.256 -63.437 80.413 
-134.544 142.448 -93.596 158.303 -65.863 124.258 -106.811 108.404 
-16.256 460.242 24.982 475.324 52.069 440.764 10.831 425.682 
24.982 475.325 49.478 511.767 76.568 477.209 52.071 440.766 
354.278 456.342 378.806 492.762 405.865 458.18 381.336 421.759 
381.337 421.759 405.865 458.18 448.083 446.107 423.554 409.686 
467.473 106.483 491.246 143.401 533.703 132.201 509.93 95.282 
469.94 62.642 467.473 106.483 509.93 95.282 512.398 51.441 
267.714 -137.729 267.724 -93.819 293.541 -58.301 293.531 -102.211 
161.783 -137.447 202.467 -120.995 245.09 -131.447 204.411 -147.981 
98.106 -98.295 88.894 -55.362 121.582 -84.681 130.795 -127.613 
-104.722 51.773 -61.127 57.022 -22.772 35.645 -66.367 30.395 
-132.118 98.604 -134.543 142.447 -106.81 108.403 -104.386 64.56 
-134.186 175.052 -116.8 215.373 -79.034 237.775 -96.42 197.454 
-41.159 407.486 -41.954 451.389 -15.506 416.338 -14.711 372.435 
-16.256 460.241 8.241 496.683 49.479 511.766 24.982 475.324 
78.211 521.088 121.047 511.433 150.027 478.444 107.191 488.099 
296.123 463.168 320.88 499.433 362.225 514.219 337.468 477.954 
378.806 492.762 421.024 480.689 448.082 446.107 405.865 458.18 
445.554 341.429 442.376 385.224 465.546 422.523 468.725 378.729 
479.194 201.054 521.383 188.881 548.36 154.235 506.171 166.407 
512.398 51.442 509.93 95.282 533.703 132.201 536.171 88.36 
412.083 17.632 452.132 35.638 495.115 26.665 455.067 8.659 
