159.894 222.559 156.351 266.326 199.071 256.17 202.613 212.403 
212.194 212.058 208.968 255.85 249.619 272.45 252.845 228.659 
214.365 204.305 255.38 219.986 282.967 185.825 241.952 170.144 
183.944 162.873 207.692 199.807 235.479 165.807 211.731 128.874 
135.02 177.269 157.455 215.015 200.287 205.342 177.852 167.596 
124.411 186.1 121.504 229.914 144.906 267.068 147.813 223.255 
163.489 281.898 204.653 297.182 246.94 285.351 205.775 270.067 
267.135 226.779 265.634 270.664 292.643 236.043 294.144 192.158 
221.561 120.432 244.937 157.603 285.697 173.934 262.321 136.764 
131.445 168.177 173.845 156.758 201.435 122.598 159.036 134.017 
68.827 136.005 107.943 155.956 139.005 124.92 99.89 104.969 
66.276 169.807 60.333 213.313 99.873 232.409 105.816 188.904 
26.742 255.158 66.398 274.01 96.583 242.12 56.926 223.267 
73.785 279.648 93.519 318.874 124.728 287.986 104.994 248.759 
131.727 331.333 172.028 348.767 201.063 315.826 160.762 298.392 
180.108 354.412 201.976 392.49 231.432 359.926 209.565 321.849 
216.587 317.082 237.622 355.625 280.779 347.529 259.744 308.986 
280.174 278.143 303.158 315.556 331.638 282.134 308.653 244.721 
316.37 239.07 338.293 277.116 381.251 268.024 359.329 229.978 
319.088 187.683 314.041 231.302 357.085 222.623 362.132 179.004 
276.911 122.51 299.459 160.188 342.261 150.387 319.714 112.708 
278.37 71.038 274.378 114.766 317.2 105.05 321.192 61.322 
230.07 52.888 225.128 96.519 265.096 114.702 270.038 71.071 
154.197 73.008 150.637 116.774 193.361 106.635 196.92 62.869 
108.416 54.006 102.649 97.535 142.266 116.472 148.033 72.942 
64.969 82.477 54.865 125.209 88.157 96.577 98.261 53.846 
20.149 207.082 19.844 250.991 45.899 215.647 46.204 171.739 
22.815 268.685 43.27 307.54 82.656 326.95 62.201 288.096 
128.128 349.675 154.852 384.518 196.951 396.998 170.227 362.156 
211.655 399.129 254.674 390.33 284.306 357.925 241.286 366.724 
316.955 323.516 358.338 308.835 383.189 272.634 341.806 287.315 
375.115 178.738 369.517 222.289 390.588 260.814 396.186 217.262 
326.893 60.831 327.798 104.732 354.333 139.717 353.428 95.816 
235.846 33.883 273.882 55.824 317.55 51.217 279.514 29.276 
109.731 49.759 150.965 64.856 193.197 52.833 151.964 37.736 
78.261 -26.555 92.219 15.078 136.127 14.668 122.169 -26.964 
21.953 35.64 45.113 72.945 73.436 39.39 50.275 2.085 
6.601 51.854 3.876 95.68 27.431 132.737 30.156 88.911 
-54.712 126.124 -30.405 162.692 11.885 150.874 -12.422 114.306 
-47.038 214.606 -5.774 199.592 18.783 163.192 -22.48 178.206 
-45.286 218.745 -53.054 261.962 -9.551 255.995 -1.784 212.777 
-37.621 289.764 -19.042 329.549 24.538 324.173 5.959 284.388 
2.992 362.434 44.573 376.546 86.507 363.522 44.927 349.41 
53.413 392.381 53.329 436.291 95.116 422.801 95.199 378.891 
111.906 375.354 112.469 419.26 138.733 454.45 138.17 410.544 
154.36 407.678 153.78 451.584 195.358 465.703 195.938 421.797 
221.103 418.633 213.767 461.926 257.208 455.524 264.544 412.232 
295.151 400.473 294.455 444.378 320.824 409.268 321.52 365.363 
336.318 362.888 336.055 406.797 377.734 420.616 377.997 376.707 
338.072 347.791 380.152 360.337 421.569 345.754 379.489 333.208 
381.37 316.506 423.257 329.681 448.731 293.915 406.844 280.74 
419.784 215.002 412.017 258.219 450.719 278.961 458.486 235.743 
394.617 145.543 418.893 182.132 460.039 197.465 435.763 160.875 
396.933 132.491 438.514 146.602 464.784 111.416 423.202 97.306 
381.498 83.224 384.299 127.044 407.79 89.946 404.988 46.126 
344.011 39.218 368.131 75.91 395.574 41.632 371.453 4.94 
284.973 5.408 323.352 26.744 355.502 -3.163 317.123 -24.499 
215.195 7.242 257.568 -4.276 285.077 -38.501 242.704 -26.982 
177.961 -32.302 205.098 2.218 229.543 -34.258 202.406 -68.779 
122.582 -27.292 149.635 7.295 191.851 19.375 164.797 -15.212 
125.078 -62.224 163.995 -41.889 195.362 -72.617 156.444 -92.953 
12.251 -87.526 21.008 -44.498 59.224 -66.123 50.467 -109.151 
-41.783 -80.453 -24.818 -39.952 18.942 -43.571 1.978 -84.071 
-67.848 -30.521 -46.853 8.044 -3.687 -0.006 -24.683 -38.572 
-59.031 68.21 -61.329 112.06 -18.915 100.695 -16.617 56.845 
-92.958 161.72 -73.929 201.293 -42.174 170.966 -61.202 131.394 
-140.792 263.624 -128.038 305.641 -84.137 306.496 -96.891 264.479 
-147.135 357.246 -103.925 365.053 -83.146 326.37 -126.357 318.563 
-96.526 368.192 -82.866 409.924 -47.399 384.037 -61.058 342.305 
0.925 381.328 2.289 425.217 44.451 437.481 43.087 393.592 
57.299 445.117 80.892 482.151 123.404 471.157 99.811 434.123 
157.376 544.883 200.875 550.879 220.019 511.362 176.52 505.366 
208.404 553.709 235.892 587.951 259.963 551.228 232.477 516.986 
253.226 499.253 269.965 539.847 313.745 536.471 297.006 495.877 
309.135 451.592 351.195 464.203 376.185 428.098 334.125 415.487 
389.465 375.711 387.495 419.577 429.823 407.896 431.793 364.03 
479.556 325.186 510.145 356.689 530.654 317.863 500.065 286.36 
508.503 277.53 535.722 311.987 576.903 296.748 549.684 262.291 
509.181 210.487 498.798 253.151 542.583 249.842 552.966 207.177 
445.541 150.885 471.633 186.202 497.16 150.475 471.068 115.157 
429.096 40.762 426.194 84.576 466.967 100.875 469.868 57.061 
376.75 -51.905 407.323 -20.386 446.746 -39.722 416.174 -71.241 
371.713 -98.172 375.579 -54.433 415.983 -71.627 412.116 -115.366 
329.252 -124.048 313.826 -82.937 348.158 -55.562 363.584 -96.673 
211.666 -77.112 236.112 -40.636 278.356 -52.614 253.911 -89.09 
203.872 -141.987 200.045 -98.162 242.828 -108.047 246.648 -151.791 
163.442 -159.057 159.622 -115.313 200.044 -98.163 203.871 -141.988 
-125.14 58.999 -127.173 102.862 -86.085 118.35 -84.052 74.487 
-154.601 137.153 -113.513 152.642 -86.086 118.351 -127.174 102.863 
-25.612 480.396 15.692 495.294 42.625 460.614 1.32 445.716 
15.692 495.294 40.352 531.626 67.286 496.946 42.626 460.615 
369.829 471.546 394.275 508.021 421.411 473.499 396.964 437.024 
396.965 437.024 421.412 473.499 463.656 461.521 439.21 425.045 
486.932 97.522 510.433 134.614 552.971 123.726 529.471 86.634 
489.723 53.698 486.932 97.52 529.471 86.633 532.263 42.812 
271.879 -159.424 271.393 -115.516 296.807 -79.709 297.293 -123.616 
163.443 -159.056 203.872 -141.988 246.648 -151.791 206.226 -168.941 
94.795 -120.849 82.188 -78.788 117.111 -105.405 129.718 -147.466 
-126.075 44.959 -82.361 49.098 -44.562 26.752 -88.276 22.613 
-152.567 93.29 -154.6 137.153 -127.173 102.862 -125.14 58.999 
-153.123 171.593 -139.677 213.394 -104.229 239.309 -117.675 197.508 
-54.053 427.438 -55.347 471.329 -28.502 436.581 -27.209 392.69 
-25.612 480.396 -0.953 516.728 40.352 531.626 15.692 495.294 
71.151 540.686 114.506 533.726 145.49 502.612 102.135 509.572 
310.73 481.252 335.042 517.817 376.203 533.108 351.892 496.543 
394.275 508.021 436.52 496.042 463.656 461.521 421.411 473.499 
466.353 353.471 460.766 397.024 481.846 435.543 487.433 391.99 
500.711 194.241 543.026 182.511 570.365 148.15 528.05 159.88 
532.261 42.813 529.471 86.634 552.971 123.726 555.762 79.905 
430.072 0.9 468.695 21.79 512.22 15.989 473.598 -4.901 
