159.891 222.623 156.292 266.385 199.025 256.284 202.623 212.522 
212.159 212.203 208.843 255.987 249.461 272.671 252.776 228.886 
214.351 204.434 255.331 220.206 282.994 186.106 242.014 170.334 
184.026 162.953 207.704 199.932 235.555 165.985 211.878 129.007 
135.075 177.278 157.456 215.057 200.301 205.447 177.921 167.668 
124.427 186.124 121.464 229.934 144.818 267.119 147.781 223.309 
163.33 281.855 204.478 297.184 246.777 285.399 205.629 270.07 
267.064 227.022 265.518 270.905 292.562 236.312 294.108 192.429 
221.721 120.588 245.023 157.805 285.75 174.217 262.449 137.0 
131.513 168.182 173.928 156.821 201.566 122.699 159.151 134.06 
68.6 135.796 107.667 155.84 138.804 124.879 99.736 104.834 
66.04 169.809 59.97 213.298 99.455 232.509 105.524 189.021 
26.293 255.072 65.914 273.998 96.158 242.164 56.536 223.238 
73.56 279.813 93.219 319.076 124.486 288.246 104.827 248.983 
131.484 331.594 171.743 349.124 200.856 316.252 160.597 298.722 
179.947 354.863 201.764 392.97 231.264 360.445 209.448 322.339 
216.703 317.394 237.681 355.968 280.85 347.936 259.872 309.362 
280.368 278.492 303.284 315.948 331.825 282.579 308.909 245.123 
316.786 239.344 338.657 277.42 381.628 268.386 359.757 230.31 
319.487 187.764 314.386 231.377 357.441 222.751 362.541 179.138 
277.294 122.414 299.766 160.138 342.587 150.423 320.116 112.699 
278.765 70.847 274.727 114.571 317.559 104.9 321.596 61.176 
230.292 52.639 225.273 96.261 265.21 114.514 270.228 70.892 
154.205 72.774 150.568 116.533 193.309 106.47 196.946 62.711 
108.395 53.701 102.558 97.221 142.144 116.221 147.981 72.7 
64.55 82.07 54.297 124.766 87.689 96.251 97.942 53.555 
19.811 207.02 19.461 250.929 45.552 215.611 45.902 171.703 
22.282 269.082 42.648 307.983 81.99 327.484 61.623 288.583 
127.847 350.205 154.543 385.068 196.633 397.582 169.937 362.719 
211.84 399.824 254.873 391.092 284.554 358.733 241.521 367.465 
317.411 324.056 358.799 309.388 383.661 273.195 342.273 287.862 
375.907 178.83 370.225 222.371 391.222 260.936 396.903 217.395 
327.464 60.665 328.333 104.566 354.84 139.572 353.971 95.671 
236.159 33.169 274.126 55.228 317.808 50.758 279.841 28.699 
109.74 49.369 150.947 64.538 193.2 52.588 151.993 37.42 
78.124 -27.705 91.775 14.029 135.685 13.944 122.034 -27.791 
21.274 35.07 44.353 72.425 72.748 38.931 49.667 1.576 
5.664 51.661 3.046 95.493 26.691 132.492 29.309 88.66 
-55.581 126.007 -31.357 162.63 10.96 150.908 -13.265 114.285 
-48.119 214.473 -6.834 199.52 17.777 163.155 -23.509 178.109 
-46.269 218.831 -54.218 262.015 -10.691 256.231 -2.742 213.046 
-38.376 290.315 -19.879 330.139 23.711 324.853 5.215 285.03 
2.524 363.313 44.116 377.391 86.039 364.333 44.447 350.255 
53.046 393.308 52.919 437.218 94.719 423.77 94.846 379.86 
111.502 376.364 112.017 420.271 138.242 455.49 137.727 411.583 
154.146 408.669 153.467 452.574 195.013 466.787 195.692 422.882 
221.412 419.525 213.984 462.802 257.438 456.493 264.866 413.216 
295.749 401.191 295.062 445.095 321.424 409.979 322.111 366.075 
337.061 363.561 336.756 407.47 378.421 421.329 378.727 377.421 
338.824 348.495 380.898 361.06 422.323 346.496 380.249 333.93 
382.149 317.078 424.011 330.333 449.553 294.615 407.691 281.361 
420.763 215.092 412.892 258.291 451.545 279.126 459.415 235.927 
395.436 145.268 419.712 181.858 460.858 197.191 436.582 160.601 
397.769 132.042 439.336 146.192 465.639 111.032 424.072 96.881 
382.351 82.775 385.146 126.596 408.643 89.501 405.848 45.68 
344.833 38.596 368.839 75.363 396.388 41.169 372.38 4.403 
285.331 4.519 323.665 25.936 355.878 -3.903 317.544 -25.32 
215.258 6.42 257.619 -5.139 285.095 -39.389 242.734 -27.83 
177.935 -33.188 205.05 1.351 229.518 -35.109 202.405 -69.648 
122.528 -28.182 149.501 6.468 191.688 18.647 164.716 -16.003 
125.057 -63.294 163.917 -42.848 195.37 -73.488 156.51 -93.934 
11.929 -88.619 20.649 -45.583 58.883 -67.175 50.164 -110.21 
-42.647 -81.041 -25.461 -40.634 18.279 -44.492 1.094 -84.899 
-68.565 -31.606 -48.077 7.231 -4.81 -0.253 -25.298 -39.09 
-59.872 67.896 -62.291 111.74 -19.846 100.492 -17.428 56.648 
-93.884 161.454 -74.969 201.082 -43.127 170.848 -62.04 131.22 
-141.957 263.686 -129.198 305.702 -85.296 306.551 -98.055 264.535 
-148.043 358.037 -104.825 365.8 -84.087 327.096 -127.305 319.333 
-97.37 368.948 -83.87 410.732 -48.304 384.981 -61.802 343.198 
0.472 382.218 1.783 426.108 43.931 438.424 42.62 394.534 
56.853 446.002 80.406 483.061 122.93 472.113 99.377 435.054 
157.025 545.965 200.534 551.887 219.611 512.337 176.102 506.415 
208.827 554.903 236.364 589.105 260.382 552.347 232.846 518.144 
253.787 500.251 270.401 540.896 314.191 537.655 297.577 497.009 
309.794 452.321 351.846 464.96 376.86 428.872 334.809 416.233 
390.199 376.433 388.196 420.297 430.532 408.647 432.536 364.783 
480.444 325.82 511.075 357.283 531.533 318.429 500.902 286.967 
509.692 277.613 536.954 312.036 578.116 296.745 550.854 262.323 
510.405 210.343 499.881 252.974 543.677 249.809 554.201 207.179 
446.436 150.519 472.504 185.854 498.055 150.143 471.986 114.808 
430.03 40.305 427.08 84.116 467.835 100.459 470.785 56.648 
377.43 -52.765 408.012 -21.256 447.43 -40.604 416.847 -72.114 
372.302 -99.054 376.24 -55.321 416.616 -72.58 412.679 -116.313 
329.941 -125.094 314.283 -84.071 348.46 -56.502 364.118 -97.525 
211.775 -78.071 236.14 -41.542 278.411 -53.427 254.046 -89.956 
203.972 -143.023 200.105 -99.202 242.897 -109.047 246.757 -152.787 
163.558 -160.131 159.697 -116.391 200.104 -99.202 203.972 -143.024 
-126.179 58.744 -128.186 102.608 -87.089 118.072 -85.082 74.207 
-155.594 136.916 -114.497 152.38 -87.09 118.073 -128.187 102.609 
-26.106 481.386 15.208 496.259 42.12 461.562 0.805 446.689 
15.207 496.259 39.89 532.575 66.802 497.879 42.12 461.562 
370.569 472.329 395.022 508.8 422.152 474.274 397.699 437.803 
397.699 437.803 422.152 474.274 464.394 462.288 439.942 425.817 
487.896 97.09 511.39 134.186 553.931 123.306 530.436 86.209 
490.695 53.266 487.896 97.087 530.437 86.208 533.237 42.387 
272.143 -160.49 271.606 -116.583 296.979 -80.746 297.515 -124.653 
163.559 -160.13 203.972 -143.024 246.757 -152.787 206.351 -169.975 
94.716 -121.967 81.978 -79.946 116.983 -106.455 129.721 -148.477 
-127.146 44.573 -83.431 48.708 -45.634 26.359 -89.349 22.223 
-153.586 93.051 -155.593 136.915 -128.186 102.608 -126.179 58.744 
-154.076 171.395 -140.791 213.247 -105.442 239.297 -118.728 197.445 
-54.703 428.422 -56.027 472.312 -29.159 437.582 -27.835 393.692 
-26.106 481.386 -1.425 517.702 39.89 532.575 15.208 496.259 
70.684 541.617 114.054 534.751 145.106 503.704 101.736 510.57 
311.445 482.16 335.731 518.742 376.882 534.062 352.596 497.48 
395.021 508.8 437.264 496.815 464.394 462.288 422.152 474.274 
467.276 354.162 461.594 397.702 482.59 436.268 488.272 392.727 
501.782 193.895 544.104 182.192 571.465 147.848 529.143 159.551 
533.235 42.388 530.437 86.209 553.931 123.306 556.729 79.485 
430.987 0.111 469.535 21.138 513.08 15.49 474.532 -5.536 
