154.761 237.969 145.116 280.807 188.838 276.742 198.483 233.905 
219.03 234.195 208.151 276.736 245.249 300.229 256.128 257.688 
225.545 213.761 262.856 236.912 296.403 208.581 259.092 185.43 
194.033 161.368 210.396 202.115 244.092 173.962 227.73 133.214 
133.01 175.521 148.26 216.698 192.134 214.919 176.884 173.742 
106.967 201.766 97.643 244.675 115.32 284.87 124.645 241.961 
157.974 307.976 197.085 327.937 240.459 321.097 201.349 301.136 
286.19 251.286 279.725 294.718 310.483 263.381 316.948 219.949 
249.557 114.608 265.566 155.496 302.552 179.164 286.542 138.277 
122.665 151.305 166.359 146.958 199.154 117.758 155.46 122.105 
30.911 106.539 64.051 135.345 101.689 112.729 68.549 83.922 
46.591 175.635 29.147 215.932 62.082 244.974 79.525 204.677 
-18.426 269.264 15.958 296.572 52.556 272.31 18.172 245.001 
34.12 312.163 44.222 354.895 81.741 332.083 71.639 289.35 
117.25 357.913 152.041 384.703 188.271 359.894 153.48 333.104 
177.747 402.524 191.964 444.069 227.082 417.711 212.866 376.166 
231.391 364.06 245.374 405.684 289.282 405.246 275.299 363.623 
301.727 306.408 316.273 347.839 351.181 321.202 336.634 279.771 
359.909 260.659 374.447 302.093 418.345 301.071 403.807 259.637 
365.676 199.895 354.681 242.406 398.509 239.727 409.504 197.216 
313.801 113.791 326.838 155.721 370.744 156.279 357.708 114.349 
316.457 47.727 305.279 90.19 349.118 87.699 360.297 45.236 
263.649 20.495 249.55 62.08 284.743 88.339 298.842 46.754 
162.375 52.809 146.864 93.888 190.726 95.945 206.237 54.866 
91.526 28.012 76.223 69.169 110.636 96.442 125.94 55.285 
20.581 41.004 -5.287 76.485 36.496 62.985 62.364 27.504 
-29.294 217.46 -32.54 261.25 -4.176 227.73 -0.93 183.94 
-27.165 304.843 -17.981 347.782 14.688 377.121 5.504 334.183 
113.677 406.065 139.38 441.666 181.1 455.361 155.397 419.759 
221.99 461.323 265.899 461.547 301.553 435.918 257.644 435.695 
358.834 364.44 400.363 350.175 425.576 314.225 384.048 328.49 
449.928 193.162 433.6 233.924 444.35 276.498 460.678 235.736 
380.844 41.786 377.635 85.578 400.778 122.893 403.987 79.101 
276.732 -23.926 305.98 8.826 348.893 18.13 319.645 -14.621 
95.605 -4.159 134.049 17.06 177.622 11.63 139.179 -9.589 
46.846 -106.464 33.215 -64.723 68.7 -38.86 82.331 -80.601 
-44.445 -28.22 -48.35 15.515 -5.548 5.714 -1.644 -38.022 
-83.044 42.43 -71.309 84.743 -36.946 112.078 -48.68 69.765 
-124.255 119.137 -110.312 160.774 -66.403 160.38 -80.346 118.743 
-144.527 200.48 -101.215 207.7 -61.931 188.083 -105.243 180.863 
-117.242 248.581 -145.045 282.568 -104.13 298.507 -76.327 264.52 
-104.587 342.415 -100.306 386.115 -57.421 395.548 -61.702 351.847 
-40.866 436.218 2.12 445.178 42.163 427.161 -0.823 418.2 
29.76 469.283 25.871 513.02 68.67 503.203 72.558 459.466 
99.112 459.177 86.287 501.173 100.597 542.686 113.421 500.691 
157.245 492.225 142.504 533.587 177.287 560.388 192.027 519.026 
249.839 502.414 229.768 541.469 273.114 548.489 293.184 509.435 
335.801 463.398 337.042 507.29 361.837 471.051 360.595 427.159 
397.748 413.835 392.412 457.42 432.215 475.963 437.551 432.379 
403.421 393.979 441.62 415.634 485.252 410.701 447.053 389.046 
452.587 348.845 488.397 374.257 523.631 348.052 487.821 322.641 
514.525 226.529 493.395 265.021 523.474 297.011 544.603 258.519 
462.58 134.578 487.625 170.646 529.087 185.104 504.042 149.036 
464.201 98.912 503.467 118.566 534.293 87.295 495.027 67.642 
454.007 44.846 446.948 88.184 478.133 57.272 485.192 13.933 
411.666 -20.186 420.453 22.835 458.654 1.183 449.866 -41.839 
324.355 -76.766 352.848 -43.355 393.427 -60.129 364.935 -93.54 
223.568 -50.805 264.707 -66.157 288.965 -102.758 247.826 -87.406 
166.822 -105.523 184.251 -65.22 217.195 -94.25 199.768 -134.553 
111.875 -114.92 125.616 -73.215 161.245 -47.551 147.505 -89.256 
126.151 -153.88 155.35 -121.085 195.563 -138.721 166.364 -171.516 
-6.5 -184.127 -14.699 -140.989 28.862 -146.522 37.06 -189.66 
-101.782 -151.958 -94.982 -108.578 -51.623 -101.64 -58.423 -145.02 
-138.538 -93.951 -126.033 -51.859 -82.137 -50.745 -94.642 -92.837 
-128.113 43.741 -140.757 85.791 -96.858 84.822 -84.214 42.772 
-165.154 135.118 -162.593 178.953 -121.695 162.972 -124.255 119.137 
-229.791 272.951 -231.523 316.827 -190.33 332.033 -188.598 288.157 
-240.46 403.945 -199.283 419.195 -172.055 384.746 -213.232 369.496 
-171.243 428.647 -176.36 472.258 -133.303 463.648 -128.185 420.038 
-39.924 457.842 -47.465 501.1 -8.655 521.639 -1.114 478.381 
25.986 513.508 41.596 554.55 85.453 552.387 69.843 511.345 
136.964 637.493 178.868 650.615 204.297 614.817 162.393 601.695 
230.413 650.114 254.81 686.623 281.993 652.139 257.597 615.63 
296.382 585.726 299.243 629.542 341.8 640.361 338.939 596.544 
359.371 514.891 399.48 532.761 428.869 500.137 388.76 482.267 
447.626 433.335 438.466 476.279 482.139 471.72 491.299 428.776 
557.496 376.003 583.762 411.191 609.112 375.337 582.846 340.149 
599.004 289.431 624.201 325.393 666.188 312.542 640.991 276.58 
610.308 210.264 587.12 247.552 629.749 258.082 652.937 220.794 
522.111 129.482 543.808 167.656 573.41 135.224 551.712 97.049 
513.273 12.753 500.978 54.907 537.27 79.626 549.564 37.472 
458.405 -101.347 485.82 -67.046 526.913 -82.52 499.498 -116.82 
416.2 -171.342 420.46 -127.639 460.708 -145.195 456.448 -188.898 
383.137 -206.982 352.849 -175.19 373.725 -136.561 404.013 -168.352 
224.51 -155.545 238.536 -113.936 282.444 -114.419 268.417 -156.028 
218.268 -229.335 207.974 -186.564 251.751 -189.985 262.025 -232.676 
180.9 -252.508 170.319 -209.892 207.58 -186.66 218.18 -229.356 
-201.712 28.967 -206.759 72.586 -166.834 90.864 -161.788 47.245 
-236.759 104.772 -196.972 123.347 -167.01 91.247 -206.798 72.671 
-74.026 557.806 -30.974 566.437 -9.461 528.158 -52.515 519.527 
-27.707 568.096 -6.058 606.299 23.585 573.905 1.936 535.702 
419.804 543.101 446.547 577.927 471.404 541.73 444.661 506.904 
450.869 502.547 472.883 540.54 515.819 531.345 493.806 493.352 
569.748 77.048 591.77 115.037 634.704 105.833 612.682 67.844 
574.582 32.895 569.636 76.525 612.66 67.746 617.605 24.115 
303.156 -245.538 294.009 -202.591 311.852 -162.47 320.999 -205.417 
180.891 -252.495 218.257 -229.48 262.026 -232.669 224.679 -255.763 
97.124 -215.307 78.62 -175.487 116.997 -196.826 135.501 -236.646 
-203.499 -21.162 -166.586 2.619 -122.745 0.16 -159.658 -23.62 
-231.543 61.181 -236.75 104.781 -206.91 72.568 -201.703 28.968 
-228.233 154.182 -231.03 198.003 -207.536 235.099 -204.739 191.278 
-116.814 504.343 -127.109 547.029 -93.691 518.546 -83.396 475.86 
-74.026 557.806 -47.878 593.081 -5.989 606.249 -32.138 570.974 
34.558 616.422 78.241 620.876 116.2 598.803 72.517 594.349 
364.453 559.241 382.77 599.148 421.045 620.668 402.729 580.761 
446.523 577.912 488.739 565.833 515.793 531.246 473.577 543.326 
540.06 415.446 525.149 456.747 537.361 498.924 552.273 457.624 
586.979 176.985 630.517 171.282 662.388 141.077 618.85 146.78 
617.535 24.106 612.824 67.762 634.673 105.851 639.384 62.195 
517.572 -39.616 550.488 -10.553 594.2 -6.389 561.284 -35.452 
