157.198 230.268 150.318 273.636 193.689 266.778 200.569 223.411 
215.081 223.614 207.215 266.814 245.869 287.645 253.736 244.445 
219.203 211.674 258.215 231.826 289.436 200.95 250.424 180.798 
188.902 164.823 208.806 203.963 239.879 172.938 219.975 133.798 
134.714 178.165 153.621 217.797 197.155 212.062 178.248 172.431 
117.645 192.622 111.431 236.09 131.953 274.909 138.168 231.441 
159.114 293.845 199.238 311.681 242.183 302.527 202.059 284.69 
273.421 241.835 269.2 285.541 298.304 252.663 302.526 208.956 
236.338 120.037 255.567 159.512 294.328 180.146 275.099 140.67 
128.862 163.219 171.987 154.954 202.018 122.918 158.893 131.184 
53.475 122.285 89.973 146.697 124.469 119.529 87.971 95.116 
54.413 172.456 41.74 214.498 77.808 239.542 90.481 197.5 
1.131 257.003 38.064 280.752 72.064 252.966 35.13 229.216 
54.26 293.105 69.181 334.402 103.846 307.45 88.925 266.152 
122.514 347.194 159.968 370.113 193.34 341.575 155.886 318.655 
175.551 381.72 193.428 421.827 226.047 392.432 208.171 352.325 
222.921 341.986 240.215 382.346 283.945 378.369 266.65 338.009 
292.133 296.136 310.514 336.013 342.759 306.209 324.377 266.331 
339.901 254.558 358.01 294.56 401.651 289.698 383.541 249.696 
342.872 195.661 334.726 238.809 378.28 233.222 386.425 190.074 
297.53 118.654 315.034 158.923 358.742 154.72 341.238 114.45 
299.039 58.809 291.57 102.079 335.03 95.811 342.499 52.541 
247.487 36.507 238.203 79.425 276.152 101.517 285.435 58.599 
156.161 62.932 147.248 105.928 190.894 101.118 199.807 58.122 
104.624 38.841 93.703 81.372 130.777 104.9 141.698 62.37 
40.577 59.591 20.559 98.673 59.726 78.822 79.744 39.74 
-3.686 208.403 -6.061 252.249 21.632 218.173 24.007 174.328 
-5.241 288.007 9.103 329.507 45.101 354.651 30.756 313.15 
117.362 380.733 143.004 416.378 184.701 430.143 159.058 394.498 
217.205 435.441 260.937 431.483 293.989 402.576 250.258 406.534 
339.861 350.023 381.429 335.875 406.743 299.996 365.175 314.144 
418.477 186.537 406.932 228.902 422.494 269.962 434.039 227.597 
359.48 49.821 357.8 93.699 382.231 130.184 383.911 86.306 
257.522 0.866 290.831 29.477 334.596 33.046 301.287 4.434 
108.13 26.894 148.085 45.105 191.114 36.353 151.159 18.142 
60.134 -75.623 57.807 -31.775 98.791 -16.012 101.117 -59.861 
-21.038 1.455 -7.563 43.246 28.019 17.515 14.543 -24.276 
-50.899 50.316 -43.895 93.664 -12.75 124.616 -19.754 81.269 
-99.056 124.861 -77.897 163.336 -34.766 155.102 -55.925 116.626 
-103.56 208.898 -60.084 202.738 -28.533 172.199 -72.009 178.36 
-91.16 233.76 -108.203 274.228 -64.449 277.931 -47.406 237.463 
-77.882 319.736 -65.605 361.895 -21.716 363.246 -33.992 321.088 
-19.672 407.109 22.671 418.735 63.761 403.252 21.418 391.626 
39.525 439.867 37.307 483.721 79.7 472.279 81.918 428.425 
100.319 426.682 95.161 470.288 116.619 508.598 121.778 464.992 
151.664 459.068 144.726 502.427 183.819 522.423 190.757 479.065 
236.371 467.878 222.401 509.507 266.309 509.93 280.279 468.302 
322.662 435.831 322.674 479.741 348.473 444.21 348.462 400.3 
376.074 393.005 372.874 436.798 413.535 453.374 416.735 409.581 
378.944 379.715 419.91 395.522 462.344 384.23 421.377 368.424 
424.549 340.134 464.243 358.909 494.365 326.96 454.671 308.185 
474.51 221.781 459.802 263.154 494.605 289.928 509.313 248.555 
435.27 135.641 459.906 171.989 501.202 186.914 476.566 150.566 
437.692 110.47 478.338 127.083 506.698 93.559 466.052 76.947 
424.799 59.76 424.244 103.666 450.501 68.471 451.056 24.565 
386.171 5.697 403.236 46.154 436.44 17.422 419.374 -23.036 
306.993 -39.683 341.687 -12.768 378.005 -37.447 343.311 -64.362 
219.37 -29.073 261.046 -42.903 286.632 -78.587 244.957 -64.758 
172.702 -74.999 196.91 -38.365 224.27 -72.708 200.063 -109.343 
116.824 -74.352 137.85 -35.803 177.519 -16.975 156.493 -55.524 
123.966 -115.854 158.369 -88.568 194.951 -112.855 160.548 -140.141 
0.562 -145.031 2.145 -101.149 43.39 -116.216 41.806 -160.097 
-81.225 -118.713 -66.11 -77.487 -22.23 -79.122 -37.345 -120.348 
-106.985 -73.443 -101.534 -29.873 -58.412 -21.594 -63.863 -65.164 
-100.847 55.168 -111.151 97.852 -67.372 94.46 -57.068 51.776 
-136.481 147.828 -126.203 190.518 -88.779 167.551 -99.056 124.861 
-195.2 270.784 -188.923 314.243 -145.651 321.703 -151.928 278.244 
-198.585 391.279 -155.945 401.764 -132.796 364.451 -175.436 353.966 
-139.043 407.914 -135.386 451.672 -94.901 434.671 -98.558 390.914 
-20.439 427.075 -23.148 470.901 17.697 487.021 20.405 443.194 
38.818 488.303 58.817 527.394 102.175 520.454 82.176 481.363 
145.562 601.335 188.679 609.644 209.906 571.206 166.789 562.896 
228.605 610.934 255.425 645.701 280.203 609.451 253.384 574.683 
283.451 550.354 293.213 593.165 336.946 597.109 327.184 554.298 
342.641 487.731 383.923 502.693 410.909 468.054 369.627 453.092 
426.516 409.616 421.467 453.235 464.511 444.558 469.561 400.94 
526.483 356.902 556.036 389.379 577.791 351.236 548.238 318.76 
564.84 279.465 591.893 314.052 633.147 299.012 606.094 264.425 
570.443 205.026 553.107 245.369 596.832 249.39 614.169 209.047 
491.153 134.626 515.257 171.328 542.715 137.062 518.611 100.359 
477.584 20.676 470.383 63.992 509.354 84.225 516.554 40.909 
424.938 -78.268 456.01 -47.242 495.119 -67.205 464.047 -98.232 
396.606 -142.601 402.936 -99.15 442.304 -118.597 435.975 -162.048 
360.975 -175.441 335.354 -139.781 361.353 -104.395 386.973 -140.055 
217.538 -124.593 236.646 -85.059 280.151 -91.015 261.043 -130.55 
209.519 -193.469 203.362 -149.91 246.611 -157.5 252.757 -200.978 
170.059 -212.672 163.909 -169.195 203.358 -149.911 209.519 -193.469 
-174.669 44.797 -176.453 88.67 -135.278 103.925 -133.494 60.051 
-203.693 123.11 -162.521 138.374 -135.281 103.934 -176.453 88.67 
-50.356 530.937 -8.238 543.351 16.584 507.13 -25.534 494.716 
-7.645 543.749 17.303 579.883 43.96 544.99 19.012 508.856 
406.052 511.695 431.579 547.422 457.669 512.104 432.142 476.377 
433.369 475.514 457.948 511.901 500.149 499.77 475.57 463.383 
535.464 80.592 558.958 117.689 601.498 106.809 578.005 69.712 
538.298 36.728 535.451 80.545 578.004 69.712 580.851 25.895 
285.835 -212.146 282.185 -168.388 304.951 -130.842 308.602 -174.6 
170.057 -212.669 209.519 -193.469 252.757 -200.978 213.307 -220.259 
94.964 -176.485 78.395 -135.821 115.702 -158.98 132.271 -199.643 
-177.021 11.787 -135.275 25.401 -93.499 11.877 -135.246 -1.737 
-201.901 79.242 -203.686 123.116 -176.453 88.67 -174.669 44.797 
-199.288 162.38 -194.669 206.047 -165.265 238.659 -169.885 194.992 
-87.947 478.026 -92.274 521.722 -63.09 488.914 -58.763 445.218 
-50.356 530.937 -24.459 566.397 17.335 579.862 -8.562 544.402 
51.596 588.232 95.489 586.984 130.266 560.176 86.373 561.423 
347.496 527.211 369.752 565.062 410.007 582.602 387.751 544.751 
431.563 547.41 473.597 534.713 500.14 499.733 458.106 512.431 
512.152 387.889 501.945 430.596 518.789 471.147 528.997 428.44 
553.775 179.557 596.574 169.74 625.429 136.641 582.63 146.458 
580.816 25.891 578.007 69.711 601.491 106.813 604.3 62.993 
479.913 -26.013 515.875 -0.816 559.779 -1.57 523.817 -26.766 
