159.682 223.508 155.483 267.217 198.35 257.704 202.549 213.995 
211.795 213.916 207.537 257.619 247.785 275.174 252.043 231.471 
214.249 205.814 254.846 222.548 283.305 189.109 242.708 172.375 
184.734 163.753 207.691 201.184 236.195 167.784 213.239 130.353 
135.401 177.459 157.218 215.566 200.202 206.593 178.385 168.486 
124.181 186.642 120.655 230.411 143.529 267.893 147.055 224.124 
161.683 281.859 202.647 297.673 245.082 286.388 204.118 270.575 
266.569 229.702 264.533 273.565 291.961 239.276 293.997 195.413 
223.474 121.892 246.008 159.578 286.391 176.821 263.857 139.135 
131.851 168.068 174.429 157.338 202.57 123.63 159.991 134.36 
66.286 133.621 104.851 154.618 136.737 124.429 98.173 103.432 
63.724 169.997 56.359 213.285 95.253 233.666 102.617 190.378 
21.774 254.27 61.009 273.984 91.883 242.761 52.648 223.047 
71.073 281.427 89.987 321.055 121.831 290.821 102.917 251.193 
129.01 334.14 168.807 352.694 198.752 320.578 158.954 302.023 
178.359 359.464 199.638 397.874 229.592 365.768 208.314 327.358 
217.71 320.724 238.122 359.6 281.404 352.201 260.992 313.324 
282.218 282.089 304.392 319.989 333.585 287.188 311.41 249.288 
320.951 242.123 342.302 280.492 385.392 272.043 364.04 233.673 
323.492 188.722 317.865 232.27 361.021 224.164 366.647 180.616 
280.985 121.48 302.671 159.661 345.685 150.834 323.999 112.653 
282.573 68.923 278.063 112.601 320.997 103.393 325.507 59.716 
232.575 50.13 226.785 93.656 266.393 112.613 272.182 69.087 
154.174 70.541 149.697 114.222 192.624 104.982 197.101 61.301 
108.174 50.695 101.59 94.108 140.845 113.785 147.428 70.372 
60.39 77.979 48.558 120.265 82.985 93.01 94.818 50.724 
16.497 206.509 15.682 250.412 42.146 215.373 42.96 171.47 
17.116 272.839 36.544 312.217 75.407 332.655 55.979 293.277 
124.996 355.634 151.371 390.741 193.343 403.641 166.969 368.534 
213.529 406.633 256.698 398.601 286.901 366.728 243.732 374.76 
322.044 329.554 363.495 315.068 388.516 278.984 347.064 293.47 
383.719 179.826 377.176 223.245 397.404 262.219 403.947 218.799 
333.107 58.97 333.578 102.878 359.766 138.123 359.295 94.215 
239.232 26.262 276.481 49.513 320.283 46.429 283.034 23.178 
109.772 45.709 150.715 61.576 193.165 50.347 152.222 34.48 
76.317 -38.451 86.988 4.143 130.794 7.158 120.124 -35.436 
14.399 29.015 36.365 67.036 65.737 34.395 43.77 -3.625 
-4.164 50.141 -5.403 94.034 19.394 130.272 20.633 86.379 
-64.023 125.102 -40.539 162.204 2.005 151.333 -21.48 114.231 
-58.606 213.345 -17.027 199.228 8.313 163.368 -33.266 177.484 
-55.58 220.245 -65.256 263.075 -21.531 259.042 -11.856 216.211 
-45.778 295.652 -28.166 335.875 15.531 331.554 -2.081 291.331 
-1.96 371.83 39.748 385.558 81.561 372.149 39.852 358.42 
49.744 402.41 49.136 446.316 91.081 433.326 91.688 389.42 
107.67 386.442 107.579 430.352 133.315 465.929 133.406 422.019 
152.084 418.664 150.322 462.539 191.506 477.772 193.267 433.897 
224.397 428.346 216.024 471.45 259.606 466.093 267.98 422.989 
301.485 408.144 300.896 452.05 327.179 416.875 327.767 372.969 
344.518 369.972 343.728 413.875 385.238 428.194 386.028 384.291 
346.406 355.518 388.396 368.359 429.915 354.066 387.925 341.225 
390.063 322.866 431.631 337.013 457.932 301.851 416.363 287.704 
430.512 216.014 421.591 259.009 459.724 280.779 468.645 237.784 
403.332 142.583 427.624 179.162 468.777 194.476 444.485 157.898 
405.812 127.513 447.239 142.073 473.887 107.173 432.461 92.614 
390.639 78.204 393.27 122.035 416.905 85.029 414.275 41.198 
352.816 32.284 375.664 69.781 404.266 36.463 381.417 -1.034 
288.758 -4.149 326.644 18.05 359.463 -11.122 321.577 -33.321 
215.883 -1.37 258.12 -13.377 285.232 -47.917 242.995 -35.91 
177.602 -41.687 204.451 -6.941 229.198 -43.213 202.351 -77.958 
121.962 -36.866 147.988 -1.5 189.831 11.815 163.805 -23.552 
124.913 -73.684 163.148 -52.093 195.498 -81.785 157.263 -103.376 
9.418 -99.504 17.543 -56.353 56.072 -77.414 47.947 -120.566 
-50.81 -87.112 -32.129 -47.374 11.437 -52.86 -7.244 -92.598 
-75.366 -41.81 -60.069 -0.65 -16.198 -2.48 -31.494 -43.639 
-68.083 65.009 -71.689 108.77 -28.955 98.677 -25.348 54.916 
-102.801 158.985 -85.073 199.157 -52.346 169.883 -70.073 129.711 
-152.966 264.646 -140.593 306.777 -96.701 308.029 -109.074 265.898 
-157.136 365.333 -113.897 372.977 -93.264 334.216 -136.504 326.572 
-105.529 376.378 -93.631 418.646 -57.109 394.268 -69.007 352.001 
-3.834 390.909 -3.129 434.813 38.844 447.71 38.139 403.806 
52.595 454.466 75.691 491.812 118.346 481.386 95.249 444.041 
152.538 556.448 196.115 561.85 214.718 522.075 171.142 516.673 
213.354 565.964 241.275 599.855 264.878 562.828 236.958 528.938 
259.392 510.002 274.867 551.095 318.73 549.076 303.256 507.983 
316.275 459.409 358.225 472.384 383.527 436.497 341.577 423.523 
397.284 383.448 394.907 427.293 437.341 416.005 439.718 372.159 
488.46 333.412 519.482 364.488 539.452 325.382 508.43 294.305 
521.02 277.733 548.693 311.826 589.669 296.042 561.996 261.95 
522.322 208.73 510.512 251.022 554.384 249.185 566.194 206.893 
455.115 146.868 480.932 182.387 506.735 146.857 480.918 111.339 
439.118 35.781 435.65 79.554 476.209 96.379 479.677 52.606 
384.526 -60.272 415.306 -28.955 454.601 -48.55 423.822 -79.867 
378.107 -107.44 382.767 -63.778 422.852 -81.703 418.192 -125.365 
336.842 -135.077 318.866 -95.015 351.412 -65.539 369.388 -105.6 
212.907 -87.333 236.404 -50.239 278.944 -61.124 255.447 -98.218 
205.09 -153.036 200.779 -109.256 243.669 -118.667 247.972 -162.366 
164.852 -170.552 160.548 -126.854 200.778 -109.257 205.09 -153.037 
-136.267 56.392 -138.01 100.267 -96.82 115.483 -95.078 71.607 
-165.211 134.738 -124.021 149.955 -96.821 115.484 -138.01 100.267 
-30.918 491.024 10.498 505.609 37.168 470.726 -4.249 456.141 
10.499 505.608 35.428 541.756 62.103 506.876 37.174 470.729 
377.704 480.02 402.281 516.407 429.293 481.789 404.715 445.401 
404.72 445.397 429.293 481.788 471.496 469.663 446.923 433.273 
497.195 92.874 520.676 129.978 563.22 119.112 539.739 82.008 
500.01 49.05 497.194 92.87 539.74 82.007 542.555 38.187 
274.952 -170.765 273.821 -126.87 298.707 -90.693 299.838 -134.588 
164.852 -170.552 205.09 -153.037 247.972 -162.365 207.742 -179.962 
94.33 -132.798 80.518 -91.117 116.192 -116.719 130.005 -158.4 
-137.57 40.509 -93.882 44.92 -55.945 22.81 -99.633 18.399 
-163.467 90.863 -165.21 134.738 -138.01 100.267 -136.267 56.392 
-163.301 169.582 -151.549 211.891 -117.173 239.211 -128.925 196.903 
-61.032 438.001 -62.698 481.88 -35.56 447.36 -33.894 403.482 
-30.918 491.024 -5.985 527.168 35.432 541.754 10.498 505.61 
66.065 550.607 109.552 544.522 141.157 514.039 97.67 520.124 
318.441 490.968 342.484 527.71 383.532 543.303 359.489 506.561 
402.279 516.406 444.482 504.278 471.496 469.661 429.293 481.789 
475.696 361.193 469.276 404.631 489.614 443.547 496.034 400.109 
512.214 190.424 554.601 178.962 582.156 144.774 539.769 156.236 
542.554 38.188 539.74 82.008 563.22 119.113 566.034 75.293 
439.959 -7.152 477.834 15.065 521.534 10.777 483.659 -11.44 
