150.549 242.47 137.66 284.446 181.564 283.733 194.453 241.757 
220.47 242.69 205.957 284.133 240.886 310.742 255.399 269.3 
228.852 213.954 264.29 239.881 299.899 214.189 264.46 188.262 
196.452 156.886 209.642 198.768 245.397 173.281 232.208 131.399 
130.247 170.444 141.355 212.926 185.191 215.489 174.082 173.007 
97.818 207.223 84.957 249.207 99.23 290.733 112.091 248.749 
153.324 317.357 191.011 339.891 234.746 335.969 197.059 313.435 
295.266 257.854 286.013 300.778 318.728 271.49 327.981 228.566 
259.304 108.089 271.913 150.149 306.838 176.764 294.228 134.704 
116.358 137.916 160.265 138.397 196.07 112.978 152.162 112.497 
10.577 96.589 38.601 130.394 79.411 114.188 51.387 80.383 
42.764 174.106 19.85 211.563 48.393 244.931 71.307 207.473 
-29.279 285.395 4.232 313.767 41.572 290.662 8.06 262.29 
20.213 329.028 25.473 372.622 65.308 354.148 60.048 310.554 
108.489 362.117 140.277 392.409 178.91 371.538 147.122 341.246 
182.007 415.34 193.221 457.794 230.131 434.009 218.918 391.555 
239.668 379.602 250.38 422.185 294.19 425.155 283.477 382.573 
307.755 314.006 318.809 356.501 355.809 332.856 344.753 290.36 
374.77 261.695 386.487 304.013 430.355 305.947 418.638 263.629 
384.199 199.648 370.031 241.21 413.936 241.841 428.104 200.28 
325.883 108.378 334.856 151.361 378.508 156.109 369.535 113.126 
326.801 34.497 312.486 76.008 356.389 76.795 370.704 35.284 
273.099 1.915 253.269 41.092 284.401 72.058 304.231 32.881 
167.253 38.363 144.436 75.88 187.167 85.987 209.984 48.471 
79.77 16.476 62.148 56.695 94.952 85.883 112.575 45.665 
-2.314 29.901 -30.076 63.921 12.381 52.716 40.143 18.697 
-50.279 231.38 -53.572 275.166 -25.171 241.678 -21.878 197.892 
-39.674 314.23 -34.222 357.8 -4.201 389.844 -9.654 346.274 
111.789 425.824 138.575 460.618 180.696 473.023 153.91 438.229 
224.229 477.52 267.98 481.249 305.567 458.55 261.816 454.82 
374.063 372.792 415.435 358.08 440.259 321.859 398.887 336.572 
472.082 197.763 452.263 236.946 459.262 280.295 479.08 241.112 
395.25 30.459 391.097 74.172 413.43 111.978 417.583 68.264 
289.026 -45.219 315.342 -10.068 357.293 2.902 330.977 -32.249 
82.193 -24.807 119.652 -1.897 163.424 -5.38 125.965 -28.29 
29.769 -125.589 18.086 -83.261 54.731 -59.07 66.414 -101.398 
-56.568 -47.78 -65.941 -4.882 -22.246 -9.224 -12.873 -52.123 
-103.256 18.261 -94.718 61.333 -62.494 91.161 -71.032 48.089 
-134.297 115.058 -129.771 158.734 -86.833 167.924 -91.36 124.249 
-169.467 194.667 -130.196 214.312 -86.879 207.121 -126.15 187.477 
-134.188 258.04 -167.923 286.147 -130.767 309.546 -97.031 281.439 
-117.372 351.363 -120.958 395.126 -80.444 412.059 -76.859 368.296 
-59.253 450.518 -15.924 457.635 23.314 437.924 -20.016 430.807 
18.397 481.558 10.64 524.777 54.141 518.799 61.898 475.579 
97.828 476.985 78.296 516.312 85.611 559.608 105.142 520.282 
160.62 512.075 137.825 549.605 166.475 582.881 189.269 545.351 
255.796 523.435 230.82 559.55 272.885 572.144 297.861 536.029 
339.632 486.256 341.374 530.132 365.754 493.612 364.012 449.737 
409.945 428.798 401.882 471.961 440.442 492.967 448.505 449.804 
419.126 401.835 453.854 428.706 497.744 430.032 463.016 403.161 
471.936 352.268 502.448 383.844 541.909 364.583 511.396 333.006 
541.305 229.954 515.572 265.533 541.458 301.001 567.191 265.422 
482.828 136.466 507.972 172.465 549.473 186.81 524.329 150.811 
482.287 89.095 519.529 112.358 553.161 84.127 515.919 60.865 
474.941 31.623 461.201 73.328 496.831 47.665 510.571 5.96 
428.374 -42.654 428.039 1.254 469.902 -11.997 470.236 -55.906 
335.328 -104.459 358.003 -66.857 400.771 -76.803 378.096 -114.405 
229.623 -69.754 270.748 -85.144 294.972 -121.766 253.847 -106.377 
159.197 -127.926 168.402 -84.992 206.39 -107.014 197.185 -149.948 
105.049 -145.588 110.32 -101.995 140.208 -69.826 134.936 -113.419 
124.012 -181.742 148.959 -145.607 191.035 -158.167 166.088 -194.302 
-9.702 -211.312 -25.478 -170.334 18.37 -167.994 34.146 -208.972 
-112.89 -173.699 -104.714 -130.557 -61.157 -125.002 -69.333 -168.144 
-148.232 -117.118 -134.826 -75.305 -90.916 -75.134 -104.322 -116.947 
-167.496 32.126 -177.459 74.891 -133.708 71.151 -123.746 28.386 
-180.519 122.153 -187.548 165.497 -144.154 158.787 -137.125 115.444 
-250.779 265.294 -258.025 308.602 -219.075 328.877 -211.829 285.569 
-269.389 399.491 -230.129 419.158 -199.293 387.897 -238.552 368.23 
-193.764 431.457 -204.074 474.14 -160.295 470.755 -149.984 428.073 
-57.855 470.667 -68.485 513.271 -31.251 536.546 -20.621 493.942 
11.041 527.192 23.662 569.25 67.561 570.243 54.94 528.185 
123.783 657.668 164.194 674.847 193.019 641.723 152.609 624.544 
222.471 674.29 244.208 712.443 273.775 679.98 252.039 641.827 
297.526 608.487 294.679 652.304 335.473 668.552 338.32 624.734 
367.444 537.489 406.416 557.72 437.699 526.907 398.727 506.676 
459.577 451.742 446.532 493.67 490.439 493.12 503.484 451.192 
576.554 391.561 599.524 428.984 628.018 395.574 605.047 358.151 
620.65 300.588 643.956 337.803 686.552 327.137 663.245 289.923 
636.615 218.587 609.296 252.963 650.432 268.323 677.751 233.946 
545.786 127.413 565.231 166.783 596.666 136.124 577.22 96.754 
540.397 7.326 523.595 47.894 556.986 76.41 573.788 35.841 
481.154 -119.148 505.232 -82.428 547.595 -93.98 523.517 -130.7 
431.989 -190.334 434.774 -146.513 475.59 -162.704 472.805 -206.525 
400.123 -227.201 367.441 -197.876 385.231 -157.732 417.913 -187.057 
229.234 -183.548 240.179 -141.024 284.004 -138.294 273.059 -180.817 
229.461 -255.435 216.74 -213.323 260.64 -214.236 273.338 -256.27 
194.099 -288.636 172.922 -250.17 202.962 -218.143 224.178 -256.681 
-214.511 7.551 -225.318 50.11 -188.181 73.54 -177.374 30.981 
-263.513 75.172 -229.802 103.31 -192.625 79.944 -226.336 51.807 
-96.511 564.633 -53.678 574.297 -31.251 536.546 -74.084 526.882 
-48.446 576.948 -31.692 617.536 1.733 589.06 -15.021 548.472 
421.009 567.522 447.934 602.207 472.602 565.881 445.676 531.195 
458.221 522.954 475.697 563.237 519.408 559.065 501.932 518.782 
596.062 78.406 615.869 117.595 659.261 110.868 639.454 71.678 
605.813 31.328 595.497 74.009 639.277 70.631 649.593 27.95 
322.108 -267.662 305.927 -226.842 316.829 -184.307 333.01 -225.127 
195.56 -290.501 229.362 -262.514 273.149 -259.585 239.377 -287.648 
94.253 -242.316 77.457 -201.745 114.892 -224.695 131.689 -265.266 
-204.873 -62.382 -183.817 -23.849 -144.133 -5.053 -165.19 -43.585 
-249.986 33.409 -263.504 75.186 -228.011 49.333 -214.493 7.556 
-249.612 142.498 -255.285 186.04 -234.282 224.601 -228.609 181.059 
-140.133 509.761 -156.278 550.595 -119.215 527.05 -103.07 486.216 
-96.597 565.022 -72.624 601.81 -31.606 617.481 -55.579 580.693 
15.872 630.632 58.866 639.551 98.893 621.495 55.898 612.576 
368.947 580.615 382.171 622.486 417.481 648.587 404.257 606.716 
447.927 602.203 490.681 592.193 519.386 558.965 476.632 568.975 
556.768 438.979 537.804 478.583 545.741 521.77 564.705 482.166 
608.83 178.315 652.736 177.744 687.921 151.474 644.015 152.046 
649.494 27.929 640.888 70.987 659.236 110.881 667.841 67.822 
545.691 -50.112 576.015 -18.354 619.215 -10.487 588.89 -42.244 
