155.937 234.798 147.524 277.895 191.111 272.578 199.524 229.481 
217.553 229.727 207.952 272.574 245.735 294.946 255.337 252.099 
223.033 213.331 261.123 235.176 293.669 205.7 255.578 183.855 
191.906 163.441 209.946 203.474 242.444 173.946 224.405 133.913 
133.978 177.219 150.919 217.73 194.682 214.137 177.741 173.627 
111.849 197.689 103.976 240.888 122.998 280.464 130.871 237.266 
158.637 302.132 198.221 321.137 241.416 313.245 201.832 294.24 
280.704 247.651 275.268 291.224 305.276 259.168 310.712 215.596 
244.18 117.007 261.543 157.338 299.297 179.761 281.934 139.43 
125.882 157.599 169.317 151.157 200.671 120.415 157.236 126.857 
41.925 114.43 77.007 140.837 112.963 115.632 77.881 89.225 
49.142 174.772 33.898 215.951 68.352 243.174 83.595 201.994 
-10.662 262.641 24.827 288.497 60.385 262.735 24.896 236.878 
42.858 302.996 55.164 345.147 91.449 320.418 79.143 278.267 
119.728 354.009 155.709 379.179 190.765 352.737 154.784 327.567 
176.027 394.099 191.792 435.082 225.896 407.424 210.132 366.442 
227.248 354.807 242.681 395.915 286.547 393.94 271.114 352.832 
297.759 302.429 313.962 343.239 347.768 315.217 331.564 274.406 
351.46 258.781 367.482 299.664 411.315 297.06 395.293 256.177 
355.898 198.691 346.161 241.508 389.891 237.538 399.629 194.721 
307.088 116.072 322.012 157.368 365.898 155.936 350.975 114.64 
309.497 53.073 299.947 95.931 343.66 91.77 353.21 48.911 
257.213 28.184 245.44 70.486 282.034 94.755 293.807 52.453 
159.74 58.453 147.486 100.619 191.375 99.242 203.628 57.077 
97.84 33.406 84.54 75.253 120.229 100.834 133.529 58.986 
29.012 49.678 5.195 86.568 46.147 70.723 69.964 33.833 
-17.695 212.585 -20.606 256.399 7.501 222.664 10.412 178.85 
-18.119 297.643 -6.746 340.054 27.384 367.681 16.01 325.269 
114.808 395.156 140.409 430.831 182.089 444.646 156.489 408.971 
219.824 450.911 263.708 449.383 298.311 422.352 254.428 423.881 
350.707 359.029 392.255 344.82 417.517 308.904 375.969 323.113 
437.045 190.644 422.634 232.122 435.356 274.149 449.767 232.671 
372.231 45.824 369.584 89.654 393.205 126.669 395.852 82.839 
269.009 -13.371 299.889 17.846 343.22 24.951 312.34 -6.267 
102.45 9.368 141.561 29.33 184.935 22.49 145.824 2.529 
53.042 -94.221 43.098 -51.451 80.702 -28.778 90.646 -71.547 
-36.548 -14.46 -31.521 29.161 8.412 10.9 3.384 -32.721 
-71.102 48.17 -60.592 90.804 -27.031 119.118 -37.541 76.484 
-114.611 121.695 -97.06 161.945 -53.357 157.69 -70.908 117.44 
-127.504 204.588 -83.603 205.48 -47.562 180.397 -91.463 179.505 
-107.079 242.588 -129.957 280.067 -87.242 290.243 -64.365 252.763 
-94.199 333.598 -86.063 376.747 -42.511 382.342 -50.647 339.193 
-31.028 424.725 11.706 434.82 52.212 417.868 9.478 407.773 
34.179 457.904 31.091 501.705 73.703 491.107 76.791 447.305 
99.322 446.326 89.897 489.212 107.479 529.449 116.905 486.562 
154.652 478.928 143.6 521.425 180.601 545.068 191.653 502.571 
244.215 488.729 226.717 529.002 270.426 533.198 287.924 492.926 
331.083 451.577 331.76 495.481 357.018 459.563 356.34 415.659 
389.593 405.064 385.199 448.753 425.393 466.433 429.787 422.744 
393.816 388.703 433.425 407.657 476.61 399.709 437.001 380.755 
441.248 345.849 479.066 368.163 511.974 339.091 474.156 316.778 
498.271 224.836 479.823 264.682 512.018 294.541 530.467 254.694 
451.311 134.57 476.19 170.752 517.585 185.401 492.706 149.219 
453.324 103.472 493.284 121.672 522.943 89.292 482.982 71.092 
441.992 51.089 438.094 94.825 466.956 61.733 470.854 17.996 
401.48 -8.911 414.257 33.099 450.262 7.965 437.484 -34.045 
317.67 -60.887 349.123 -30.248 387.982 -50.694 356.529 -81.334 
221.747 -42.112 263.098 -56.882 287.87 -93.137 246.518 -78.367 
169.817 -92.499 190.961 -54.015 221.028 -86.015 199.885 -124.5 
114.167 -96.575 131.855 -56.385 169.787 -34.266 152.1 -74.457 
124.999 -137.758 156.723 -107.399 195.4 -128.188 163.677 -158.547 
-4.544 -167.902 -8.472 -124.168 34.336 -133.947 38.263 -177.681 
-94.993 -137.547 -84.587 -94.888 -40.8 -91.602 -51.206 -134.262 
-126.982 -84.787 -117.558 -41.9 -73.858 -37.611 -83.283 -80.498 
-115.008 48.761 -128.014 90.701 -84.108 90.109 -71.102 48.17 
-153.954 141.196 -147.565 184.639 -108.223 165.138 -114.611 121.695 
-215.855 273.147 -214.097 317.022 -171.827 328.908 -173.584 285.034 
-222.597 400.565 -180.661 413.584 -155.32 377.723 -197.256 364.704 
-157.618 421.573 -159.066 465.459 -116.881 453.275 -115.432 409.389 
-30.941 445.276 -36.306 488.857 3.484 507.427 8.849 463.846 
31.661 503.778 49.229 544.02 92.931 539.748 75.362 499.505 
141.545 623.202 184.06 634.183 207.642 597.143 165.128 586.161 
231.239 634.172 256.784 669.887 282.857 634.556 257.312 598.841 
292.357 571.238 298.236 614.753 341.438 622.607 335.559 579.093 
353.307 503.316 393.983 519.857 422.283 486.284 381.608 469.743 
439.565 423.282 432.274 466.583 475.708 460.136 482.999 416.836 
545.276 367.711 573.074 401.702 596.812 364.761 569.013 330.77 
585.453 284.407 611.515 319.746 653.179 305.88 627.116 270.541 
594.197 207.07 573.46 245.774 616.678 253.536 637.416 214.832 
509.325 131.037 532.125 168.564 560.77 135.284 537.97 97.757 
498.163 15.59 488.168 58.348 525.744 81.066 535.739 38.309 
444.635 -91.66 473.755 -58.795 514.011 -76.333 484.891 -109.198 
407.465 -160.048 412.654 -116.446 452.519 -134.856 447.33 -178.458 
373.31 -194.616 344.798 -161.223 367.746 -123.786 396.259 -157.18 
221.359 -142.861 237.64 -102.081 281.456 -104.965 265.174 -145.744 
213.812 -214.214 205.808 -170.956 249.341 -176.701 257.33 -219.878 
175.208 -235.085 167.207 -191.91 205.796 -170.958 213.812 -214.214 
-191.658 36.78 -194.756 80.581 -154.057 97.063 -150.958 53.262 
-223.172 114.122 -182.544 130.779 -154.147 97.286 -194.776 80.63 
-63.193 548.359 -20.487 558.566 2.418 521.103 -40.289 510.896 
-18.658 559.623 4.91 596.673 32.863 562.81 9.295 525.76 
415.703 529.698 441.978 564.879 467.318 529.019 441.042 493.838 
444.715 491.241 468.178 528.357 510.728 517.513 487.265 480.397 
555.403 77.717 578.265 115.206 620.984 105.048 598.122 67.559 
559.034 33.829 555.371 77.586 598.118 67.548 601.781 23.791 
294.277 -232.162 288.221 -188.672 308.884 -149.928 314.94 -193.418 
175.203 -235.077 213.812 -214.215 257.33 -219.876 218.736 -240.819 
96.015 -199.003 77.985 -158.966 116.105 -180.759 134.136 -220.796 
-194.329 -5.433 -154.589 13.243 -111.461 4.994 -151.201 -13.682 
-219.975 70.337 -223.162 114.132 -194.842 80.575 -191.655 36.78 
-216.687 158.389 -216.266 202.297 -190.117 237.572 -190.538 193.664 
-104.189 495.309 -111.442 538.615 -80.12 507.843 -72.866 464.536 
-63.193 548.359 -36.959 583.57 4.962 596.636 -21.273 561.425 
42.515 605.646 86.382 607.598 123.018 583.392 79.151 581.441 
358.768 546.087 379.064 585.024 418.372 604.595 398.075 565.657 
441.955 564.864 484.036 552.322 510.709 517.441 468.628 529.983 
529.197 403.368 516.379 445.366 530.694 486.877 543.512 444.879 
573.66 177.26 616.873 169.47 647.255 137.767 604.042 145.557 
601.727 23.785 598.14 67.548 620.962 105.062 624.549 61.298 
501.58 -34.22 535.911 -6.843 579.777 -4.873 545.446 -32.25 
