152.542 241.117 141.195 283.536 185.044 281.219 196.391 238.801 
220.119 239.281 207.399 281.308 243.439 306.392 256.159 264.365 
227.723 213.987 264.025 238.691 298.737 211.799 262.435 187.096 
195.639 158.686 210.052 200.164 245.045 173.639 230.633 132.162 
131.287 172.818 144.241 214.774 188.146 215.42 175.193 173.464 
101.233 205.919 89.87 248.333 105.607 289.327 116.971 246.913 
156.012 314.163 194.408 335.466 237.993 330.132 199.597 308.829 
291.869 255.168 283.953 298.359 315.743 268.07 323.66 224.879 
255.235 111.136 269.454 152.679 305.377 177.93 291.158 136.387 
118.577 143.5 162.458 141.891 197.013 114.798 153.133 116.406 
17.506 99.46 47.615 131.422 87.317 112.663 57.208 80.702 
45.03 175.256 24.439 214.038 54.961 245.606 75.552 206.824 
-24.957 279.595 8.473 308.064 45.879 285.066 12.448 256.598 
25.073 323.735 32.252 367.054 71.233 346.84 64.054 303.521 
112.929 360.608 146.064 389.421 183.706 366.813 150.572 337.999 
180.849 410.63 193.229 452.759 229.47 427.967 217.091 385.838 
236.637 374.021 248.8 416.213 292.686 417.682 280.522 375.491 
305.569 310.784 318.147 352.854 354.271 327.89 341.692 285.821 
368.982 261.595 381.851 303.577 425.755 304.311 412.886 262.329 
376.725 200.158 364.014 242.187 407.915 241.288 420.626 199.259 
320.914 110.762 331.665 153.335 375.477 156.266 364.726 113.692 
322.983 40.273 309.902 82.189 353.809 81.677 366.89 39.76 
269.701 9.922 252.372 50.268 285.389 79.217 302.718 38.871 
165.08 44.785 145.315 83.995 188.714 90.676 208.479 51.466 
84.016 21.492 66.835 61.901 99.958 90.728 117.138 50.319 
8.117 33.509 -18.775 68.221 23.385 55.945 50.277 21.234 
-42.315 226.046 -45.657 269.829 -17.219 236.373 -13.876 192.59 
-35.292 311.622 -28.516 355.005 2.467 386.121 -4.31 342.737 
112.956 418.266 139.109 453.538 180.999 466.703 154.846 431.43 
223.701 471.495 267.551 473.793 304.376 449.877 260.526 447.58 
367.947 369.617 409.412 355.169 434.465 319.107 393.0 333.556 
463.389 195.903 445.005 235.779 453.571 278.846 471.955 238.969 
389.623 35.618 385.851 79.366 408.513 116.975 412.285 73.228 
284.449 -36.147 311.979 -1.939 354.358 9.554 326.828 -24.654 
86.954 -16.872 124.841 5.324 168.539 1.011 130.652 -21.185 
36.815 -118.255 23.419 -76.438 59.049 -50.775 72.446 -92.592 
-51.518 -40.847 -60.458 2.143 -16.809 -2.64 -7.87 -45.631 
-95.111 29.109 -84.134 71.625 -50.264 99.569 -61.241 57.053 
-131.752 117.031 -122.838 160.026 -79.192 164.834 -88.106 121.839 
-160.602 196.819 -119.257 211.608 -77.116 199.271 -118.461 184.482 
-127.37 254.763 -159.659 284.52 -121.38 306.033 -89.091 276.276 
-113.17 349.169 -113.841 393.073 -72.292 407.278 -71.621 363.374 
-52.375 446.411 -9.153 454.155 30.366 435.014 -12.856 427.271 
23.617 478.402 17.921 521.941 61.089 513.904 66.786 470.366 
98.776 470.9 82.096 511.519 92.477 554.184 109.157 513.565 
159.727 505.116 140.316 544.503 171.777 575.135 191.188 535.748 
254.49 515.715 231.51 553.132 274.196 563.425 297.177 526.009 
339.06 476.805 340.762 520.682 365.174 484.184 363.472 440.307 
405.451 423.081 398.733 466.474 437.926 486.273 444.644 442.88 
413.11 398.923 449.355 423.709 493.248 422.457 457.002 397.671 
464.434 351.201 497.325 380.291 535.156 357.999 502.264 328.909 
531.106 228.417 507.155 265.219 534.754 299.371 558.706 262.569 
474.657 135.374 499.806 171.369 541.308 185.708 516.16 149.713 
475.44 93.513 513.64 115.165 546.037 85.525 507.837 63.873 
466.703 37.354 455.691 79.861 489.585 51.945 500.597 9.438 
422.0 -33.463 425.503 10.307 466.049 -6.551 462.545 -50.321 
330.895 -93.806 355.805 -57.645 397.892 -70.162 372.982 -106.323 
226.574 -61.079 267.612 -76.701 291.629 -113.46 250.592 -97.839 
162.177 -119.39 174.561 -77.262 210.799 -102.058 198.417 -144.185 
108.093 -134.538 116.34 -91.41 148.362 -61.365 140.115 -104.494 
125.828 -171.366 151.976 -136.09 193.606 -150.056 167.458 -185.333 
-7.551 -201.269 -20.254 -159.236 23.646 -160.144 36.349 -202.176 
-107.38 -166.2 -101.387 -122.701 -58.164 -114.959 -64.158 -158.458 
-145.41 -107.173 -131.134 -65.648 -87.23 -66.395 -101.507 -107.919 
-149.502 37.357 -159.268 80.167 -115.535 76.225 -105.77 33.415 
-174.704 127.42 -178.066 171.202 -135.389 160.87 -132.026 117.089 
-243.248 269.522 -248.544 313.112 -208.725 331.619 -203.429 288.029 
-258.916 402.873 -218.866 420.874 -189.369 388.347 -229.419 370.345 
-185.358 432.073 -193.988 475.127 -150.375 470.029 -141.745 426.976 
-50.727 468.284 -60.473 511.099 -22.766 533.599 -13.019 490.784 
18.085 522.78 31.846 564.478 75.756 564.277 61.995 522.578 
130.005 650.901 171.068 666.456 198.551 632.21 157.488 616.655 
226.711 665.899 249.609 703.367 278.166 670.012 255.27 632.545 
298.192 600.198 297.629 644.104 339.213 658.206 339.776 614.3 
364.667 528.09 404.088 547.431 434.663 515.915 395.242 496.575 
455.205 444.386 443.774 486.782 487.628 484.552 499.059 442.156 
569.492 385.369 593.847 421.906 621.07 387.453 596.716 350.916 
612.525 295.916 636.63 332.618 678.985 321.034 654.879 284.332 
626.679 214.983 600.94 250.558 642.728 264.044 668.467 228.469 
536.064 128.287 556.446 167.181 587.138 135.778 566.756 96.885 
529.794 9.72 514.795 50.989 549.41 78.007 564.408 36.738 
472.644 -111.925 498.072 -76.127 539.976 -89.248 514.548 -125.046 
425.897 -182.84 429.218 -139.056 469.833 -155.744 466.512 -199.529 
393.807 -219.379 361.945 -189.164 380.835 -149.525 412.697 -179.739 
227.711 -171.094 239.547 -128.81 283.42 -127.0 271.584 -169.285 
224.663 -245.431 212.312 -203.208 256.203 -204.506 268.531 -246.65 
189.622 -274.03 173.1 -233.347 206.686 -205.062 223.239 -245.821 
-209.719 16.794 -217.91 59.933 -179.413 81.054 -171.222 37.915 
-251.976 88.825 -214.774 112.151 -181.093 83.977 -218.296 60.652 
-87.156 563.622 -44.053 572.001 -22.765 533.597 -65.868 525.218 
-39.143 574.337 -20.438 614.064 11.565 583.999 -7.139 544.272 
421.539 557.818 448.552 592.435 473.127 556.046 446.113 521.429 
455.809 514.811 475.485 554.066 518.899 547.483 499.222 508.228 
585.473 77.43 606.227 116.126 649.442 108.345 628.688 69.649 
592.637 32.18 585.14 75.445 628.605 69.206 636.102 25.94 
314.661 -259.212 301.274 -217.392 315.024 -175.691 328.411 -217.51 
189.608 -274.013 224.655 -247.601 268.53 -246.678 233.51 -273.167 
96.763 -232.436 79.118 -192.228 117.027 -214.386 134.672 -254.594 
-206.67 -44.943 -177.041 -12.536 -134.022 -3.734 -163.651 -36.141 
-242.538 45.95 -251.967 88.836 -219.131 59.683 -209.702 16.797 
-240.595 147.667 -246.017 191.241 -224.791 229.68 -219.369 186.106 
-131.01 509.437 -145.167 551.002 -109.283 525.696 -95.126 484.131 
-87.219 563.953 -61.922 599.843 -20.36 614.011 -45.658 578.12 
24.181 626.058 67.495 633.267 106.775 613.64 63.461 606.431 
368.151 572.663 383.68 613.735 420.386 637.834 404.857 596.763 
448.54 592.427 491.025 581.332 518.875 547.384 476.39 558.479 
550.579 429.383 533.237 469.724 542.919 512.553 560.261 472.213 
600.507 177.604 644.326 174.776 678.114 146.732 634.295 149.56 
636.016 25.925 629.314 69.321 649.4 108.368 656.102 64.972 
534.901 -45.633 566.198 -14.834 609.621 -8.313 578.324 -39.112 
