156.518 232.713 148.835 275.945 192.326 269.892 200.008 226.66 
216.458 226.88 207.653 269.898 245.845 291.565 254.65 248.547 
221.281 212.747 259.82 233.791 291.743 203.642 253.204 182.597 
190.446 164.299 209.414 203.901 241.216 173.624 222.249 134.022 
134.344 177.844 152.242 217.941 195.907 213.309 178.009 173.212 
114.644 195.261 107.572 238.597 127.323 277.814 134.395 234.478 
158.889 298.353 198.737 316.8 241.817 308.302 201.969 289.855 
277.224 245.081 272.371 288.722 301.948 256.268 306.801 212.627 
240.575 118.4 258.805 158.347 297.033 179.949 278.804 140.002 
127.413 160.633 170.691 153.207 201.339 121.762 158.061 129.187 
47.792 118.495 83.65 143.839 118.835 117.568 82.977 92.224 
51.499 173.746 37.47 215.354 72.707 241.554 86.736 199.946 
-5.209 259.663 30.959 284.561 65.816 257.857 29.647 232.959 
48.232 298.094 61.793 339.858 97.323 314.055 83.762 272.291 
121.061 350.996 157.742 375.133 192.033 347.706 155.352 323.569 
175.58 388.417 192.323 429.011 225.755 400.544 209.013 359.951 
225.047 348.883 241.354 389.653 285.167 386.742 268.861 345.973 
295.141 299.646 312.366 340.036 345.457 311.172 328.23 270.782 
346.038 257.075 363.024 297.567 406.783 293.926 389.797 253.434 
349.746 197.485 340.758 240.465 384.413 235.732 393.4 192.751 
302.634 117.369 318.76 158.211 362.586 155.495 346.46 114.653 
304.617 55.866 296.056 98.934 339.661 93.767 348.222 50.699 
252.736 32.253 242.206 74.881 279.495 98.069 290.024 55.44 
157.968 60.913 147.418 103.537 191.216 100.398 201.766 57.775 
101.348 36.113 89.195 78.307 125.568 102.905 137.722 60.711 
34.359 54.575 12.221 92.496 52.421 74.83 74.559 36.909 
-10.921 210.407 -13.581 254.236 14.332 220.341 16.992 176.512 
-12.129 293.01 0.62 335.028 35.633 361.527 22.883 319.509 
115.875 388.374 141.475 424.05 183.155 437.866 157.555 402.19 
218.467 443.844 262.297 441.195 296.199 413.289 252.369 415.938 
345.578 355.082 387.136 340.903 412.423 305.005 370.865 319.184 
428.503 188.852 415.39 230.758 429.414 272.369 442.527 230.462 
366.417 47.749 364.191 91.602 388.166 128.389 390.392 84.536 
263.757 -6.652 295.749 23.424 339.31 28.951 307.318 -1.125 
105.711 17.997 145.248 37.102 188.462 29.319 148.926 10.214 
56.023 -85.566 49.481 -42.146 88.755 -22.507 95.296 -65.927 
-30.098 -6.335 -20.475 36.507 17.297 14.115 7.672 -28.727 
-62.287 49.916 -53.162 92.867 -20.535 122.253 -29.659 79.301 
-107.58 123.19 -88.192 162.588 -44.731 156.323 -64.119 116.925 
-116.32 206.771 -72.487 204.162 -38.561 176.287 -82.393 178.896 
-99.944 238.429 -119.938 277.523 -76.579 284.457 -56.585 245.363 
-86.841 327.151 -76.661 369.864 -32.892 373.381 -43.072 330.668 
-25.535 416.671 17.018 427.505 57.812 411.259 15.259 400.424 
36.741 449.783 34.074 493.612 76.582 482.605 79.249 438.776 
99.647 437.415 92.286 480.704 111.775 520.052 119.137 476.764 
153.114 469.892 144.121 512.871 182.218 534.705 191.211 491.726 
240.46 479.289 224.605 520.237 268.448 522.663 284.303 481.715 
327.414 444.17 327.75 488.078 353.287 452.358 352.951 408.449 
383.672 399.431 379.828 443.172 420.241 460.344 424.085 416.603 
387.17 384.813 427.493 402.196 470.332 392.557 430.009 375.175 
433.664 343.435 472.468 363.986 504.005 333.431 465.2 312.88 
487.382 223.549 470.68 264.159 504.141 292.592 520.843 251.983 
443.925 134.891 468.688 171.153 510.036 185.933 485.273 149.672 
446.14 106.546 486.451 123.956 515.466 90.997 475.155 73.588 
434.074 55.038 431.888 98.894 459.434 64.698 461.619 20.843 
394.572 -2.034 409.499 39.26 444.16 12.303 429.232 -28.992 
312.854 -50.859 345.948 -22.0 383.621 -44.556 350.527 -73.416 
220.584 -36.196 262.088 -50.531 287.239 -86.524 245.735 -72.189 
171.108 -84.341 193.884 -46.799 222.549 -80.061 199.774 -117.603 
115.312 -85.977 134.718 -46.588 173.57 -26.128 154.164 -65.517 
124.315 -127.578 157.352 -98.654 195.07 -121.136 162.033 -150.06 
-2.314 -157.377 -3.566 -113.484 38.565 -125.857 39.817 -169.749 
-89.0 -128.633 -76.286 -86.604 -32.385 -85.708 -45.099 -127.737 
-117.912 -79.606 -110.59 -36.311 -67.151 -29.897 -74.474 -73.192 
-107.905 51.819 -120.04 94.019 -76.156 92.52 -64.02 50.321 
-146.018 144.417 -137.708 187.534 -99.27 166.307 -107.58 123.19 
-206.42 272.288 -202.491 316.022 -159.683 325.8 -163.612 282.066 
-211.282 396.76 -168.978 408.525 -144.716 371.926 -187.02 360.161 
-148.906 415.635 -147.965 459.535 -106.505 445.074 -107.446 401.174 
-25.864 436.952 -29.924 480.674 10.403 498.047 14.463 454.325 
35.043 496.838 53.784 536.548 97.342 530.995 78.601 491.285 
143.694 613.303 186.52 623.001 208.978 585.268 166.152 575.57 
230.553 623.511 256.729 658.766 282.169 622.977 255.994 587.722 
288.692 561.626 296.424 604.85 339.922 610.853 332.19 567.629 
348.708 496.028 389.692 511.788 417.344 477.679 376.36 461.919 
433.789 416.902 427.592 460.373 470.85 452.833 477.047 409.362 
536.833 362.593 565.498 395.856 588.275 358.314 559.609 325.052 
576.173 281.775 602.725 316.748 644.191 302.303 617.639 267.33 
583.377 205.73 564.232 245.246 607.73 251.244 626.876 211.727 
500.972 132.446 524.412 169.576 552.482 135.81 529.042 98.679 
488.556 17.704 479.92 60.757 518.197 82.274 526.833 39.222 
435.594 -85.407 465.703 -53.445 505.405 -72.204 475.296 -104.165 
402.181 -152.249 407.946 -108.719 447.564 -127.653 441.799 -171.183 
367.334 -186.046 340.108 -151.596 364.459 -115.056 391.685 -149.507 
219.379 -134.568 237.028 -94.361 280.721 -98.722 263.072 -138.929 
211.482 -204.593 204.526 -161.154 247.907 -167.949 254.85 -211.307 
172.383 -224.52 165.432 -181.164 204.518 -161.155 211.482 -204.593 
-184.043 40.77 -186.5 84.611 -145.564 100.496 -143.107 56.655 
-214.269 118.626 -173.338 134.524 -145.569 100.51 -186.5 84.611 
-56.958 540.768 -14.522 552.049 9.32 515.175 -33.116 503.895 
-13.37 552.768 10.997 589.297 38.209 554.835 13.843 518.306 
411.806 521.238 437.732 556.677 463.425 521.068 437.498 485.629 
439.872 483.953 463.974 520.657 506.33 509.077 482.228 472.373 
546.169 78.722 569.399 115.984 612.016 105.407 588.786 68.144 
549.33 34.859 546.15 78.654 588.784 68.144 591.964 24.349 
289.777 -223.102 285.066 -179.446 306.915 -141.358 311.626 -185.015 
172.38 -224.515 211.482 -204.593 254.85 -211.306 215.761 -231.309 
95.46 -188.572 78.099 -148.24 115.851 -170.665 133.212 -210.997 
-186.698 2.906 -145.87 19.069 -103.34 8.147 -144.167 -8.016 
-211.801 74.793 -214.26 118.634 -186.501 84.611 -184.042 40.77 
-208.811 160.404 -206.377 204.246 -178.637 238.285 -181.072 194.442 
-96.448 487.815 -102.181 531.349 -71.955 499.499 -66.222 455.965 
-56.958 540.768 -30.839 576.065 11.039 589.268 -15.081 553.971 
46.96 597.864 90.868 598.297 126.645 572.838 82.737 572.406 
354.021 537.393 375.334 575.783 415.143 594.313 393.829 555.923 
437.713 556.662 479.754 543.988 506.316 509.023 464.275 521.697 
521.59 395.996 510.025 438.356 525.568 479.423 537.133 437.064 
564.65 178.0 607.658 169.146 637.248 136.703 594.24 145.557 
591.918 24.344 588.789 68.142 612.001 105.416 615.131 61.617 
491.436 -30.576 526.582 -4.254 570.488 -3.617 535.342 -29.939 
