158.966 225.471 153.81 269.078 196.875 260.506 202.031 216.9 
212.172 217.03 206.536 260.576 246.21 279.394 251.846 235.847 
215.114 208.052 255.125 226.142 284.693 193.68 244.683 175.59 
185.954 164.592 207.793 202.686 237.274 170.145 215.436 132.05 
135.399 177.824 156.283 216.449 199.472 208.523 178.588 169.897 
122.706 188.155 118.272 231.84 140.363 269.789 144.797 226.104 
160.022 284.376 200.697 300.919 243.327 290.394 202.652 273.851 
267.42 234.049 264.585 277.867 292.634 244.084 295.469 200.265 
227.213 122.483 248.594 160.835 288.435 179.296 267.054 140.943 
131.364 166.989 174.174 157.22 203.066 124.154 160.256 133.923 
62.569 129.689 100.328 152.103 133.313 123.12 95.555 100.705 
60.471 170.528 51.097 213.426 88.998 235.597 98.372 192.7 
14.719 254.01 53.232 275.099 85.191 244.987 46.677 223.897 
66.105 284.532 83.741 324.745 116.536 295.546 98.9 255.333 
126.08 338.405 165.104 358.537 196.309 327.645 157.286 307.513 
176.695 366.93 196.946 405.892 227.742 374.592 207.493 335.631 
219.282 327.136 238.703 366.517 282.159 360.215 262.738 320.834 
285.443 287.399 306.339 326.018 336.611 294.21 315.713 255.591 
327.435 246.644 347.836 285.528 391.12 278.141 370.719 239.258 
329.805 190.751 323.354 234.185 366.655 226.898 373.106 183.465 
286.607 120.337 306.968 159.24 350.26 151.897 329.899 112.994 
288.233 65.597 282.839 109.175 325.95 100.838 331.344 57.261 
236.961 45.757 229.977 89.108 269.049 109.146 276.032 65.795 
154.258 67.371 148.306 110.876 191.521 103.092 197.473 59.587 
107.965 45.98 99.884 89.14 138.435 110.163 146.516 67.003 
53.89 71.126 39.149 112.488 75.387 87.69 90.127 46.328 
10.441 206.305 8.933 250.189 35.947 215.573 37.455 171.689 
9.424 278.059 27.205 318.207 65.19 340.235 47.407 300.087 
121.561 364.207 147.543 399.606 189.369 412.972 163.388 377.574 
215.293 416.699 258.681 409.945 289.811 378.978 246.424 385.732 
328.681 337.398 370.218 323.159 395.453 287.224 353.916 301.463 
395.935 181.677 387.831 224.832 406.641 264.51 414.745 221.354 
342.214 55.956 341.97 99.866 367.582 135.532 367.825 91.623 
244.681 16.713 280.696 41.834 324.598 40.988 288.583 15.867 
109.806 40.509 150.413 57.217 193.086 46.865 152.479 30.158 
71.549 -52.848 77.823 -9.389 121.094 -1.926 114.82 -45.386 
2.435 18.281 21.702 57.738 53.274 27.22 34.006 -12.237 
-21.413 49.424 -19.515 93.293 7.806 127.668 5.908 83.799 
-76.845 124.451 -54.159 162.046 -11.393 152.087 -34.079 114.492 
-74.488 211.792 -32.251 199.788 -5.136 165.251 -47.374 177.254 
-68.971 223.864 -81.164 266.047 -37.278 264.608 -25.085 222.425 
-57.121 303.779 -41.142 344.678 2.693 342.119 -13.286 301.22 
-8.076 384.688 33.83 397.801 75.441 383.778 33.534 370.665 
45.76 416.137 44.482 460.029 86.62 447.681 87.899 403.79 
103.667 401.382 102.297 445.27 126.985 481.583 128.356 437.694 
150.6 433.589 147.175 477.365 187.751 494.15 191.176 450.374 
228.639 441.97 218.551 484.705 262.313 481.093 272.4 438.358 
309.854 418.046 309.431 461.954 335.581 426.68 336.003 382.772 
356.326 378.639 354.667 422.517 395.885 437.654 397.544 393.775 
358.444 365.463 400.233 378.947 441.966 365.294 400.178 351.809 
402.706 330.531 443.727 346.196 471.301 312.024 430.28 296.359 
445.832 217.673 435.113 260.255 472.298 283.607 483.017 241.026 
415.048 139.156 439.432 175.674 480.624 190.884 456.239 154.367 
417.648 120.932 458.852 136.108 486.018 101.61 444.814 86.434 
402.956 71.304 404.888 115.171 429.11 78.546 427.178 34.678 
364.771 22.729 385.799 61.276 415.962 29.365 394.933 -9.183 
294.473 -16.707 331.551 6.816 365.379 -21.178 328.302 -44.701 
217.116 -12.042 259.148 -24.745 285.685 -59.728 243.653 -47.025 
176.523 -53.964 202.732 -18.733 228.139 -54.545 201.931 -89.776 
120.686 -50.041 144.95 -13.444 186.091 1.903 161.827 -34.695 
124.72 -89.115 161.768 -65.546 195.633 -93.497 158.585 -117.067 
6.434 -116.156 12.867 -72.72 52.19 -92.26 45.757 -135.697 
-62.377 -97.554 -43.627 -57.849 -0.071 -63.412 -18.821 -103.117 
-85.431 -55.404 -77.167 -12.279 -33.598 -6.812 -41.862 -49.938 
-80.361 61.17 -86.024 104.713 -42.862 96.644 -37.198 53.101 
-115.71 155.261 -100.067 196.29 -65.88 168.734 -81.522 127.705 
-168.741 266.735 -157.963 309.301 -114.148 312.205 -124.927 269.638 
-171.427 375.644 -128.294 383.87 -107.141 345.39 -150.274 337.164 
-117.493 388.062 -108.253 430.989 -70.283 408.936 -79.522 366.01 
-9.633 404.053 -9.948 447.962 31.714 461.831 32.03 417.922 
47.262 467.15 69.507 505.009 112.386 495.553 90.142 457.694 
148.68 572.791 192.199 578.637 211.207 539.054 167.688 533.208 
220.005 582.072 247.858 616.017 271.534 579.038 243.682 545.092 
268.446 524.572 282.132 566.294 326.042 566.171 312.356 524.448 
326.295 469.596 368.049 483.185 393.876 447.674 352.121 434.085 
408.099 393.242 405.019 437.044 447.629 426.438 450.709 382.636 
501.565 343.838 532.519 374.983 552.574 335.92 521.621 304.775 
537.258 277.241 565.052 311.235 605.971 295.306 578.177 261.312 
539.982 206.45 526.339 248.186 570.249 248.264 583.892 206.528 
468.17 141.729 493.503 177.595 519.786 142.419 494.453 106.553 
452.887 29.47 448.354 73.145 488.49 90.953 493.024 47.278 
397.714 -67.337 429.16 -36.689 468.025 -57.124 436.58 -87.772 
386.098 -119.754 392.008 -76.243 431.563 -95.309 425.653 -138.82 
347.019 -149.634 325.682 -111.256 355.588 -79.104 376.925 -117.482 
214.727 -100.99 236.719 -62.984 279.661 -72.155 257.669 -110.161 
206.973 -167.848 201.921 -124.146 244.964 -132.831 250.006 -176.45 
167.036 -186.041 161.994 -142.422 201.92 -124.147 206.972 -167.848 
-150.938 52.747 -152.405 96.632 -111.12 111.588 -109.654 67.703 
-179.389 131.272 -138.106 146.231 -111.121 111.591 -152.405 96.632 
-37.561 505.854 4.022 519.958 30.285 484.767 -11.299 470.664 
4.062 519.986 29.268 555.942 55.675 520.859 30.469 484.904 
388.713 491.28 413.547 527.493 440.313 492.684 415.479 456.471 
415.549 456.421 440.324 492.674 482.459 480.315 457.684 444.061 
511.012 87.346 534.573 124.4 577.094 113.443 553.533 76.389 
513.739 43.51 511.009 87.335 553.533 76.389 556.263 32.564 
279.468 -185.902 277.291 -142.046 301.307 -105.286 303.484 -149.142 
167.036 -186.041 206.972 -167.848 250.006 -176.45 210.079 -194.725 
94.468 -148.822 79.464 -107.555 115.859 -132.122 130.863 -173.389 
-152.771 32.17 -109.345 38.672 -70.391 18.406 -113.817 11.905 
-177.92 87.389 -179.387 131.274 -152.405 96.632 -150.938 52.747 
-176.777 167.031 -167.4 209.928 -134.6 239.122 -143.977 196.224 
-70.381 452.845 -72.712 496.693 -45.054 462.589 -42.723 418.741 
-37.561 505.854 -12.276 541.754 29.281 555.934 3.995 520.035 
60.662 564.485 104.329 559.875 136.948 530.478 93.28 535.089 
329.404 504.034 352.998 541.066 393.854 557.156 370.26 520.125 
413.54 527.488 455.664 515.092 482.458 480.303 440.334 492.699 
488.796 370.95 481.232 414.203 500.537 453.642 508.1 410.389 
527.641 185.621 570.125 174.521 597.971 140.57 555.487 151.669 
556.252 32.563 553.533 76.389 577.094 113.443 579.813 69.617 
454.024 -15.506 491.154 7.935 534.971 5.074 497.84 -18.366 
