157.293 229.951 150.515 273.334 193.87 266.374 200.648 222.991 
214.895 223.193 207.153 266.415 245.867 287.135 253.609 243.914 
218.932 211.504 258.004 231.541 289.133 200.573 250.061 180.536 
188.714 164.859 208.733 203.941 239.715 172.825 219.697 133.744 
134.764 178.179 153.795 217.75 197.311 211.879 178.28 172.308 
118.019 192.293 111.912 235.776 132.53 274.545 138.637 231.062 
159.141 293.244 199.3 311.003 242.228 301.765 202.069 284.006 
272.954 241.392 268.813 285.106 297.857 252.175 301.998 208.46 
235.784 120.248 255.141 159.66 293.969 180.167 274.611 140.755 
129.04 163.504 172.147 155.143 202.107 123.042 159.0 131.403 
54.138 122.741 90.711 147.042 125.124 119.768 88.551 95.468 
54.789 172.295 42.294 214.389 78.467 239.281 90.962 197.187 
1.949 256.701 38.979 280.297 72.864 252.37 35.833 228.774 
55.028 292.495 70.12 333.731 104.674 306.636 89.582 265.4 
122.701 346.674 160.253 369.433 193.502 340.753 155.951 317.994 
175.577 380.837 193.6 420.878 226.111 391.364 208.089 351.323 
222.672 341.08 240.095 381.385 283.812 377.269 266.388 336.964 
291.741 295.656 310.272 335.463 342.405 305.538 323.873 265.73 
339.118 254.181 357.373 294.117 400.995 289.096 382.74 249.16 
342.006 195.392 333.968 238.56 377.508 232.865 385.546 189.697 
296.873 118.798 314.554 158.991 358.243 154.595 340.562 114.402 
298.339 59.191 291.008 102.484 334.448 96.079 341.78 52.785 
246.813 37.05 237.679 80.0 275.704 101.959 284.838 59.01 
155.962 63.165 147.243 106.2 190.867 101.194 199.586 58.159 
104.978 39.198 94.216 81.769 131.378 105.159 142.14 62.588 
41.373 60.229 21.641 99.455 60.662 79.318 80.393 40.091 
-2.775 208.177 -5.112 252.025 22.551 217.924 24.888 174.077 
-4.354 287.382 10.198 328.81 46.323 353.773 31.77 312.344 
117.571 379.746 143.223 415.383 184.924 429.137 159.271 393.499 
217.071 434.332 260.786 430.203 293.725 401.168 250.01 405.296 
339.141 349.327 380.71 335.181 406.027 299.304 364.457 313.449 
417.161 186.222 405.824 228.644 421.588 269.627 432.924 227.206 
358.549 50.112 356.945 93.993 381.439 130.436 383.043 86.556 
256.71 1.821 290.191 30.232 333.976 33.538 300.496 5.127 
108.348 27.938 148.351 46.044 191.357 37.178 151.353 19.072 
60.733 -74.324 58.949 -30.45 100.125 -15.196 101.908 -59.07 
-19.767 2.385 -5.888 44.043 29.443 17.97 15.563 -23.689 
-49.349 50.298 -42.633 93.691 -11.694 124.85 -18.41 81.456 
-97.901 125.034 -76.536 163.396 -33.45 154.931 -54.814 116.569 
-101.907 209.102 -58.49 202.535 -27.226 171.704 -70.642 178.27 
-89.962 233.155 -106.656 273.768 -62.872 277.095 -46.178 236.482 
-76.687 318.775 -64.159 360.86 -20.263 361.949 -32.79 319.865 
-18.942 405.84 23.374 417.564 64.499 402.176 22.183 390.452 
39.88 438.534 37.717 482.391 80.096 470.895 82.258 427.038 
100.435 425.251 95.545 468.887 117.238 507.065 122.128 463.428 
151.51 457.625 144.815 501.022 184.019 520.799 190.713 477.403 
235.869 466.359 222.141 508.067 266.051 508.235 279.779 466.526 
322.0 434.762 321.976 478.671 347.805 443.162 347.829 399.252 
375.02 392.172 371.906 435.971 412.6 452.468 415.714 408.668 
377.823 378.997 418.86 394.62 461.243 383.139 420.206 367.516 
423.327 339.662 463.121 358.226 493.073 326.117 453.28 307.553 
472.818 221.533 458.364 262.995 493.331 289.555 507.785 248.092 
434.129 135.775 458.749 172.134 500.039 187.077 475.418 150.719 
436.573 111.02 477.259 127.536 505.54 93.946 464.854 77.43 
423.576 60.397 423.206 104.306 449.315 69.0 449.684 25.092 
385.03 6.696 402.351 47.045 435.373 18.102 418.05 -22.247 
306.221 -38.268 341.099 -11.591 377.247 -36.518 342.369 -63.195 
219.222 -28.122 260.919 -41.886 286.562 -77.531 244.865 -63.767 
172.922 -73.784 197.287 -37.253 224.5 -71.713 200.137 -108.244 
117.039 -72.881 138.259 -34.439 178.023 -15.811 156.802 -54.253 
123.96 -114.319 158.532 -87.247 194.962 -111.762 160.39 -138.833 
0.932 -143.395 2.857 -99.527 43.983 -114.914 42.058 -158.781 
-80.178 -117.44 -64.779 -76.318 -20.912 -78.255 -36.31 -119.377 
-105.589 -72.589 -100.293 -28.999 -57.201 -20.567 -62.497 -64.156 
-99.898 55.551 -109.957 98.293 -66.198 94.652 -56.139 51.91 
-135.193 148.212 -124.673 190.843 -87.38 167.664 -97.899 125.033 
-193.708 270.54 -187.143 313.957 -143.823 321.129 -150.388 277.713 
-196.952 390.48 -154.275 400.812 -131.26 363.416 -173.937 353.084 
-137.774 406.84 -133.771 450.567 -93.422 433.247 -97.424 389.521 
-19.764 425.764 -22.309 469.6 18.596 485.566 21.141 441.73 
39.304 487.145 59.457 526.158 102.788 519.046 82.634 480.034 
145.764 599.731 188.914 607.869 209.987 569.345 166.838 561.208 
228.258 609.272 255.155 643.98 279.852 607.674 252.956 572.966 
282.689 548.87 292.705 591.622 336.46 595.306 326.444 552.554 
341.787 486.657 383.104 501.524 410.01 466.824 368.693 451.957 
425.518 408.67 420.608 452.305 463.624 443.491 468.534 399.856 
525.084 356.173 554.743 388.553 576.373 350.339 546.713 317.96 
563.308 279.228 590.421 313.768 631.649 298.656 604.536 264.116 
568.719 205.005 551.614 245.446 595.362 249.217 612.467 208.776 
489.855 134.96 514.041 171.609 541.423 137.282 517.238 100.633 
476.158 21.115 469.133 64.459 508.186 84.534 515.21 41.19 
423.513 -77.366 454.69 -46.446 493.732 -66.542 462.554 -97.463 
395.923 -141.295 402.311 -97.852 441.654 -117.353 435.265 -160.796 
360.182 -174.003 334.78 -138.187 360.994 -102.96 386.396 -138.776 
217.334 -123.261 236.623 -83.814 280.099 -89.97 260.81 -129.416 
209.317 -192.007 203.24 -148.437 246.475 -156.107 252.541 -199.596 
169.821 -211.137 163.752 -167.648 203.237 -148.438 209.317 -192.007 
-173.405 45.259 -175.103 89.136 -133.898 104.31 -132.2 60.433 
-202.276 123.629 -161.075 138.813 -133.902 104.321 -175.103 89.137 
-49.541 529.576 -7.463 542.125 17.475 505.983 -24.604 493.434 
-6.926 542.487 18.073 578.587 44.68 543.656 19.681 507.557 
405.2 510.469 430.677 546.232 456.817 510.951 431.339 475.188 
432.446 474.41 457.067 510.769 499.254 498.589 474.633 462.231 
534.061 80.898 557.577 117.98 600.111 107.075 576.595 69.992 
536.866 37.034 534.048 80.854 576.594 69.993 579.412 26.173 
285.406 -210.677 281.862 -166.91 304.72 -129.419 308.264 -173.186 
169.82 -211.135 209.317 -192.008 252.541 -199.596 213.055 -218.804 
94.911 -174.899 78.439 -134.195 115.69 -157.443 132.162 -198.147 
-175.703 12.978 -133.837 26.22 -92.184 12.324 -134.05 -0.918 
-200.57 79.757 -202.27 123.634 -175.104 89.136 -173.405 45.259 
-197.983 162.602 -193.099 206.24 -163.499 238.673 -168.383 195.036 
-86.872 476.665 -91.042 520.376 -61.976 487.464 -57.805 443.753 
-49.541 529.576 -23.678 565.061 18.104 578.566 -7.76 543.082 
52.164 586.924 96.05 585.464 130.697 558.488 86.811 559.948 
346.562 525.872 368.924 563.66 409.228 581.088 386.866 543.299 
430.661 546.221 472.697 533.529 499.245 498.553 457.21 511.245 
510.867 386.862 500.829 429.609 517.834 470.093 527.872 427.346 
552.316 179.82 595.09 169.898 623.864 136.728 581.089 146.651 
579.379 26.169 576.597 69.991 600.105 107.079 602.886 63.257 
478.421 -25.389 514.477 -0.328 558.377 -1.246 522.321 -26.307 
