157.493 229.327 150.925 272.743 194.246 265.573 200.814 222.157 
214.512 222.358 207.024 265.625 245.86 286.116 253.347 242.849 
218.384 211.132 257.574 230.936 288.519 199.783 249.329 179.979 
188.343 164.904 208.589 203.868 239.389 172.573 219.144 133.609 
134.86 178.187 154.14 217.638 197.618 211.493 178.338 172.042 
118.734 191.668 112.84 235.181 133.649 273.847 139.542 230.334 
159.199 292.025 199.426 309.627 242.317 300.222 202.09 282.62 
272.049 240.486 268.073 284.216 296.993 251.175 300.969 207.445 
234.658 120.665 254.275 159.949 293.237 180.199 273.62 140.915 
129.379 164.035 172.45 155.491 202.273 123.263 159.202 131.806 
55.412 123.61 92.125 147.698 126.379 120.226 89.666 96.138 
55.547 171.991 43.418 214.193 79.806 238.769 91.935 196.567 
3.603 256.152 40.83 279.437 74.48 251.228 37.253 227.942 
56.544 291.308 71.974 332.418 106.304 305.04 90.874 263.93 
123.083 345.617 160.831 368.049 193.83 339.08 156.082 316.648 
175.648 379.048 193.968 418.954 226.259 389.199 207.94 349.294 
222.186 339.246 239.869 379.437 283.558 375.039 265.875 334.847 
290.947 294.666 309.781 334.331 341.685 304.162 322.851 264.496 
337.551 253.377 356.098 293.178 399.682 287.837 381.135 248.037 
340.288 194.831 332.467 238.039 375.977 232.126 383.798 188.918 
295.546 119.072 313.583 159.106 357.232 154.323 339.195 114.288 
296.946 59.967 289.887 103.306 333.286 96.627 340.345 53.288 
245.459 38.146 236.619 81.157 274.794 102.855 283.633 59.844 
155.589 63.625 147.25 106.736 190.828 101.345 199.167 58.234 
105.637 39.921 95.192 82.571 132.526 105.685 142.971 63.035 
43.02 61.491 23.876 101.008 62.592 80.291 81.736 40.774 
-0.964 207.771 -3.215 251.623 24.381 217.469 26.633 173.617 
-2.568 286.113 12.401 327.392 48.776 351.989 33.805 310.709 
118.007 377.753 143.682 413.374 185.392 427.1 159.716 391.479 
216.817 432.081 260.498 427.606 293.207 398.311 249.525 402.785 
337.71 347.891 379.28 333.749 404.599 297.873 363.029 312.016 
414.491 185.59 403.576 228.121 419.746 268.946 430.661 226.414 
356.636 50.727 355.188 94.613 379.812 130.969 381.26 87.083 
255.074 3.739 288.899 31.738 332.722 34.509 298.897 6.509 
108.727 29.959 148.825 47.855 191.783 38.764 151.686 20.868 
61.998 -71.687 61.305 -27.783 102.847 -13.557 103.54 -57.461 
-17.121 4.23 -2.465 45.621 32.372 18.891 17.714 -22.501 
-46.136 50.182 -39.921 93.65 -9.343 125.163 -15.559 81.696 
-95.37 124.989 -73.763 163.214 -30.731 154.476 -52.338 116.251 
-98.475 209.443 -55.185 202.088 -24.486 170.693 -67.776 178.048 
-87.476 231.843 -103.541 272.709 -59.711 275.359 -43.646 234.493 
-74.258 316.789 -61.255 358.729 -17.348 359.322 -30.352 317.382 
-17.493 403.232 24.767 415.154 65.965 399.959 23.704 388.037 
40.601 435.803 38.549 479.665 80.898 468.063 82.951 424.201 
100.694 422.327 96.333 466.02 118.487 503.932 122.848 460.239 
151.224 454.68 145.005 498.147 184.423 517.494 190.642 474.027 
234.874 463.264 221.635 505.131 265.544 504.784 278.783 462.917 
320.626 432.606 320.534 476.516 346.418 441.046 346.51 397.136 
372.837 390.486 369.899 434.298 410.659 450.63 413.597 406.818 
375.516 377.498 416.686 392.768 458.968 380.922 417.798 365.653 
420.826 338.675 460.81 356.824 490.427 324.405 450.443 306.256 
469.383 221.027 455.439 262.665 490.73 288.793 504.674 247.155 
431.803 136.081 456.392 172.461 497.668 187.44 473.079 151.06 
434.29 112.163 475.052 128.491 503.176 94.769 462.415 78.442 
421.081 61.706 421.067 105.616 446.889 70.101 446.903 26.191 
382.676 8.72 400.505 48.847 433.159 19.491 415.33 -20.637 
304.66 -35.431 339.891 -9.224 375.703 -34.633 340.471 -60.84 
218.931 -26.18 260.671 -39.813 286.426 -75.376 244.686 -61.744 
173.38 -71.319 198.044 -34.99 224.973 -69.672 200.311 -106.002 
117.488 -69.923 139.098 -31.698 179.048 -13.475 157.438 -51.7 
123.975 -111.198 158.886 -84.564 195.004 -109.536 160.094 -136.17 
1.667 -140.057 4.26 -96.224 45.147 -112.235 42.554 -156.069 
-78.054 -114.867 -62.113 -73.952 -18.275 -76.469 -34.216 -117.384 
-102.833 -70.758 -97.732 -27.145 -54.678 -18.52 -59.779 -62.133 
-97.603 56.235 -107.104 99.105 -63.396 94.893 -53.895 52.023 
-132.82 149.105 -121.587 191.554 -84.687 167.754 -95.919 125.305 
-190.688 270.079 -183.525 313.4 -140.109 319.975 -147.273 276.653 
-193.654 388.827 -150.902 398.844 -128.164 361.279 -170.917 351.263 
-135.204 404.621 -130.504 448.279 -90.436 430.318 -95.134 386.661 
-18.419 423.09 -20.639 466.944 20.382 482.607 22.602 438.753 
40.289 484.764 60.746 523.618 104.019 516.169 83.563 477.316 
146.148 596.451 189.361 604.247 210.129 565.558 166.916 557.763 
227.489 605.889 254.538 640.479 279.076 604.066 252.028 569.476 
281.089 545.849 291.612 588.479 335.408 591.644 324.884 549.014 
340.011 484.486 381.394 499.166 408.143 464.345 366.76 449.664 
423.459 406.752 418.823 450.416 461.783 441.332 466.419 397.667 
522.214 354.698 552.082 386.885 573.465 348.533 543.597 316.346 
560.166 278.792 587.396 313.241 628.572 297.99 601.343 263.541 
565.198 205.011 548.556 245.646 592.345 248.916 608.986 208.282 
487.211 135.674 511.556 172.217 538.788 137.771 514.443 101.228 
473.267 22.041 466.589 65.44 505.801 85.202 512.479 41.803 
420.583 -75.581 451.955 -44.858 490.869 -65.2 459.497 -95.923 
394.572 -138.619 401.063 -95.191 440.36 -114.785 433.868 -158.213 
358.593 -171.049 333.64 -134.918 360.292 -100.022 385.245 -136.153 
216.944 -120.538 236.593 -81.27 280.011 -87.824 260.363 -127.092 
208.944 -189.033 203.017 -145.442 246.225 -153.261 252.141 -196.77 
169.382 -208.026 163.463 -164.517 203.014 -145.442 208.944 -189.033 
-170.737 46.239 -172.357 90.119 -131.124 105.219 -129.505 61.339 
-199.466 124.661 -158.237 139.77 -131.127 105.227 -172.357 90.119 
-47.919 526.768 -5.919 539.575 19.24 503.587 -22.761 490.78 
-5.487 539.872 19.6 575.91 46.122 540.915 21.036 504.877 
403.402 507.998 428.781 543.831 455.017 508.621 429.638 472.788 
430.523 472.168 455.215 508.478 497.378 496.214 472.685 459.905 
531.209 81.562 554.762 118.621 597.286 107.672 573.732 70.614 
533.966 37.7 531.197 81.523 573.731 70.614 576.499 26.791 
284.583 -207.668 281.239 -163.886 304.268 -126.499 307.612 -170.282 
169.381 -208.024 208.944 -189.033 252.141 -196.77 212.589 -215.842 
94.81 -171.673 78.529 -130.893 115.671 -154.316 131.951 -195.096 
-172.997 15.527 -130.856 27.865 -89.511 13.077 -131.652 0.739 
-197.84 80.786 -199.46 124.667 -172.357 90.119 -170.737 46.239 
-195.377 163.195 -189.908 206.763 -159.875 238.796 -165.344 195.227 
-84.713 473.852 -88.582 517.592 -59.743 484.48 -55.874 440.741 
-47.919 526.766 -22.127 562.303 19.627 575.892 -6.166 540.356 
53.292 584.236 97.162 582.352 131.546 555.041 87.676 556.926 
344.612 523.15 367.176 560.818 407.573 578.03 385.008 540.361 
428.766 543.82 470.808 531.147 497.371 496.182 455.329 508.856 
508.222 384.801 498.523 427.626 515.848 467.974 525.547 425.149 
549.329 180.398 592.056 170.275 620.673 136.971 577.946 147.094 
576.469 26.788 573.734 70.613 597.28 107.675 600.016 63.851 
475.399 -24.106 511.637 0.69 555.53 -0.55 519.291 -25.346 
