160.129 222.16 158.423 266.037 200.68 254.101 202.386 210.224 
211.161 209.525 210.235 253.425 251.701 267.872 252.627 223.971 
212.906 202.048 254.626 215.745 280.543 180.299 238.824 166.603 
180.565 162.136 206.055 197.889 232.182 162.598 206.692 126.844 
133.113 178.158 157.345 214.776 199.659 203.045 175.427 166.427 
123.147 187.236 122.119 231.134 147.091 267.253 148.119 223.355 
165.843 280.83 207.408 294.988 249.357 282.012 207.792 267.853 
266.414 221.872 266.042 265.781 292.151 230.476 292.522 186.568 
215.956 118.084 241.17 154.032 282.7 168.294 257.485 132.346 
129.507 169.652 171.514 156.865 197.982 121.829 155.975 134.616 
77.221 145.57 117.762 162.437 146.332 129.092 105.791 112.225 
74.979 172.312 73.121 216.182 114.27 231.506 116.128 187.636 
43.401 255.073 84.151 271.427 112.298 237.725 71.548 221.37 
84.848 271.998 107.503 309.613 136.276 276.443 113.621 238.829 
137.631 320.331 178.959 335.167 205.84 300.446 164.512 285.61 
181.754 337.158 205.532 374.073 233.291 340.051 209.514 303.136 
210.514 302.49 233.866 339.675 276.447 328.956 253.095 291.771 
270.129 268.464 295.091 304.589 321.734 269.685 296.771 233.561 
299.627 231.535 323.566 268.346 365.972 256.953 342.033 220.143 
301.96 186.146 299.194 229.968 341.727 219.056 344.492 175.234 
262.748 128.126 287.499 164.395 329.642 152.063 304.891 115.794 
263.48 80.233 261.43 124.096 303.779 112.491 305.828 68.629 
220.785 64.436 218.472 108.285 259.461 124.035 261.774 80.186 
154.011 82.942 152.839 126.836 194.947 114.387 196.119 70.492 
109.462 66.622 106.468 110.43 147.207 126.814 150.2 83.006 
78.525 98.922 73.544 142.549 103.217 110.182 108.197 66.555 
39.376 209.27 40.396 253.168 65.373 217.054 64.353 173.156 
42.942 256.274 66.184 293.528 106.885 310.005 83.642 272.751 
135.678 327.753 162.606 362.438 204.777 374.672 177.85 339.987 
206.344 374.717 248.814 363.561 276.614 329.573 234.145 340.729 
299.504 307.554 340.959 293.076 365.987 256.997 324.532 271.475 
346.159 175.302 343.539 219.134 367.184 256.134 369.804 212.302 
307.557 68.548 308.76 112.441 335.533 147.245 334.33 103.351 
222.522 59.762 262.748 77.369 305.64 67.969 265.415 50.362 
110.041 64.619 151.923 77.81 193.56 63.864 151.678 50.673 
81.956 15.374 105.134 52.668 147.766 42.149 124.588 4.855 
45.714 56.547 69.656 93.356 97.264 59.211 73.321 22.402 
38.087 62.837 33.915 106.548 56.232 144.363 60.404 100.652 
-21.267 133.036 4.898 168.298 46.52 154.31 20.355 119.047 
-10.637 220.019 30.527 204.734 54.844 168.172 13.68 183.457 
-9.667 222.411 -10.862 266.305 31.252 253.878 32.448 209.984 
-8.749 271.988 12.783 310.256 55.832 301.603 34.3 263.335 
21.268 328.682 62.546 343.657 104.742 331.509 63.464 316.535 
68.991 357.003 69.522 400.91 111.116 386.837 110.585 342.93 
124.709 340.251 125.714 384.15 152.33 419.074 151.325 375.175 
160.876 373.791 162.361 417.676 204.557 429.825 203.072 385.94 
211.011 385.903 207.24 429.651 250.012 419.718 253.783 375.971 
270.352 373.032 269.587 416.936 296.011 381.866 296.775 337.963 
307.903 336.396 308.412 380.303 350.328 393.387 349.819 349.479 
309.769 323.988 351.812 336.657 393.272 322.195 351.229 309.526 
352.823 298.887 395.125 310.661 419.395 274.068 377.093 262.294 
383.355 211.407 379.442 255.142 419.828 272.378 423.741 228.643 
361.207 157.693 385.88 194.015 427.191 208.898 402.518 172.576 
363.103 148.23 404.947 161.538 430.535 125.854 388.691 112.546 
350.749 99.349 352.751 143.213 376.914 106.549 374.911 62.685 
315.845 60.172 342.632 94.964 367.444 58.736 340.656 23.944 
268.874 37.493 309.059 55.193 338.31 22.444 298.125 4.744 
212.161 41.079 254.589 29.767 282.264 -4.324 239.836 6.989 
177.905 2.967 205.232 37.338 229.475 0.727 202.149 -33.643 
124.588 4.855 152.915 38.405 195.554 48.898 167.226 15.347 
127.112 -20.343 167.686 -3.554 196.192 -36.954 155.618 -53.743 
39.21 -49.635 48.056 -6.625 86.227 -28.329 77.381 -71.338 
-4.068 -57.057 2.247 -13.604 45.526 -6.181 39.211 -49.635 
-34.25 10.811 0.248 37.978 36.744 13.563 2.247 -13.603 
-26.105 81.613 -24.802 125.503 16.538 110.701 15.235 66.81 
-56.498 171.783 -34.012 209.499 -5.091 176.459 -27.576 138.743 
-94.874 244.618 -85.433 287.501 -41.732 291.775 -51.172 248.891 
-109.77 324.051 -67.489 335.902 -43.153 299.352 -85.433 287.502 
-62.218 338.907 -42.413 378.097 -11.262 347.15 -31.067 307.96 
18.707 346.132 20.661 389.999 62.985 401.696 61.03 357.829 
72.66 408.032 97.076 444.528 139.331 432.585 114.915 396.089 
150.634 497.34 193.834 505.201 214.661 466.544 171.46 458.683 
193.891 505.231 220.148 540.425 245.505 504.577 219.248 469.383 
231.342 459.462 252.698 497.828 295.787 489.371 274.43 451.005 
282.113 423.517 324.26 435.835 348.998 399.556 306.85 387.239 
358.394 348.874 357.184 392.767 399.303 380.353 400.512 336.46 
434.678 315.233 464.256 347.687 485.982 309.528 456.404 277.075 
460.81 273.31 487.062 308.508 528.65 294.418 502.398 259.22 
460.672 215.529 455.356 259.116 498.453 250.702 503.768 207.115 
410.403 164.877 436.891 199.898 462.013 163.885 435.526 128.863 
392.395 59.693 390.91 103.578 432.188 118.552 433.673 74.667 
354.265 -11.602 384.417 20.319 424.093 1.508 393.941 -30.414 
351.357 -59.588 352.571 -15.695 393.941 -30.413 392.727 -74.306 
306.571 -80.054 298.412 -36.909 336.924 -15.816 345.083 -58.961 
208.158 -39.051 234.401 -3.846 275.992 -17.925 249.75 -53.13 
202.06 -99.906 199.472 -55.99 241.959 -67.079 244.542 -110.913 
161.164 -115.826 158.581 -71.992 199.471 -55.99 202.059 -99.906 
-83.867 69.714 -86.21 113.561 -45.233 129.34 -42.89 85.492 
-113.882 147.657 -72.905 163.436 -45.234 129.341 -86.211 113.562 
-7.694 439.986 33.617 454.866 60.535 420.173 19.223 405.294 
33.618 454.865 58.293 491.187 85.212 456.496 60.537 420.174 
337.764 442.004 362.547 478.252 389.362 443.481 364.579 407.233 
364.579 407.231 389.361 443.48 431.494 431.112 406.711 394.863 
448.184 116.112 472.357 152.769 514.69 141.107 490.517 104.449 
450.174 72.246 448.183 116.111 490.516 104.449 492.507 60.584 
265.002 -115.812 264.701 -71.903 290.266 -36.204 290.567 -80.112 
161.164 -115.826 202.06 -99.906 244.542 -110.913 203.651 -126.915 
103.055 -75.849 97.474 -32.295 127.59 -64.25 133.172 -107.804 
-83.387 56.417 -40.252 64.631 -0.527 45.921 -43.662 37.708 
-111.536 103.809 -113.88 147.657 -86.21 113.561 -83.866 69.714 
-115.057 175.736 -93.073 213.746 -52.945 231.576 -74.93 193.565 
-28.476 387.544 -29.189 431.449 -2.807 396.349 -2.093 352.444 
-7.694 439.985 16.981 476.306 58.293 491.187 33.617 454.866 
83.554 500.375 125.729 488.154 152.667 453.477 110.492 465.698 
281.338 445.098 306.265 481.247 347.679 495.839 322.752 459.691 
362.546 478.251 404.678 465.882 431.494 431.111 389.362 443.48 
423.903 330.375 422.837 374.272 447.776 410.412 448.843 366.515 
457.464 207.559 499.608 195.23 526.456 160.484 484.313 172.813 
492.507 60.585 490.517 104.449 514.691 141.107 516.68 97.242 
394.035 33.516 435.039 49.225 477.445 37.832 436.441 22.123 
