154.974 237.52 145.52 280.4 189.223 276.141 198.677 233.261 
218.838 233.544 208.156 276.135 245.362 299.456 256.044 256.865 
225.204 213.725 262.635 236.681 296.035 208.176 258.603 185.219 
193.755 161.716 210.377 202.359 243.893 173.992 227.272 133.349 
133.197 175.819 148.71 216.897 192.572 214.838 177.058 173.759 
107.715 201.165 98.623 244.124 116.518 284.222 125.61 241.264 
158.109 307.125 197.295 326.939 240.643 319.936 201.457 300.122 
285.402 250.778 279.1 294.234 309.74 262.781 316.042 219.326 
248.798 114.991 265.009 155.799 302.11 179.285 285.9 138.477 
123.206 152.322 166.865 147.632 199.429 118.175 155.77 122.865 
32.658 107.752 66.147 136.153 103.506 113.079 70.017 84.679 
46.846 175.594 29.761 216.044 62.952 244.792 80.037 204.342 
-17.393 268.119 17.155 295.22 53.606 270.737 19.058 243.636 
35.403 310.697 45.851 353.346 83.184 330.231 72.737 287.582 
117.664 357.421 152.64 383.969 188.697 358.909 153.721 332.361 
177.42 401.347 191.867 442.812 226.838 416.258 212.392 374.793 
230.739 362.715 244.943 404.263 288.848 403.593 274.644 362.045 
301.171 305.847 315.964 347.189 350.712 320.343 335.917 279.0 
358.689 260.445 373.442 301.802 417.335 300.551 402.581 259.194 
364.242 199.773 353.441 242.334 397.257 239.453 408.057 196.892 
312.852 114.145 326.167 155.987 370.076 156.252 356.761 114.41 
315.517 48.594 304.583 91.121 348.407 88.378 359.341 45.851 
262.77 21.734 249.044 63.444 284.471 89.387 298.197 47.678 
162.018 53.762 147.027 95.034 190.911 96.537 205.903 55.266 
92.505 28.877 77.503 70.144 112.115 97.165 127.117 55.897 
21.862 42.282 -3.772 77.933 37.922 64.159 63.556 28.508 
-27.547 216.59 -30.757 260.383 -2.42 226.84 0.789 183.048 
-25.903 303.818 -16.394 346.686 16.497 375.777 6.986 332.909 
113.803 404.46 139.48 440.08 181.19 453.805 155.513 418.185 
221.693 459.865 265.603 459.83 301.106 433.993 257.196 434.027 
357.647 363.702 399.18 349.449 424.403 313.506 382.87 327.759 
448.092 192.805 432.038 233.675 443.073 276.176 459.127 235.306 
379.635 42.471 376.502 86.269 399.71 123.544 402.843 79.746 
275.65 -22.384 305.127 10.161 348.105 19.165 318.627 -13.381 
96.711 -2.266 135.242 18.793 178.792 13.182 140.261 -7.877 
47.992 -104.842 34.703 -62.991 70.399 -37.419 83.688 -79.271 
-43.438 -26.298 -46.062 17.533 -3.565 6.484 -0.941 -37.348 
-81.427 43.559 -69.792 85.9 -35.493 113.316 -47.128 70.975 
-122.993 119.514 -108.467 160.952 -64.568 159.94 -79.095 118.503 
-142.143 201.102 -98.679 207.343 -59.848 186.845 -103.312 180.603 
-115.837 247.763 -142.923 282.324 -101.683 297.403 -74.598 262.842 
-103.184 341.288 -98.286 384.924 -55.272 393.749 -60.17 350.113 
-39.309 434.655 3.644 443.774 43.753 425.904 0.8 416.785 
30.44 467.747 26.685 511.497 69.453 501.549 73.209 457.8 
99.131 457.402 86.811 499.548 101.617 540.887 113.937 498.741 
156.867 490.362 142.694 531.922 177.841 558.244 192.013 516.684 
249.07 500.509 229.374 539.754 272.785 546.358 292.48 507.113 
335.201 461.662 336.363 505.556 361.223 469.362 360.061 425.467 
396.634 412.572 391.448 456.175 431.314 474.581 436.5 430.979 
402.074 393.264 440.5 414.513 484.078 409.118 445.652 387.869 
450.971 348.466 487.11 373.407 521.998 346.743 485.859 321.802 
512.223 226.295 491.478 264.996 521.874 296.685 542.619 257.984 
460.963 134.54 485.987 170.623 527.44 185.106 502.416 149.023 
462.652 99.578 502.032 119.002 532.675 87.551 493.294 68.127 
452.292 45.777 445.725 89.193 476.557 57.929 483.124 14.512 
410.231 -18.496 419.65 24.392 457.528 2.181 448.109 -40.707 
323.451 -74.459 352.4 -41.443 392.745 -58.773 363.796 -91.789 
223.293 -49.563 264.459 -64.844 288.78 -101.403 247.614 -86.122 
167.402 -103.603 185.481 -63.587 217.951 -93.146 199.873 -133.162 
112.3 -112.095 126.738 -70.627 162.794 -45.565 148.355 -87.033 
126.038 -151.515 155.649 -119.091 195.636 -137.232 166.026 -169.657 
-6.363 -181.779 -13.943 -138.528 29.534 -144.684 37.114 -187.935 
-101.011 -149.873 -93.761 -106.566 -50.333 -100.078 -57.583 -143.385 
-137.167 -92.479 -125.063 -50.27 -81.18 -48.738 -93.284 -90.947 
-126.002 44.524 -138.832 86.518 -94.929 85.743 -82.098 43.75 
-163.653 136.093 -160.45 179.887 -119.791 163.307 -122.993 119.515 
-227.847 273.141 -229.073 317.034 -187.707 331.764 -186.481 287.871 
-237.884 403.695 -196.58 418.6 -169.642 383.924 -210.945 369.019 
-169.282 427.832 -173.879 471.501 -130.928 462.378 -126.33 418.71 
-38.518 456.04 -45.738 499.352 -6.776 519.603 0.443 476.291 
26.852 512.19 42.754 553.119 86.595 550.644 70.692 509.714 
137.731 635.52 179.734 648.321 204.888 612.33 162.886 599.529 
230.679 647.866 255.257 684.253 282.268 649.634 257.691 613.247 
295.928 583.673 299.236 627.458 341.901 637.841 338.593 594.056 
358.566 513.191 398.763 530.863 427.991 498.094 387.794 480.422 
446.523 431.87 437.646 474.874 481.288 470.027 490.164 427.023 
555.791 374.781 582.294 409.792 607.402 373.768 580.899 338.757 
597.102 288.643 622.432 324.51 664.372 311.503 639.041 275.636 
608.028 209.728 585.191 247.233 627.917 257.362 650.754 219.858 
520.268 129.672 542.133 167.751 571.592 135.19 549.727 97.11 
511.073 13.15 499.125 55.403 535.618 79.823 547.566 37.57 
456.437 -99.944 484.108 -65.85 525.084 -81.632 497.413 -115.726 
414.91 -169.757 419.303 -126.068 459.497 -143.747 455.103 -187.437 
381.692 -205.254 351.642 -173.236 372.807 -134.764 402.857 -166.781 
224.078 -153.659 238.437 -112.164 282.339 -112.997 267.98 -154.493 
217.557 -227.15 207.608 -184.298 251.355 -188.07 261.287 -230.842 
179.971 -249.881 169.881 -207.146 207.407 -184.344 217.515 -227.159 
-200.439 30.301 -205.126 73.96 -165.052 91.909 -160.365 48.25 
-234.8 106.42 -194.832 124.603 -165.187 92.21 -205.155 74.027 
-72.365 556.649 -29.354 565.484 -7.66 527.307 -50.672 518.472 
-26.323 567.052 -4.339 605.063 25.018 572.409 3.035 534.398 
419.354 541.146 446.038 576.018 470.957 539.863 444.272 504.992 
450.075 500.912 472.335 538.761 515.211 529.287 492.951 491.438 
567.667 77.087 589.831 114.993 632.731 105.628 610.567 67.722 
572.283 33.0 567.573 76.657 610.549 67.645 615.259 23.989 
301.734 -243.649 293.115 -200.593 311.45 -160.694 320.068 -203.75 
179.963 -249.869 217.551 -227.22 261.287 -230.836 223.717 -253.564 
96.964 -212.936 78.449 -173.121 116.831 -194.449 135.346 -234.265 
-202.478 -18.582 -165.026 4.341 -121.253 0.871 -158.705 -22.051 
-229.978 62.783 -234.791 106.429 -205.243 73.947 -200.431 30.302 
-226.608 154.908 -228.946 198.756 -205.064 235.604 -202.726 191.756 
-114.955 503.278 -124.749 546.082 -91.667 517.21 -81.873 474.406 
-72.365 556.649 -46.176 591.894 -4.272 605.015 -30.462 569.77 
35.801 614.975 79.521 619.056 117.29 596.659 73.57 592.578 
363.757 557.371 382.393 597.13 420.84 618.342 402.204 578.583 
446.014 576.001 488.204 563.832 515.185 529.189 472.994 541.358 
538.554 413.652 523.956 455.064 536.488 497.148 551.086 455.736 
585.099 176.971 628.591 170.932 660.229 140.483 616.736 146.521 
615.191 23.98 610.679 67.657 632.702 105.645 637.214 61.968 
515.245 -38.839 548.374 -10.019 592.115 -6.177 558.986 -34.996 
