160.042 222.228 158.062 266.093 200.392 254.422 202.373 210.557 
211.757 209.798 210.572 253.692 251.952 268.383 253.136 224.489 
213.572 202.027 255.242 215.87 281.285 180.517 239.614 166.673 
181.154 161.847 206.486 197.713 232.768 162.538 207.437 126.672 
133.262 177.877 157.235 214.666 199.631 203.235 175.658 166.446 
123.026 187.14 121.741 231.031 146.5 267.295 147.785 223.404 
166.06 281.796 207.584 296.074 249.57 283.219 208.047 268.94 
267.552 222.222 267.067 266.129 293.267 230.892 293.751 186.985 
217.027 117.609 242.045 153.694 283.496 168.183 258.479 132.097 
129.447 168.937 171.494 156.281 198.071 121.327 156.024 133.984 
75.614 143.458 115.942 160.83 144.926 127.844 104.598 110.472 
73.446 171.876 71.009 215.718 111.953 231.584 114.389 187.742 
40.521 255.542 81.075 272.378 109.618 239.011 69.064 222.175 
82.327 273.41 104.427 311.354 133.685 278.61 111.584 240.667 
137.26 322.373 178.456 337.572 205.641 303.088 164.445 287.89 
182.152 340.186 205.561 377.336 233.658 343.592 210.25 306.442 
211.73 305.495 234.662 342.94 277.362 332.7 254.429 295.255 
272.359 269.503 297.049 305.814 323.953 271.111 299.262 234.8 
302.757 232.328 326.323 269.379 368.842 258.416 345.277 221.365 
305.326 186.292 302.142 230.086 344.777 219.581 347.961 175.787 
265.033 126.716 289.483 163.189 331.727 151.206 307.277 114.733 
265.919 78.181 263.501 122.024 305.946 110.775 308.363 66.931 
222.606 61.982 219.884 105.808 260.724 121.939 263.446 78.114 
153.807 81.095 152.31 124.98 194.509 112.843 196.007 68.958 
109.029 64.292 105.519 108.062 146.062 124.926 149.572 81.156 
76.623 95.977 70.821 139.501 101.099 107.7 106.901 64.175 
35.516 209.105 36.413 253.006 61.491 216.962 60.593 173.061 
39.654 257.81 62.463 295.331 102.971 312.279 80.161 274.758 
134.938 331.713 161.928 366.349 204.121 378.507 177.132 343.871 
207.018 378.495 249.593 367.749 277.719 334.03 235.144 344.776 
302.626 309.495 344.037 294.893 368.957 258.739 327.546 273.341 
350.876 175.898 347.758 219.697 370.981 256.964 374.099 213.164 
310.521 66.815 311.807 110.707 338.645 145.46 337.359 101.568 
224.948 55.633 264.851 73.96 307.905 65.333 268.003 47.006 
109.671 62.088 151.498 75.453 193.192 61.681 151.365 48.315 
81.198 9.322 103.378 47.219 146.274 37.834 124.093 -0.062 
42.283 52.757 66.115 89.637 93.825 55.575 69.993 18.695 
33.275 60.49 29.039 104.195 51.3 142.044 55.536 98.338 
-26.953 131.728 -0.84 167.029 40.803 153.101 14.69 117.8 
-15.753 219.456 25.394 204.125 49.67 167.537 8.523 182.867 
-14.868 221.648 -16.89 265.512 25.452 253.88 27.473 210.016 
-13.545 274.063 7.322 312.698 50.514 304.789 29.647 266.155 
17.987 334.285 59.272 349.241 101.463 337.074 60.178 322.118 
66.11 363.118 66.621 407.025 108.221 392.971 107.711 349.064 
123.062 345.908 124.082 389.807 150.71 424.722 149.69 380.823 
160.217 379.201 161.59 423.09 203.756 435.346 202.382 391.457 
212.535 391.305 208.109 434.992 251.025 425.701 255.451 382.015 
274.961 377.852 274.126 421.754 300.606 386.727 301.441 342.825 
312.884 341.189 313.322 385.097 355.216 398.249 354.778 354.341 
314.712 327.579 356.781 340.159 398.21 325.609 356.141 313.029 
357.753 301.196 400.051 312.985 424.335 276.401 382.037 264.611 
389.498 212.055 384.907 255.724 425.02 273.585 429.611 229.916 
367.324 155.277 391.84 191.706 433.087 206.767 408.57 170.338 
369.256 145.634 411.072 159.031 436.736 123.402 394.92 110.004 
355.653 96.524 357.91 140.376 381.86 103.572 379.603 59.72 
320.108 56.771 346.678 91.729 371.715 55.657 345.145 20.698 
271.878 32.327 311.758 50.705 341.559 18.457 301.68 0.079 
212.755 34.97 255.23 23.836 283.048 -10.137 240.573 0.997 
178.07 -3.213 205.472 31.098 229.636 -5.565 202.235 -39.877 
124.093 -0.062 152.423 33.487 195.062 43.976 166.732 10.428 
126.447 -27.835 166.762 -10.434 195.769 -43.399 155.454 -60.8 
32.383 -55.698 41.378 -12.719 79.474 -34.554 70.479 -77.533 
-11.136 -61.541 -3.245 -18.346 40.275 -12.503 32.383 -55.698 
-41.038 4.01 -8.099 33.046 29.694 10.691 -3.245 -18.345 
-31.911 79.256 -31.017 123.157 10.459 108.741 9.565 64.84 
-62.923 170.315 -40.991 208.356 -11.59 175.743 -33.52 137.702 
-102.991 250.271 -92.892 293.004 -49.13 296.604 -59.229 253.871 
-116.661 329.925 -74.202 341.121 -50.433 304.2 -92.892 293.004 
-68.442 344.247 -49.568 383.894 -17.694 353.693 -36.567 314.046 
15.476 352.393 17.518 396.256 59.865 407.868 57.823 364.006 
70.17 414.884 94.427 451.486 136.733 439.727 112.476 403.125 
153.297 506.292 196.556 513.822 217.086 475.007 173.827 467.476 
196.566 513.827 222.949 548.927 248.178 512.989 221.796 477.889 
235.307 466.702 255.99 505.435 299.219 497.734 278.537 459.0 
287.035 428.486 329.197 440.751 353.89 404.442 311.728 392.177 
364.364 353.585 363.0 397.474 405.163 385.209 406.527 341.32 
443.568 315.875 473.369 348.125 494.832 309.818 465.032 277.568 
469.387 273.831 495.736 308.957 537.285 294.752 510.936 259.626 
469.378 214.593 463.299 258.08 506.537 250.422 512.615 206.935 
416.62 162.432 443.104 197.457 468.231 161.446 441.746 126.422 
399.105 56.012 397.347 99.887 438.531 115.117 440.289 71.242 
357.931 -19.167 388.293 12.554 427.844 -6.52 397.482 -38.241 
354.606 -66.987 356.261 -23.108 397.481 -38.242 395.826 -82.12 
310.031 -88.242 300.848 -45.303 338.848 -23.301 348.031 -66.24 
208.704 -45.735 234.797 -10.419 276.448 -24.322 250.355 -59.638 
202.087 -107.608 199.27 -63.707 241.814 -74.574 244.625 -118.394 
161.274 -123.742 158.463 -79.922 199.269 -63.707 202.086 -107.609 
-91.31 67.876 -93.747 111.718 -52.803 127.583 -50.367 83.741 
-121.49 145.755 -80.547 161.622 -52.805 127.586 -93.748 111.719 
-10.769 447.373 30.508 462.347 57.505 427.716 16.227 412.742 
30.508 462.346 55.102 498.723 82.099 464.093 57.506 427.716 
343.84 447.185 368.521 483.502 395.433 448.805 370.751 412.489 
370.752 412.487 395.433 448.804 437.6 436.554 412.919 400.237 
455.206 112.543 479.222 149.304 521.605 137.824 497.589 101.063 
457.385 68.686 455.205 112.542 497.589 101.063 499.769 57.207 
265.95 -123.843 265.812 -79.933 291.509 -44.328 291.647 -88.238 
161.275 -123.741 202.087 -107.608 244.625 -118.394 203.819 -134.609 
101.163 -84.035 94.324 -40.661 125.351 -71.731 132.19 -115.106 
-91.163 54.793 -47.819 61.821 -8.622 42.031 -51.966 35.002 
-119.052 101.912 -121.49 145.755 -93.748 111.718 -91.31 67.876 
-122.195 175.534 -101.709 214.372 -62.307 233.752 -82.793 194.913 
-33.148 394.793 -33.842 438.698 -7.475 403.586 -6.78 359.682 
-10.769 447.373 13.823 483.749 55.102 498.723 30.508 462.347 
81.493 507.999 123.892 496.579 151.482 462.419 109.083 473.839 
286.686 451.747 311.576 487.921 352.975 502.557 328.086 466.383 
368.521 483.502 410.687 471.25 437.6 436.554 395.433 448.805 
431.581 334.639 429.864 378.515 454.265 415.022 455.982 371.145 
465.444 205.268 507.599 192.976 534.478 158.255 492.323 170.546 
499.767 57.207 497.589 101.063 521.605 137.824 523.783 93.968 
400.746 28.031 441.468 44.458 484.068 33.813 443.347 17.385 
