156.251 233.716 148.226 276.887 191.764 271.179 199.789 228.008 
216.996 228.24 207.809 271.178 245.808 293.184 254.994 250.245 
222.126 213.076 260.457 234.497 292.673 204.661 254.342 183.24 
191.129 163.955 209.674 203.757 241.796 173.82 223.252 134.018 
134.189 177.592 151.64 217.886 195.354 213.741 177.903 173.447 
113.343 196.407 105.896 239.681 125.308 279.067 132.755 235.793 
158.781 300.164 198.506 318.873 241.641 310.659 201.916 291.95 
278.863 246.342 273.74 289.952 303.518 257.682 308.641 214.072 
242.308 117.732 260.12 157.866 298.122 179.866 280.31 139.731 
126.754 159.331 170.102 152.327 201.055 121.182 157.707 128.186 
45.128 116.742 80.663 142.537 116.177 116.713 80.642 90.918 
50.321 174.278 35.727 215.692 70.604 242.369 85.198 200.955 
-7.828 260.98 28.019 286.338 63.213 260.08 27.365 234.723 
45.693 300.345 58.665 342.295 94.554 316.996 81.583 275.045 
120.439 352.464 156.789 377.097 191.45 350.138 155.1 325.505 
175.736 391.14 192.011 431.923 225.768 403.841 209.493 363.059 
226.05 351.708 241.944 392.64 285.785 390.172 269.89 349.239 
296.386 301.009 313.13 341.601 346.561 313.132 329.817 272.54 
348.615 257.942 365.139 298.624 408.936 295.481 392.412 254.798 
352.661 198.104 343.318 241.009 387.01 236.636 396.353 193.732 
304.763 116.768 320.314 157.832 364.174 155.731 348.623 114.667 
306.968 54.593 297.942 97.565 341.6 92.87 350.627 49.898 
254.899 30.393 243.801 72.877 280.777 96.56 291.875 54.076 
158.812 59.884 147.497 102.311 191.344 99.961 202.659 57.534 
99.726 34.946 87.054 76.988 123.123 102.031 135.794 59.989 
31.795 52.401 8.843 89.835 49.415 73.041 72.367 35.608 
-14.065 211.387 -16.843 255.209 11.162 221.39 13.94 177.568 
-14.988 295.189 -2.893 337.4 31.704 364.44 19.608 322.228 
115.337 391.58 140.932 427.26 182.61 441.08 157.015 405.401 
219.092 447.24 262.951 445.127 297.191 417.637 253.332 419.75 
348.009 357.019 389.561 342.823 414.835 306.916 373.282 321.111 
432.595 189.732 418.856 231.437 432.255 273.253 445.994 231.548 
369.209 46.889 366.775 90.731 390.575 127.631 393.009 83.789 
266.294 -9.833 297.75 20.804 341.206 27.101 309.75 -3.536 
104.274 13.96 143.611 33.472 186.904 26.136 147.567 6.624 
54.506 -89.66 46.269 -46.529 84.743 -25.367 92.98 -68.498 
-33.424 -9.97 -25.887 33.288 12.925 12.752 5.387 -30.506 
-66.684 49.525 -56.782 92.304 -23.626 121.093 -33.529 78.314 
-110.938 122.434 -92.395 162.237 -48.811 156.902 -67.353 117.099 
-121.617 205.727 -77.718 204.754 -42.775 178.163 -86.674 179.136 
-103.378 240.386 -124.717 278.762 -81.625 287.198 -60.286 248.822 
-90.4 330.223 -81.168 373.151 -37.488 377.636 -46.72 334.707 
-28.104 420.532 14.535 431.02 55.195 414.443 12.556 403.954 
35.541 453.709 32.677 497.525 75.234 486.708 78.098 442.892 
99.466 441.708 91.135 484.82 109.736 524.596 118.067 481.484 
153.821 474.235 143.879 517.005 181.482 539.677 191.425 496.908 
242.237 483.844 225.599 524.479 269.387 527.746 286.025 487.111 
329.214 447.68 329.707 491.587 355.116 455.776 354.623 411.869 
386.567 402.108 382.461 445.826 422.771 463.24 426.876 419.522 
390.389 386.726 430.39 404.837 473.397 395.977 433.396 377.866 
437.31 344.638 475.672 366.003 507.846 336.121 469.484 314.756 
492.608 224.191 475.073 264.448 507.942 293.565 525.476 253.308 
447.457 134.706 472.275 170.93 513.645 185.648 488.827 149.424 
449.578 105.052 489.73 122.826 519.042 90.132 478.89 72.358 
437.865 53.149 434.898 96.959 463.049 63.26 466.016 19.451 
397.896 -5.285 411.836 36.353 447.129 10.228 433.189 -31.41 
315.193 -55.61 347.533 -25.908 385.774 -47.488 353.434 -77.19 
221.119 -39.038 262.55 -53.583 287.519 -89.702 246.088 -75.158 
170.46 -88.223 192.5 -50.245 221.808 -82.942 199.769 -120.92 
114.731 -90.994 133.352 -51.228 171.79 -30.001 153.169 -69.767 
124.595 -132.418 157.021 -102.81 195.2 -124.5 162.774 -154.108 
-3.435 -162.402 -5.952 -118.564 36.518 -129.716 39.036 -173.554 
-91.982 -132.838 -80.353 -90.496 -36.49 -88.472 -48.119 -130.814 
-122.339 -82.08 -114.068 -38.956 -70.499 -33.496 -78.77 -76.62 
-110.778 50.335 -123.617 92.327 -79.714 91.561 -66.875 49.57 
-149.811 142.854 -142.403 186.135 -103.53 165.715 -110.937 122.435 
-210.935 272.726 -208.037 316.54 -165.472 327.324 -168.369 283.51 
-216.632 398.675 -174.494 411.023 -149.728 374.764 -191.866 362.415 
-153.037 418.549 -153.236 462.458 -111.415 449.079 -111.214 405.17 
-28.239 440.942 -32.906 484.604 7.176 502.534 11.843 458.873 
33.446 500.194 51.636 540.16 95.267 535.21 77.077 495.245 
142.734 618.074 185.419 628.376 208.407 590.964 165.723 580.662 
230.993 628.618 256.877 664.088 282.612 628.51 256.728 593.04 
290.538 566.225 297.396 609.596 340.764 616.475 333.906 573.104 
350.972 499.489 391.815 515.612 419.769 481.75 378.926 465.627 
436.599 419.934 429.891 463.328 473.235 456.298 479.942 412.903 
540.914 365.011 569.177 398.616 592.404 361.351 564.14 327.747 
580.652 282.963 606.978 318.107 648.536 303.931 622.211 268.787 
588.576 206.29 568.672 245.43 612.047 252.265 631.951 213.125 
504.969 131.726 528.111 169.043 556.45 135.501 533.308 98.185 
493.121 16.655 483.85 59.576 521.805 81.656 531.075 38.736 
439.913 -88.394 469.563 -56.007 509.528 -74.197 479.878 -106.585 
404.648 -156.034 410.143 -112.469 449.877 -131.158 444.382 -174.723 
370.122 -190.204 342.27 -156.258 365.947 -119.279 393.8 -153.224 
220.268 -138.568 237.273 -98.085 281.03 -101.749 264.025 -142.232 
212.511 -209.171 205.106 -165.806 248.555 -172.153 255.946 -215.436 
173.62 -229.502 166.22 -186.22 205.097 -165.808 212.511 -209.17 
-187.738 38.93 -190.509 82.752 -149.688 98.93 -146.916 55.107 
-218.522 116.566 -177.707 132.759 -149.694 98.945 -190.509 82.752 
-59.871 544.496 -17.304 555.27 6.097 518.115 -36.471 507.341 
-15.852 556.145 8.17 592.902 35.705 558.698 11.684 521.941 
413.785 525.25 439.879 560.566 465.402 524.835 439.308 489.52 
442.267 487.428 466.091 524.313 508.533 513.053 484.709 476.168 
550.572 78.18 573.643 115.54 616.305 105.144 593.234 67.783 
553.932 34.312 550.549 78.091 593.231 67.78 596.615 24.001 
291.782 -227.47 286.481 -183.881 307.812 -145.501 313.113 -189.09 
173.616 -229.496 212.511 -209.171 255.946 -215.435 217.066 -235.841 
95.709 -193.542 78.022 -153.352 115.955 -175.47 133.641 -215.661 
-190.458 -0.876 -150.072 16.36 -107.268 6.566 -147.654 -10.67 
-215.738 72.752 -218.513 116.574 -190.51 82.752 -187.735 38.93 
-212.58 159.441 -211.101 203.326 -184.111 237.962 -185.589 194.076 
-100.094 491.503 -106.516 534.941 -75.789 503.574 -69.367 460.136 
-59.871 544.496 -33.686 579.744 8.216 592.869 -17.969 557.621 
44.891 601.637 88.787 602.787 124.975 577.916 81.079 576.766 
356.386 541.551 377.238 580.194 416.822 599.199 395.97 560.557 
439.858 560.55 481.914 547.925 508.517 512.991 466.461 525.617 
525.277 399.469 513.124 441.664 528.093 482.944 540.246 440.749 
568.987 177.584 612.091 169.21 642.042 137.099 598.937 145.473 
596.565 23.995 593.24 67.779 616.287 105.155 619.611 61.371 
496.25 -32.344 531.018 -5.525 574.91 -4.264 540.142 -31.083 
