157.762 228.556 151.461 272.011 194.737 264.575 201.038 221.12 
214.024 221.317 206.866 264.64 245.857 284.835 253.015 241.512 
217.7 210.623 257.04 230.128 287.746 198.741 248.406 179.236 
187.887 164.927 208.419 203.741 238.988 172.22 218.457 133.406 
134.984 178.172 154.574 217.47 198.002 210.983 178.412 171.685 
119.603 190.917 113.981 234.466 135.03 273.002 140.652 229.453 
159.283 290.48 199.597 307.884 242.442 298.268 202.128 280.864 
270.968 239.318 267.202 283.066 295.963 249.887 299.729 206.139 
233.228 121.171 253.174 160.289 292.304 180.212 272.359 141.094 
129.798 164.665 172.824 155.897 202.479 123.513 159.453 132.281 
56.934 124.703 93.824 148.52 127.875 120.796 90.986 96.978 
56.497 171.644 44.847 213.98 81.512 238.142 93.161 195.806 
5.703 255.541 43.177 278.425 76.523 249.856 39.047 226.971 
58.44 289.87 74.296 330.818 108.34 303.086 92.485 262.138 
123.582 344.265 161.577 366.277 194.252 336.943 156.257 314.932 
175.768 376.773 194.464 416.504 226.472 386.446 207.778 346.715 
221.597 336.915 239.61 376.96 283.262 372.203 265.249 332.158 
289.934 293.38 309.152 332.86 340.762 302.382 321.542 262.901 
335.592 252.28 354.506 291.908 398.039 286.166 379.125 246.538 
338.169 194.091 330.618 237.347 374.091 231.16 381.641 187.904 
293.87 119.383 312.354 159.213 355.947 153.941 337.463 114.111 
295.231 60.979 288.509 104.372 331.855 97.355 338.577 53.963 
243.77 39.552 235.292 82.635 273.647 104.012 282.125 60.928 
155.183 64.225 147.31 107.424 190.828 101.562 198.7 58.363 
106.355 40.892 96.32 83.64 133.874 106.394 143.91 63.646 
45.113 63.13 26.736 103.009 65.044 81.547 83.421 41.668 
1.303 207.331 -0.834 251.189 26.673 216.962 28.809 173.104 
-0.303 284.538 15.196 325.621 51.884 349.748 36.384 308.664 
118.587 375.221 144.299 410.816 186.023 424.501 160.311 388.905 
216.527 429.213 260.161 424.3 292.573 394.677 248.939 399.59 
335.94 346.026 377.51 331.882 402.827 296.006 361.257 310.149 
411.084 184.794 400.706 227.46 417.389 268.077 427.767 225.411 
354.136 51.58 352.895 95.473 377.69 131.712 378.931 87.819 
253.02 6.151 287.277 33.62 331.138 35.706 296.881 8.238 
109.104 32.343 149.313 49.988 192.214 40.629 152.005 22.984 
63.697 -68.317 64.365 -24.411 106.328 -11.48 105.659 -55.385 
-13.637 6.584 1.938 47.639 36.171 20.139 20.595 -20.916 
-41.907 50.01 -36.354 93.568 -6.26 125.543 -11.813 81.985 
-92.052 124.787 -70.217 162.883 -27.238 153.889 -49.072 115.793 
-94.046 209.883 -50.933 201.555 -20.949 169.476 -64.063 177.804 
-84.217 230.194 -99.526 271.349 -55.654 273.191 -40.346 232.036 
-71.129 314.284 -57.54 356.038 -13.63 356.016 -27.219 314.262 
-15.684 399.878 26.507 412.045 67.791 397.089 25.6 384.922 
41.524 432.275 39.61 476.144 81.923 464.408 83.837 420.54 
101.077 418.562 97.357 462.314 120.065 499.897 123.785 456.145 
150.925 450.886 145.281 494.432 184.951 513.256 190.595 469.71 
233.653 459.305 221.029 501.361 264.928 500.371 277.552 458.314 
318.813 429.883 318.643 473.793 344.589 438.369 344.759 394.459 
369.971 388.338 367.262 432.164 408.106 448.284 410.815 404.457 
372.511 375.508 413.833 390.361 455.993 378.089 414.671 363.236 
417.592 337.359 457.801 355.003 487.007 322.214 446.798 304.57 
465.005 220.381 451.699 262.226 487.384 287.813 500.691 245.967 
428.813 136.531 453.362 172.938 494.622 187.962 470.073 151.555 
431.346 113.679 472.2 129.773 500.132 95.892 459.277 79.798 
417.868 63.413 418.274 107.321 443.755 71.56 443.349 27.652 
379.59 11.3 398.043 51.144 430.235 21.28 411.78 -18.564 
302.688 -31.875 338.336 -6.237 373.735 -32.218 338.087 -57.856 
218.576 -23.674 260.37 -37.139 286.268 -72.599 244.473 -59.134 
173.983 -68.171 198.995 -32.08 225.59 -67.02 200.579 -103.111 
118.085 -66.196 140.183 -28.251 180.363 -10.541 158.266 -48.486 
124.047 -107.201 159.379 -81.129 195.093 -106.674 159.762 -132.747 
2.587 -135.762 5.992 -91.985 46.575 -108.751 43.17 -152.529 
-75.302 -111.604 -58.706 -70.951 -14.915 -74.172 -31.51 -114.825 
-99.387 -68.295 -94.337 -24.676 -51.293 -16.0 -56.343 -59.619 
-94.51 57.091 -103.274 100.118 -59.645 95.157 -50.881 52.13 
-129.876 150.285 -117.696 192.472 -81.338 167.852 -93.517 125.665 
-186.776 269.498 -178.87 312.691 -135.348 318.518 -143.255 275.326 
-189.489 386.625 -146.647 396.255 -124.25 358.487 -167.091 348.857 
-131.928 401.72 -126.354 445.275 -86.654 426.514 -92.228 382.959 
-16.739 419.652 -18.563 463.524 22.598 478.816 24.422 434.944 
41.548 481.668 62.376 520.324 105.576 512.461 84.748 473.805 
146.605 592.215 189.891 599.591 210.283 560.703 166.997 553.327 
226.387 601.552 253.618 635.998 277.963 599.455 250.732 565.009 
278.95 541.981 290.102 584.451 333.94 586.968 322.788 544.498 
337.663 481.729 379.126 496.184 405.685 461.217 364.223 446.763 
420.767 404.304 416.464 448.002 459.354 438.591 463.657 394.892 
518.496 352.817 548.614 384.77 569.697 346.253 539.579 314.299 
556.089 278.326 583.457 312.664 624.571 297.247 597.203 262.909 
560.66 205.113 544.599 245.981 588.43 248.626 604.49 207.759 
483.811 136.656 508.353 173.068 535.399 138.475 510.856 102.064 
469.577 23.292 463.324 66.755 502.728 86.132 508.98 42.669 
416.745 -73.426 448.321 -42.912 487.098 -63.513 455.523 -94.027 
392.916 -135.161 399.498 -91.747 438.753 -111.422 432.171 -154.836 
356.589 -167.216 332.225 -130.685 359.439 -96.225 383.803 -132.756 
216.492 -117.026 236.589 -77.985 279.93 -85.036 259.832 -124.076 
208.528 -185.215 202.772 -141.601 245.949 -149.59 251.695 -193.122 
168.892 -204.052 163.144 -160.52 202.77 -141.601 208.528 -185.215 
-167.255 47.507 -168.81 91.39 -127.556 106.429 -126.001 62.546 
-195.868 125.973 -154.616 141.019 -127.558 106.436 -168.81 91.39 
-45.905 523.1 -3.999 536.211 21.421 500.407 -20.486 487.296 
-3.68 536.434 21.489 572.415 47.932 537.36 22.763 501.379 
400.977 504.874 426.236 540.791 452.59 505.668 427.329 469.752 
427.971 469.303 452.731 505.566 494.871 493.225 470.111 456.961 
527.556 82.494 551.144 119.531 593.657 108.544 570.07 71.507 
530.269 38.635 527.547 82.46 570.069 71.507 572.791 27.682 
283.615 -203.778 280.499 -159.979 303.721 -122.713 306.838 -166.512 
168.891 -204.05 208.528 -185.215 251.695 -193.122 212.068 -212.038 
94.702 -167.541 78.657 -126.668 115.663 -150.304 131.708 -191.177 
-169.487 18.753 -127.021 29.921 -86.101 13.994 -128.567 2.827 
-194.307 82.095 -195.862 125.977 -168.81 91.39 -167.255 47.507 
-192.086 163.913 -185.869 207.381 -155.29 238.893 -161.507 195.425 
-82.0 470.175 -85.517 513.944 -56.946 480.601 -53.429 436.832 
-45.905 523.1 -20.205 558.702 21.515 572.399 -4.187 536.796 
54.698 580.746 98.542 578.328 132.591 550.602 88.748 553.02 
342.022 519.665 364.822 557.192 405.325 574.15 382.525 536.623 
426.223 540.781 468.275 528.141 494.865 493.197 452.814 505.838 
504.78 382.208 495.501 425.127 513.222 465.302 522.5 422.384 
545.463 181.217 588.135 170.862 616.571 137.404 573.899 147.758 
572.765 27.679 570.071 71.506 593.653 108.546 596.347 64.719 
471.543 -22.451 507.996 2.03 551.876 0.409 515.423 -24.072 
