155.31 236.696 146.186 279.647 189.855 275.052 198.979 232.101 
218.47 232.371 208.128 275.046 245.519 298.069 255.86 255.394 
224.567 213.638 262.208 236.249 295.343 207.438 257.702 184.827 
193.224 162.305 210.299 202.759 243.496 174.019 226.422 133.565 
133.488 176.314 149.459 217.217 193.295 214.667 177.324 173.765 
109.033 200.077 100.338 243.117 118.603 283.048 127.298 240.008 
158.309 305.595 197.623 325.151 240.924 317.864 201.61 298.308 
283.97 249.849 277.948 293.344 308.385 261.695 314.407 218.2 
247.412 115.648 263.979 156.313 301.284 179.473 284.718 138.809 
124.11 154.068 167.702 148.792 199.868 118.901 156.276 124.177 
35.673 109.897 69.729 137.616 106.615 113.793 72.56 86.074 
47.411 175.432 30.932 216.132 64.548 244.382 81.027 203.682 
-15.439 266.22 19.401 292.944 55.584 268.066 20.743 241.342 
37.713 308.176 48.759 350.674 85.764 327.036 74.718 284.538 
118.351 356.467 153.648 382.588 189.397 357.091 154.101 330.97 
176.893 399.183 191.749 440.503 226.456 413.605 211.601 372.285 
229.606 360.291 244.197 401.705 288.094 400.626 273.503 359.211 
300.148 304.825 315.38 346.008 349.841 318.794 334.607 277.611 
356.484 260.009 371.626 301.226 415.504 299.562 400.363 258.345 
361.672 199.505 351.21 242.151 395.001 238.923 405.463 196.278 
311.12 114.76 324.931 156.441 368.841 156.185 355.029 114.504 
313.759 50.072 303.257 92.708 347.051 89.521 357.553 46.885 
261.133 23.854 248.046 65.768 283.865 91.167 296.952 49.253 
161.348 55.363 147.251 96.948 191.157 97.505 205.255 55.92 
94.217 30.36 79.749 71.818 114.707 98.39 129.175 56.932 
24.088 44.588 -1.064 80.58 40.44 66.246 65.592 30.253 
-24.448 215.178 -27.578 258.976 0.698 225.383 3.828 181.585 
-23.573 301.955 -13.486 344.69 19.795 373.335 9.707 330.599 
114.06 401.585 139.701 437.231 181.397 450.998 155.756 415.352 
221.138 457.191 265.045 456.696 300.275 430.487 256.368 430.983 
355.515 362.336 397.053 348.099 422.291 312.166 380.753 326.403 
444.758 192.158 429.199 233.219 440.747 275.584 456.306 234.523 
377.422 43.614 374.429 87.422 397.757 124.623 400.75 80.815 
273.663 -19.624 303.559 12.536 346.65 20.982 316.753 -11.178 
98.618 1.231 137.319 21.974 180.822 16.007 142.12 -4.736 
49.835 -101.795 37.362 -59.693 73.549 -34.82 86.022 -76.922 
-41.501 -22.735 -41.701 21.174 0.122 7.795 0.321 -36.115 
-78.423 45.248 -67.049 87.659 -32.919 115.286 -44.293 72.874 
-120.597 120.203 -105.069 161.275 -61.208 159.198 -76.736 118.126 
-137.756 202.223 -94.08 206.745 -56.087 184.731 -99.764 180.209 
-113.254 246.248 -139.032 281.795 -97.259 295.327 -71.481 259.78 
-100.557 339.113 -94.595 382.616 -51.378 390.388 -57.34 346.885 
-36.628 431.747 6.262 441.157 46.492 423.559 3.602 414.15 
31.629 464.877 28.098 508.645 70.815 498.479 74.346 454.711 
99.17 454.126 87.75 496.524 103.432 537.539 114.852 495.14 
156.183 486.947 143.008 528.834 178.773 554.308 191.948 512.422 
247.634 497.007 228.613 536.583 272.13 542.443 291.151 502.867 
334.045 458.553 335.06 502.451 360.041 466.34 359.025 422.442 
394.573 410.284 389.643 453.917 429.616 472.089 434.547 428.457 
399.612 391.935 438.428 412.464 481.897 406.256 443.081 385.728 
448.038 347.736 484.737 371.844 519.007 344.391 482.307 320.282 
508.029 225.867 487.981 264.933 518.939 296.072 538.988 257.006 
458.037 134.503 483.02 170.614 524.456 185.145 499.474 149.034 
459.836 100.767 499.41 119.793 529.734 88.035 490.16 69.009 
449.178 47.427 443.47 90.965 473.679 59.097 479.386 15.559 
407.611 -15.499 418.121 27.134 455.42 3.964 444.909 -38.67 
321.767 -70.297 351.518 -38.002 391.426 -56.317 361.675 -88.612 
222.824 -47.328 264.042 -62.467 288.488 -98.943 247.27 -83.803 
168.317 -100.164 187.474 -60.653 219.131 -91.082 199.975 -130.593 
112.978 -107.117 128.569 -66.068 165.31 -42.023 149.719 -83.072 
125.763 -147.276 156.078 -115.509 195.658 -134.524 165.343 -166.29 
-5.996 -177.542 -12.457 -134.11 30.846 -141.386 37.308 -184.818 
-99.453 -146.084 -91.288 -102.939 -47.732 -97.373 -55.897 -140.517 
-134.4 -89.972 -123.061 -47.551 -79.213 -45.226 -90.552 -87.647 
-122.497 45.885 -135.502 87.825 -91.596 87.233 -78.591 45.293 
-160.836 137.781 -156.553 181.481 -116.315 163.904 -120.597 120.203 
-224.273 273.336 -224.581 317.245 -182.916 331.107 -182.608 287.198 
-233.215 403.027 -191.699 417.327 -165.269 382.261 -206.786 367.961 
-165.727 426.168 -169.373 469.927 -126.63 459.871 -122.984 416.113 
-36.081 452.782 -42.726 496.186 -3.499 515.918 3.146 472.514 
28.371 509.732 44.794 550.456 88.599 547.421 72.176 506.698 
139.024 631.875 181.196 644.106 205.861 607.778 163.688 595.546 
231.032 643.755 255.923 679.929 282.634 645.077 257.743 608.904 
294.997 579.928 299.103 623.645 341.951 633.249 337.844 589.532 
357.056 510.148 397.407 527.467 426.346 494.443 385.996 477.124 
444.48 429.236 436.104 472.339 479.687 466.986 488.063 423.882 
552.663 372.594 579.578 407.288 604.257 370.969 577.342 336.275 
593.622 287.27 619.187 322.971 661.04 309.691 635.476 273.99 
603.871 208.822 581.671 246.706 624.562 256.113 646.762 218.228 
516.941 130.04 539.101 167.948 568.307 135.159 546.147 97.251 
507.116 13.871 495.781 56.293 532.624 80.182 543.959 37.76 
452.865 -97.413 480.992 -63.693 521.753 -80.023 493.626 -113.743 
412.603 -166.856 417.239 -123.191 457.334 -141.094 452.698 -184.759 
379.104 -202.083 349.502 -169.652 371.199 -131.476 400.801 -163.908 
223.28 -150.332 238.236 -109.048 282.122 -110.514 267.166 -151.799 
216.349 -223.192 207.032 -180.198 250.719 -184.614 260.019 -227.528 
178.405 -245.251 169.069 -202.345 206.99 -180.206 216.344 -223.192 
-197.974 32.508 -202.074 76.226 -161.763 93.636 -157.663 49.918 
-231.27 109.099 -191.042 126.702 -161.87 93.883 -202.097 76.28 
-69.449 554.372 -26.521 563.602 -4.477 525.625 -47.407 516.396 
-23.893 565.008 -1.356 602.693 27.521 569.614 4.983 531.929 
418.421 537.632 444.991 572.591 470.028 536.518 443.457 501.559 
448.563 497.96 471.235 535.565 514.005 525.622 491.332 488.018 
563.921 77.206 586.324 114.971 629.163 105.335 606.76 67.569 
568.184 33.21 563.852 76.905 606.748 67.522 611.08 23.826 
299.29 -240.201 291.558 -196.977 310.709 -157.463 318.44 -200.687 
178.398 -245.24 216.348 -223.201 260.02 -227.523 222.087 -249.642 
96.654 -208.665 78.2 -168.822 116.55 -190.208 135.004 -230.052 
-200.328 -14.247 -162.047 7.263 -118.434 2.164 -156.715 -19.346 
-227.058 65.4 -231.26 109.109 -202.169 76.217 -197.967 32.509 
-223.644 156.116 -225.139 200.001 -200.554 236.383 -199.059 192.498 
-111.622 501.135 -120.567 544.124 -88.062 514.603 -79.117 471.614 
-69.449 554.372 -43.214 589.583 -1.293 602.649 -27.529 567.438 
37.962 612.265 81.739 615.681 119.163 592.713 75.386 589.297 
362.394 553.966 381.576 593.464 420.312 614.143 401.129 574.645 
444.966 572.574 487.116 560.265 513.981 525.532 471.831 537.841 
535.783 410.454 521.742 452.058 534.837 493.971 548.879 452.366 
581.667 176.987 625.076 170.373 656.307 139.506 612.898 146.121 
611.018 23.819 606.83 67.528 629.134 105.352 633.322 61.642 
511.057 -37.436 544.565 -9.058 588.353 -5.794 554.846 -34.173 
