159.932 222.192 157.606 266.04 200.027 254.702 202.353 210.854 
212.189 210.09 210.639 253.973 251.895 269.008 253.445 225.125 
214.071 202.206 255.654 216.311 281.917 181.121 240.334 167.017 
181.818 161.737 206.894 197.783 233.426 162.795 208.35 126.75 
133.545 177.59 157.187 214.592 199.684 203.542 176.042 166.54 
123.18 186.816 121.549 230.695 146.022 267.153 147.653 223.274 
165.952 282.395 207.415 296.85 249.455 284.173 207.992 269.718 
268.158 222.818 267.503 266.723 293.839 231.588 294.495 187.683 
218.138 117.601 242.874 153.881 284.211 168.692 259.475 132.412 
129.644 168.404 171.749 155.945 198.491 121.117 156.385 133.576 
73.903 141.31 113.971 159.271 143.436 126.714 103.367 108.753 
71.711 171.189 68.522 214.983 109.187 231.549 112.377 187.755 
37.188 255.862 77.527 273.205 106.488 240.199 66.148 222.856 
79.732 275.017 101.214 313.313 130.998 281.048 109.515 242.752 
136.414 324.622 177.441 340.272 205.003 306.09 163.977 290.439 
182.27 343.655 205.278 381.055 233.736 347.616 210.729 310.217 
213.055 308.733 235.504 346.47 278.331 336.781 255.883 299.043 
274.605 271.059 298.949 307.603 326.181 273.158 301.837 236.614 
306.208 233.516 329.353 270.831 371.994 260.351 348.849 223.035 
308.968 186.485 305.305 230.242 348.052 220.204 351.715 176.447 
267.773 125.359 291.836 162.089 334.204 150.553 310.141 113.824 
268.842 76.119 266.008 119.938 308.558 109.092 311.391 65.274 
224.563 59.436 221.34 103.228 261.992 119.826 265.216 76.035 
153.765 79.033 151.836 122.901 194.153 111.179 196.081 67.311 
108.755 61.673 104.658 105.391 144.971 122.798 149.068 79.079 
74.197 92.586 67.4 135.967 98.398 104.866 105.194 61.485 
31.106 208.715 31.792 252.62 57.043 216.697 56.356 172.792 
35.69 259.883 57.973 297.718 98.24 315.23 75.956 277.394 
133.712 336.284 160.732 370.896 202.937 383.017 175.916 348.404 
207.862 383.091 250.553 372.817 279.051 339.411 236.36 349.685 
306.144 312.23 347.518 297.522 372.345 261.305 330.972 276.012 
356.499 176.591 352.794 220.344 375.515 257.919 379.22 214.166 
314.102 65.108 315.426 108.998 342.294 143.728 340.97 99.838 
227.731 50.634 267.229 69.818 310.459 62.122 270.962 42.938 
109.491 59.179 151.225 72.83 193.012 59.343 151.278 45.692 
80.47 1.501 101.157 40.233 144.386 32.527 123.699 -6.205 
37.841 48.496 61.623 85.408 89.379 51.384 65.597 14.472 
27.314 58.005 23.194 101.722 45.556 139.51 49.676 95.794 
-33.553 130.219 -7.616 165.649 34.096 151.93 8.159 116.499 
-22.237 218.5 18.884 203.101 43.101 166.473 1.979 181.871 
-21.443 220.474 -24.666 264.265 17.978 253.798 21.202 210.007 
-19.286 277.027 0.919 316.012 44.24 308.841 24.034 269.857 
14.276 340.938 55.608 355.761 97.76 343.46 56.428 328.636 
62.899 370.158 63.396 414.065 105.0 400.025 104.503 356.117 
120.833 352.554 121.853 396.452 148.481 431.367 147.461 387.469 
159.102 385.586 160.228 429.482 202.323 441.975 201.197 398.08 
214.341 397.653 209.18 441.258 252.246 432.692 257.407 389.086 
280.041 383.309 279.192 427.21 305.683 392.193 306.533 348.291 
318.581 346.502 318.943 390.41 360.815 403.634 360.452 359.726 
320.348 332.021 362.444 344.511 403.843 329.872 361.746 317.382 
363.379 304.289 405.641 316.207 430.035 279.696 387.773 267.779 
396.662 212.8 391.302 256.382 431.094 274.947 436.454 231.365 
374.162 152.685 398.561 189.193 439.758 204.387 415.36 167.879 
376.154 142.588 417.941 156.079 443.685 120.507 401.898 107.016 
361.561 93.35 364.062 137.189 387.807 100.252 385.306 56.414 
325.346 52.803 351.549 88.038 376.962 52.229 350.758 16.994 
275.298 26.154 314.808 45.313 345.238 13.657 305.728 -5.502 
213.459 28.043 255.958 17.0 283.848 -16.915 241.349 -5.871 
178.178 -10.314 205.627 23.96 229.741 -12.737 202.293 -47.01 
123.699 -6.205 151.918 27.437 194.522 38.067 166.303 4.425 
125.924 -36.261 165.943 -18.189 195.497 -50.665 155.478 -68.736 
25.641 -62.904 34.597 -19.917 72.713 -41.719 63.756 -84.706 
-19.123 -66.406 -9.146 -23.645 34.606 -19.919 24.629 -62.681 
-48.429 -3.99 -17.626 27.304 21.654 7.679 -9.149 -23.615 
-38.532 76.533 -38.216 120.442 3.446 106.573 3.13 62.664 
-70.214 168.476 -48.883 206.857 -18.973 174.711 -40.302 136.329 
-112.121 256.499 -101.374 299.074 -57.562 302.009 -68.309 259.434 
-124.442 336.553 -81.777 346.936 -58.717 309.569 -101.382 299.185 
-75.482 350.152 -57.806 390.348 -25.04 361.117 -42.715 320.921 
11.861 359.531 13.921 403.393 56.272 414.988 54.213 371.127 
67.286 422.513 91.417 459.198 133.764 447.584 109.632 410.899 
156.018 516.285 199.327 523.522 219.594 484.568 176.284 477.331 
199.504 523.613 226.066 558.578 251.111 522.511 224.55 487.546 
239.789 474.798 259.612 513.979 303.001 507.233 283.178 468.053 
292.614 434.111 334.78 446.363 359.461 410.046 317.295 397.795 
370.84 358.838 369.356 402.723 411.552 390.573 413.036 346.688 
453.354 316.903 483.322 348.997 504.585 310.578 474.617 278.484 
479.095 274.595 505.58 309.618 547.074 295.252 520.588 260.229 
479.207 213.539 472.188 256.884 515.581 250.165 522.6 206.819 
423.707 159.609 450.158 194.659 475.319 158.672 448.868 123.622 
406.516 52.045 404.498 95.909 445.591 111.383 447.609 67.52 
362.195 -27.698 392.674 3.912 432.155 -15.308 401.676 -46.917 
358.456 -75.141 360.642 -31.286 401.675 -46.917 399.489 -90.773 
314.195 -97.372 303.725 -54.729 341.046 -31.594 351.516 -74.237 
209.364 -53.447 235.21 -17.95 276.957 -31.564 251.11 -67.06 
202.283 -116.236 199.242 -72.349 241.841 -82.998 244.877 -126.803 
161.555 -132.58 158.517 -88.775 199.24 -72.35 202.283 -116.236 
-99.722 65.765 -102.177 109.607 -61.24 125.49 -58.785 81.648 
-129.936 143.632 -88.999 159.516 -61.242 125.492 -102.179 109.608 
-14.274 455.669 26.974 470.722 54.038 436.144 12.788 421.09 
26.975 470.723 51.495 507.15 78.562 472.574 54.043 436.148 
350.599 453.052 375.176 489.439 402.188 454.819 377.609 418.432 
377.61 418.431 402.188 454.819 444.389 442.689 419.811 406.301 
463.1 108.608 486.955 145.474 529.387 134.179 505.533 97.314 
465.471 64.761 463.1 108.607 505.532 97.313 507.904 53.467 
267.037 -132.798 267.027 -88.888 292.827 -53.358 292.838 -97.268 
161.555 -132.579 202.283 -116.236 244.877 -126.803 204.154 -143.227 
99.131 -93.206 90.781 -50.097 122.876 -80.065 131.226 -123.173 
-99.902 52.939 -56.377 58.74 -17.755 37.85 -61.28 32.049 
-127.478 99.79 -129.935 143.631 -102.178 109.607 -99.722 65.765 
-129.972 175.306 -111.448 215.118 -73.061 236.439 -91.585 196.627 
-38.309 402.974 -39.041 446.878 -12.643 411.789 -11.911 367.885 
-14.274 455.669 10.247 492.094 51.495 507.149 26.973 470.724 
79.398 516.477 122.077 506.155 150.539 472.718 107.859 483.04 
292.763 459.115 317.58 495.339 358.95 510.057 334.133 473.833 
375.176 489.439 417.377 477.308 444.389 442.688 402.188 454.819 
440.559 339.025 437.935 382.857 461.576 419.86 464.2 376.028 
474.317 202.571 516.491 190.343 543.423 155.662 501.25 167.89 
507.903 53.468 505.533 97.314 529.387 134.179 531.758 90.333 
408.073 21.409 448.386 38.815 491.23 29.201 450.917 11.795 
