160.15 222.105 158.531 265.985 200.764 253.964 202.383 210.084 
210.892 209.418 210.038 253.32 251.527 267.699 252.381 223.797 
212.612 202.077 254.342 215.741 280.232 180.276 238.502 166.612 
180.353 162.266 205.886 197.99 231.971 162.667 206.439 126.944 
133.077 178.25 157.392 214.814 199.679 202.988 175.364 166.424 
123.241 187.216 122.289 231.115 147.322 267.19 148.274 223.291 
165.681 280.368 207.257 294.493 249.195 281.483 207.619 267.358 
265.891 221.776 265.551 265.685 291.634 230.362 291.975 186.453 
215.552 118.344 240.821 154.254 282.372 168.452 257.103 132.542 
129.574 169.948 171.569 157.122 198.005 122.061 156.01 134.887 
77.783 146.329 118.394 163.029 146.826 129.567 106.216 112.867 
75.497 172.403 73.815 216.28 115.025 231.44 116.708 187.562 
44.359 254.859 85.176 271.045 113.184 237.227 72.366 221.041 
85.741 271.507 108.584 309.007 137.191 275.694 114.348 238.194 
137.642 319.601 179.01 334.324 205.797 299.531 164.429 284.807 
181.566 336.148 205.472 372.98 233.114 338.862 209.209 302.03 
210.091 301.457 233.581 338.555 276.123 327.678 252.632 290.58 
269.315 268.176 294.36 304.242 320.922 269.277 295.876 233.21 
298.546 231.313 322.61 268.042 364.978 256.505 340.913 219.776 
300.785 186.094 298.161 229.925 340.658 218.877 343.283 175.045 
261.993 128.646 286.839 164.85 328.949 152.408 304.104 116.203 
262.679 80.985 260.753 124.853 303.069 113.129 304.995 69.261 
220.135 65.314 217.95 109.17 258.984 124.8 261.169 80.944 
154.112 83.578 153.041 127.475 195.121 114.928 196.192 71.031 
109.65 67.417 106.828 111.236 147.63 127.462 150.452 83.642 
79.125 99.912 74.413 143.568 103.886 111.02 108.599 67.363 
40.668 209.273 41.719 253.171 66.67 217.039 65.619 173.141 
44.003 255.793 67.382 292.961 108.144 309.287 84.764 272.12 
135.806 326.479 162.701 361.188 204.862 373.46 177.966 338.751 
206.119 373.492 248.552 362.199 276.243 328.121 233.81 339.414 
298.442 306.997 339.912 292.566 364.981 256.514 323.51 270.946 
344.616 175.1 342.159 218.941 365.94 255.854 368.398 212.012 
306.568 69.192 307.736 113.086 334.48 147.911 333.312 104.017 
221.703 61.092 262.03 78.465 304.867 68.815 264.539 51.443 
110.21 65.482 152.106 78.628 193.727 64.637 151.831 51.491 
82.244 17.32 105.716 54.43 148.263 43.575 124.791 6.465 
46.818 57.829 70.794 94.614 98.37 60.443 74.393 23.657 
39.658 63.654 35.533 107.37 57.891 145.161 62.016 101.446 
-19.35 133.481 6.82 168.74 48.44 154.745 22.27 119.486 
-8.994 220.144 32.174 204.869 56.501 168.314 15.333 183.589 
-8.002 222.588 -8.963 266.487 33.085 253.836 34.046 209.936 
-7.18 271.353 14.585 309.489 57.581 300.573 35.816 262.437 
22.372 326.808 63.656 341.765 105.847 329.599 64.563 314.642 
69.986 354.939 70.535 398.845 112.123 384.755 111.574 340.849 
125.191 338.356 126.188 382.254 152.799 417.183 151.801 373.284 
160.976 371.993 162.474 415.877 204.673 428.014 203.176 384.13 
210.498 384.109 206.955 427.876 249.674 417.72 253.217 373.954 
268.75 371.385 268.025 415.289 294.417 380.196 295.142 336.292 
306.232 334.727 306.773 378.634 348.698 391.687 348.157 347.78 
308.1 322.836 350.134 335.535 391.604 321.101 349.57 308.402 
351.153 298.191 393.452 309.977 417.732 273.39 375.434 261.604 
381.308 211.187 377.626 254.943 418.103 271.965 421.784 228.21 
359.113 158.534 383.85 194.813 425.188 209.623 400.45 173.344 
360.999 149.087 402.855 162.359 428.412 126.653 386.556 113.381 
349.147 100.316 351.058 144.184 375.298 107.57 373.387 63.702 
314.456 61.309 341.299 96.058 366.052 59.79 339.208 25.041 
267.856 39.19 308.139 56.665 337.206 23.753 296.923 6.278 
211.973 43.157 254.379 31.762 281.988 -2.382 239.582 9.013 
177.84 5.067 205.146 39.454 229.411 2.858 202.106 -31.529 
124.79 6.465 153.1 40.031 195.732 50.547 167.423 16.98 
127.368 -17.78 168.028 -1.2 196.361 -34.746 155.701 -51.326 
41.549 -47.62 50.239 -4.578 88.489 -26.144 79.798 -69.186 
-1.645 -55.509 4.2 -11.989 47.396 -4.101 41.55 -47.62 
-31.881 13.034 3.068 39.618 39.149 14.593 4.2 -11.99 
-24.131 82.394 -22.715 126.281 18.587 111.372 17.171 67.485 
-54.294 172.25 -31.615 209.85 -2.864 176.662 -25.542 139.062 
-92.1 242.697 -82.91 285.634 -39.234 290.163 -48.424 247.225 
-107.421 322.066 -65.197 334.119 -40.686 297.686 -82.91 285.634 
-60.097 337.073 -39.998 376.114 -9.08 344.935 -29.177 305.895 
19.805 344.012 21.716 387.88 64.028 399.619 62.117 355.75 
73.504 405.652 97.988 442.103 140.221 430.082 115.737 393.631 
149.592 494.233 192.766 502.236 213.72 463.648 170.545 455.645 
192.98 502.35 219.206 537.569 244.596 501.744 218.371 466.525 
230.021 456.987 251.599 495.23 294.637 486.525 273.06 448.283 
280.458 421.827 322.598 434.169 347.357 397.905 305.217 385.563 
356.312 347.23 355.173 391.126 397.272 378.644 398.411 334.749 
431.611 315.05 461.086 347.598 482.933 309.509 453.459 276.961 
457.908 273.161 484.13 308.382 525.73 294.327 499.508 259.106 
457.707 215.832 452.642 259.448 495.69 250.787 500.755 207.17 
408.303 165.687 434.787 200.711 459.913 164.7 433.429 129.676 
390.072 60.972 388.69 104.861 430.003 119.737 431.385 75.849 
353.022 -9.052 383.07 22.967 422.807 4.284 392.759 -27.735 
350.269 -57.048 351.341 -13.151 392.758 -27.735 391.687 -71.632 
305.409 -77.254 297.579 -34.048 336.252 -13.25 344.081 -56.457 
207.979 -36.803 234.262 -1.628 275.838 -15.756 249.555 -50.931 
202.07 -97.272 199.567 -53.352 242.033 -64.523 244.531 -108.361 
161.144 -113.115 158.645 -69.276 199.566 -53.352 202.07 -97.273 
-81.331 70.326 -83.63 114.176 -42.637 129.913 -40.338 86.063 
-111.267 148.3 -70.274 164.038 -42.638 129.915 -83.631 114.177 
-6.655 437.462 34.67 452.304 61.556 417.587 20.23 402.745 
34.67 452.303 59.379 488.602 86.266 453.886 61.558 417.587 
335.698 440.238 360.518 476.46 387.297 441.661 362.477 405.439 
362.48 405.435 387.297 441.659 429.418 429.25 404.6 393.026 
445.787 117.332 470.017 153.952 512.332 142.223 488.101 105.604 
447.708 73.464 445.785 117.331 488.1 105.604 490.023 61.736 
264.661 -113.063 264.303 -69.155 289.822 -33.422 290.18 -77.33 
161.145 -113.114 202.07 -97.272 244.531 -108.361 203.61 -124.284 
103.684 -73.057 98.495 -29.455 128.322 -61.679 133.511 -105.282 
-80.731 56.986 -37.676 65.606 2.224 47.272 -40.832 38.652 
-108.966 104.45 -111.266 148.299 -83.631 114.176 -81.331 70.326 
-112.573 175.824 -90.136 213.569 -49.799 230.918 -72.235 193.172 
-26.863 385.082 -27.586 428.986 -1.195 393.892 -0.472 349.988 
-6.655 437.461 18.053 473.76 59.379 488.602 34.67 452.304 
84.334 497.754 126.44 485.297 153.183 450.47 111.077 462.927 
279.547 442.81 304.485 478.95 345.904 493.529 320.966 457.389 
360.518 476.46 402.638 464.048 429.418 429.25 387.298 441.661 
421.411 328.785 420.522 372.686 445.608 408.725 446.497 364.824 
454.723 208.303 496.863 195.96 523.7 161.205 481.56 173.548 
490.023 61.736 488.101 105.604 512.332 142.223 514.254 98.355 
391.699 35.274 432.782 50.776 475.13 39.169 434.048 23.667 
