159.846 222.924 156.016 266.667 198.802 256.792 202.631 213.049 
212.001 212.833 208.316 256.588 248.791 273.614 252.476 229.858 
214.289 204.963 255.121 221.113 283.098 187.27 242.266 171.12 
184.331 163.277 207.725 200.437 235.836 166.706 212.444 129.546 
135.256 177.333 157.413 215.243 200.314 205.885 178.157 167.975 
124.418 186.272 121.229 230.066 144.391 267.37 147.58 223.576 
162.667 281.737 203.744 297.254 246.097 285.663 205.02 270.146 
266.808 228.045 265.075 271.92 292.266 237.443 293.999 193.567 
222.382 121.178 245.38 158.583 285.972 175.327 262.974 137.921 
131.725 168.177 174.204 157.059 202.036 123.095 159.557 134.213 
67.678 134.947 106.549 155.37 137.986 124.713 99.115 104.289 
65.098 169.854 58.515 213.267 97.77 232.944 104.353 189.53 
24.486 254.721 63.96 273.952 94.449 242.353 54.974 223.121 
72.624 280.455 91.987 319.865 123.485 289.272 104.122 249.861 
130.487 332.619 170.57 350.547 200.008 317.966 159.924 300.038 
179.293 356.681 200.9 394.907 230.577 362.545 208.971 324.319 
217.134 318.668 237.885 357.365 281.101 349.587 260.35 310.89 
281.123 279.913 303.751 317.543 332.547 284.393 309.917 246.763 
318.446 240.45 340.11 278.644 383.129 269.844 361.465 231.65 
321.079 188.115 315.767 231.703 358.863 223.286 364.175 179.699 
278.798 122.037 300.96 159.943 343.86 150.578 321.697 112.672 
280.317 70.086 276.094 113.792 318.966 104.303 323.189 60.596 
231.183 51.645 225.856 95.231 265.662 113.766 270.989 70.18 
154.213 71.858 150.254 115.59 193.068 105.841 197.028 62.11 
108.302 52.491 102.179 95.972 141.64 115.232 147.763 71.751 
62.877 80.445 52.016 122.99 85.811 94.954 96.672 52.409 
18.493 206.787 17.962 250.694 44.199 215.485 44.73 171.578 
20.177 270.637 40.177 309.728 79.335 329.596 59.334 290.506 
126.698 352.347 153.272 387.303 195.317 399.964 168.743 365.007 
212.559 402.586 255.647 394.125 285.531 361.954 242.444 370.415 
319.244 326.239 360.654 311.634 385.572 275.478 344.161 290.083 
379.053 179.212 373.032 222.707 393.727 261.434 399.748 217.939 
329.734 59.997 330.452 103.902 356.838 138.999 356.12 95.095 
237.39 30.345 275.076 52.881 318.811 48.962 281.125 26.426 
109.76 47.848 150.86 63.303 193.196 51.649 152.095 36.194 
77.503 -32.174 89.939 9.939 133.833 11.125 121.397 -30.987 
18.551 32.734 41.253 70.319 69.984 37.113 47.281 -0.473 
1.843 50.959 -0.293 94.817 23.758 131.554 25.893 87.696 
-59.007 125.591 -35.1 162.422 7.316 151.066 -16.591 114.235 
-52.383 213.985 -10.996 199.315 13.864 163.121 -27.523 177.79 
-50.1 219.288 -58.757 262.336 -15.14 257.267 -6.483 214.219 
-41.368 292.485 -23.213 332.466 20.421 327.554 2.266 287.573 
0.672 366.771 42.31 380.713 84.191 367.517 42.552 353.576 
51.638 396.986 51.325 440.894 93.182 427.623 93.494 383.714 
109.903 380.412 110.198 424.321 136.245 459.671 135.951 415.762 
153.284 412.662 152.187 456.559 193.596 471.167 194.693 427.27 
222.634 423.078 214.833 466.289 258.341 460.355 266.141 417.143 
298.097 404.026 297.448 447.932 323.779 412.793 324.428 368.888 
340.035 366.205 339.548 410.112 381.155 424.144 381.643 380.236 
341.84 351.312 383.886 363.972 425.343 349.5 383.297 336.84 
385.282 319.387 427.036 332.977 452.865 297.466 411.11 283.876 
424.669 215.457 416.381 258.577 454.83 279.784 463.118 236.664 
398.657 144.18 422.935 180.769 464.082 196.1 439.804 159.511 
401.054 130.233 442.566 144.547 469.007 109.49 427.495 95.176 
385.725 80.96 388.474 124.784 412.009 87.713 409.26 43.889 
348.082 36.084 371.627 73.147 399.601 39.3 376.054 2.237 
286.725 0.996 324.879 22.73 357.339 -6.841 319.185 -28.574 
215.503 3.208 257.817 -8.523 285.154 -42.885 242.84 -31.154 
177.82 -36.667 204.837 -2.051 229.409 -38.442 202.393 -73.057 
122.31 -31.703 148.931 3.217 190.994 15.821 164.373 -19.1 
124.987 -67.517 163.608 -46.624 195.414 -76.898 156.793 -97.791 
10.795 -92.99 19.327 -49.917 57.655 -71.342 49.123 -114.415 
-46.014 -83.424 -28.073 -43.346 15.587 -48.024 -2.354 -88.102 
-71.364 -35.831 -52.937 4.026 -9.338 -1.183 -27.764 -41.04 
-63.2 66.689 -66.095 110.504 -23.53 99.718 -20.635 55.903 
-97.525 160.432 -79.077 200.279 -46.882 170.421 -65.329 130.574 
-146.489 264.016 -133.801 306.053 -89.901 306.976 -102.589 264.939 
-151.686 361.067 -108.448 368.718 -87.809 329.96 -131.047 322.309 
-100.697 371.936 -87.838 413.921 -51.882 388.717 -64.74 346.732 
-1.311 385.735 -0.231 429.632 41.851 442.169 40.771 398.272 
55.086 449.46 78.466 486.628 121.04 475.879 97.661 438.71 
155.319 550.202 198.864 555.848 217.691 516.179 174.145 510.533 
210.593 559.512 238.318 593.562 262.134 556.672 234.409 522.622 
256.026 504.203 272.165 545.04 315.99 542.31 299.852 501.474 
312.405 455.204 354.419 467.967 379.541 431.953 337.526 419.19 
393.085 379.292 390.942 423.15 433.315 411.636 435.459 367.778 
483.804 328.624 514.605 359.92 534.851 320.956 504.05 289.66 
514.353 277.824 541.79 312.107 582.873 296.606 555.436 262.324 
515.244 209.736 504.177 252.228 548.009 249.623 559.077 207.13 
449.965 149.056 475.936 184.462 501.585 148.821 475.613 113.415 
433.722 38.483 430.573 82.28 471.254 98.808 474.402 55.011 
380.201 -56.012 410.84 -24.558 450.222 -43.977 419.583 -75.432 
374.652 -102.498 378.874 -58.792 419.137 -76.313 414.915 -120.02 
332.706 -129.187 316.117 -88.531 349.656 -60.191 366.245 -100.847 
212.218 -81.847 236.249 -45.097 278.627 -56.596 254.596 -93.346 
204.396 -147.103 200.357 -103.297 243.188 -112.975 247.218 -156.7 
164.048 -164.368 160.017 -120.643 200.356 -103.298 204.395 -147.104 
-130.282 57.767 -132.184 101.636 -91.05 117.001 -89.148 73.132 
-159.51 136.008 -118.376 151.374 -91.051 117.002 -132.185 101.636 
-28.076 485.283 13.278 500.044 40.096 465.275 -1.259 450.514 
13.278 500.044 38.057 536.295 64.877 501.526 40.097 465.276 
373.473 475.442 397.963 511.888 425.057 477.334 400.566 440.888 
400.567 440.887 425.057 477.334 467.288 465.305 442.798 428.859 
491.689 95.379 515.166 132.486 557.712 121.624 534.235 84.517 
494.509 51.556 491.689 95.375 534.235 84.516 537.056 40.697 
273.233 -164.684 272.476 -120.78 297.669 -84.817 298.426 -128.72 
164.049 -164.367 204.396 -147.103 247.218 -156.7 206.879 -174.045 
94.481 -126.377 81.268 -84.502 116.572 -110.613 129.785 -152.488 
-131.38 43.004 -87.668 47.175 -49.853 24.856 -93.565 20.685 
-157.607 92.139 -159.509 136.008 -132.185 101.636 -130.282 57.767 
-157.834 170.639 -145.176 212.685 -110.221 239.261 -122.88 197.215 
-57.279 432.293 -58.73 476.179 -31.761 441.528 -30.309 397.642 
-28.076 485.283 -3.297 521.533 38.058 536.294 13.278 500.044 
68.775 545.263 112.196 538.727 143.483 507.917 100.062 514.453 
314.27 485.746 338.457 522.393 379.567 537.824 355.379 501.177 
397.962 511.888 440.193 499.859 467.288 465.305 425.057 477.334 
470.794 356.971 464.776 400.467 485.475 439.193 491.492 395.697 
506.015 192.507 548.366 180.908 575.811 146.632 533.46 158.23 
537.053 40.698 534.235 84.517 557.712 121.624 560.53 77.805 
434.612 -2.935 472.875 18.607 516.492 13.544 478.229 -7.998 
