160.14 222.135 158.478 266.014 200.722 254.035 202.385 210.157 
211.03 209.473 210.14 253.374 251.618 267.786 252.507 223.885 
212.763 202.061 254.488 215.741 280.391 180.285 238.666 166.606 
180.46 162.199 205.972 197.937 232.077 162.63 206.565 126.892 
133.094 178.204 157.368 214.795 199.668 203.017 175.394 166.426 
123.19 187.23 122.201 231.128 147.204 267.225 148.193 223.326 
165.766 280.607 207.337 294.748 249.28 281.754 207.709 267.613 
266.161 221.824 265.805 265.732 291.901 230.418 292.257 186.51 
215.756 118.209 240.999 154.137 282.539 168.367 257.297 132.438 
129.537 169.796 171.538 156.99 197.99 121.941 155.989 134.748 
77.5 145.946 118.076 162.73 146.577 129.326 106.001 112.542 
75.237 172.361 73.468 216.235 114.648 231.476 116.418 187.602 
43.88 254.969 84.664 271.24 112.741 237.48 71.957 221.209 
85.292 271.753 108.041 309.311 136.731 276.07 113.982 238.512 
137.642 319.969 178.991 334.748 205.824 299.99 164.475 285.211 
181.663 336.653 205.505 373.527 233.205 339.457 209.364 302.584 
210.302 301.975 233.724 339.117 276.286 328.319 252.864 291.177 
269.726 268.317 294.73 304.412 321.332 269.478 296.328 233.382 
299.088 231.422 323.09 268.192 365.477 256.727 341.475 219.957 
301.375 186.12 298.68 229.948 341.196 218.967 343.89 175.14 
262.371 128.383 287.169 164.62 329.296 152.232 304.497 115.995 
263.078 80.605 261.091 124.47 303.423 112.806 305.411 68.941 
220.463 64.872 218.214 108.724 259.226 124.414 261.474 80.561 
154.059 83.259 152.938 127.154 195.032 114.656 196.153 70.76 
109.553 67.018 106.645 110.832 147.416 127.137 150.324 83.323 
78.827 99.417 73.981 143.059 103.554 110.6 108.4 66.958 
40.023 209.275 41.059 253.173 66.023 217.05 64.986 173.152 
43.474 256.031 66.786 293.242 107.517 309.644 84.205 272.433 
135.748 327.114 162.66 361.811 204.826 374.063 177.914 339.366 
206.231 374.102 248.682 362.877 276.428 328.844 233.976 340.069 
298.974 307.271 340.437 292.816 365.485 256.75 324.022 271.205 
345.385 175.201 342.847 219.038 366.56 255.994 369.098 212.158 
307.063 68.866 308.249 112.76 335.008 147.574 333.822 103.68 
222.113 60.43 262.39 77.919 305.254 68.394 264.977 50.905 
110.123 65.049 152.012 78.217 193.641 64.248 151.751 51.08 
82.098 16.35 105.425 53.552 148.014 42.862 124.687 5.661 
46.267 57.187 70.227 93.984 97.819 59.825 73.858 23.029 
38.874 63.244 34.724 106.957 57.06 144.761 61.21 101.048 
-20.311 133.257 5.858 168.518 47.479 154.525 21.31 119.265 
-9.813 220.085 31.353 204.805 55.675 168.247 14.509 183.526 
-8.831 222.505 -9.907 266.402 32.174 253.86 33.25 209.963 
-7.963 271.668 13.685 309.87 56.707 301.087 35.059 262.884 
21.819 327.747 63.099 342.714 105.294 330.559 64.013 315.592 
69.485 355.973 70.024 399.879 111.615 385.799 111.076 341.892 
124.952 339.305 125.953 383.204 152.567 418.13 151.566 374.231 
160.932 372.893 162.424 416.777 204.622 428.919 203.13 385.035 
210.755 385.007 207.097 428.764 249.843 418.721 253.501 374.963 
269.557 372.212 268.811 416.115 295.22 381.035 295.966 337.131 
307.067 335.567 307.592 379.473 349.512 392.543 348.987 348.636 
308.935 323.41 350.973 336.094 392.439 321.646 350.4 308.962 
351.989 298.535 394.29 310.314 418.564 273.724 376.264 261.945 
382.331 211.298 378.534 255.043 418.965 272.173 422.762 228.427 
360.163 158.112 384.868 194.413 426.192 209.26 401.487 172.959 
362.054 148.659 403.904 161.95 429.477 126.255 387.627 112.964 
349.946 99.831 351.904 143.697 376.104 107.058 374.147 63.192 
315.149 60.74 341.965 95.51 366.747 59.261 339.93 24.491 
268.366 38.342 308.6 55.929 337.759 23.099 297.525 5.512 
212.066 42.115 254.483 30.763 282.126 -3.354 239.709 7.999 
177.873 4.014 205.189 38.393 229.444 1.79 202.128 -32.589 
124.687 5.661 153.006 39.218 195.642 49.721 167.322 16.164 
127.238 -19.065 167.855 -2.381 196.275 -35.854 155.658 -52.538 
40.376 -48.627 49.152 -5.603 87.358 -27.244 78.583 -70.268 
-2.86 -56.287 3.217 -12.799 46.454 -5.14 40.377 -48.627 
-33.071 11.925 1.656 38.797 37.944 14.074 3.216 -12.799 
-25.121 82.004 -23.759 125.892 17.561 111.035 16.2 67.146 
-55.401 172.018 -32.819 209.676 -3.982 176.562 -26.563 138.904 
-93.492 243.659 -84.174 286.569 -40.485 290.968 -49.802 248.058 
-108.599 323.059 -66.347 335.012 -41.922 298.521 -84.174 286.568 
-61.162 337.992 -41.209 377.107 -10.175 346.043 -30.127 306.928 
19.254 345.073 21.187 388.941 63.505 400.658 61.572 356.791 
73.079 406.848 97.528 443.322 139.772 431.342 115.323 394.867 
150.116 495.792 193.304 503.722 214.192 465.098 171.004 457.168 
193.437 503.792 219.678 538.998 245.052 503.162 218.811 467.956 
230.681 458.229 252.148 496.533 295.212 487.952 273.744 449.648 
281.286 422.674 323.429 435.003 348.177 398.732 306.034 386.402 
357.358 348.058 356.182 391.952 398.292 379.506 399.467 335.611 
433.151 315.141 462.68 347.64 484.463 309.514 454.935 277.015 
459.361 273.234 485.598 308.444 527.192 294.372 500.955 259.162 
459.193 215.681 454.003 259.283 497.075 250.746 502.266 207.144 
409.355 165.283 435.841 200.305 460.965 164.293 434.479 129.27 
391.238 60.33 389.804 104.217 431.1 119.143 432.534 75.256 
353.646 -10.328 383.748 21.64 423.454 2.89 393.351 -29.078 
350.814 -58.322 351.956 -14.427 393.35 -29.078 392.208 -72.973 
305.991 -78.659 297.997 -35.482 336.59 -14.538 344.584 -57.714 
208.069 -37.928 234.332 -2.739 275.915 -16.843 249.652 -52.033 
202.064 -98.593 199.518 -54.675 241.994 -65.804 244.535 -109.641 
161.153 -114.475 158.611 -70.639 199.517 -54.675 202.063 -98.594 
-82.603 70.02 -84.925 113.868 -43.94 129.627 -41.618 85.779 
-112.579 147.978 -71.594 163.737 -43.941 129.628 -84.926 113.869 
-7.177 438.726 34.141 453.588 61.044 418.884 19.725 404.022 
34.142 453.587 58.833 489.898 85.737 455.194 61.045 418.884 
336.734 441.123 361.534 477.358 388.333 442.574 363.532 406.339 
363.532 406.337 388.332 442.573 430.458 430.184 405.658 393.948 
446.989 116.721 471.191 153.359 513.515 141.664 489.313 105.026 
448.945 72.853 446.988 116.72 489.312 105.025 491.269 61.159 
264.833 -114.442 264.504 -70.534 290.046 -34.817 290.375 -78.726 
161.153 -114.475 202.064 -98.593 244.535 -109.641 203.63 -125.604 
103.37 -74.457 97.986 -30.878 127.957 -62.969 133.34 -106.548 
-82.063 56.699 -38.967 65.116 0.846 46.594 -42.25 38.177 
-110.256 104.129 -112.578 147.977 -84.925 113.868 -82.603 70.02 
-113.821 175.778 -91.608 213.655 -51.374 231.241 -73.587 193.364 
-27.673 386.315 -28.392 430.219 -2.005 395.122 -1.286 351.218 
-7.177 438.727 17.515 475.036 58.834 489.898 34.141 453.588 
83.934 499.067 126.074 486.726 152.912 451.972 110.772 464.313 
280.442 443.959 305.375 480.103 346.792 494.689 321.859 458.545 
361.535 477.359 403.661 464.969 430.459 430.184 388.333 442.574 
422.651 329.592 421.676 373.491 446.691 409.579 447.666 365.68 
456.099 207.933 498.241 195.597 525.084 160.847 482.942 173.183 
491.269 61.159 489.313 105.026 513.515 141.664 515.471 97.798 
392.872 34.399 433.917 50.003 476.294 38.5 435.249 22.897 
