155.124 237.172 145.811 280.084 189.5 275.68 198.812 232.769 
218.685 233.047 208.149 275.674 245.435 298.867 255.971 256.24 
224.938 213.692 262.459 236.501 295.746 207.865 258.224 185.055 
193.534 161.973 210.351 202.535 243.731 174.008 226.915 133.445 
133.327 176.035 149.037 217.039 192.888 214.769 177.178 173.766 
108.279 200.703 99.359 243.698 117.414 283.724 126.334 240.73 
158.2 306.476 197.441 326.179 240.769 319.054 201.528 299.351 
284.796 250.387 278.615 293.859 309.168 262.322 315.349 218.849 
248.214 115.275 264.576 156.022 301.764 179.37 285.402 138.622 
123.601 153.077 167.232 148.133 199.624 118.487 155.993 123.432 
33.958 108.671 67.696 136.775 104.85 113.371 71.111 85.268 
47.068 175.538 30.247 216.098 63.624 244.63 80.445 204.07 
-16.578 267.288 18.094 294.229 54.432 269.579 19.759 242.637 
36.384 309.609 47.089 352.194 84.283 328.854 73.578 286.269 
117.964 357.027 153.077 383.392 189.003 358.145 153.89 331.78 
177.186 400.435 191.808 441.84 226.667 415.139 212.046 373.735 
230.252 361.686 244.622 403.178 288.524 402.333 274.154 360.841 
300.74 305.415 315.721 346.69 350.346 319.687 335.364 278.412 
357.755 260.268 372.673 301.566 416.56 300.14 401.642 258.842 
363.15 199.666 352.494 242.264 396.3 239.234 406.955 196.637 
312.121 114.408 325.647 156.183 369.557 156.227 356.031 114.452 
314.781 49.234 304.032 91.808 347.844 88.875 358.593 46.301 
262.084 22.651 248.634 64.45 284.231 90.159 297.681 48.359 
161.738 54.46 147.133 95.869 191.029 96.964 205.635 55.554 
93.24 29.518 78.465 70.868 113.226 97.697 128.0 56.347 
22.816 43.263 -2.623 79.053 38.994 65.051 64.434 29.261 
-26.225 215.968 -29.403 259.763 -1.09 226.2 2.088 182.405 
-24.923 303.031 -15.168 345.843 17.89 374.745 8.133 331.932 
113.907 403.238 139.567 438.87 181.271 452.615 155.611 416.982 
221.461 458.738 265.37 458.508 300.758 432.512 256.848 432.742 
356.742 363.129 398.277 348.883 423.506 312.945 381.971 327.19 
446.683 192.532 430.838 233.483 442.091 275.927 457.935 234.976 
378.702 42.97 375.628 86.773 398.886 124.016 401.961 80.214 
274.813 -21.211 304.467 11.173 347.493 19.942 317.839 -12.442 
97.534 -0.795 136.136 20.134 179.666 14.376 141.065 -6.553 
48.809 -103.571 35.838 -61.621 71.726 -36.32 84.698 -78.271 
-42.636 -24.801 -44.241 19.079 -2.012 7.046 -0.408 -36.835 
-80.169 44.324 -68.633 86.691 -34.398 114.187 -45.934 71.819 
-121.996 119.806 -107.037 161.089 -63.151 159.618 -78.111 118.335 
-140.296 201.579 -96.732 207.084 -58.254 185.93 -101.817 180.426 
-114.751 247.127 -141.283 282.115 -99.808 296.536 -73.276 261.549 
-102.085 340.387 -96.728 383.969 -53.623 392.341 -58.98 348.76 
-38.154 433.436 4.773 442.678 44.933 424.922 2.007 415.681 
30.95 466.546 27.292 510.304 70.038 500.261 73.696 456.504 
99.146 456.025 87.209 498.281 102.39 539.484 114.327 497.228 
156.577 488.923 142.832 530.626 178.246 556.586 191.992 514.883 
248.468 499.034 229.059 538.422 272.516 544.71 291.926 505.322 
334.722 460.341 335.822 504.237 360.733 468.077 359.633 424.181 
395.769 411.603 390.693 455.219 430.606 473.525 435.682 429.909 
401.036 392.707 439.631 413.649 483.163 407.906 444.569 386.964 
449.731 348.164 486.113 372.749 520.738 345.744 484.355 321.159 
510.452 226.115 490.002 264.972 520.638 296.429 541.088 257.572 
459.725 134.52 484.732 170.614 526.178 185.117 501.171 149.022 
461.462 100.083 500.926 119.336 531.432 87.752 491.967 68.5 
450.975 46.481 444.777 89.951 475.343 58.426 481.541 14.956 
409.126 -17.217 419.014 25.565 456.647 2.939 446.757 -39.843 
322.746 -72.694 352.038 -39.982 392.2 -57.733 362.907 -90.445 
223.092 -48.616 264.279 -63.839 288.651 -100.364 247.464 -85.141 
167.812 -102.14 186.363 -62.341 218.481 -92.283 199.931 -132.082 
112.601 -109.963 127.546 -68.674 163.905 -44.055 148.961 -85.343 
125.932 -149.714 155.847 -117.571 195.661 -136.089 165.746 -168.232 
-6.227 -179.983 -13.333 -136.652 30.073 -143.283 37.179 -186.614 
-100.38 -148.269 -92.755 -105.026 -49.272 -98.915 -56.897 -142.158 
-136.038 -91.395 -124.253 -49.096 -80.383 -47.234 -92.168 -89.533 
-124.477 45.109 -137.404 87.073 -93.499 86.399 -80.572 44.435 
-162.476 136.82 -158.803 180.577 -118.324 163.562 -121.996 119.806 
-226.342 273.246 -227.179 317.148 -185.685 331.511 -184.847 287.609 
-235.907 403.445 -194.511 418.091 -167.791 383.247 -209.186 368.601 
-167.778 427.156 -171.973 470.865 -129.107 461.348 -124.911 417.64 
-37.47 454.661 -44.446 498.013 -5.37 518.044 1.605 474.691 
27.502 511.16 43.626 552.003 87.452 549.29 71.328 508.447 
138.293 633.988 180.369 646.546 205.315 610.41 163.239 597.852 
230.848 646.132 255.561 682.427 282.443 647.708 257.731 611.412 
295.55 582.092 299.198 625.85 341.942 635.902 338.295 592.144 
357.936 511.898 398.199 529.419 427.304 496.542 387.041 479.02 
445.665 430.752 437.002 473.799 480.62 468.736 489.282 425.689 
554.474 373.851 581.153 408.727 606.078 372.577 579.399 337.701 
595.635 288.053 621.065 323.85 662.968 310.725 637.538 274.929 
606.273 209.335 583.706 247.002 626.503 256.825 649.071 219.158 
518.859 129.824 540.85 167.83 570.201 135.171 548.21 97.165 
509.394 13.454 497.708 55.781 534.352 79.974 546.038 37.648 
454.926 -98.872 482.792 -64.936 523.677 -80.951 495.812 -114.886 
413.928 -168.534 418.424 -124.855 458.577 -142.629 454.081 -186.308 
380.592 -203.918 350.73 -171.726 372.118 -133.377 401.981 -165.57 
223.744 -152.239 238.356 -110.832 282.252 -111.934 267.64 -153.341 
217.035 -225.474 207.353 -182.561 251.076 -186.606 260.74 -229.439 
179.292 -247.903 169.54 -205.09 207.244 -182.585 217.014 -225.478 
-199.421 31.267 -203.849 74.953 -163.669 92.664 -159.241 48.978 
-233.304 107.599 -193.216 125.518 -163.786 92.93 -203.874 75.011 
-71.116 555.713 -28.139 564.711 -6.3 526.617 -49.279 517.619 
-25.283 566.21 -3.056 604.08 26.092 571.239 3.865 533.37 
418.978 539.655 445.615 574.562 470.582 538.441 443.945 503.534 
449.447 499.661 471.887 537.404 514.717 527.726 492.277 489.983 
566.079 77.13 588.346 114.975 631.22 105.492 608.953 67.647 
570.539 33.085 565.996 76.76 608.937 67.584 613.48 23.909 
300.679 -242.194 292.447 -199.062 311.139 -159.33 319.371 -202.461 
179.284 -247.891 217.032 -225.509 260.741 -229.434 223.011 -251.896 
96.834 -211.125 78.333 -171.302 116.708 -192.644 135.209 -232.467 
-201.612 -16.698 -163.789 5.607 -120.079 1.42 -157.902 -20.885 
-228.756 63.934 -233.294 107.609 -203.951 74.942 -199.413 31.267 
-225.357 155.436 -227.339 199.301 -203.16 235.954 -201.178 192.089 
-113.538 502.404 -122.964 545.29 -90.131 516.135 -80.705 473.248 
-71.116 555.713 -44.904 590.941 -2.991 604.034 -29.204 568.806 
36.729 613.842 80.475 617.639 118.098 594.998 74.353 591.201 
363.196 555.932 382.068 595.58 420.64 616.563 401.769 576.915 
445.59 574.546 487.763 562.314 514.691 527.631 472.519 539.862 
537.388 412.29 523.028 453.785 535.801 495.797 550.161 454.302 
583.65 176.971 627.108 170.684 658.571 140.054 615.113 146.341 
613.414 23.901 609.045 67.593 631.192 105.509 635.561 61.817 
513.468 -38.245 546.759 -9.612 590.521 -6.015 557.231 -34.648 
