145.73 240.423 129.501 281.224 173.32 284.051 189.549 243.25 
222.44 244.324 204.665 284.476 237.358 313.789 255.133 273.638 
232.233 213.034 266.212 240.846 303.162 217.124 269.183 189.312 
198.232 152.971 209.589 195.387 246.419 171.479 235.063 129.064 
129.389 165.595 137.514 208.747 181.064 214.354 172.939 171.202 
94.164 201.756 79.143 243.017 91.243 285.227 106.264 243.966 
149.984 321.246 186.293 345.94 230.181 344.576 193.873 319.882 
299.853 260.909 287.691 303.101 322.33 276.115 334.492 233.923 
266.299 101.092 276.419 143.82 309.722 172.439 299.601 129.711 
113.026 126.687 156.702 131.213 194.698 109.204 151.021 104.677 
5.133 87.038 29.976 123.244 72.088 110.806 47.245 74.599 
36.9 166.605 10.538 201.721 35.789 237.644 62.151 202.528 
-38.084 285.119 -3.751 312.491 32.892 288.296 -1.442 260.924 
15.98 328.819 19.14 372.616 59.817 356.078 56.657 312.281 
102.563 366.12 132.409 398.328 172.263 379.896 142.418 347.688 
182.857 422.509 193.195 465.185 230.587 442.166 220.25 399.49 
244.072 386.231 252.461 429.332 296.046 434.671 287.656 391.57 
311.433 318.651 319.878 361.741 358.25 340.393 349.804 297.303 
382.742 261.717 393.14 304.378 436.926 307.673 426.529 265.012 
394.95 197.923 378.163 238.498 421.939 241.924 438.726 201.35 
333.499 104.526 339.51 148.022 382.736 155.746 376.725 112.25 
329.69 24.526 313.855 65.482 357.699 67.886 373.535 26.931 
276.352 -11.133 252.979 26.04 281.11 59.756 304.483 22.583 
171.065 27.287 143.885 61.773 185.083 76.966 212.263 42.48 
74.378 8.273 57.637 48.866 91.07 77.332 107.811 36.739 
-8.69 19.193 -39.157 50.815 4.078 43.14 34.544 11.519 
-61.994 230.604 -65.847 274.344 -37.02 241.222 -33.167 197.482 
-47.437 316.906 -43.317 360.622 -14.287 393.567 -18.408 349.851 
110.496 436.38 138.193 470.453 180.628 481.738 152.931 447.665 
225.484 485.778 269.039 491.353 307.552 470.262 263.997 464.687 
382.973 376.682 424.216 361.613 448.725 325.179 407.482 340.248 
484.298 200.294 462.382 238.343 467.016 282.008 488.933 243.959 
401.707 20.181 397.28 63.867 419.376 101.812 423.803 58.126 
294.497 -59.726 318.618 -23.034 359.7 -7.528 335.578 -44.22 
76.502 -36.55 113.143 -12.352 157.009 -14.313 120.368 -38.511 
19.463 -135.005 10.074 -92.11 47.968 -69.925 57.357 -112.82 
-64.84 -57.684 -75.067 -14.982 -31.294 -18.452 -21.068 -61.154 
-111.32 9.792 -107.24 53.512 -78.243 86.484 -82.322 42.764 
-144.069 110.504 -143.321 154.407 -101.334 167.261 -102.083 123.358 
-182.595 189.455 -147.595 215.971 -103.694 216.849 -138.694 190.334 
-145.882 259.848 -179.725 287.826 -142.658 311.366 -108.816 283.388 
-125.677 351.86 -131.401 395.395 -91.765 414.292 -86.041 370.757 
-71.782 453.391 -28.411 460.25 10.708 440.307 -32.663 433.447 
11.533 484.209 0.191 526.628 44.04 524.307 55.382 481.888 
96.713 484.86 73.27 521.988 76.127 565.805 99.571 528.677 
161.253 521.143 134.174 555.708 158.68 592.144 185.759 557.578 
255.912 533.255 228.517 567.571 269.619 583.021 297.014 548.705 
339.204 500.696 340.73 544.58 365.289 508.18 363.763 464.297 
415.772 436.577 405.078 479.165 442.278 502.496 452.971 459.908 
427.293 405.415 459.656 435.092 503.282 440.078 470.919 410.401 
482.3 353.478 508.919 388.4 550.357 373.875 523.738 338.954 
554.457 232.874 526.483 266.719 550.027 303.784 578.002 269.938 
495.224 139.141 520.316 175.176 561.796 189.581 536.704 153.546 
489.841 80.696 525.058 106.923 560.884 81.534 525.667 55.307 
484.717 21.735 467.529 62.142 505.185 39.555 522.373 -0.851 
436.382 -56.08 431.036 -12.497 474.138 -20.881 479.483 -64.465 
341.362 -118.309 361.796 -79.443 405.074 -86.868 384.64 -125.734 
233.719 -85.219 275.332 -99.233 300.761 -135.03 259.147 -121.017 
155.072 -139.183 158.516 -95.408 199.084 -112.21 195.641 -155.984 
99.216 -159.881 101.151 -116.013 128.501 -81.661 126.566 -125.529 
117.028 -193.059 143.072 -157.707 184.743 -171.553 158.698 -206.905 
-15.342 -223.615 -36.069 -184.905 7.152 -177.154 27.879 -215.864 
-123.565 -185.293 -113.815 -142.48 -70.084 -138.522 -79.834 -181.336 
-155.946 -127.735 -144.318 -85.392 -100.455 -83.367 -112.083 -125.71 
-185.208 26.511 -198.102 68.485 -154.197 67.777 -141.304 25.803 
-191.449 114.897 -200.984 157.759 -157.273 153.582 -147.738 110.72 
-261.063 259.922 -270.678 302.767 -232.902 325.151 -223.287 282.307 
-283.975 394.717 -245.554 415.975 -213.464 386.003 -251.885 364.745 
-205.545 429.193 -217.199 471.528 -173.335 469.529 -161.681 427.194 
-70.015 474.293 -80.895 516.834 -43.799 540.328 -32.919 497.787 
0.861 532.289 11.669 574.849 55.485 577.722 44.677 535.162 
114.075 665.298 153.526 684.579 184.055 653.018 144.604 633.737 
215.165 684.005 235.136 723.111 266.156 692.032 246.185 652.927 
294.679 619.077 289.011 662.619 328.671 681.465 334.34 637.923 
370.604 551.767 408.804 573.419 441.201 543.779 403.0 522.127 
465.553 462.541 450.366 503.741 494.242 505.454 509.43 464.254 
585.485 400.222 606.531 438.76 636.68 406.835 615.634 368.297 
630.989 307.67 653.194 345.553 696.083 336.141 673.879 298.259 
649.268 224.458 620.028 257.216 660.218 274.903 689.459 242.145 
561.243 125.442 578.916 165.639 611.684 136.409 594.01 96.212 
553.058 1.585 534.461 41.363 566.546 71.341 585.142 31.563 
490.852 -130.489 513.146 -92.659 556.014 -102.172 533.719 -140.002 
439.796 -201.91 441.991 -158.055 483.021 -173.694 480.827 -217.55 
406.557 -238.377 373.079 -209.964 389.757 -169.344 423.235 -197.758 
229.101 -204.236 239.202 -161.504 282.965 -157.906 272.864 -200.638 
234.365 -268.355 222.349 -226.036 266.228 -227.682 278.222 -269.922 
185.55 -301.033 165.026 -262.215 195.602 -230.7 216.164 -269.591 
-222.444 -2.204 -238.433 38.692 -204.479 66.536 -188.491 25.64 
-282.119 62.128 -252.49 94.534 -212.513 76.368 -242.143 43.962 
-110.513 564.758 -68.281 576.779 -43.798 540.328 -86.031 528.307 
-62.819 579.904 -49.501 621.746 -13.822 596.15 -27.141 554.308 
419.007 581.667 445.232 616.885 470.622 581.059 444.396 545.841 
462.04 535.306 475.102 577.228 519.009 577.761 505.947 535.838 
611.644 81.366 630.117 121.202 673.711 115.943 655.238 76.107 
626.195 26.675 610.249 67.588 654.087 70.11 670.032 29.198 
331.426 -279.022 310.663 -240.331 316.608 -196.825 337.37 -235.516 
193.143 -317.481 228.332 -291.258 272.211 -290.571 237.049 -316.872 
87.078 -253.029 71.613 -211.932 108.281 -236.089 123.746 -277.186 
-206.472 -77.84 -194.072 -35.717 -159.281 -8.928 -171.681 -51.05 
-267.347 18.63 -284.064 59.233 -246.673 36.211 -229.956 -4.392 
-263.377 137.073 -267.877 180.752 -245.845 218.734 -241.344 175.055 
-152.083 507.952 -171.254 547.456 -132.525 526.765 -113.354 487.261 
-110.51 564.749 -89.217 603.15 -49.418 621.701 -70.712 583.299 
3.466 636.513 46.046 647.239 86.799 630.888 44.219 620.162 
368.542 590.942 378.055 633.809 410.948 662.898 401.435 620.031 
445.266 616.909 488.505 609.262 518.992 577.66 475.753 585.307 
564.884 452.671 544.017 491.307 549.846 534.828 570.712 496.193 
619.551 179.609 663.341 182.865 700.681 159.761 656.892 156.504 
673.306 29.902 662.439 72.446 678.655 113.252 689.522 70.708 
557.719 -58.295 587.327 -25.869 630.34 -17.039 600.732 -49.465 
