146.484 241.026 130.865 282.064 174.722 284.237 190.34 243.198 
221.94 244.303 204.708 284.69 237.795 313.559 255.026 273.171 
231.469 213.234 265.704 240.731 302.433 216.668 268.198 189.171 
197.973 153.729 209.626 196.065 246.288 171.901 234.637 129.565 
129.455 166.644 138.085 209.698 181.698 214.795 173.068 171.741 
94.686 203.017 79.988 244.394 92.418 286.508 107.116 245.131 
150.343 320.757 186.907 345.071 230.78 343.249 194.216 318.936 
299.099 260.451 287.446 302.786 321.757 275.386 333.411 233.05 
265.095 102.639 275.644 145.263 309.233 173.545 298.684 130.921 
113.396 128.746 157.14 132.561 194.773 109.936 151.029 106.121 
5.675 88.79 30.965 124.685 72.919 111.725 47.629 75.83 
38.007 168.027 12.137 203.507 37.887 239.075 63.756 203.594 
-36.579 285.595 -2.395 313.154 34.379 289.159 0.194 261.6 
16.385 329.213 19.856 372.986 60.414 356.158 56.943 312.386 
103.349 365.361 133.507 397.277 173.18 378.458 143.022 346.542 
182.83 421.295 193.223 463.957 230.585 440.889 220.193 398.227 
243.395 385.308 252.156 428.335 295.784 433.298 287.023 390.272 
310.793 317.904 319.67 360.907 357.825 339.176 348.948 296.173 
381.504 261.841 392.069 304.462 435.868 307.585 425.303 264.965 
393.225 198.372 376.898 239.133 420.71 242.066 437.037 201.304 
332.283 105.278 338.835 148.696 382.153 155.881 375.601 112.463 
329.594 26.347 313.97 67.383 357.826 69.561 373.45 28.525 
275.95 -8.823 253.103 28.675 281.705 61.992 304.553 24.494 
170.368 29.261 143.83 64.244 185.302 78.672 211.84 43.689 
75.184 9.58 58.188 50.068 91.443 78.743 108.438 38.255 
-8.142 21.137 -38.118 53.223 4.993 44.885 34.97 12.799 
-60.049 231.244 -63.641 275.007 -35.012 241.713 -31.42 197.951 
-46.188 316.344 -41.917 360.046 -12.773 392.89 -17.046 349.188 
110.666 434.779 138.261 468.935 180.662 480.348 153.067 446.192 
225.186 484.466 268.775 489.763 307.153 468.426 263.563 463.13 
381.458 376.185 422.716 361.154 447.259 324.744 406.002 339.774 
482.459 199.964 460.856 238.192 465.85 281.818 487.453 243.589 
400.992 22.176 396.559 65.862 418.65 103.81 423.083 60.124 
293.611 -57.25 318.179 -20.856 359.447 -5.854 334.879 -42.248 
77.369 -34.6 114.163 -10.636 158.016 -12.876 121.222 -36.84 
21.106 -133.511 11.397 -90.687 49.124 -68.22 58.833 -111.044 
-63.45 -56.248 -73.735 -13.56 -29.957 -16.97 -19.673 -59.659 
-110.394 10.609 -105.574 54.254 -76.022 86.73 -80.842 43.085 
-141.813 111.086 -140.79 154.984 -98.724 167.576 -99.747 123.678 
-180.572 190.072 -144.82 215.565 -100.912 215.174 -136.664 189.681 
-143.805 259.463 -177.719 287.355 -140.713 310.99 -106.799 283.099 
-124.291 351.714 -129.835 395.272 -90.121 414.004 -84.577 370.446 
-69.766 452.911 -26.401 459.814 12.738 439.909 -30.626 433.006 
12.542 483.818 1.789 526.391 45.601 523.462 56.354 480.889 
96.877 483.615 74.002 521.096 77.526 564.864 100.401 527.384 
161.221 519.719 134.742 554.747 159.873 590.755 186.352 555.727 
256.02 531.779 228.955 566.357 270.204 581.411 297.268 546.834 
339.362 498.27 340.928 542.152 365.454 505.73 363.887 461.848 
414.984 435.267 404.733 477.964 442.172 500.907 452.423 458.211 
426.137 404.931 458.88 434.188 502.567 438.611 469.824 409.354 
480.732 353.163 507.969 387.605 549.142 372.346 521.906 337.903 
552.639 232.293 524.976 266.394 548.86 303.24 576.522 269.139 
493.182 138.501 518.262 174.543 559.738 188.96 534.657 152.918 
489.001 82.279 524.666 107.893 560.048 81.889 524.383 56.275 
483.529 23.505 466.812 64.109 504.202 41.086 520.919 0.482 
435.297 -53.828 430.697 -10.16 473.65 -19.28 478.249 -62.948 
340.536 -116.09 361.237 -77.366 404.462 -85.089 383.761 -123.813 
233.434 -82.589 274.917 -96.983 300.017 -133.011 258.533 -118.617 
155.72 -137.419 160.118 -93.73 200.31 -111.413 195.913 -155.102 
100.31 -157.744 102.65 -113.896 130.317 -79.798 127.976 -123.646 
118.539 -191.493 144.179 -155.846 186.005 -169.216 160.365 -204.863 
-14.425 -221.742 -34.465 -182.672 8.886 -175.686 28.925 -214.757 
-121.981 -183.154 -112.161 -140.356 -68.423 -136.471 -78.243 -179.268 
-154.478 -126.399 -142.906 -84.042 -99.046 -81.958 -110.617 -124.316 
-183.399 27.31 -196.075 69.351 -152.175 68.415 -139.499 26.375 
-189.55 115.837 -198.798 158.762 -155.117 154.293 -145.868 111.368 
-259.295 260.412 -268.61 303.322 -230.678 325.442 -221.363 282.531 
-281.4 395.25 -242.888 416.344 -210.926 386.235 -249.438 365.142 
-203.624 429.533 -215.147 471.904 -171.289 469.77 -159.765 427.4 
-68.067 473.673 -78.893 516.227 -41.767 539.674 -30.941 497.119 
2.424 531.447 13.507 573.936 57.341 576.525 46.257 534.036 
115.612 664.174 155.207 683.156 185.496 651.365 145.901 632.383 
216.379 682.579 236.622 721.545 267.424 690.251 247.182 651.286 
295.27 617.463 289.99 661.055 329.817 679.546 335.097 635.955 
370.204 549.382 408.542 570.788 440.748 540.941 402.409 519.534 
464.632 460.726 449.759 502.04 493.648 503.418 508.521 462.103 
584.249 398.72 605.556 437.114 635.487 404.986 614.18 366.592 
629.612 306.415 651.959 344.213 694.813 334.641 672.466 296.842 
647.488 223.268 618.496 256.246 658.82 273.628 687.811 240.649 
558.55 125.773 576.64 165.784 609.103 136.215 591.012 96.204 
551.474 2.875 532.984 42.702 565.148 72.595 583.638 32.768 
489.654 -128.411 512.235 -90.752 555.029 -100.591 532.448 -138.25 
438.674 -199.758 440.97 -155.909 481.965 -171.643 479.669 -215.492 
405.99 -236.448 372.619 -207.909 389.449 -167.353 422.82 -195.892 
229.59 -201.078 239.702 -158.349 283.465 -154.763 273.353 -197.492 
234.22 -266.411 222.094 -224.124 265.977 -225.656 278.081 -267.865 
188.008 -299.929 166.773 -261.495 196.764 -229.422 218.039 -267.928 
-221.166 -0.786 -236.424 40.387 -201.98 67.622 -186.722 26.448 
-279.167 62.843 -249.365 95.091 -209.485 76.713 -239.288 44.465 
-108.242 564.751 -65.895 576.361 -41.767 539.674 -84.114 528.064 
-60.512 579.381 -46.561 621.017 -11.274 594.883 -25.225 553.248 
419.375 579.298 445.787 614.376 470.987 578.416 444.573 543.338 
461.324 533.137 475.209 574.794 519.117 574.462 505.232 532.805 
609.145 80.45 627.78 120.21 671.352 114.775 652.718 75.014 
623.258 28.001 608.121 69.219 651.999 70.879 667.137 29.661 
330.378 -277.208 310.379 -238.117 317.176 -194.736 337.175 -233.828 
195.328 -313.972 229.945 -286.999 273.799 -285.369 239.21 -312.419 
88.334 -251.512 72.629 -210.506 109.437 -234.45 125.142 -275.455 
-205.77 -75.99 -192.573 -34.11 -157.279 -7.986 -170.477 -49.866 
-263.315 20.528 -280.346 61.0 -242.778 38.268 -225.747 -2.205 
-261.137 137.394 -265.953 181.039 -244.196 219.18 -239.379 175.534 
-150.26 508.315 -168.938 548.055 -130.469 526.883 -111.791 487.144 
-108.24 564.743 -86.495 602.891 -46.48 620.972 -68.226 582.824 
5.389 635.509 48.021 646.029 88.694 629.482 46.063 618.962 
368.744 589.341 378.833 632.075 412.115 660.718 402.026 617.983 
445.787 614.376 488.944 606.279 519.1 574.361 475.943 582.458 
563.721 450.452 543.071 489.203 549.143 532.692 569.793 493.94 
618.007 179.213 661.843 181.771 698.81 158.075 654.975 155.517 
668.453 29.967 657.81 72.568 674.239 113.289 684.883 70.688 
556.308 -56.7 585.957 -24.311 628.981 -15.534 599.332 -47.924 
