160.059 222.225 158.125 266.092 200.443 254.375 202.377 210.508 
211.673 209.756 210.535 253.651 251.931 268.298 253.069 224.402 
213.478 202.019 255.158 215.833 281.175 180.462 239.495 166.648 
181.058 161.882 206.42 197.727 232.673 162.53 207.312 126.685 
133.232 177.922 157.25 214.681 199.632 203.198 175.614 166.439 
123.029 187.17 121.789 231.062 146.586 267.301 147.825 223.408 
166.045 281.666 207.577 295.923 249.556 283.045 208.025 268.789 
267.405 222.155 266.941 266.062 293.124 230.813 293.587 186.905 
216.858 117.657 241.912 153.718 283.377 168.165 258.324 132.105 
129.443 169.038 171.482 156.358 198.04 121.39 156.0 134.07 
75.873 143.791 116.237 161.079 145.152 128.033 104.788 110.745 
73.699 171.961 71.363 215.809 112.343 231.58 114.679 187.733 
41.001 255.478 81.586 272.236 110.066 238.814 69.48 222.056 
82.729 273.178 104.921 311.068 134.099 278.254 111.908 240.364 
137.347 322.043 178.566 337.178 205.698 302.654 164.479 287.518 
182.103 339.684 205.573 376.796 233.615 343.007 210.146 305.895 
211.532 305.007 234.535 342.41 277.215 332.09 254.212 294.688 
272.008 269.311 296.745 305.589 323.604 270.852 298.866 234.573 
302.247 232.181 325.874 269.193 368.375 258.16 344.748 221.148 
304.781 186.267 301.666 230.066 344.284 219.494 347.399 175.694 
264.649 126.935 289.151 163.373 331.377 151.329 306.875 114.891 
265.507 78.503 263.151 122.35 305.58 111.041 307.936 67.194 
222.312 62.373 219.66 106.202 260.526 122.269 263.177 78.439 
153.831 81.396 152.39 125.282 194.574 113.091 196.014 69.204 
109.088 64.674 105.664 108.45 146.239 125.234 149.664 81.458 
76.951 96.464 71.287 140.007 101.464 108.109 107.127 64.565 
36.157 209.145 37.078 253.046 62.136 216.988 61.215 173.088 
40.211 257.54 63.094 295.016 103.634 311.884 80.751 274.408 
135.085 331.052 162.066 365.695 204.257 377.862 177.275 343.219 
206.904 377.855 249.461 367.041 277.534 333.277 234.976 344.092 
302.112 309.143 343.53 294.56 368.466 258.417 327.049 273.001 
350.082 175.798 347.049 219.603 370.343 256.826 373.376 213.02 
310.023 67.085 311.298 110.976 338.127 145.736 336.852 101.844 
224.546 56.332 264.504 74.537 307.532 65.779 267.573 47.573 
109.719 62.504 151.556 75.836 193.24 62.031 151.403 48.698 
81.314 10.358 103.675 48.148 146.525 38.56 124.164 0.77 
42.871 53.381 66.72 90.25 94.415 56.175 70.565 19.306 
34.09 60.868 29.855 104.574 52.119 142.421 56.353 98.716 
-26.01 131.944 0.117 167.234 41.755 153.29 15.627 117.999 
-14.877 219.567 26.273 204.245 50.558 167.661 9.408 182.983 
-13.976 221.795 -15.847 265.665 26.454 253.888 28.325 210.017 
-12.737 273.692 8.237 312.269 51.407 304.242 30.433 265.665 
18.529 333.346 59.81 348.311 102.004 336.154 60.723 321.189 
66.582 362.104 67.094 406.011 108.694 391.956 108.182 348.049 
123.353 344.966 124.371 388.865 150.997 423.781 149.979 379.883 
160.349 378.298 161.748 422.186 203.919 434.418 202.521 390.531 
212.282 390.405 207.963 434.102 250.856 424.706 255.175 381.009 
274.214 377.06 273.386 420.962 299.86 385.931 300.688 342.029 
312.059 340.41 312.507 384.318 354.404 397.46 353.956 353.552 
313.895 326.966 355.96 339.561 397.395 325.025 355.33 312.43 
356.939 300.787 399.24 312.569 423.516 275.979 381.216 264.198 
388.474 211.947 383.995 255.628 424.153 273.387 428.633 229.706 
366.321 155.667 390.86 192.081 432.116 207.117 407.577 170.703 
368.247 146.068 410.068 159.452 435.72 123.814 393.9 110.43 
354.824 96.987 357.041 140.841 381.025 104.059 378.808 60.205 
319.384 57.336 345.996 92.263 370.99 56.16 344.377 21.233 
271.381 33.195 311.312 51.46 341.022 19.128 301.091 0.863 
212.654 35.976 255.123 24.82 282.923 -9.169 240.454 1.988 
178.046 -2.194 205.435 32.127 229.612 -4.527 202.224 -38.848 
124.164 0.77 152.5 34.314 195.14 44.797 166.805 11.252 
126.546 -26.607 166.904 -9.305 195.83 -42.341 155.472 -59.643 
33.499 -54.685 42.498 -11.707 80.591 -33.546 71.592 -76.524 
-9.982 -60.809 -2.371 -17.564 41.11 -11.44 33.499 -54.685 
-39.943 5.161 -6.72 33.873 30.852 11.148 -2.371 -17.563 
-30.955 79.649 -29.986 123.548 11.466 109.061 10.497 65.162 
-61.867 170.566 -39.845 208.555 -10.521 175.872 -32.542 137.883 
-101.658 249.342 -91.661 292.099 -47.908 295.803 -57.905 253.046 
-115.528 328.955 -73.099 340.264 -49.232 303.407 -91.661 292.098 
-67.417 343.374 -48.382 382.944 -16.632 352.613 -35.666 313.043 
16.007 351.358 18.038 395.221 60.382 406.844 58.351 362.981 
70.582 413.764 94.861 450.351 137.16 438.566 112.881 401.979 
152.872 504.825 196.123 512.404 216.697 473.611 173.446 466.033 
196.13 512.407 222.49 547.524 247.743 511.603 221.384 476.485 
234.652 465.517 255.451 504.188 298.657 496.357 277.858 457.686 
286.222 427.668 328.382 439.939 353.081 403.634 310.92 391.363 
363.399 352.819 362.056 396.709 404.213 384.423 405.556 340.534 
442.119 315.755 471.889 348.032 493.388 309.745 463.618 277.467 
467.972 273.735 494.304 308.874 535.86 294.69 509.528 259.551 
467.945 214.748 461.996 258.254 505.211 250.468 511.16 206.963 
415.593 162.84 442.079 197.862 467.204 161.85 440.717 126.827 
398.013 56.607 396.297 100.483 437.495 115.674 439.212 71.798 
357.322 -17.92 387.658 13.827 427.225 -5.215 396.889 -36.961 
354.062 -65.778 355.643 -21.897 396.889 -36.96 395.308 -80.842 
309.451 -86.9 300.443 -43.924 338.533 -22.077 347.54 -65.053 
208.612 -44.627 234.733 -9.332 276.373 -23.268 250.252 -58.563 
202.075 -106.345 199.294 -62.441 241.829 -73.343 244.605 -117.165 
161.25 -122.445 158.474 -78.623 199.294 -62.441 202.075 -106.345 
-90.086 68.181 -92.512 112.024 -51.564 127.879 -49.138 84.036 
-120.246 146.068 -79.299 161.924 -51.565 127.881 -92.513 112.025 
-10.262 446.158 31.02 461.118 58.005 426.478 16.722 411.518 
31.021 461.117 55.626 497.486 82.612 462.847 58.006 426.478 
342.844 446.333 367.542 482.639 394.438 447.93 369.74 411.625 
369.741 411.623 394.438 447.929 436.599 435.66 411.902 399.354 
454.053 113.128 478.094 149.872 520.469 138.362 496.428 101.618 
456.202 69.268 454.052 113.125 496.427 101.618 498.578 57.761 
265.797 -122.528 265.634 -78.618 291.31 -42.998 291.474 -86.908 
161.25 -122.444 202.075 -106.344 244.605 -117.165 203.785 -133.346 
101.479 -82.692 94.857 -39.284 125.729 -70.509 132.351 -113.917 
-89.887 55.06 -46.574 62.279 -7.29 42.661 -50.603 35.442 
-117.819 102.225 -120.245 146.068 -92.512 112.024 -90.086 68.181 
-121.037 175.564 -100.287 214.262 -60.754 233.374 -81.504 194.675 
-32.387 393.598 -33.082 437.502 -6.714 402.392 -6.018 358.487 
-10.262 446.158 14.343 482.526 55.627 497.486 31.02 461.118 
81.814 506.75 124.174 495.186 151.648 460.932 109.288 472.496 
285.802 450.663 310.698 486.832 352.101 501.459 327.204 465.29 
367.542 482.639 409.702 470.368 436.599 435.66 394.438 447.93 
430.291 333.973 428.693 377.854 453.192 414.294 454.791 370.413 
464.139 205.653 506.291 193.355 533.165 158.629 491.013 170.927 
498.576 57.761 496.428 101.618 520.469 138.362 522.617 94.505 
399.659 28.964 440.432 45.262 482.999 34.482 442.225 18.184 
