146.709 241.184 131.264 282.288 175.129 284.275 190.574 243.171 
221.808 244.28 204.735 284.735 237.933 313.474 255.007 273.02 
231.264 213.288 265.571 240.695 302.238 216.536 267.93 189.129 
197.892 153.939 209.629 196.251 246.243 172.013 234.506 129.701 
129.478 166.923 138.252 209.948 181.882 214.898 173.108 171.874 
94.839 203.366 80.235 244.776 92.761 286.862 107.365 245.451 
150.463 320.602 187.099 344.808 230.966 342.856 194.33 318.651 
298.881 260.317 287.373 302.692 321.59 275.174 333.098 232.798 
264.749 103.049 275.42 145.643 309.089 173.83 298.418 131.236 
113.52 129.326 157.282 132.938 194.809 110.137 151.047 106.526 
5.854 89.292 31.28 125.091 73.185 111.972 47.758 76.173 
38.317 168.434 12.596 204.022 38.494 239.482 64.215 203.893 
-36.142 285.721 -2.002 313.334 34.81 289.397 0.669 261.783 
16.523 329.318 20.085 373.084 60.608 356.172 57.046 312.407 
103.592 365.145 133.84 396.975 173.46 378.044 143.212 346.214 
182.81 420.947 193.225 463.604 230.576 440.517 220.162 397.86 
243.193 385.03 252.062 428.034 295.703 432.887 286.834 389.883 
310.61 317.688 319.611 360.665 357.704 338.823 348.701 295.846 
381.139 261.864 391.756 304.471 435.559 307.541 424.942 264.933 
392.721 198.483 376.524 239.297 420.345 242.089 436.542 201.275 
331.927 105.479 338.629 148.875 381.972 155.909 375.27 112.514 
329.527 26.852 313.968 67.913 357.828 70.022 373.386 28.96 
275.82 -8.174 253.131 29.419 281.872 62.615 304.562 25.022 
170.167 29.813 143.821 64.941 185.372 79.142 211.717 44.013 
75.427 9.946 58.363 50.405 91.569 79.136 108.633 38.677 
-7.986 21.696 -37.823 53.911 5.252 45.386 35.089 13.171 
-59.493 231.409 -63.025 275.177 -34.442 241.844 -30.91 198.076 
-45.817 316.2 -41.497 359.897 -12.318 392.709 -16.638 349.012 
110.716 434.303 138.277 468.486 180.666 479.941 153.105 445.758 
225.106 484.085 268.705 489.3 307.043 467.892 263.444 462.677 
381.025 376.028 422.288 361.011 446.843 324.609 405.581 339.626 
481.912 199.854 460.404 238.136 465.504 281.749 487.013 243.467 
400.752 22.719 396.321 66.405 418.414 104.352 422.845 60.666 
293.354 -56.546 318.042 -20.234 359.359 -5.367 334.671 -41.68 
77.631 -34.044 114.47 -10.148 158.319 -12.469 121.48 -36.365 
21.586 -133.076 11.779 -90.275 49.455 -67.722 59.262 -110.523 
-63.058 -55.823 -73.34 -13.134 -29.563 -16.548 -19.281 -59.237 
-110.112 10.863 -105.087 54.485 -75.382 86.822 -80.407 43.2 
-141.188 111.276 -140.071 155.171 -97.978 167.673 -99.095 123.778 
-179.972 190.284 -144.002 215.469 -100.1 214.701 -136.069 189.516 
-143.218 259.373 -177.149 287.243 -140.158 310.901 -106.226 283.031 
-123.883 351.684 -129.365 395.25 -89.625 413.926 -84.142 370.36 
-69.175 452.784 -25.813 459.695 13.331 439.798 -30.032 432.887 
12.839 483.706 2.258 526.322 46.058 523.216 56.639 480.6 
96.924 483.254 74.217 520.837 77.939 564.589 100.645 527.006 
161.206 519.303 134.907 554.467 160.223 590.345 186.522 555.181 
256.042 531.344 229.077 566.0 270.369 580.935 297.334 546.28 
339.401 497.574 340.978 541.456 365.494 505.028 363.917 461.146 
414.743 434.894 404.619 477.621 442.127 500.453 452.25 457.726 
425.786 404.782 458.641 433.914 502.344 438.17 469.49 409.039 
480.269 353.084 507.687 387.382 548.779 371.904 521.361 337.606 
552.082 232.131 524.515 266.308 548.5 303.088 576.068 268.911 
492.594 138.333 517.674 174.375 559.15 188.793 534.07 152.75 
488.72 82.716 524.502 108.167 559.764 82.001 523.982 56.55 
483.143 24.002 466.572 64.665 503.88 41.508 520.451 0.844 
434.965 -53.188 430.587 -9.497 473.493 -18.835 477.87 -62.527 
340.278 -115.45 361.065 -76.772 404.273 -84.59 383.487 -123.268 
233.314 -81.835 274.763 -96.327 299.778 -132.415 258.328 -117.923 
155.907 -136.914 160.585 -93.254 200.662 -111.194 195.986 -154.854 
100.619 -157.124 103.085 -113.283 130.849 -79.264 128.383 -123.105 
118.955 -191.027 144.492 -155.305 186.356 -168.553 160.82 -204.274 
-14.156 -221.193 -33.99 -182.017 9.398 -175.26 29.231 -214.436 
-121.506 -182.573 -111.714 -139.769 -67.979 -135.855 -77.771 -178.659 
-154.087 -125.972 -142.517 -83.614 -98.656 -81.53 -110.227 -123.888 
-182.85 27.565 -195.436 69.632 -151.538 68.603 -138.952 26.535 
-189.007 116.137 -198.167 159.081 -154.494 154.522 -145.334 111.578 
-258.797 260.591 -268.016 303.523 -230.035 325.557 -220.816 282.626 
-280.683 395.426 -242.141 416.465 -210.222 386.311 -248.764 365.272 
-203.068 429.634 -214.548 472.017 -170.692 469.838 -159.212 427.455 
-67.498 473.494 -78.315 516.051 -41.183 539.489 -30.366 496.932 
2.881 531.206 14.046 573.673 57.884 576.178 46.72 533.711 
116.062 663.841 155.7 682.734 185.917 650.875 146.28 631.982 
216.73 682.158 237.053 721.082 267.791 689.725 247.469 650.802 
295.434 616.988 290.272 660.594 330.148 678.978 335.31 635.372 
370.079 548.697 408.457 570.033 440.607 540.126 402.229 518.79 
464.364 460.207 449.586 501.555 493.478 502.832 508.256 461.484 
583.874 398.294 605.263 436.643 635.125 404.451 613.736 366.102 
629.187 306.061 651.579 343.832 694.422 334.208 672.029 296.437 
646.947 222.944 618.034 255.991 658.398 273.277 687.312 240.23 
557.791 125.866 575.987 165.829 608.371 136.175 590.175 96.212 
550.966 3.21 532.527 43.061 564.731 72.912 583.169 33.061 
489.276 -127.833 511.942 -90.226 554.713 -100.161 532.047 -137.768 
438.341 -199.162 440.667 -155.314 481.651 -171.076 479.325 -214.924 
405.79 -235.902 372.452 -207.324 389.33 -166.787 422.667 -195.365 
229.694 -200.14 239.82 -157.414 283.585 -153.842 273.459 -196.568 
234.126 -265.834 221.967 -223.556 265.852 -225.054 277.988 -267.254 
188.674 -299.556 167.259 -261.221 197.1 -229.009 218.554 -267.415 
-220.821 -0.339 -235.845 40.921 -201.247 67.96 -186.223 26.7 
-278.292 63.189 -248.38 95.336 -208.563 76.822 -238.475 44.675 
-107.588 564.75 -65.209 576.243 -41.183 539.489 -83.562 527.996 
-59.846 579.235 -45.721 620.811 -10.544 594.53 -24.669 552.954 
419.484 578.621 445.941 613.665 471.094 577.672 444.635 542.629 
461.132 532.528 475.246 574.108 519.153 573.533 505.038 531.953 
608.42 80.228 627.108 119.963 670.673 114.468 651.984 74.733 
622.337 28.323 607.464 69.638 651.352 71.016 666.225 29.702 
330.037 -276.681 310.259 -237.477 317.301 -194.136 337.079 -233.339 
195.833 -312.838 230.308 -285.684 274.154 -283.825 239.707 -311.055 
88.7 -251.065 72.925 -210.086 109.774 -233.966 125.549 -274.945 
-205.618 -75.391 -192.15 -33.597 -156.689 -7.701 -170.157 -49.495 
-262.23 21.199 -279.251 61.676 -241.689 38.934 -224.667 -1.543 
-260.489 137.543 -265.385 181.18 -243.697 219.36 -238.801 175.723 
-149.724 508.416 -168.257 548.224 -129.866 526.912 -111.333 487.105 
-107.586 564.743 -85.715 602.818 -45.641 620.766 -67.512 582.691 
5.954 635.224 48.601 645.678 89.249 629.069 46.601 618.614 
368.793 588.872 379.053 631.566 412.449 660.076 402.19 617.381 
445.941 613.665 489.074 605.44 519.135 573.432 476.002 581.658 
563.373 449.808 542.795 488.598 548.948 532.075 569.526 493.285 
617.547 179.116 661.393 181.479 698.255 157.619 654.408 155.255 
667.165 29.923 656.597 72.543 673.098 113.234 683.666 70.615 
555.843 -56.265 585.512 -23.895 628.542 -15.146 598.873 -47.516 
