151.37 242.196 139.077 284.35 182.967 283.015 195.26 240.861 
220.334 241.63 206.506 283.306 241.868 309.336 255.697 267.661 
228.434 214.018 264.192 239.502 299.479 213.369 263.721 187.885 
196.137 157.563 209.756 199.308 245.248 173.455 231.63 131.711 
130.588 171.311 142.358 213.614 186.228 215.493 174.458 173.189 
98.925 207.158 86.595 249.301 101.391 290.644 113.722 248.5 
154.347 316.317 192.302 338.397 235.986 333.951 198.032 311.871 
294.138 256.953 285.413 299.987 317.766 270.3 326.491 227.266 
257.833 109.221 271.026 151.101 306.318 177.228 293.124 135.348 
117.169 140.021 161.078 139.712 196.42 113.654 152.511 113.962 
12.699 97.806 41.478 130.969 81.913 113.846 53.133 80.683 
43.74 174.821 21.668 212.78 50.949 245.502 73.021 207.543 
-27.596 283.865 5.819 312.352 43.238 289.375 9.822 260.888 
21.771 327.681 27.654 371.195 67.221 352.154 61.338 308.64 
110.124 361.506 142.386 391.293 180.685 369.814 148.422 340.028 
181.731 413.712 193.32 456.066 230.019 431.956 218.431 389.603 
238.661 377.78 249.9 420.226 293.743 422.653 282.504 380.206 
306.99 312.867 318.605 355.212 355.289 331.079 343.672 288.733 
372.79 261.64 384.899 303.848 428.783 305.374 416.674 263.167 
381.62 199.873 367.991 241.614 411.901 241.678 425.53 199.936 
324.119 109.216 333.728 152.062 377.446 156.162 367.837 113.317 
325.581 36.592 311.68 78.244 355.588 78.594 369.49 36.942 
272.024 4.784 253.086 44.399 284.91 74.653 303.849 35.037 
166.484 40.745 144.754 78.902 187.758 87.776 209.488 49.62 
81.154 18.421 63.605 58.672 96.463 87.8 114.012 47.55 
1.105 31.388 -26.247 65.738 16.072 54.025 43.424 19.675 
-47.529 229.943 -50.855 273.727 -22.43 240.26 -19.103 196.477 
-38.076 313.46 -32.189 356.974 -1.849 388.716 -7.737 345.202 
112.26 423.239 138.802 458.219 180.836 470.919 154.294 435.938 
224.06 475.46 267.851 478.702 305.183 455.586 261.393 452.344 
371.964 371.7 413.371 357.086 438.28 320.924 396.873 335.538 
469.055 197.13 449.745 236.566 457.303 279.821 476.613 240.385 
393.316 32.406 389.295 76.132 411.743 113.87 415.764 70.144 
287.538 -41.98 314.281 -7.153 356.387 5.303 329.644 -29.524 
83.689 -22.021 121.302 0.636 165.049 -3.142 127.436 -25.799 
32.221 -123.139 19.911 -80.99 56.194 -56.257 68.503 -98.407 
-54.775 -45.363 -63.953 -2.423 -20.278 -6.964 -11.101 -49.904 
-100.52 21.886 -90.939 64.738 -58.002 93.775 -67.582 50.923 
-133.471 115.981 -127.355 159.463 -84.111 167.081 -90.227 123.6 
-166.415 195.615 -126.354 213.591 -83.377 204.586 -123.439 186.61 
-131.734 257.171 -165.127 285.684 -127.69 308.631 -94.298 280.118 
-115.798 350.9 -118.473 394.729 -77.616 410.816 -74.941 366.988 
-56.612 449.376 -13.311 456.662 26.003 437.103 -17.298 429.818 
20.237 480.633 13.242 523.982 56.631 517.239 63.626 473.89 
98.201 474.943 79.683 514.758 88.105 557.853 106.623 518.038 
160.367 509.766 138.74 547.98 168.401 580.358 190.028 542.144 
255.492 520.837 231.197 557.414 273.491 569.217 297.786 532.641 
339.55 482.917 341.305 526.792 365.673 490.265 363.918 446.39 
408.411 426.859 400.866 470.116 439.674 490.659 447.219 447.402 
417.048 400.842 452.32 426.996 496.228 427.422 460.956 401.269 
469.35 351.953 500.73 382.667 539.638 362.313 508.257 331.599 
537.826 229.392 512.699 265.402 539.182 300.427 564.309 264.416 
479.932 136.036 505.084 172.029 546.588 186.364 521.436 150.371 
479.964 90.713 517.559 113.401 550.754 84.658 513.16 61.97 
472.121 33.688 459.322 75.691 494.366 49.233 507.165 7.229 
426.166 -39.471 427.157 4.427 468.601 -10.081 467.61 -53.98 
333.752 -100.899 357.156 -63.746 399.722 -74.524 376.318 -111.677 
228.406 -66.506 269.488 -82.009 293.611 -118.698 252.529 -103.196 
160.21 -124.977 170.588 -82.31 207.958 -105.364 197.582 -148.03 
106.144 -141.783 112.414 -98.322 143.031 -66.847 136.761 -110.308 
124.827 -178.297 150.051 -142.355 192.029 -155.238 166.805 -191.18 
-8.769 -207.972 -23.389 -166.568 20.507 -165.458 35.127 -206.862 
-110.701 -171.215 -103.391 -127.918 -59.954 -121.49 -67.263 -164.787 
-147.155 -113.727 -133.178 -72.101 -89.27 -72.532 -103.248 -114.158 
-161.097 33.96 -170.542 76.842 -126.84 72.574 -117.395 29.692 
-178.342 124.024 -184.298 167.529 -141.083 159.75 -135.126 116.246 
-248.28 266.874 -254.87 310.287 -215.618 329.97 -209.028 286.557 
-265.898 400.806 -226.37 419.927 -195.969 388.242 -235.498 369.121 
-190.926 431.861 -200.716 474.666 -156.982 470.749 -147.191 427.945 
-55.186 469.873 -65.602 512.53 -28.253 535.618 -17.836 492.962 
13.571 525.838 26.616 567.766 70.523 568.315 57.478 526.388 
126.062 655.506 166.707 672.121 195.069 638.599 154.424 621.984 
224.068 671.57 246.226 709.479 275.433 676.691 253.276 638.782 
297.9 605.717 295.836 649.578 336.914 665.094 338.977 621.233 
366.526 534.166 405.655 554.091 436.696 523.035 397.567 503.109 
458.09 449.185 445.605 491.283 489.501 490.147 501.986 448.049 
574.165 389.443 597.624 426.561 625.677 392.78 602.218 355.662 
617.884 298.953 641.473 335.99 683.986 325.0 660.397 287.964 
633.245 217.323 606.461 252.118 647.83 266.839 674.614 232.044 
542.32 127.75 562.094 166.956 593.27 136.035 573.496 96.829 
536.764 8.22 520.581 49.039 554.401 77.044 570.585 36.226 
478.252 -116.681 502.785 -80.263 545.001 -92.341 520.468 -128.759 
429.873 -187.808 432.822 -143.997 473.578 -160.341 470.628 -204.152 
397.92 -224.57 365.492 -194.965 383.627 -154.974 416.056 -184.58 
228.692 -178.903 239.939 -136.458 283.782 -134.039 272.535 -176.484 
227.628 -252.077 214.895 -209.968 258.796 -210.87 271.505 -252.9 
193.132 -283.786 173.353 -244.583 204.526 -213.658 224.342 -252.934 
-212.756 10.642 -222.529 53.451 -184.836 75.974 -175.063 33.166 
-259.285 79.99 -224.223 106.424 -188.248 81.246 -223.31 54.812 
-93.196 564.428 -50.259 573.616 -28.252 535.618 -71.19 526.431 
-45.068 576.18 -27.612 616.472 5.314 587.42 -12.142 547.128 
421.306 564.159 448.292 598.798 472.896 562.429 445.91 527.79 
457.41 520.118 475.719 560.03 519.334 554.951 501.026 515.039 
592.347 78.007 612.485 117.028 655.819 109.933 635.681 70.913 
601.076 31.701 591.865 74.635 635.544 70.127 644.754 27.194 
319.407 -264.829 304.231 -223.624 316.172 -181.37 331.348 -222.574 
193.523 -284.276 227.641 -256.676 271.459 -254.245 237.37 -281.922 
95.333 -239.046 78.251 -198.595 115.848 -221.28 132.93 -261.731 
-205.583 -56.65 -181.342 -20.037 -140.211 -4.665 -164.451 -41.278 
-247.275 37.764 -259.276 80.002 -224.74 52.885 -212.738 10.647 
-246.39 144.327 -252.108 187.864 -231.144 226.446 -225.426 182.91 
-137.023 509.859 -152.482 550.958 -115.819 526.795 -100.36 485.696 
-93.304 564.946 -68.777 601.367 -27.526 616.415 -52.054 579.994 
18.874 629.184 61.985 637.524 101.764 618.932 58.654 610.591 
368.785 577.939 382.853 619.534 418.683 644.916 404.616 603.321 
448.282 598.793 490.935 588.361 519.311 554.851 476.658 565.283 
554.663 435.64 536.254 475.505 544.793 518.577 563.202 478.712 
605.984 178.064 649.872 176.684 684.568 149.771 640.679 151.151 
644.655 27.175 636.771 70.371 655.782 109.952 663.667 66.756 
542.032 -48.532 572.661 -17.069 615.935 -9.618 585.305 -41.082 
