159.409 224.324 154.777 267.989 197.737 258.901 202.369 215.236 
211.785 215.275 206.888 258.911 246.875 277.053 251.773 233.417 
214.448 206.838 254.775 224.211 283.759 191.226 243.432 173.853 
185.213 164.214 207.665 201.95 236.616 168.936 214.164 131.2 
135.45 177.626 156.866 215.959 199.941 207.437 178.525 169.104 
123.65 187.242 119.729 230.976 142.264 268.663 146.185 224.929 
160.773 282.601 201.607 298.747 244.133 287.808 203.299 271.662 
266.659 231.668 264.26 275.512 291.971 241.451 294.37 197.607 
224.97 122.375 246.986 160.367 287.128 178.162 265.113 140.17 
131.763 167.736 174.452 157.455 202.946 124.045 160.257 134.326 
64.678 131.963 102.882 153.609 135.275 123.965 97.071 102.318 
62.236 170.219 53.969 213.344 92.429 234.532 100.695 191.408 
18.657 253.991 57.59 274.295 88.932 243.541 49.998 223.237 
69.03 282.682 87.4 322.565 119.655 292.77 101.285 252.887 
127.545 335.965 167.002 355.232 197.52 323.661 158.063 304.393 
177.472 362.726 198.329 401.367 228.633 369.59 207.777 330.95 
218.364 323.363 238.364 362.453 281.722 355.511 261.722 316.421 
283.551 284.545 305.17 322.763 334.838 290.391 313.217 252.172 
323.857 244.072 344.823 282.654 387.995 274.637 367.029 236.055 
326.31 189.528 320.322 233.028 363.543 225.28 369.531 181.781 
283.472 120.891 304.591 159.388 347.731 151.198 326.612 112.701 
285.112 67.502 280.238 111.14 323.247 102.29 328.121 58.651 
234.37 48.276 228.052 91.73 267.426 111.166 273.744 67.713 
154.152 69.086 149.036 112.697 192.093 104.086 197.21 60.476 
108.087 48.605 100.893 91.921 139.867 112.149 147.06 68.832 
57.538 75.01 44.473 116.931 79.684 90.695 92.748 48.774 
13.984 206.326 12.842 250.221 39.566 215.38 40.708 171.485 
13.691 275.21 32.42 314.925 70.917 336.047 52.187 296.332 
123.292 359.418 149.465 394.676 191.363 407.816 165.19 372.558 
214.444 411.143 257.71 403.648 288.306 372.153 245.04 379.648 
325.202 333.231 366.702 318.883 391.843 282.882 350.343 297.23 
389.105 180.592 381.914 223.909 401.558 263.18 408.749 219.863 
337.051 57.699 337.218 101.608 363.161 137.034 362.995 93.125 
241.495 21.834 278.217 45.91 322.076 43.803 285.355 19.728 
109.798 43.398 150.577 59.681 193.139 48.885 152.36 32.602 
74.51 -45.139 83.211 -2.099 126.832 2.926 118.131 -40.114 
9.337 24.36 30.212 62.991 60.501 31.199 39.625 -7.431 
-11.6 49.584 -11.548 93.494 14.304 128.987 14.251 85.077 
-69.731 124.709 -46.646 162.06 -3.988 151.646 -27.074 114.295 
-65.661 212.661 -23.811 199.369 2.233 164.016 -39.617 177.308 
-61.639 221.664 -72.448 264.223 -28.632 261.352 -17.823 218.793 
-50.806 299.252 -33.876 339.767 9.888 336.184 -7.042 295.67 
-4.742 377.585 37.051 391.055 78.78 377.387 36.987 363.917 
47.859 408.563 46.928 452.463 88.968 439.783 89.899 395.883 
105.578 393.212 104.983 437.118 130.309 472.989 130.904 429.083 
151.136 425.419 148.624 469.257 189.541 485.193 192.053 441.355 
226.329 434.361 217.242 477.321 260.907 472.687 269.994 429.728 
305.268 412.653 304.751 456.56 330.976 421.342 331.493 377.435 
349.769 373.982 348.596 417.876 389.98 432.555 391.153 388.661 
351.758 360.173 393.671 373.266 435.275 359.222 393.362 346.129 
395.691 326.623 437.021 341.452 463.897 306.727 422.567 291.898 
437.28 216.692 427.598 259.521 465.339 281.965 475.021 239.136 
408.576 140.881 432.901 177.438 474.067 192.717 449.743 156.159 
411.129 124.464 452.458 139.298 479.337 104.576 438.008 89.742 
396.144 75.057 398.544 118.901 422.374 82.02 419.974 38.175 
358.134 27.954 380.182 65.927 409.483 33.223 387.434 -4.75 
291.174 -9.849 328.732 12.901 361.973 -15.789 324.416 -38.538 
216.395 -6.306 258.539 -18.632 285.389 -53.376 243.245 -41.05 
177.241 -47.247 203.847 -12.315 228.846 -48.413 202.241 -83.345 
121.491 -42.73 146.758 -6.818 188.308 7.385 163.041 -28.528 
124.855 -80.618 162.596 -58.174 195.604 -87.133 157.863 -109.576 
8.065 -106.952 15.54 -63.683 54.381 -84.163 46.906 -127.432 
-56.07 -91.593 -37.067 -52.008 6.453 -57.848 -12.55 -97.433 
-79.805 -48.2 -67.977 -5.912 -24.105 -4.094 -35.933 -46.381 
-73.607 63.227 -78.07 106.91 -35.146 97.655 -30.683 53.973 
-108.665 157.358 -91.811 197.905 -58.458 169.346 -75.311 128.799 
-160.114 265.511 -148.336 307.812 -104.465 309.682 -116.243 267.381 
-163.436 370.04 -120.227 377.856 -99.441 339.177 -142.65 331.361 
-110.903 381.564 -100.146 424.136 -62.982 400.75 -73.739 358.178 
-6.483 396.786 -6.22 440.696 35.621 454.015 35.359 410.106 
50.07 460.155 72.818 497.713 115.568 487.685 92.82 450.127 
150.26 563.706 193.83 569.156 212.478 529.402 168.907 523.952 
216.431 573.133 244.404 606.981 267.95 569.919 239.979 536.071 
263.368 516.528 278.076 557.901 321.97 556.697 307.262 515.324 
320.745 464.043 362.611 477.285 388.142 441.56 346.276 428.318 
402.075 387.959 399.406 431.788 441.915 420.782 444.583 376.953 
493.992 338.702 525.099 369.693 544.962 330.532 513.855 299.541 
528.337 277.35 556.154 311.325 597.062 295.369 569.245 261.393 
530.271 207.575 517.657 249.635 561.556 248.634 574.17 206.575 
460.93 144.441 486.552 180.101 512.55 144.714 486.928 109.054 
445.229 32.799 441.339 76.536 481.734 93.751 485.624 50.014 
389.928 -64.175 420.958 -33.107 460.095 -53.017 429.065 -84.086 
381.915 -112.936 387.112 -69.335 426.973 -87.751 421.776 -131.352 
341.535 -141.612 322.0 -102.287 353.363 -71.556 372.899 -110.881 
213.734 -93.475 236.576 -55.974 279.3 -66.111 256.458 -103.611 
205.954 -159.691 201.309 -115.945 244.27 -125.029 248.905 -168.694 
165.85 -177.512 161.214 -133.848 201.308 -115.945 205.953 -159.692 
-142.94 54.832 -144.522 98.713 -103.277 113.778 -101.695 69.896 
-171.596 133.283 -130.352 148.35 -103.278 113.78 -144.522 98.713 
-33.94 497.636 7.545 512.024 34.049 477.015 -7.437 462.627 
7.551 512.027 32.631 548.071 59.16 513.081 34.08 477.037 
382.586 485.118 407.275 521.429 434.18 486.728 409.491 450.416 
409.504 450.406 434.18 486.726 476.348 474.482 451.672 438.161 
503.37 90.185 526.883 127.269 569.418 116.367 545.905 79.282 
506.151 46.356 503.369 90.178 545.905 79.282 548.687 35.46 
277.01 -177.563 275.407 -133.683 299.903 -97.24 301.505 -141.121 
165.85 -177.512 205.954 -159.691 248.905 -168.693 208.811 -186.596 
94.348 -140.005 79.955 -98.521 115.983 -123.622 130.376 -165.107 
-144.484 37.205 -100.867 42.263 -62.606 20.717 -106.224 15.659 
-170.013 89.402 -171.595 133.284 -144.522 98.713 -142.94 54.832 
-169.4 168.433 -158.683 211.016 -124.984 239.167 -135.701 196.584 
-65.217 444.602 -67.157 488.469 -39.804 454.12 -37.864 410.253 
-33.94 497.636 -8.844 533.668 32.638 548.067 7.542 512.035 
63.464 556.779 107.031 551.295 139.053 521.251 95.487 526.735 
323.288 496.823 347.147 533.685 388.117 549.482 364.258 512.621 
407.271 521.427 449.437 509.173 476.348 474.476 434.182 486.729 
481.368 365.739 474.487 409.107 494.411 448.237 501.292 404.869 
519.17 188.123 561.597 176.806 589.269 142.713 546.842 154.03 
548.681 35.46 545.905 79.282 569.418 116.367 572.194 72.545 
446.112 -11.392 483.606 11.463 527.372 7.915 489.879 -14.94 
