156.096 234.265 147.876 277.399 191.439 271.887 199.658 228.753 
217.282 228.992 207.886 271.885 245.776 294.076 255.172 251.183 
222.587 213.217 260.798 234.851 293.18 205.195 254.969 183.561 
191.52 163.712 209.815 203.629 242.125 173.894 223.83 133.977 
134.089 177.417 151.284 217.82 195.024 213.951 177.828 173.548 
112.597 197.051 104.937 240.288 124.155 279.77 131.814 236.533 
158.711 301.16 198.366 320.018 241.532 311.965 201.877 293.108 
279.79 247.012 274.511 290.604 304.403 258.441 309.683 214.849 
243.259 117.366 260.843 157.601 298.719 179.815 281.135 139.58 
126.333 158.493 169.724 151.761 200.871 120.81 157.48 127.542 
43.544 115.621 78.864 141.71 114.59 116.181 79.271 90.093 
49.706 174.542 34.788 215.84 69.456 242.79 84.373 201.491 
-9.269 261.791 26.398 287.401 61.777 261.393 26.109 235.782 
44.267 301.661 56.905 343.713 92.994 318.699 80.356 276.647 
120.085 353.256 156.249 378.161 191.11 351.462 154.946 326.558 
175.866 392.641 191.884 433.526 225.817 405.658 209.8 364.774 
226.643 353.274 242.305 394.295 286.159 392.075 270.497 351.054 
297.08 301.735 313.552 342.438 347.173 314.193 330.699 273.49 
350.051 258.38 366.321 299.165 410.137 296.295 393.867 255.51 
354.293 198.413 344.751 241.274 388.463 237.104 398.005 194.243 
305.941 116.421 321.175 157.603 365.049 155.841 349.816 114.659 
308.256 53.841 298.966 96.757 342.653 92.33 351.942 49.414 
256.078 29.299 244.646 71.695 281.434 95.669 292.866 53.273 
159.283 59.2 147.506 101.501 191.376 99.63 203.153 57.328 
98.782 34.203 85.802 76.15 121.685 101.459 134.666 59.511 
30.389 51.067 6.995 88.226 47.763 71.914 71.157 34.755 
-15.879 211.975 -18.724 255.793 9.333 222.016 12.178 178.198 
-16.573 296.426 -4.842 338.74 29.52 366.077 17.788 323.763 
115.061 393.381 140.657 429.059 182.336 442.878 156.74 407.2 
219.458 449.104 263.33 447.287 297.755 420.029 253.882 421.846 
349.369 358.049 390.919 343.846 416.186 307.934 374.636 322.136 
434.85 190.199 420.769 231.791 433.825 273.715 447.906 232.124 
370.743 46.368 368.199 90.204 391.907 127.163 394.451 83.327 
267.676 -11.617 298.839 19.318 342.233 26.028 311.07 -4.907 
103.38 11.65 142.602 31.39 185.937 24.305 146.714 4.565 
53.771 -91.976 44.65 -49.024 82.681 -27.076 91.802 -70.028 
-35.038 -12.182 -28.73 31.272 10.649 11.844 4.34 -31.611 
-68.941 48.909 -58.717 91.612 -25.346 120.15 -35.57 77.446 
-112.806 122.066 -94.755 162.093 -51.108 157.294 -69.159 117.267 
-124.59 205.168 -80.68 205.122 -45.183 179.274 -89.094 179.321 
-105.263 241.505 -127.37 279.445 -84.456 288.745 -62.35 250.806 
-92.337 331.942 -83.648 374.984 -40.028 380.02 -48.716 336.979 
-29.563 422.665 13.124 432.955 53.708 416.189 11.02 405.899 
34.859 455.847 31.884 499.657 74.468 488.948 77.443 445.139 
99.387 444.057 90.506 487.059 108.598 527.069 117.479 484.067 
154.236 476.619 143.741 519.256 181.049 542.413 191.543 499.776 
243.236 486.329 226.164 526.784 269.914 530.52 286.987 490.065 
330.174 449.644 330.759 493.55 356.093 457.685 355.508 413.779 
388.116 403.6 383.865 447.304 424.116 464.852 428.367 421.148 
392.135 387.74 431.943 406.271 475.041 397.865 435.233 379.333 
439.308 345.263 477.403 367.1 509.944 337.618 471.849 315.781 
495.481 224.524 477.484 264.576 510.015 294.069 528.012 254.017 
449.408 134.628 474.257 170.831 515.64 185.514 490.791 149.311 
451.475 104.247 491.533 122.233 521.017 89.695 480.96 71.708 
439.955 52.108 436.527 95.884 465.032 62.483 468.46 18.707 
399.717 -7.109 413.079 34.718 448.73 9.084 435.367 -32.744 
316.458 -58.27 348.358 -28.096 386.912 -49.11 355.013 -79.285 
221.435 -40.599 262.825 -55.258 287.694 -91.447 246.303 -76.787 
170.14 -90.38 191.741 -52.151 221.424 -84.508 199.823 -122.737 
114.446 -93.793 132.609 -53.815 170.802 -32.148 152.638 -72.126 
124.791 -135.113 156.868 -105.127 195.299 -126.368 163.222 -156.354 
-4.011 -165.19 -7.239 -121.399 35.406 -131.861 38.634 -175.653 
-93.54 -135.205 -82.521 -92.7 -38.691 -90.044 -49.71 -132.549 
-124.707 -83.421 -115.861 -40.411 -72.223 -35.534 -81.069 -78.544 
-112.847 49.53 -125.823 91.48 -81.917 90.857 -68.941 48.908 
-151.917 142.028 -145.018 185.393 -105.908 165.431 -112.806 122.066 
-213.431 272.953 -211.109 316.802 -168.688 328.144 -171.011 284.295 
-219.638 399.665 -177.6 412.348 -152.546 376.287 -194.585 363.603 
-155.351 420.107 -156.182 464.009 -114.172 451.233 -113.34 407.331 
-29.588 443.139 -34.605 486.761 5.333 505.013 10.349 461.39 
32.549 502.022 50.428 542.128 94.095 537.518 76.217 497.412 
142.153 620.682 184.754 631.325 208.041 594.098 165.44 583.455 
231.149 631.434 256.865 667.027 282.768 631.571 257.053 595.979 
291.485 568.765 297.851 612.211 341.139 619.581 334.773 576.136 
352.171 501.419 392.931 517.751 421.059 484.033 380.299 467.701 
438.114 421.624 431.115 464.972 474.505 458.233 481.504 414.885 
543.134 366.368 571.165 400.167 594.648 363.063 566.616 329.265 
583.094 283.676 609.288 318.917 650.899 304.895 624.705 269.654 
591.429 206.664 571.104 245.587 614.402 252.889 634.727 213.966 
507.174 131.365 530.145 168.788 558.638 135.377 535.666 97.955 
495.665 16.107 486.032 58.947 523.799 81.347 533.432 38.507 
442.303 -90.046 471.689 -57.418 511.801 -75.282 482.415 -107.911 
406.06 -158.08 411.402 -114.496 451.202 -133.044 445.86 -176.628 
371.72 -192.452 343.53 -158.786 366.838 -121.572 395.028 -155.238 
220.813 -140.745 237.455 -100.111 281.243 -103.383 264.601 -144.017 
213.15 -211.715 205.457 -168.401 248.948 -174.458 256.626 -217.692 
174.396 -232.306 166.707 -189.075 205.446 -168.402 213.15 -211.715 
-189.746 37.858 -192.662 81.671 -151.895 97.984 -148.978 54.171 
-220.874 115.357 -180.149 131.776 -151.948 98.118 -192.673 81.699 
-61.531 546.483 -18.893 556.972 4.259 519.661 -38.38 509.172 
-17.257 557.937 6.546 594.836 34.284 560.796 10.481 523.897 
414.788 527.493 440.974 562.74 466.404 526.943 440.218 491.696 
443.528 489.355 467.178 526.353 509.672 515.294 486.023 478.297 
553.014 77.929 575.984 115.352 618.673 105.071 595.703 67.648 
556.503 34.053 552.986 77.822 595.7 67.642 599.217 23.873 
293.011 -229.857 287.343 -186.314 308.351 -147.756 314.019 -191.299 
174.391 -232.299 213.15 -211.716 256.626 -217.691 217.882 -238.354 
95.861 -196.301 77.995 -156.19 116.026 -178.139 133.891 -218.25 
-192.454 -3.12 -152.371 14.81 -109.405 5.755 -149.488 -12.174 
-217.896 71.556 -220.864 115.366 -192.712 81.668 -189.743 37.858 
-214.67 158.912 -213.724 202.812 -187.156 237.772 -188.101 193.872 
-102.152 493.464 -108.984 536.839 -77.962 505.764 -71.13 462.389 
-61.531 546.483 -35.318 581.71 6.595 594.801 -19.619 559.574 
43.706 603.683 87.589 605.236 124.004 580.699 80.121 579.146 
357.618 543.849 378.196 582.638 417.645 601.923 397.067 563.134 
440.952 562.724 483.02 550.137 509.655 515.227 467.587 527.815 
527.274 401.43 514.788 443.527 529.43 484.924 541.917 442.826 
571.36 177.404 614.519 169.317 644.683 137.407 601.524 145.493 
599.165 23.867 595.715 67.641 618.653 105.083 622.104 61.309 
498.939 -33.299 533.489 -6.199 577.369 -4.582 542.819 -31.682 
