159.889 222.395 156.51 266.175 199.191 255.86 202.571 212.081 
212.284 211.658 209.317 255.468 250.066 271.827 253.033 228.018 
214.398 203.931 255.513 219.348 282.88 185.009 241.765 169.593 
183.687 162.639 207.642 199.439 235.238 165.284 211.283 128.484 
134.835 177.251 157.434 214.9 200.223 205.041 177.625 167.393 
124.324 186.061 121.586 229.885 145.131 266.949 147.869 223.125 
163.943 282.044 205.156 297.198 247.404 285.234 206.192 270.08 
267.359 226.083 265.989 269.971 292.894 235.27 294.264 191.381 
221.09 119.956 244.68 156.99 285.534 173.085 261.944 136.051 
131.213 168.152 173.567 156.565 201.021 122.296 158.668 133.883 
69.501 136.628 108.757 156.303 139.6 125.049 100.344 105.374 
66.983 169.827 61.415 213.383 101.119 232.138 106.686 188.582 
28.087 255.401 67.845 274.039 97.857 241.986 58.099 223.348 
74.451 279.138 94.406 318.252 125.439 287.187 105.484 248.073 
132.439 330.535 172.858 347.693 201.667 314.555 161.248 297.396 
180.57 353.063 202.588 391.054 231.915 358.374 209.897 320.383 
216.216 316.145 237.423 354.594 280.544 346.306 259.337 307.857 
279.57 277.107 302.756 314.396 331.055 280.821 307.867 243.532 
315.117 238.254 337.193 276.212 380.115 266.946 358.039 228.989 
317.882 187.457 312.998 231.095 356.009 222.255 360.893 178.617 
275.749 122.8 298.519 160.345 341.262 150.291 318.493 112.746 
277.172 71.617 273.319 115.358 316.109 105.506 319.962 61.765 
229.401 53.643 224.687 97.3 264.75 115.274 269.464 71.617 
154.157 73.723 150.826 117.507 193.496 107.145 196.827 63.361 
108.474 54.93 102.915 98.487 142.622 117.234 148.181 73.677 
66.227 83.705 56.562 126.538 89.558 97.566 99.223 54.733 
21.205 207.278 21.033 251.187 46.981 215.764 47.152 171.855 
24.43 267.479 45.145 306.195 84.661 325.341 63.945 286.624 
128.951 348.083 155.748 382.868 197.874 395.259 171.076 360.474 
211.094 397.031 254.073 388.036 283.555 355.497 240.576 364.492 
315.587 321.916 356.958 307.2 381.779 270.978 340.408 285.693 
372.727 178.463 367.378 222.046 388.668 260.45 394.018 216.867 
325.175 61.334 326.18 105.233 352.795 140.157 351.79 96.258 
234.892 36.042 273.131 57.626 316.754 52.611 278.514 31.027 
109.699 50.95 151.01 65.832 193.179 53.59 151.868 38.708 
78.631 -23.03 93.518 18.279 137.407 16.886 122.519 -24.423 
23.997 37.32 47.364 74.496 75.499 40.784 52.131 3.608 
9.375 52.476 6.361 96.283 29.671 133.495 32.685 89.688 
-52.073 126.505 -27.514 162.904 14.693 150.794 -9.866 114.395 
-43.754 215.036 -2.548 199.865 21.87 163.371 -19.336 178.542 
-42.276 218.566 -49.487 261.88 -6.065 255.353 1.146 212.04 
-35.337 288.085 -16.521 327.759 27.026 322.123 8.209 282.449 
4.408 359.76 45.955 373.971 87.921 361.048 46.374 346.837 
54.54 389.575 54.579 433.485 96.328 419.879 96.289 375.969 
113.12 372.325 113.81 416.229 140.175 451.343 139.485 407.439 
154.996 404.718 154.701 448.627 196.37 462.476 196.665 418.567 
220.171 415.944 213.11 459.283 256.509 452.606 263.571 409.268 
293.328 398.304 292.605 442.208 318.996 407.114 319.719 363.21 
334.08 360.844 333.938 404.753 375.655 418.457 375.797 374.547 
335.813 345.686 377.908 358.182 419.308 343.548 377.213 331.053 
379.041 314.802 420.998 327.75 446.279 291.847 404.321 278.899 
416.836 214.73 409.379 258.002 448.23 278.466 455.686 235.193 
392.126 146.377 416.405 182.964 457.553 198.293 433.274 161.706 
394.392 133.832 436.012 147.828 462.184 112.569 420.564 98.574 
378.917 84.562 381.729 128.382 405.211 91.277 402.399 47.458 
341.532 41.067 365.985 77.537 393.114 43.01 368.66 6.54 
283.871 8.091 322.386 29.179 354.343 -0.934 315.828 -22.022 
215.006 9.75 257.409 -1.653 285.011 -35.803 242.607 -24.4 
178.031 -29.606 205.234 4.863 229.609 -31.66 202.407 -66.129 
122.739 -24.599 150.019 9.809 192.313 21.611 165.033 -12.797 
125.146 -58.985 164.23 -38.973 195.341 -69.96 156.257 -89.972 
13.33 -84.256 22.179 -41.247 60.349 -62.953 51.5 -105.962 
-39.138 -78.692 -22.907 -37.892 20.912 -40.72 4.681 -81.521 
-65.653 -27.204 -43.164 10.51 -0.347 0.776 -22.835 -36.938 
-56.481 69.182 -58.414 113.05 -16.096 101.332 -14.163 57.465 
-90.147 162.546 -70.777 201.953 -39.285 171.354 -58.654 131.947 
-137.221 263.503 -124.549 305.545 -80.649 306.485 -93.321 264.443 
-144.421 354.771 -101.244 362.763 -80.3 324.17 -123.477 316.177 
-93.968 365.898 -79.823 407.467 -44.66 381.169 -58.804 339.599 
2.293 378.628 3.807 422.511 46.01 434.633 44.497 390.749 
58.635 442.404 82.337 479.368 124.816 468.249 101.114 431.285 
158.197 541.564 201.665 547.781 221.01 508.362 177.543 502.145 
207.183 550.039 234.521 584.401 258.753 547.784 231.416 513.421 
251.543 496.234 268.668 536.667 312.414 532.874 295.289 492.441 
307.136 449.391 349.221 461.921 374.141 425.768 332.057 413.239 
387.231 373.535 385.352 417.405 427.656 405.635 429.534 361.765 
476.761 323.452 507.233 355.068 527.885 316.318 497.413 284.702 
504.887 277.225 531.981 311.78 573.217 296.691 546.123 262.136 
505.471 210.899 495.521 253.667 539.27 249.914 549.22 207.146 
442.829 151.983 468.987 187.252 494.447 151.476 468.289 116.207 
426.268 42.14 423.505 85.963 464.329 102.133 467.092 58.31 
374.742 -49.21 405.292 -17.67 444.73 -36.978 414.179 -68.518 
369.942 -95.474 373.597 -51.716 414.083 -68.714 410.428 -112.472 
327.194 -120.857 312.46 -79.493 347.247 -52.698 361.981 -94.062 
211.345 -74.199 236.023 -37.88 278.19 -50.127 253.513 -86.446 
203.586 -138.84 199.879 -95.004 242.635 -105.006 246.335 -148.76 
163.11 -155.799 159.409 -112.045 199.878 -95.005 203.585 -138.841 
-121.994 59.796 -124.102 103.655 -83.041 119.213 -80.933 75.354 
-151.59 137.899 -110.529 153.458 -83.042 119.214 -124.104 103.656 
-24.134 477.383 17.146 492.35 44.137 457.715 2.856 442.748 
17.146 492.351 41.746 528.723 68.736 494.088 44.137 457.715 
367.571 469.184 392.006 505.667 419.152 471.153 394.716 434.67 
394.716 434.67 419.152 471.153 461.4 459.187 436.964 422.704 
484.003 98.836 507.53 135.911 550.061 124.993 526.535 87.917 
486.764 55.01 484.004 98.833 526.535 87.916 529.295 44.093 
271.111 -156.181 270.764 -112.272 296.292 -76.545 296.639 -120.454 
163.11 -155.799 203.586 -138.84 246.335 -148.76 205.866 -165.8 
95.088 -117.454 82.902 -75.269 117.557 -102.234 129.744 -144.419 
-122.836 46.106 -79.126 50.288 -41.305 27.978 -85.016 23.796 
-149.48 94.039 -151.589 137.899 -124.103 103.655 -121.994 59.796 
-150.23 172.217 -136.296 213.858 -100.547 239.355 -114.481 197.715 
-52.087 424.445 -53.294 468.338 -26.518 433.538 -25.311 389.644 
-24.134 477.383 0.465 513.756 41.745 528.723 17.146 492.35 
72.495 537.837 115.798 530.563 146.556 499.224 103.253 506.499 
308.562 478.502 332.951 515.015 374.145 530.219 349.756 493.706 
392.006 505.667 434.254 493.7 461.4 459.187 419.152 471.153 
463.473 351.436 458.198 395.028 479.553 433.396 484.828 389.804 
497.468 195.282 539.76 183.47 567.032 149.056 524.74 160.868 
529.295 44.094 526.535 87.917 550.061 124.993 552.821 81.17 
427.313 3.331 466.163 23.796 509.622 17.518 470.772 -2.947 
