148.291 242.045 133.949 283.547 177.852 284.362 192.193 242.86 
221.076 243.97 205.041 284.848 238.963 312.73 254.998 271.852 
230.078 213.619 264.844 240.441 301.096 215.665 266.33 188.843 
197.293 155.235 209.603 197.385 245.885 172.653 233.576 130.504 
129.689 168.523 139.41 211.344 183.139 215.331 173.418 172.51 
95.895 205.472 81.952 247.11 95.146 288.991 109.089 247.353 
151.405 319.414 188.49 342.926 232.312 340.15 195.228 316.638 
297.432 259.421 286.88 302.044 320.469 273.763 331.021 231.14 
262.5 105.393 273.942 147.786 308.117 175.356 296.675 132.964 
114.539 132.994 158.389 135.291 195.215 111.375 151.365 109.078 
7.32 92.573 33.73 127.654 75.254 113.378 48.845 78.297 
40.252 171.076 15.589 207.406 42.518 242.088 67.182 205.759 
-33.292 286.288 0.566 314.246 37.619 290.684 3.76 262.726 
17.664 329.798 21.843 373.509 62.123 356.027 57.944 312.316 
105.344 363.78 136.191 395.029 175.444 375.347 144.596 344.098 
182.528 418.683 193.161 461.286 230.393 438.008 219.761 395.405 
241.778 383.027 251.379 425.875 295.096 429.984 285.496 387.137 
309.419 316.259 319.251 359.054 356.913 336.478 347.08 293.683 
378.659 261.886 389.663 304.394 433.492 307.064 422.488 264.556 
389.341 199.063 373.985 240.2 417.855 242.092 433.21 200.954 
329.531 106.689 337.175 149.928 380.661 156.019 373.017 112.78 
328.752 30.027 313.661 71.262 357.541 72.873 372.632 31.638 
274.869 -4.049 253.269 34.181 282.954 66.537 304.553 28.307 
168.908 33.316 143.904 69.412 185.96 82.037 210.964 45.941 
77.113 12.409 59.679 52.71 92.62 81.744 110.054 41.444 
-6.674 25.347 -35.611 58.373 7.212 48.663 36.149 15.637 
-55.847 232.152 -59.144 275.938 -30.741 242.453 -27.443 198.667 
-43.328 315.398 -38.632 359.056 -9.171 391.616 -13.868 347.957 
111.031 431.016 138.323 465.415 180.621 477.203 153.33 442.804 
224.658 481.542 268.321 486.198 306.381 464.301 262.718 459.644 
378.219 374.873 419.521 359.965 444.173 323.628 402.871 338.536 
478.138 199.037 457.282 237.678 463.121 281.198 483.978 242.557 
398.849 26.035 394.479 69.727 416.625 107.643 420.995 63.951 
291.678 -51.968 317.078 -16.15 358.681 -2.102 333.281 -37.92 
79.425 -30.391 116.538 -6.924 160.357 -9.754 123.244 -33.221 
24.812 -130.173 14.315 -87.536 51.621 -64.377 62.118 -107.014 
-60.454 -52.801 -70.508 -10.058 -26.749 -13.705 -16.696 -56.449 
-107.905 12.952 -101.552 56.4 -70.874 87.815 -77.228 44.367 
-137.553 112.712 -135.549 156.576 -93.212 168.223 -95.216 124.359 
-175.862 191.984 -138.483 215.025 -94.7 211.694 -132.079 188.653 
-139.483 258.924 -173.469 286.728 -136.523 310.459 -102.537 282.655 
-121.18 351.601 -126.123 395.231 -86.154 413.415 -81.211 369.784 
-65.212 452.009 -21.857 458.966 17.308 439.11 -26.048 432.153 
14.878 482.952 5.447 525.838 49.148 521.555 58.579 478.669 
97.21 480.838 75.684 519.11 80.766 562.725 102.291 524.453 
161.018 516.493 136.006 552.584 162.601 587.524 187.613 551.433 
256.059 528.361 229.813 563.564 271.404 577.647 297.65 542.445 
339.565 493.056 341.213 536.935 365.671 500.468 364.023 456.589 
412.961 432.502 403.689 475.422 441.643 497.503 450.915 454.583 
423.266 403.716 456.867 431.983 500.666 435.101 467.065 406.834 
477.061 352.722 505.714 385.995 546.213 369.026 517.559 335.753 
548.061 231.181 521.172 265.895 545.878 302.195 572.767 267.481 
488.745 137.458 513.848 173.485 555.333 187.877 530.23 151.85 
486.519 85.455 522.966 109.945 557.52 82.849 521.073 58.36 
480.219 27.174 464.694 68.248 501.397 44.144 516.922 3.07 
432.578 -49.0 429.728 -5.183 472.281 -16.013 475.13 -59.831 
338.441 -111.185 359.874 -72.861 402.945 -81.403 381.512 -119.727 
232.159 -76.911 273.429 -91.906 298.003 -128.296 256.732 -113.3 
157.186 -133.525 163.725 -90.104 202.999 -109.741 196.462 -153.161 
102.555 -152.847 105.98 -109.071 134.482 -75.668 131.057 -119.445 
121.42 -187.735 146.449 -151.657 188.496 -164.312 163.467 -200.39 
-12.313 -217.459 -30.639 -177.556 12.975 -172.458 31.301 -212.36 
-118.141 -178.909 -108.774 -136.01 -65.08 -131.661 -74.446 -174.56 
-151.583 -122.855 -139.671 -80.591 -95.795 -78.861 -107.707 -121.124 
-178.342 29.27 -190.067 71.586 -146.2 69.661 -134.475 27.345 
-185.506 118.366 -193.997 161.447 -150.401 156.21 -141.909 113.129 
-255.61 262.19 -264.111 305.269 -225.767 326.666 -217.266 283.587 
-276.164 396.855 -237.381 417.446 -205.813 386.924 -244.596 366.333 
-199.395 430.362 -210.516 472.84 -166.681 470.29 -155.559 427.813 
-63.68 472.339 -74.457 514.906 -37.303 538.309 -26.527 495.742 
5.983 529.613 17.705 571.93 61.573 573.859 49.851 531.542 
119.079 661.54 159.012 679.8 188.719 647.464 148.786 629.204 
219.038 679.225 239.909 717.858 270.201 686.071 249.331 647.438 
296.405 613.744 292.085 657.441 332.309 675.052 336.629 631.355 
369.14 544.24 407.77 565.116 439.561 534.827 400.931 513.951 
462.518 456.845 448.392 498.421 492.298 499.008 506.424 457.432 
581.155 395.618 603.141 433.628 632.496 400.973 610.511 362.964 
626.031 303.843 648.766 341.409 691.519 331.396 668.784 293.83 
643.088 221.085 614.753 254.629 655.412 271.211 683.747 237.666 
552.959 126.521 571.721 166.222 603.681 136.11 584.919 96.41 
547.188 5.123 529.267 45.209 561.854 74.64 579.775 34.554 
486.452 -124.2 509.677 -86.935 552.295 -97.508 529.07 -134.773 
436.012 -195.447 438.525 -151.609 479.441 -167.546 476.928 -211.384 
404.049 -232.379 370.949 -203.526 388.162 -163.13 421.261 -191.983 
229.972 -193.66 240.317 -150.987 284.1 -147.639 273.755 -190.313 
232.91 -261.866 220.513 -219.657 264.406 -220.908 276.779 -263.039 
192.329 -296.353 170.172 -258.442 199.38 -225.655 221.578 -263.636 
-218.475 2.668 -231.812 44.504 -196.145 70.116 -182.808 28.28 
-272.417 66.882 -241.261 97.824 -202.205 77.755 -233.361 46.813 
-103.243 564.76 -60.665 575.489 -37.303 538.309 -79.882 527.58 
-55.419 578.308 -40.196 619.494 -5.728 592.289 -20.952 551.102 
420.163 574.22 446.862 609.08 471.765 572.914 445.065 538.054 
459.919 528.667 475.473 569.73 519.333 567.627 503.779 526.563 
603.577 79.269 622.693 118.8 666.196 112.836 647.08 73.305 
615.836 29.965 602.851 71.912 646.757 71.298 659.742 29.352 
327.365 -273.151 309.038 -233.248 317.664 -190.194 335.991 -230.097 
197.598 -304.376 231.426 -276.421 275.216 -273.532 241.418 -301.564 
91.12 -247.951 74.9 -207.147 112.007 -230.625 128.227 -271.429 
-204.889 -71.008 -189.151 -30.015 -152.324 -6.101 -168.062 -47.094 
-256.307 25.95 -272.489 66.77 -235.404 43.257 -219.222 2.437 
-256.202 139.114 -261.503 182.703 -240.172 221.084 -234.87 177.495 
-146.075 509.064 -163.633 549.31 -125.772 527.071 -108.214 486.824 
-103.242 564.757 -80.567 602.358 -40.119 619.449 -62.796 581.848 
9.776 633.371 52.545 643.315 92.991 626.22 50.222 616.277 
368.988 585.708 380.417 628.104 414.584 655.685 403.155 613.289 
446.861 609.079 489.837 600.073 519.313 567.526 476.336 576.532 
560.886 445.569 540.877 484.656 547.664 528.038 567.673 488.952 
614.298 178.718 658.194 179.856 694.375 154.975 650.48 153.837 
659.661 29.332 649.697 72.097 666.774 112.551 676.737 69.786 
552.311 -53.598 582.177 -21.409 625.259 -12.922 595.393 -45.111 
