147.295 241.551 132.28 282.814 176.163 284.343 191.178 243.08 
221.501 244.196 204.824 284.816 238.303 313.229 254.98 272.609 
230.779 213.421 265.264 240.603 301.771 216.206 267.286 189.023 
197.673 154.451 209.627 196.703 246.117 172.278 234.164 130.026 
129.544 167.581 138.682 210.53 182.353 215.112 173.215 172.163 
95.229 204.215 80.87 245.71 93.645 287.721 108.003 246.226 
150.792 320.182 187.604 344.118 231.456 341.845 194.643 317.909 
298.327 259.98 287.188 302.453 321.165 274.639 332.304 232.165 
263.883 104.015 274.853 146.532 308.719 174.482 297.749 131.964 
113.87 130.758 157.67 133.861 194.93 110.627 151.129 107.524 
6.354 90.555 32.139 126.097 73.909 112.558 48.124 77.016 
39.079 169.455 13.746 205.321 40.028 240.497 65.361 204.631 
-35.044 286.002 -1.013 313.749 35.894 289.958 1.862 262.21 
16.912 329.555 20.705 373.301 61.138 356.176 57.345 312.43 
104.231 364.61 134.707 396.222 174.189 377.007 143.713 345.395 
182.731 420.078 193.214 462.719 230.528 439.572 220.046 396.932 
242.667 384.3 251.813 427.246 295.484 431.819 286.339 388.872 
310.15 317.144 319.468 360.054 357.399 337.932 348.08 295.022 
380.206 261.897 390.962 304.47 434.774 307.396 424.018 264.824 
391.438 198.734 375.567 239.675 419.409 242.118 435.28 201.177 
331.021 105.962 338.093 149.299 381.494 155.965 374.422 112.628 
329.294 28.093 313.907 69.219 357.775 71.144 373.162 30.018 
275.475 -6.573 253.191 31.263 282.289 64.148 304.573 26.312 
169.67 31.174 143.822 66.67 185.569 80.284 211.416 44.788 
76.057 10.867 58.833 51.257 91.925 80.12 109.149 39.729 
-7.565 23.1 -37.054 55.634 5.926 46.647 35.416 14.113 
-58.099 231.773 -61.51 275.55 -33.02 242.138 -29.609 198.361 
-44.871 315.868 -40.42 359.551 -11.142 392.276 -15.594 348.592 
110.836 433.078 138.303 467.336 180.661 478.908 153.194 444.649 
224.919 483.122 268.543 488.129 306.778 466.537 263.154 461.531 
379.944 375.613 421.22 360.634 445.809 324.254 404.533 339.233 
480.505 199.557 459.239 237.974 464.616 281.554 485.882 243.137 
400.087 24.033 395.671 67.72 417.776 105.66 422.192 61.972 
292.71 -54.787 317.685 -18.672 359.119 -4.133 334.144 -40.249 
78.309 -32.649 115.256 -8.922 159.094 -11.443 122.146 -35.171 
22.806 -131.974 12.745 -89.232 50.287 -66.456 60.347 -109.198 
-62.073 -54.718 -72.309 -12.019 -28.536 -15.479 -18.3 -58.179 
-109.349 11.564 -103.817 55.124 -73.738 87.114 -79.27 43.553 
-139.687 111.791 -138.293 155.679 -96.122 167.914 -97.516 124.027 
-178.433 190.881 -141.917 215.268 -98.041 213.533 -134.557 189.146 
-141.766 259.178 -175.732 287.006 -138.77 310.71 -104.804 282.882 
-122.848 351.632 -128.153 395.22 -88.337 413.735 -83.032 370.147 
-67.674 452.479 -24.314 459.41 14.838 439.53 -28.521 432.6 
13.6 483.423 3.455 526.145 47.221 522.591 57.366 479.869 
97.035 482.34 74.766 520.184 78.995 563.89 101.264 526.046 
161.151 518.245 135.325 553.757 161.118 589.293 186.944 553.781 
256.075 530.231 229.372 565.089 270.776 579.713 297.478 544.855 
339.483 495.837 341.086 539.717 365.581 503.274 363.977 459.394 
414.101 433.97 404.301 476.772 441.981 499.319 451.78 456.516 
424.865 404.392 458.003 433.202 501.746 437.031 468.608 408.222 
479.074 352.916 506.958 386.836 547.835 370.799 519.951 336.879 
550.616 231.744 523.296 266.12 547.548 302.726 574.867 268.349 
491.123 137.955 516.208 173.994 557.685 188.406 532.6 152.367 
487.947 83.79 524.002 108.851 558.979 82.304 522.924 57.243 
482.1 25.232 465.913 66.049 503.001 42.542 519.188 1.725 
434.094 -51.586 430.287 -7.842 473.067 -17.739 476.873 -61.484 
339.603 -113.832 360.62 -75.279 403.781 -83.354 382.764 -121.907 
232.944 -79.947 274.316 -94.659 299.138 -130.88 257.766 -116.167 
156.385 -135.638 161.772 -92.06 201.553 -110.649 196.167 -154.228 
101.382 -155.537 104.185 -111.716 132.21 -77.912 129.406 -121.733 
119.957 -189.818 145.262 -153.932 187.211 -166.91 161.906 -202.795 
-13.467 -219.79 -32.756 -180.343 10.721 -174.188 30.01 -213.635 
-120.27 -181.151 -110.606 -138.318 -66.882 -134.272 -76.546 -177.106 
-153.131 -124.835 -141.51 -82.491 -97.647 -80.458 -109.268 -122.802 
-181.347 28.222 -193.655 70.372 -149.765 69.053 -137.457 26.903 
-187.654 116.942 -196.577 159.936 -152.93 155.136 -144.007 112.143 
-257.565 261.123 -266.526 304.109 -228.413 325.915 -219.452 282.929 
-278.922 395.92 -240.296 416.805 -208.498 386.523 -247.124 365.639 
-201.667 429.898 -213.026 472.314 -169.176 470.009 -157.817 427.594 
-66.052 473.048 -76.851 515.61 -39.709 539.032 -28.911 496.471 
4.047 530.6 15.421 573.011 59.271 575.301 47.897 532.889 
117.205 662.987 156.953 681.647 186.983 649.612 147.236 630.951 
217.614 681.072 238.142 719.889 268.715 688.371 248.187 649.555 
295.83 615.773 290.975 659.414 330.98 677.516 335.835 633.876 
369.746 546.986 408.222 568.145 440.234 538.09 401.758 516.931 
463.676 458.913 449.141 500.347 493.04 501.367 507.575 459.932 
582.885 397.248 604.492 435.475 634.171 403.114 612.565 364.887 
628.051 305.192 650.567 342.89 693.377 333.126 670.862 295.428 
645.532 222.181 616.827 255.409 657.299 272.441 686.004 239.213 
555.918 126.107 574.353 165.961 606.559 136.113 588.125 96.26 
549.605 3.995 531.332 43.922 563.658 73.639 581.931 33.712 
488.265 -126.413 511.146 -88.935 553.859 -99.115 530.978 -136.592 
437.48 -197.703 439.88 -153.858 480.837 -169.69 478.437 -213.534 
405.212 -234.543 371.963 -205.862 388.964 -165.377 422.214 -194.058 
229.884 -197.723 240.069 -155.011 283.838 -151.498 273.654 -194.211 
233.784 -264.352 221.539 -222.098 265.427 -223.507 277.648 -265.682 
190.237 -298.494 168.439 -260.377 197.955 -227.866 219.793 -266.055 
-219.957 0.817 -234.359 42.297 -199.359 68.813 -184.956 27.332 
-276.062 64.337 -245.765 96.121 -206.174 77.128 -236.471 45.345 
-105.938 564.751 -63.481 575.951 -39.709 539.032 -82.167 527.832 
-58.165 578.875 -43.612 620.303 -8.708 593.66 -23.262 552.232 
419.754 576.931 446.316 611.897 471.362 575.83 444.799 540.865 
460.661 531.028 475.341 572.411 519.236 571.238 504.556 529.855 
606.585 79.767 625.424 119.431 668.968 113.771 650.129 74.108 
619.924 29.04 605.752 70.6 649.658 71.235 663.83 29.675 
329.106 -275.344 309.883 -235.865 317.535 -192.627 336.758 -232.106 
196.833 -309.782 231.002 -282.245 274.824 -279.894 240.684 -307.509 
89.626 -249.914 73.675 -209.004 110.627 -232.725 126.578 -273.635 
-205.297 -73.792 -191.067 -32.251 -155.138 -7.008 -169.368 -48.549 
-259.717 23.003 -276.549 63.559 -239.093 40.643 -222.261 0.087 
-258.858 138.033 -263.929 181.65 -242.396 219.917 -237.324 176.301 
-148.356 508.668 -166.521 548.644 -128.328 526.979 -110.163 487.003 
-105.937 564.746 -83.753 602.64 -43.533 620.258 -65.717 582.363 
7.393 634.512 50.084 644.788 90.662 628.008 47.971 617.732 
368.897 587.68 379.595 630.267 413.282 658.431 402.584 615.845 
446.315 611.897 489.388 603.361 519.217 571.138 476.145 579.674 
562.463 448.189 542.085 487.084 548.461 530.529 568.839 491.633 
616.35 178.918 660.22 180.801 696.819 156.539 652.949 154.656 
664.125 29.745 653.764 72.415 670.463 113.026 680.824 70.356 
554.582 -55.211 584.315 -22.9 627.362 -14.236 597.629 -46.547 
