160.074 222.218 158.187 266.088 200.493 254.326 202.38 210.457 
211.584 209.712 210.492 253.609 251.902 268.213 252.995 224.316 
213.378 202.017 255.067 215.803 281.061 180.414 239.372 166.628 
180.962 161.923 206.353 197.748 232.577 162.53 207.188 126.705 
133.204 177.968 157.266 214.698 199.634 203.165 175.572 166.434 
123.039 187.194 121.844 231.088 146.677 267.301 147.872 223.408 
166.023 281.526 207.561 295.762 249.534 282.863 207.996 268.627 
267.242 222.091 266.798 265.999 292.965 230.737 293.408 186.83 
216.686 117.719 241.774 153.755 283.253 168.163 258.165 132.126 
129.444 169.146 171.476 156.443 198.015 121.46 155.982 134.163 
76.136 144.132 116.535 161.336 145.381 128.229 104.982 111.026 
73.952 172.042 71.716 215.895 112.732 231.574 114.968 187.721 
41.48 255.408 82.098 272.088 110.514 238.611 69.895 221.932 
83.139 272.945 105.422 310.781 134.521 277.897 112.238 240.061 
137.425 321.709 178.667 336.784 205.748 302.219 164.506 287.144 
182.047 339.182 205.578 376.255 233.565 342.42 210.035 305.347 
211.332 304.514 234.405 341.873 277.066 331.474 253.993 294.114 
271.65 269.126 296.433 305.373 323.248 270.6 298.463 234.354 
301.731 232.04 325.421 269.012 367.903 257.908 344.214 220.936 
304.229 186.242 301.184 230.046 343.785 219.406 346.83 175.602 
264.266 127.16 288.819 163.563 331.028 151.46 306.475 115.057 
265.098 78.833 262.803 122.683 305.216 111.315 307.511 67.465 
222.015 62.771 219.432 106.605 260.323 122.607 262.906 78.773 
153.858 81.7 152.473 125.588 194.641 113.343 196.026 69.455 
109.152 65.058 105.813 108.841 146.422 125.546 149.76 81.763 
77.274 96.953 71.749 140.514 101.824 108.52 107.349 64.959 
36.799 209.181 37.742 253.081 62.782 217.01 61.838 173.111 
40.764 257.276 63.72 294.708 104.294 311.497 81.337 274.065 
135.224 330.389 162.197 365.039 204.384 377.217 177.412 342.567 
206.79 377.22 249.331 366.338 277.349 332.529 234.809 343.411 
301.596 308.802 343.02 294.238 367.974 258.107 326.549 272.671 
349.29 175.699 346.34 219.51 369.705 256.688 372.655 212.877 
309.527 67.362 310.79 111.254 337.61 146.021 336.347 102.129 
224.143 57.027 264.156 75.111 307.157 66.223 267.144 48.138 
109.772 62.922 151.62 76.223 193.293 62.386 151.445 49.085 
81.434 11.382 103.969 49.069 146.775 39.283 124.24 1.596 
43.452 54.008 67.318 90.865 94.997 56.777 71.129 19.92 
34.898 61.252 30.67 104.958 52.938 142.802 57.167 99.096 
-25.066 132.161 1.074 167.442 42.706 153.484 16.566 118.202 
-14.01 219.671 27.143 204.357 51.435 167.779 10.282 183.093 
-13.095 221.935 -14.82 265.811 27.441 253.893 29.166 210.017 
-11.932 273.333 9.15 311.85 52.298 303.702 31.216 265.185 
19.072 332.409 60.351 347.381 102.547 335.232 61.268 320.259 
67.057 361.089 67.571 404.996 109.17 390.939 108.657 347.032 
123.638 344.025 124.654 387.923 151.279 422.84 150.263 378.942 
160.475 377.396 161.895 421.283 204.073 433.494 202.653 389.607 
212.028 389.504 207.817 433.212 250.686 423.71 254.898 380.003 
273.458 376.265 272.639 420.167 299.106 385.13 299.925 341.228 
311.232 339.624 311.691 383.532 353.591 396.664 353.133 352.756 
313.076 326.358 355.136 338.968 396.576 324.446 354.515 311.837 
356.123 300.388 398.424 312.163 422.696 275.571 380.394 263.795 
387.45 211.839 383.083 255.532 423.287 273.187 427.654 229.495 
365.312 156.061 389.875 192.459 431.14 207.467 406.578 171.07 
367.231 146.502 409.056 159.872 434.697 124.226 392.872 110.856 
354.001 97.453 356.177 141.309 380.194 104.55 378.018 60.694 
318.666 57.902 345.318 92.799 370.271 56.668 343.618 21.771 
270.883 34.061 310.865 52.213 340.483 19.796 300.5 1.644 
212.554 36.987 255.016 25.805 282.796 -8.2 240.333 2.982 
178.02 -1.171 205.397 33.161 229.587 -3.484 202.212 -37.816 
124.239 1.596 152.578 35.137 195.219 45.616 166.881 12.075 
126.65 -25.37 167.051 -8.17 195.895 -41.278 155.494 -58.479 
34.623 -53.672 43.616 -10.693 81.713 -32.527 72.72 -75.506 
-8.818 -60.071 -1.479 -16.778 41.962 -10.38 34.623 -53.672 
-38.832 6.304 -5.337 34.696 32.016 11.614 -1.479 -16.779 
-29.994 80.042 -28.953 123.94 12.475 109.384 11.434 65.487 
-60.805 170.815 -38.693 208.751 -9.447 175.998 -31.559 138.062 
-100.318 248.406 -90.425 291.187 -46.681 294.999 -56.573 252.217 
-114.389 327.981 -71.99 339.401 -48.026 302.607 -90.425 291.186 
-66.388 342.493 -47.194 381.986 -15.566 351.527 -34.759 312.034 
16.54 350.32 18.559 394.184 60.899 405.819 58.881 361.955 
70.995 412.636 95.299 449.207 137.59 437.394 113.286 400.823 
152.443 503.349 195.686 510.979 216.304 472.21 173.062 464.581 
195.691 510.981 222.029 546.115 247.304 510.21 220.967 475.075 
233.995 464.324 254.907 502.934 298.09 494.975 277.177 456.365 
285.405 426.847 327.564 439.125 352.268 402.825 310.11 390.546 
362.423 352.047 361.103 395.937 403.253 383.63 404.573 339.739 
440.658 315.639 470.396 347.946 491.933 309.681 462.195 277.373 
466.552 273.643 492.867 308.794 534.43 294.629 508.115 259.478 
466.506 214.904 460.685 258.427 503.876 250.514 509.697 206.991 
414.561 163.247 441.049 198.268 466.171 162.255 439.684 127.234 
396.91 57.21 395.237 101.088 436.45 116.239 438.124 72.361 
356.714 -16.665 387.021 15.109 426.605 -3.895 396.298 -35.67 
353.521 -64.559 355.027 -20.675 396.298 -35.669 394.791 -79.553 
308.873 -85.548 300.039 -42.536 338.216 -20.842 347.05 -63.855 
208.521 -43.517 234.668 -8.241 276.298 -22.209 250.15 -57.485 
202.067 -105.073 199.323 -61.167 241.849 -72.105 244.588 -115.929 
161.228 -121.139 158.489 -77.315 199.322 -61.167 202.066 -105.073 
-88.856 68.487 -91.268 112.331 -50.316 128.174 -47.903 84.33 
-118.992 146.383 -78.04 162.227 -50.317 128.175 -91.269 112.331 
-9.753 444.937 31.535 459.881 58.507 425.23 17.218 410.287 
31.536 459.88 56.154 496.241 83.128 461.592 58.51 425.232 
341.842 445.478 366.555 481.772 393.437 447.052 368.722 410.757 
368.722 410.756 393.436 447.051 435.592 434.762 410.878 398.467 
452.893 113.714 476.959 150.442 519.326 138.903 495.26 102.176 
455.011 69.855 452.892 113.714 495.259 102.176 497.378 58.317 
265.642 -121.202 265.453 -77.293 291.108 -41.658 291.298 -85.567 
161.228 -121.139 202.067 -105.073 244.588 -115.929 203.754 -132.076 
101.796 -81.34 95.388 -37.9 126.106 -69.277 132.513 -112.717 
-88.603 55.328 -45.323 62.741 -5.952 43.299 -49.231 35.886 
-116.579 102.539 -118.992 146.383 -91.269 112.331 -88.856 68.487 
-119.866 175.595 -98.858 214.154 -59.198 233.001 -80.206 194.442 
-31.618 392.397 -32.316 436.301 -5.946 401.192 -5.248 357.288 
-9.753 444.937 14.866 481.296 56.155 496.24 31.535 459.881 
82.143 505.491 124.465 493.788 151.825 459.444 109.504 471.147 
284.914 449.571 309.817 485.736 351.222 500.355 326.319 464.191 
366.556 481.772 408.711 469.483 435.592 434.762 393.437 447.051 
429.004 333.291 427.521 377.176 452.116 413.552 453.599 369.667 
462.824 206.038 504.975 193.733 531.844 159.003 489.693 171.307 
497.377 58.317 495.259 102.176 519.325 138.904 521.444 95.045 
398.559 29.89 439.382 46.063 481.915 35.152 441.092 18.979 
