149.302 242.38 135.604 284.099 179.514 284.235 193.212 242.516 
220.746 243.589 205.355 284.713 239.71 312.059 255.101 270.935 
229.481 213.787 264.528 240.241 300.517 215.085 265.47 188.63 
196.911 155.969 209.587 198.01 245.653 172.964 232.978 130.923 
129.889 169.364 140.194 212.047 183.974 215.436 173.668 172.753 
96.637 206.492 83.138 248.275 96.776 290.014 110.276 248.231 
152.131 318.56 189.477 341.656 233.265 338.39 195.92 315.294 
296.534 258.813 286.554 301.574 319.762 272.846 329.742 230.085 
261.134 106.605 273.054 148.866 307.539 176.049 295.619 133.788 
115.298 135.144 159.182 136.653 195.572 112.079 151.688 110.571 
8.51 94.474 35.59 129.04 76.832 113.967 49.753 79.401 
41.359 172.569 17.414 209.375 45.02 243.523 68.965 206.716 
-31.576 286.239 2.121 314.391 39.309 291.042 5.612 262.89 
18.593 329.759 23.193 373.428 63.303 355.559 58.704 311.891 
106.577 363.008 137.81 393.873 176.815 373.707 145.583 342.842 
182.281 417.276 193.119 459.827 230.239 436.37 219.401 393.819 
240.868 381.637 250.934 424.377 294.694 428.011 284.628 385.27 
308.702 315.34 319.052 358.012 356.438 334.982 346.088 292.309 
377.059 261.813 388.343 304.249 432.189 306.631 420.905 264.195 
387.208 199.332 372.36 240.655 416.25 242.007 431.098 200.684 
328.007 107.393 336.211 150.53 379.772 156.056 371.568 112.92 
328.035 31.923 313.258 73.272 357.15 74.548 371.927 33.199 
274.19 -1.544 253.314 37.085 283.601 68.878 304.478 30.248 
168.19 35.439 144.083 72.14 186.437 83.726 210.544 47.026 
78.204 14.069 60.633 54.31 93.476 83.456 111.046 43.215 
-5.311 27.475 -33.716 60.96 8.946 50.566 37.351 17.081 
-53.545 232.161 -56.808 275.949 -28.43 242.442 -25.167 198.653 
-41.784 314.952 -36.8 358.578 -7.125 390.943 -12.11 347.316 
111.273 428.857 138.362 463.415 180.591 475.451 153.501 440.893 
224.447 479.896 268.148 484.179 306.019 461.957 262.318 457.674 
376.493 374.045 417.824 359.216 442.545 322.926 401.215 337.755 
475.65 198.503 455.223 237.372 461.544 280.825 481.971 241.956 
397.43 27.948 393.136 71.648 415.347 109.526 419.641 65.826 
290.617 -49.136 316.412 -13.602 358.168 -0.016 332.373 -35.551 
80.559 -28.084 117.825 -4.86 161.624 -7.977 124.358 -31.2 
26.868 -128.313 15.897 -85.795 52.943 -62.223 63.914 -104.74 
-58.802 -50.726 -68.572 -7.917 -24.839 -11.854 -15.069 -54.664 
-106.151 14.795 -98.923 58.106 -67.619 88.897 -74.847 45.586 
-135.86 113.711 -132.982 157.527 -90.422 168.329 -93.299 124.514 
-173.201 193.168 -134.991 214.803 -91.362 209.847 -129.572 188.212 
-137.234 258.657 -171.177 286.512 -134.195 310.187 -100.252 282.331 
-119.541 351.579 -124.005 395.261 -83.839 413.005 -79.375 369.322 
-62.708 451.496 -19.359 458.491 19.823 438.669 -23.527 431.674 
16.251 482.434 7.544 525.472 51.167 520.453 59.874 477.415 
97.414 479.269 76.685 517.978 82.668 561.479 103.397 522.77 
160.847 514.671 136.722 551.361 164.161 585.642 188.286 548.952 
255.973 526.368 230.231 561.94 272.017 575.431 297.76 539.858 
339.603 490.244 341.294 534.122 365.716 497.631 364.026 453.753 
411.724 430.999 402.974 474.029 441.194 495.647 449.943 452.617 
421.559 402.967 455.631 430.666 499.477 433.047 465.405 405.349 
474.951 352.557 504.387 385.139 544.471 367.212 515.035 334.63 
545.313 230.659 518.889 265.729 544.077 301.696 570.501 266.627 
486.304 137.032 511.427 173.044 552.92 187.413 527.796 151.4 
484.87 87.043 521.667 111.003 555.826 83.411 519.029 59.451 
478.12 29.075 463.311 70.412 499.59 45.674 514.398 4.336 
430.904 -46.371 429.068 -2.5 471.36 -14.312 473.194 -58.184 
337.183 -108.447 359.094 -70.394 402.054 -79.473 380.144 -117.526 
231.166 -73.873 272.362 -89.072 296.755 -125.583 255.56 -110.383 
158.018 -131.279 165.704 -88.047 204.445 -108.716 196.76 -151.948 
103.653 -149.939 107.799 -106.225 136.848 -73.297 132.701 -117.011 
122.67 -185.418 147.557 -149.242 189.654 -161.732 164.766 -197.908 
-11.144 -214.997 -28.413 -174.625 15.319 -170.677 32.588 -211.049 
-115.894 -176.692 -106.919 -133.709 -63.267 -128.962 -72.241 -171.945 
-150.042 -120.657 -137.57 -78.555 -93.676 -77.407 -106.147 -119.509 
-174.396 30.338 -185.397 72.847 -141.568 70.173 -130.568 27.664 
-183.379 119.919 -191.35 163.1 -147.82 157.337 -139.848 114.157 
-253.624 263.448 -261.629 306.622 -223.041 327.577 -215.036 284.402 
-273.408 397.927 -234.446 418.177 -203.147 387.38 -242.108 367.13 
-197.065 430.866 -207.894 473.42 -164.077 470.569 -153.247 428.016 
-61.254 471.639 -71.993 514.215 -34.818 537.585 -24.08 495.009 
8.018 528.596 20.101 570.811 63.983 572.365 51.901 530.15 
121.007 659.983 161.135 677.81 190.49 645.154 150.362 627.327 
220.469 677.236 241.697 715.674 271.693 683.607 250.465 645.169 
296.91 611.602 293.177 655.353 333.633 672.423 337.366 628.672 
368.46 541.454 407.238 562.054 438.812 531.539 400.034 510.939 
461.302 454.744 447.611 496.465 491.521 496.593 505.212 454.872 
579.284 393.974 601.673 431.747 630.679 398.781 608.289 361.008 
623.837 302.502 646.806 339.925 689.496 329.645 666.526 292.221 
640.464 220.055 612.537 253.939 653.393 270.029 681.32 236.145 
549.978 126.929 569.032 166.49 600.769 136.144 581.714 96.583 
544.497 6.119 527.009 46.397 559.911 75.475 577.399 35.198 
484.386 -122.055 507.959 -85.008 550.476 -95.979 526.904 -133.025 
434.41 -193.277 437.032 -149.445 477.908 -165.484 475.286 -209.315 
402.576 -230.222 369.638 -201.185 387.076 -160.886 420.014 -189.923 
229.794 -189.425 240.368 -146.808 284.167 -143.695 273.594 -186.313 
231.642 -259.251 219.087 -217.088 262.984 -218.175 275.515 -260.259 
193.712 -293.573 171.618 -255.627 200.88 -222.887 223.015 -260.905 
-216.834 4.541 -229.07 46.711 -192.745 71.381 -180.508 29.21 
-268.702 70.044 -236.533 99.932 -198.167 78.574 -230.336 48.686 
-100.462 564.768 -57.768 575.025 -34.819 537.589 -77.514 527.332 
-52.587 577.743 -36.708 618.681 -2.68 590.929 -18.559 549.99 
420.533 571.463 447.344 606.237 472.131 569.991 445.319 535.218 
459.186 526.301 475.575 567.038 519.383 564.04 502.994 523.303 
600.472 78.908 619.881 118.296 663.339 112.008 643.93 72.62 
611.622 30.664 599.813 72.956 643.685 71.118 655.494 28.826 
325.309 -270.895 307.886 -230.59 317.48 -187.741 334.903 -228.046 
197.32 -298.567 231.004 -270.438 274.778 -267.324 241.125 -295.53 
92.556 -245.778 76.089 -205.073 113.337 -228.326 129.804 -269.031 
-204.647 -67.855 -186.977 -27.657 -149.055 -5.522 -166.724 -45.72 
-253.456 28.876 -268.692 70.058 -232.16 45.697 -216.924 4.515 
-253.47 140.444 -258.968 184.009 -237.809 222.485 -232.311 178.92 
-143.676 509.451 -160.617 549.961 -123.101 527.145 -106.16 486.635 
-100.462 564.767 -77.3 602.071 -36.634 618.637 -59.797 581.332 
12.254 632.222 55.112 641.775 95.4 624.312 52.542 614.759 
369.001 583.641 381.183 625.827 415.835 652.797 403.653 610.61 
447.34 606.235 490.222 596.788 519.362 563.94 476.48 573.387 
559.198 442.877 539.604 482.173 546.85 525.481 566.444 486.185 
612.085 178.571 655.994 178.983 691.759 153.509 647.851 153.096 
655.396 28.803 645.939 71.683 663.493 111.932 672.95 69.052 
549.733 -52.076 579.764 -20.041 622.889 -11.776 592.858 -43.811 
