160.708 219.584 160.236 263.492 202.14 250.373 202.612 206.465 
206.428 206.309 206.289 250.219 248.007 263.92 248.146 220.011 
207.455 202.546 249.255 215.994 274.961 180.395 233.16 166.947 
178.311 164.967 204.218 200.42 229.93 164.826 204.024 129.373 
133.915 180.065 159.351 215.858 201.252 202.727 175.816 166.935 
128.774 184.346 128.612 228.256 154.291 263.875 154.453 219.965 
162.896 270.066 204.608 283.783 246.417 270.361 204.704 256.645 
254.958 219.483 254.922 263.393 280.761 227.891 280.797 183.981 
208.892 125.27 234.679 160.81 276.431 174.405 250.644 138.865 
132.194 175.553 174.021 162.188 200.004 126.791 158.177 140.155 
86.864 158.381 128.303 172.905 154.921 137.983 113.482 123.459 
84.447 170.746 84.345 214.656 126.075 228.321 126.176 184.411 
57.875 250.772 99.484 264.797 125.68 229.557 84.07 215.532 
99.8 265.031 124.893 301.064 151.41 266.064 126.316 230.031 
136.445 307.344 178.174 321.013 204.068 285.55 162.34 271.882 
178.79 321.452 204.149 357.299 230.405 322.104 205.046 286.257 
205.393 286.014 230.518 322.025 272.531 309.256 247.406 273.246 
256.436 264.45 282.237 299.98 308.055 264.462 282.253 228.932 
282.911 228.45 308.409 264.199 350.287 250.997 324.79 215.248 
283.481 183.943 282.723 227.847 324.712 215.001 325.47 171.097 
252.374 137.544 278.189 173.063 319.948 159.487 294.133 123.967 
252.474 92.629 252.043 136.537 293.935 123.379 294.366 79.471 
210.451 78.422 209.783 122.327 251.332 136.53 252.001 92.626 
157.138 93.339 157.12 137.249 198.887 123.697 198.904 79.787 
114.463 79.028 113.662 122.93 155.169 137.258 155.97 93.356 
87.278 113.512 85.554 157.388 112.739 122.905 114.463 79.029 
56.964 206.773 57.738 250.676 82.917 214.702 82.143 170.799 
57.877 250.774 82.773 286.943 124.175 301.57 99.278 265.401 
135.889 309.166 162.199 344.322 204.147 357.3 177.838 322.144 
204.151 357.297 246.145 344.469 272.579 309.407 230.584 322.235 
283.058 300.566 324.725 286.71 350.29 251.009 308.623 264.865 
325.931 171.102 325.129 215.005 350.285 250.995 351.087 207.092 
294.381 79.472 294.908 123.379 321.141 158.59 320.614 114.684 
210.874 77.172 252.246 91.886 294.364 79.472 252.993 64.758 
114.532 78.806 156.52 91.652 198.041 77.365 156.052 64.519 
87.336 40.731 113.484 76.007 155.114 62.04 128.966 26.764 
60.295 75.571 85.008 111.866 111.89 77.147 87.176 40.851 
58.653 76.747 56.34 120.596 80.241 157.431 82.555 113.582 
7.452 140.567 33.667 175.792 75.27 161.745 49.055 126.519 
12.068 219.302 53.441 204.592 78.266 168.374 36.893 183.083 
12.727 221.037 13.325 264.943 54.898 250.806 54.299 206.9 
13.331 264.954 38.133 301.188 80.258 288.797 55.457 252.563 
39.379 304.816 80.923 319.033 122.89 306.116 81.346 291.898 
84.458 327.353 84.995 371.26 126.587 357.181 126.049 313.274 
131.563 312.862 132.075 356.769 158.298 391.989 157.786 348.082 
161.261 347.864 162.268 391.763 204.329 404.371 203.322 360.472 
205.251 360.467 204.347 404.368 246.379 391.662 247.283 347.761 
250.966 347.627 250.671 391.536 276.718 356.186 277.012 312.277 
284.521 311.55 284.978 355.458 326.877 368.592 326.421 324.684 
285.715 306.871 327.601 320.048 369.233 306.089 327.347 292.912 
328.315 289.026 370.395 301.572 395.33 265.428 353.25 252.883 
354.88 207.016 353.885 250.914 395.328 265.426 396.323 221.527 
330.552 167.316 355.993 203.105 397.611 217.106 372.17 181.317 
332.171 160.147 374.043 173.37 399.558 137.634 357.686 124.411 
327.913 113.963 328.575 157.868 353.846 121.959 353.184 78.054 
297.471 76.865 324.22 111.687 349.072 75.486 322.322 40.664 
254.189 60.81 295.573 75.488 322.321 40.665 280.936 25.987 
208.474 70.955 250.523 58.307 277.107 23.359 235.058 36.007 
177.431 33.125 203.901 68.16 229.041 32.159 202.571 -2.876 
129.702 26.168 156.96 60.594 199.247 72.423 171.989 37.997 
132.004 15.773 173.411 30.387 200.105 -4.478 158.698 -19.092 
73.68 -17.523 77.404 26.229 117.864 9.167 114.14 -34.585 
31.562 -29.935 32.772 13.959 74.891 26.372 73.681 -17.522 
2.229 45.602 41.683 64.875 72.204 33.307 32.75 14.034 
4.391 93.037 5.935 136.92 47.193 121.891 45.649 78.008 
-22.054 177.854 2.946 213.952 29.552 179.021 4.553 142.922 
-49.602 215.927 -45.913 259.682 -3.159 269.695 -6.848 225.94 
-72.07 297.129 -30.29 310.64 -4.53 275.079 -46.31 261.569 
-27.304 312.621 -3.541 349.546 24.233 315.536 0.471 278.612 
37.204 314.966 38.046 358.868 80.059 371.634 79.217 327.732 
85.842 373.548 111.256 409.356 153.165 396.251 127.751 360.443 
136.561 446.497 178.885 458.191 203.086 421.552 160.761 409.858 
182.178 460.162 208.039 495.648 233.797 460.087 207.936 424.6 
213.21 420.436 237.7 456.883 279.93 444.854 255.441 408.407 
258.406 396.092 300.334 409.137 325.695 373.292 283.767 360.248 
329.415 324.604 329.077 368.513 370.941 355.266 371.28 311.358 
386.429 308.428 413.399 343.08 438.021 306.723 411.051 272.071 
415.424 268.424 441.286 303.911 483.027 290.281 457.165 254.794 
414.645 218.232 413.082 262.114 455.3 250.039 456.862 206.157 
378.143 175.968 404.318 211.224 429.761 175.436 403.586 140.18 
358.913 77.733 358.513 121.642 400.148 135.591 400.549 91.683 
333.398 27.534 360.778 61.862 401.887 46.43 374.507 12.102 
331.745 -20.427 331.843 23.483 373.574 9.821 373.476 -34.089 
286.719 -36.385 283.957 7.438 324.782 23.607 327.544 -20.216 
205.927 -5.656 232.235 29.5 273.8 15.343 247.492 -19.813 
203.147 -58.123 202.331 -14.139 244.337 -26.931 245.151 -70.834 
161.642 -72.381 160.828 -28.478 202.33 -14.137 203.146 -58.121 
-44.577 79.572 -45.429 123.474 -3.939 137.85 -3.087 93.948 
-71.923 158.49 -30.434 172.868 -3.939 137.853 -45.428 123.475 
10.289 401.908 51.917 415.876 78.066 380.601 36.437 366.633 
51.919 415.875 77.387 451.645 103.537 416.37 78.069 380.6 
307.135 413.084 332.66 448.813 358.752 413.496 333.227 377.767 
333.229 377.762 358.759 413.488 400.625 400.248 375.095 364.522 
410.047 134.604 435.36 170.484 477.306 157.497 451.993 121.617 
410.67 90.654 410.031 134.559 451.985 121.599 452.623 77.693 
257.297 -72.358 256.637 -28.453 281.908 7.455 282.569 -36.45 
161.643 -72.381 203.147 -58.122 245.151 -70.834 203.648 -85.174 
119.852 -34.857 119.067 9.046 145.508 -26.011 146.293 -69.914 
-42.756 69.799 -0.777 82.679 40.755 68.424 -1.224 55.544 
-71.071 114.588 -71.923 158.49 -45.429 123.474 -44.577 79.572 
-74.305 174.732 -48.183 210.027 -6.304 223.228 -32.426 187.933 
-0.519 351.804 -1.205 395.709 25.156 360.592 25.842 316.688 
10.289 401.909 35.757 437.678 77.386 451.645 51.917 415.876 
92.973 458.991 134.664 445.211 160.294 409.557 118.602 423.337 
256.448 407.675 281.744 443.566 323.306 457.733 298.01 421.842 
332.688 448.834 374.55 435.578 400.625 400.248 358.763 413.504 
386.032 308.745 386.204 352.655 412.154 388.077 411.981 344.168 
414.051 216.44 456.026 203.547 482.406 168.445 440.431 181.337 
452.661 77.694 452.018 121.599 477.306 157.498 477.948 113.592 
361.066 62.6 402.8 76.252 444.588 62.766 402.854 49.114 
