160.243 221.58 159.016 265.473 201.14 253.076 202.367 209.184 
209.434 208.704 208.852 252.61 250.429 266.731 251.011 222.825 
210.999 202.268 252.757 215.847 278.574 180.329 236.816 166.75 
179.345 162.99 205.036 198.6 230.964 163.162 205.274 127.552 
133.031 178.653 157.723 214.963 199.886 202.701 175.194 166.391 
124.089 186.738 123.447 230.643 148.735 266.541 149.377 222.635 
164.686 277.552 206.307 291.544 248.203 278.398 206.582 264.407 
262.749 221.286 262.528 265.196 288.516 229.802 288.736 185.893 
213.514 119.914 238.996 155.674 280.63 169.626 255.149 133.866 
130.143 171.578 172.088 158.588 198.387 123.424 156.442 136.414 
80.507 150.052 121.415 166.009 149.232 132.033 108.324 116.077 
77.976 172.41 76.985 216.309 118.429 230.817 119.42 186.918 
48.699 253.621 89.813 269.035 117.179 234.695 76.063 219.281 
90.047 269.221 113.722 306.202 141.578 272.258 117.903 235.277 
137.296 315.957 178.818 330.239 205.233 295.163 163.711 280.88 
180.565 331.486 205.03 367.949 232.148 333.414 207.684 296.951 
208.236 296.583 232.338 333.286 274.694 321.705 250.591 285.001 
265.3 267.073 290.684 302.903 316.915 267.689 291.531 231.86 
293.57 230.389 318.198 266.742 360.382 254.554 335.754 218.2 
295.302 185.695 293.333 229.561 335.66 217.878 337.629 174.012 
258.628 131.15 283.881 167.071 325.848 154.154 300.596 118.233 
259.173 84.708 257.799 128.597 299.964 116.342 301.339 72.453 
216.992 69.559 215.342 113.438 256.563 128.567 258.214 84.688 
154.799 86.594 154.137 130.499 196.098 117.56 196.759 73.655 
110.805 71.115 108.724 114.975 149.795 130.509 151.876 86.648 
81.727 104.397 78.145 148.16 106.767 114.86 110.35 71.097 
46.398 208.929 47.502 252.825 72.41 216.663 71.306 172.767 
48.639 253.788 72.594 290.588 113.604 306.279 89.649 269.479 
135.925 320.84 162.642 355.686 204.74 368.173 178.022 333.327 
205.234 368.105 247.502 356.209 274.704 321.739 232.436 333.636 
293.657 304.935 335.207 290.733 360.473 254.82 318.924 269.023 
337.968 174.024 336.197 217.899 360.553 254.435 362.324 210.561 
301.936 72.437 302.92 116.336 329.519 151.272 328.535 107.373 
218.001 66.779 258.747 83.146 301.331 72.436 260.586 56.07 
111.253 69.574 153.199 82.559 194.766 68.408 152.82 55.423 
83.748 25.904 108.396 62.244 150.574 50.033 125.926 13.693 
51.736 63.65 75.797 100.381 103.295 66.147 79.233 29.416 
46.647 67.544 42.89 111.293 65.564 148.896 69.322 105.147 
-10.478 135.71 15.741 170.932 57.342 156.88 31.123 121.657 
-1.68 220.382 39.511 205.17 63.893 168.652 22.702 183.864 
-0.682 222.85 -0.789 266.759 41.005 253.292 41.112 209.382 
-0.117 268.685 22.753 306.169 65.47 296.001 42.6 258.517 
27.573 318.175 68.936 332.911 111.062 320.52 69.698 305.784 
74.966 345.523 75.679 389.427 117.214 375.181 116.501 331.277 
127.242 329.703 128.188 373.603 154.758 408.562 153.811 364.662 
161.046 363.816 162.513 407.701 204.704 419.868 203.237 375.982 
208.291 375.976 205.799 419.815 248.262 408.638 250.755 364.799 
261.453 363.601 260.943 407.508 287.163 372.286 287.674 328.379 
298.785 326.764 299.49 370.669 341.463 383.566 340.759 339.661 
300.54 317.686 342.535 330.513 384.048 316.205 342.053 303.379 
343.528 295.33 385.794 307.234 410.177 270.716 367.911 258.811 
372.151 210.048 369.517 253.879 410.389 269.928 413.023 226.098 
349.446 162.32 374.503 198.378 415.97 212.822 390.912 176.764 
351.293 152.858 393.204 165.956 418.613 130.144 376.702 117.046 
342.022 104.774 343.493 148.659 368.099 112.291 366.628 68.406 
308.224 66.432 335.258 101.032 359.811 64.628 332.776 30.027 
263.208 46.757 303.908 63.236 332.157 29.62 291.457 13.14 
211.221 52.789 253.503 40.941 280.745 6.504 238.464 18.351 
177.513 14.772 204.742 49.22 229.089 12.679 201.861 -21.77 
125.926 13.693 154.069 47.399 196.648 58.126 168.506 24.42 
128.654 -6.02 169.656 9.697 197.273 -24.441 156.272 -40.157 
52.303 -38.442 59.586 4.859 98.518 -15.448 91.235 -58.75 
9.471 -48.098 13.525 -4.375 56.36 5.28 52.306 -38.442 
-20.77 23.046 15.907 47.189 50.202 19.767 13.524 -4.376 
-14.948 85.892 -13.193 129.766 27.992 114.539 26.237 70.664 
-43.803 174.323 -20.22 211.363 7.719 177.488 -15.863 140.449 
-79.073 234.009 -71.282 277.222 -27.776 283.166 -35.567 239.953 
-96.469 313.19 -54.477 326.03 -29.29 290.061 -71.282 277.222 
-50.027 328.766 -28.705 367.152 1.213 335.012 -20.108 296.626 
25.051 334.346 26.712 378.224 68.956 390.204 67.295 346.325 
77.743 394.419 102.626 430.598 144.724 418.113 119.841 381.934 
144.569 479.449 187.546 488.449 209.387 450.356 166.409 441.356 
188.884 489.183 214.973 524.502 240.501 488.776 214.413 453.457 
224.263 445.41 246.823 483.081 289.622 473.266 267.062 435.595 
273.065 413.869 315.162 426.356 340.046 390.178 297.948 377.691 
346.736 339.358 345.963 383.261 387.956 370.429 388.729 326.526 
417.045 314.087 445.796 347.275 468.476 309.676 439.725 276.487 
444.562 272.337 470.647 307.66 512.301 293.767 486.217 258.445 
443.969 216.951 440.071 260.688 482.872 250.88 486.77 207.143 
398.656 169.257 425.112 204.302 450.267 168.312 423.811 133.266 
379.299 66.814 378.387 110.714 419.857 125.147 420.769 81.247 
347.042 2.448 376.392 35.108 416.523 17.287 387.173 -15.373 
345.073 -45.243 345.565 -1.335 387.172 -15.372 386.68 -59.279 
299.885 -64.244 293.546 -20.794 332.911 -1.339 339.25 -44.789 
207.223 -26.542 233.641 8.531 275.162 -5.757 248.743 -40.83 
202.237 -84.997 200.175 -41.054 242.526 -52.651 244.584 -96.512 
161.153 -100.427 159.095 -56.565 200.174 -41.053 202.236 -84.997 
-69.583 73.131 -71.604 116.995 -30.512 132.472 -28.491 88.608 
-99.022 151.294 -57.93 166.77 -30.512 132.472 -71.605 116.995 
-1.669 425.893 39.723 440.545 66.449 405.705 25.056 391.053 
39.725 440.544 64.6 476.729 91.327 441.889 66.452 405.705 
326.34 431.892 351.336 467.993 377.946 433.065 352.95 396.964 
352.961 396.953 377.948 433.061 420.01 420.456 395.023 384.348 
434.615 122.919 459.137 159.344 501.357 147.278 476.835 110.853 
436.185 79.036 434.613 122.918 476.833 110.853 478.405 66.971 
262.91 -100.25 262.321 -56.344 287.651 -20.477 288.24 -64.383 
161.154 -100.427 202.237 -84.997 244.584 -96.512 203.505 -112.023 
106.838 -60.279 103.249 -16.516 131.876 -49.812 135.465 -93.575 
-68.435 59.999 -25.761 70.346 14.844 53.634 -27.829 43.287 
-97.001 107.43 -99.022 151.293 -71.604 116.995 -69.583 73.131 
-100.736 176.552 -76.581 213.222 -35.486 228.691 -59.641 192.021 
-19.15 373.914 -19.92 417.818 6.508 382.752 7.278 338.849 
-1.67 425.894 23.206 462.077 64.6 476.729 39.723 440.545 
88.871 485.731 130.766 472.58 156.929 437.316 115.035 450.467 
271.613 431.974 296.615 468.07 338.059 482.577 313.057 446.48 
351.336 467.993 393.396 455.381 420.01 420.456 377.95 433.068 
410.745 320.83 410.361 364.739 435.86 400.486 436.243 356.578 
441.922 211.422 484.031 198.976 510.783 164.155 468.673 176.602 
478.406 66.971 476.835 110.853 501.357 147.278 502.928 103.396 
380.912 42.973 422.263 57.745 464.399 45.39 423.048 30.618 
