160.2 221.805 158.84 265.694 201.001 253.426 202.362 209.537 
209.948 208.991 209.278 252.896 250.828 267.1 251.497 223.195 
211.572 202.216 253.321 215.819 279.16 180.317 237.41 166.713 
179.675 162.738 205.314 198.386 231.294 162.987 205.656 127.339 
133.018 178.519 157.58 214.917 199.786 202.806 175.225 166.408 
123.72 186.963 122.976 230.867 148.18 266.823 148.924 222.919 
165.037 278.616 206.643 292.653 248.553 279.553 206.947 265.516 
263.891 221.485 263.631 265.394 289.65 230.024 289.911 186.115 
214.229 119.332 239.642 155.14 281.25 169.171 255.837 133.363 
129.91 170.998 171.873 158.065 198.219 122.937 156.257 135.87 
79.565 148.771 120.376 164.975 148.399 131.169 107.588 114.965 
77.113 172.476 75.908 216.37 117.28 231.08 118.486 187.187 
47.239 254.074 88.257 269.744 115.836 235.576 74.818 219.905 
88.557 269.985 111.958 307.14 140.064 273.404 116.663 236.248 
137.454 317.234 178.929 331.653 205.459 296.664 163.984 282.245 
180.904 333.064 205.188 369.647 232.476 335.247 208.193 298.663 
208.822 298.248 232.724 335.081 275.142 323.731 251.239 286.897 
266.672 267.442 291.949 303.346 318.285 268.21 293.007 232.306 
295.26 230.688 319.704 267.166 361.949 255.19 337.505 218.713 
297.179 185.875 294.989 229.73 337.375 218.261 339.565 174.405 
259.75 130.29 284.871 166.304 326.885 153.541 301.765 117.527 
260.329 83.418 258.776 127.301 300.991 115.218 302.544 71.335 
218.078 68.101 216.254 111.973 257.416 127.264 259.239 83.392 
154.528 85.561 153.737 129.464 195.736 116.649 196.527 72.746 
110.368 69.864 108.049 113.712 149.034 129.468 151.354 85.619 
80.861 102.899 76.916 146.631 105.813 113.569 109.758 69.837 
44.501 209.102 45.602 252.998 70.513 216.838 69.412 172.942 
47.111 254.419 70.882 291.338 111.814 307.234 88.042 270.315 
135.938 322.71 162.719 357.508 204.839 369.918 178.058 335.12 
205.486 369.879 247.809 358.179 275.171 323.838 232.849 335.537 
295.29 305.619 336.814 291.341 362.015 255.383 320.491 269.661 
340.118 174.427 338.128 218.292 362.301 254.949 364.292 211.084 
303.518 71.302 304.565 115.2 331.214 150.098 330.167 106.201 
219.238 64.938 259.852 81.629 302.52 71.259 261.906 54.568 
110.857 68.174 152.788 81.208 194.372 67.106 152.441 54.072 
83.214 23.06 107.489 59.65 149.79 47.87 125.514 11.28 
50.092 61.701 74.137 98.442 101.65 64.22 77.605 27.479 
44.323 66.207 40.414 109.942 62.958 147.623 66.867 103.887 
-13.485 134.907 12.707 170.149 54.319 156.129 28.127 120.886 
-4.112 220.359 37.068 205.117 61.424 168.581 20.244 183.823 
-3.104 222.845 -3.468 266.753 38.404 253.532 38.768 209.623 
-2.483 269.539 20.012 307.248 62.828 297.506 40.332 259.797 
25.779 321.071 67.11 335.898 109.263 323.6 67.932 308.773 
73.212 348.668 73.865 392.574 115.419 378.385 114.767 334.48 
126.557 332.595 127.527 376.494 154.116 411.439 153.146 367.54 
161.058 366.547 162.548 410.431 204.745 422.576 203.256 378.691 
208.98 378.687 206.139 422.505 248.691 411.666 251.531 367.848 
263.83 366.256 263.25 410.162 289.526 374.982 290.106 331.076 
301.239 329.468 301.895 373.373 343.855 386.316 343.198 342.411 
303.054 319.424 345.063 332.207 386.562 317.857 344.553 305.074 
346.077 296.299 388.355 308.156 412.698 271.611 370.419 259.753 
375.19 210.467 372.21 254.276 412.954 270.647 415.934 226.838 
352.701 161.079 377.653 197.21 419.077 211.775 394.125 175.643 
354.561 151.617 396.455 164.768 421.909 128.989 380.015 115.837 
344.396 103.273 346.016 147.154 370.498 110.701 368.877 66.821 
310.309 64.724 337.288 99.367 361.899 63.002 334.918 28.359 
264.77 44.244 305.336 61.051 333.856 27.663 293.289 10.856 
211.468 49.537 253.793 37.847 281.163 3.511 238.838 15.201 
177.624 11.503 204.882 45.928 229.199 9.366 201.941 -25.059 
125.515 11.28 153.726 44.929 196.327 55.569 168.116 21.921 
128.212 -9.944 169.112 6.034 196.946 -27.927 156.046 -43.905 
48.693 -41.545 56.561 1.654 95.215 -19.179 87.346 -62.378 
5.742 -50.662 10.345 -6.994 53.298 2.123 48.695 -41.546 
-24.536 19.678 11.609 44.611 46.49 17.939 10.345 -6.994 
-18.065 84.725 -16.388 128.603 24.825 113.449 23.148 69.571 
-47.42 173.627 -24.143 210.86 4.074 177.217 -19.202 139.984 
-83.525 236.898 -75.213 280.014 -31.638 285.432 -39.951 242.316 
-100.194 316.125 -58.13 328.725 -33.149 292.614 -75.212 280.014 
-53.489 331.528 -32.56 370.13 -2.316 338.298 -23.243 299.696 
23.234 337.578 24.989 381.453 67.259 393.342 65.504 349.467 
76.246 398.224 100.988 434.5 143.134 422.18 118.393 385.903 
146.286 484.556 189.347 493.152 210.829 454.855 167.768 446.259 
190.219 493.626 216.354 528.912 241.836 493.152 215.702 457.867 
226.138 449.342 248.367 487.209 291.25 477.769 269.021 439.902 
275.511 416.594 317.625 429.025 342.461 392.814 300.348 380.383 
349.904 342.033 349.011 385.934 391.039 373.217 391.933 329.317 
422.016 314.522 451.053 347.461 473.407 309.667 444.37 276.728 
449.08 272.692 475.212 307.98 516.848 294.032 490.717 258.744 
448.621 216.637 444.324 260.336 487.212 250.919 491.509 207.22 
401.91 168.079 428.379 203.115 453.521 167.116 427.052 132.08 
382.916 64.874 381.857 108.771 423.278 123.343 424.337 79.446 
349.127 -1.386 378.748 31.028 418.729 12.874 389.108 -19.54 
346.889 -49.242 347.557 -5.337 389.107 -19.54 388.439 -63.445 
301.796 -68.655 294.954 -25.281 334.091 -5.371 340.932 -48.745 
207.463 -29.99 233.848 5.108 275.382 -9.14 248.997 -44.238 
202.159 -89.169 199.939 -45.233 242.332 -56.677 244.548 -100.531 
161.132 -104.747 158.915 -60.893 199.937 -45.233 202.159 -89.169 
-73.56 72.18 -75.689 116.039 -34.635 131.617 -32.506 87.759 
-103.193 150.269 -62.139 165.848 -34.636 131.618 -75.69 116.039 
-3.401 429.775 37.967 444.493 64.75 409.697 23.38 394.978 
37.968 444.492 62.785 480.718 89.569 445.922 64.752 409.697 
329.459 434.753 354.393 470.897 381.062 436.013 356.127 399.87 
356.135 399.862 381.063 436.011 423.145 423.474 398.218 387.325 
438.411 121.042 462.828 157.537 505.083 145.592 480.665 109.097 
440.107 77.164 438.409 121.042 480.664 109.097 482.361 65.22 
263.532 -104.6 263.015 -60.693 288.403 -24.868 288.921 -68.774 
161.132 -104.746 202.159 -89.169 244.548 -100.531 203.525 -116.19 
105.663 -64.551 101.561 -20.833 130.576 -53.79 134.678 -97.508 
-72.591 58.892 -29.788 68.692 10.6 51.461 -32.202 41.662 
-101.062 106.411 -103.192 150.269 -75.689 116.039 -73.559 72.18 
-104.803 176.237 -81.158 213.238 -40.282 229.275 -63.926 192.274 
-21.815 377.64 -22.568 421.543 3.846 386.467 4.6 342.564 
-3.401 429.774 21.415 465.999 62.785 480.718 37.967 444.493 
87.226 489.77 129.171 476.781 155.471 441.618 113.526 454.607 
274.222 435.683 299.2 471.796 340.635 486.331 315.657 450.217 
354.392 470.896 396.473 458.354 423.146 423.473 381.065 436.015 
414.243 323.523 413.739 367.43 439.139 403.248 439.643 359.341 
446.266 210.422 488.388 198.02 515.176 163.227 473.054 175.63 
482.361 65.22 480.664 109.097 505.083 145.592 506.779 101.715 
384.513 40.392 425.787 55.378 467.987 43.241 426.713 28.256 
