161.002 218.752 160.722 262.661 202.569 249.359 202.849 205.45 
205.461 205.374 205.389 249.284 247.128 262.921 247.2 219.011 
206.218 202.74 248.014 216.201 273.731 180.611 231.935 167.15 
178.145 165.842 204.067 201.284 229.764 165.679 203.843 130.236 
134.501 180.586 160.119 216.248 201.952 202.905 176.334 167.242 
131.026 183.361 130.951 227.271 156.701 262.839 156.776 218.929 
162.418 267.131 204.149 280.791 245.939 267.312 204.208 253.653 
251.974 218.751 251.963 262.661 277.781 227.144 277.792 183.234 
207.237 127.501 233.056 163.018 274.82 176.575 249.001 141.059 
133.276 177.254 175.072 163.791 200.972 128.332 159.176 141.795 
89.165 161.375 130.742 175.497 157.022 140.319 115.444 126.197 
87.197 169.853 87.216 213.763 128.982 227.314 128.964 183.404 
61.113 249.65 102.817 263.391 128.773 227.973 87.068 214.233 
103.209 263.676 128.623 299.484 154.825 264.249 129.411 228.441 
136.165 303.995 177.919 317.588 203.749 282.079 161.996 268.486 
178.337 317.887 203.914 353.579 229.955 318.224 204.379 282.532 
204.676 282.322 230.08 318.136 271.992 305.041 246.588 269.227 
253.069 263.442 278.918 298.937 304.688 263.384 278.838 227.889 
279.209 227.617 304.881 263.241 346.694 249.834 321.022 214.21 
279.515 183.217 279.053 227.124 320.954 213.995 321.416 170.087 
250.289 140.085 276.17 175.556 317.904 161.903 292.023 126.431 
250.263 95.451 250.049 139.361 291.876 125.996 292.09 82.086 
208.282 81.498 207.879 125.407 249.514 139.358 249.917 95.45 
158.36 95.855 158.457 139.765 200.188 126.104 200.091 82.194 
116.02 81.878 115.582 125.786 157.205 139.772 157.644 95.864 
89.286 116.72 88.143 160.615 114.869 125.775 116.011 81.88 
60.518 205.741 61.11 249.647 86.438 213.778 85.846 169.872 
61.042 249.876 86.255 285.825 127.784 300.089 102.57 264.139 
135.785 305.216 161.95 340.479 203.846 353.628 177.68 318.365 
203.917 353.578 245.84 340.516 272.078 305.308 230.155 318.369 
279.366 299.26 321.059 285.485 346.693 249.833 305.0 263.609 
321.851 170.089 321.317 213.996 346.692 249.832 347.227 205.925 
292.232 82.086 292.606 125.995 318.717 161.298 318.343 117.389 
208.575 80.615 250.092 94.912 292.084 82.075 250.567 67.778 
116.039 81.821 157.988 94.8 199.553 80.643 157.605 67.664 
89.136 44.593 115.319 79.843 156.935 65.834 130.751 30.585 
62.654 79.666 87.812 115.654 114.264 80.605 89.105 44.618 
61.848 80.246 60.14 124.123 84.548 160.624 86.256 116.747 
13.425 141.897 39.465 177.252 81.137 163.41 55.096 128.055 
16.542 218.565 58.007 204.118 83.061 168.057 41.595 182.505 
17.017 219.862 17.529 263.769 59.129 249.714 58.617 205.807 
17.53 263.768 42.674 299.766 84.68 286.976 59.537 250.978 
43.421 301.991 85.03 316.021 126.938 302.914 85.33 288.885 
87.176 321.544 87.446 365.453 129.122 351.628 128.852 307.719 
132.963 307.495 133.299 351.403 159.38 386.729 159.044 342.82 
161.309 342.726 162.001 386.631 203.971 399.54 203.279 355.635 
204.612 355.632 203.981 399.538 245.933 386.569 246.563 342.664 
248.916 342.609 248.687 386.519 274.681 351.13 274.91 307.22 
280.022 306.896 280.242 350.806 322.07 364.166 321.851 320.256 
280.974 303.413 322.821 316.716 364.494 302.881 322.648 289.578 
323.351 287.027 365.314 299.957 390.579 264.043 348.616 251.113 
349.666 205.894 349.038 249.799 390.601 263.964 391.229 220.058 
324.856 167.733 350.398 203.451 392.055 217.335 366.514 181.617 
326.127 162.792 367.946 176.183 393.604 140.549 351.785 127.158 
322.976 117.1 323.412 161.008 348.868 125.229 348.431 81.321 
294.158 80.545 320.635 115.573 345.768 79.567 319.29 44.538 
251.341 65.3 292.856 79.602 319.287 44.538 277.771 30.236 
207.134 76.629 249.108 63.732 275.483 28.627 233.51 41.524 
177.519 39.116 203.663 74.395 229.136 38.629 202.993 3.35 
131.533 29.967 158.358 64.731 200.494 77.088 173.668 42.324 
133.324 22.939 174.838 37.246 201.273 2.185 159.759 -12.122 
80.713 -9.719 83.28 34.115 124.176 18.128 121.609 -25.707 
38.88 -23.062 39.116 20.848 80.95 34.191 80.713 -9.718 
9.908 54.658 50.248 72.002 79.208 38.996 38.868 21.652 
11.271 95.568 12.477 139.462 53.849 124.752 52.644 80.858 
-15.052 178.717 10.228 214.62 36.562 179.483 11.282 143.58 
-38.914 210.75 -36.667 254.602 5.734 266.016 3.487 222.164 
-62.988 292.282 -21.224 305.841 4.578 270.311 -37.186 256.752 
-18.937 307.394 5.664 343.766 32.653 309.129 8.052 272.758 
41.741 308.67 42.301 352.577 84.232 365.612 83.672 321.706 
88.117 367.331 113.635 403.065 155.506 389.838 129.987 354.104 
135.203 435.389 177.31 447.844 202.168 411.647 160.061 399.192 
180.216 449.674 206.043 485.185 231.835 449.648 206.008 414.137 
209.654 411.308 234.709 447.368 276.747 434.681 251.692 398.622 
253.813 389.762 295.678 403.005 321.209 367.281 279.344 354.037 
324.146 320.209 323.897 364.118 365.734 350.785 365.983 306.876 
376.281 305.562 402.749 340.598 427.892 304.599 401.424 269.562 
404.949 266.706 430.776 302.217 472.531 288.628 446.704 253.117 
404.209 218.365 403.338 262.266 445.36 249.528 446.231 205.627 
370.76 178.049 396.815 213.394 422.379 177.693 396.325 142.348 
352.722 81.142 352.427 125.051 394.096 138.9 394.391 94.991 
327.891 35.761 354.648 70.577 396.028 55.89 369.272 21.073 
326.549 -11.616 326.595 32.294 368.341 18.682 368.296 -25.228 
281.995 -26.573 280.391 17.308 321.628 32.394 323.233 -11.487 
205.371 1.452 231.558 36.699 273.172 22.685 246.985 -12.561 
203.421 -48.491 203.007 -4.501 244.894 -17.676 245.308 -61.585 
161.789 -62.371 161.374 -18.463 203.005 -4.499 203.421 -48.489 
-35.668 82.091 -36.066 125.999 5.57 139.946 5.968 96.038 
-62.198 161.288 -20.562 175.237 5.571 139.949 -36.065 126.0 
15.027 393.653 56.743 407.358 82.668 371.918 40.952 358.213 
56.748 407.359 82.439 442.969 108.368 407.532 82.677 371.922 
300.632 406.068 326.318 441.681 352.251 406.246 326.564 370.634 
326.563 370.631 352.277 406.224 394.075 392.767 368.36 357.174 
401.086 138.411 426.604 174.145 468.475 160.918 442.957 125.184 
401.399 94.482 401.078 138.391 442.937 125.128 443.258 81.219 
254.236 -62.402 253.752 -18.495 279.167 17.312 279.652 -26.595 
161.789 -62.37 203.422 -48.491 245.308 -61.584 203.676 -75.546 
125.197 -25.832 124.912 18.077 150.952 -17.278 151.237 -61.187 
-33.912 74.29 7.87 87.795 49.61 74.162 7.828 60.657 
-61.799 117.379 -62.197 161.288 -36.066 125.999 -35.668 82.091 
-64.375 172.309 -38.035 207.442 3.925 220.383 -22.415 185.25 
7.097 344.835 6.611 388.743 32.812 353.507 33.298 309.599 
15.027 393.653 40.716 429.265 82.43 442.975 56.741 407.364 
92.462 448.461 134.146 434.655 159.754 398.986 118.071 412.791 
252.011 398.391 277.487 434.154 319.12 448.112 293.643 412.349 
326.435 441.766 368.215 428.255 394.074 392.767 352.294 406.278 
376.205 305.622 376.407 349.532 402.381 384.936 402.178 341.027 
403.943 217.546 445.841 204.407 472.015 169.15 430.117 182.289 
443.257 81.22 443.033 125.129 468.661 160.785 468.885 116.875 
354.729 70.799 396.522 84.271 438.251 70.606 396.459 57.133 
