162.001 216.805 162.001 260.715 203.762 247.146 203.762 203.236 
203.762 203.236 203.762 247.146 245.523 260.715 245.523 216.805 
203.762 203.236 245.523 216.805 271.332 181.281 229.571 167.712 
177.952 167.712 203.762 203.236 229.571 167.712 203.762 132.188 
136.191 181.281 162.001 216.805 203.762 203.236 177.952 167.712 
136.191 181.281 136.191 225.191 162.001 260.715 162.001 216.805 
162.001 260.715 203.762 274.284 245.523 260.715 203.762 247.146 
245.523 216.805 245.523 260.715 271.332 225.191 271.332 181.281 
203.762 132.188 229.571 167.712 271.332 181.281 245.523 145.757 
136.191 181.281 177.952 167.712 203.762 132.188 162.001 145.757 
94.43 167.712 136.191 181.281 162.001 145.757 120.24 132.188 
94.43 167.712 94.43 211.622 136.191 225.191 136.191 181.281 
68.621 247.146 110.381 260.715 136.191 225.191 94.43 211.622 
110.381 260.715 136.191 296.239 162.001 260.715 136.191 225.191 
136.191 296.239 177.952 309.808 203.762 274.284 162.001 260.715 
177.952 309.808 203.762 345.332 229.571 309.808 203.762 274.284 
203.762 274.284 229.571 309.808 271.332 296.239 245.523 260.715 
245.523 260.715 271.332 296.239 297.142 260.715 271.332 225.191 
271.332 225.191 297.142 260.715 338.903 247.146 313.093 211.622 
271.332 181.281 271.332 225.191 313.093 211.622 313.093 167.712 
245.523 145.757 271.332 181.281 313.093 167.712 287.284 132.188 
245.523 101.847 245.523 145.757 287.284 132.188 287.284 88.278 
203.762 88.278 203.762 132.188 245.523 145.757 245.523 101.847 
162.001 101.847 162.001 145.757 203.762 132.188 203.762 88.278 
120.24 88.278 120.24 132.188 162.001 145.757 162.001 101.847 
94.43 123.802 94.43 167.712 120.24 132.188 120.24 88.278 
68.621 203.236 68.621 247.146 94.43 211.622 94.43 167.712 
68.621 247.146 94.43 282.67 136.191 296.239 110.381 260.715 
136.191 296.239 162.001 331.763 203.762 345.332 177.952 309.808 
203.762 345.332 245.523 331.763 271.332 296.239 229.571 309.808 
271.332 296.239 313.093 282.67 338.903 247.146 297.142 260.715 
313.093 167.712 313.093 211.622 338.903 247.146 338.903 203.236 
287.284 88.278 287.284 132.188 313.093 167.712 313.093 123.802 
203.762 88.278 245.523 101.847 287.284 88.278 245.523 74.709 
120.24 88.278 162.001 101.847 203.762 88.278 162.001 74.709 
94.43 52.754 120.24 88.278 162.001 74.709 136.191 39.185 
68.621 88.278 94.43 123.802 120.24 88.278 94.43 52.754 
68.621 88.278 68.621 132.188 94.43 167.712 94.43 123.802 
26.86 145.757 52.669 181.281 94.43 167.712 68.621 132.188 
26.86 216.805 68.621 203.236 94.43 167.712 52.669 181.281 
26.86 216.805 26.86 260.715 68.621 247.146 68.621 203.236 
26.86 260.715 52.669 296.239 94.43 282.67 68.621 247.146 
52.669 296.239 94.43 309.808 136.191 296.239 94.43 282.67 
94.43 309.808 94.43 353.718 136.191 340.149 136.191 296.239 
136.191 296.239 136.191 340.149 162.001 375.673 162.001 331.763 
162.001 331.763 162.001 375.673 203.762 389.242 203.762 345.332 
203.762 345.332 203.762 389.242 245.523 375.673 245.523 331.763 
245.523 331.763 245.523 375.673 271.332 340.149 271.332 296.239 
271.332 296.239 271.332 340.149 313.093 353.718 313.093 309.808 
271.332 296.239 313.093 309.808 354.854 296.239 313.093 282.67 
313.093 282.67 354.854 296.239 380.664 260.715 338.903 247.146 
338.903 203.236 338.903 247.146 380.664 260.715 380.664 216.805 
313.093 167.712 338.903 203.236 380.664 216.805 354.854 181.281 
313.093 167.712 354.854 181.281 380.664 145.757 338.903 132.188 
313.093 123.802 313.093 167.712 338.903 132.188 338.903 88.278 
287.284 88.278 313.093 123.802 338.903 88.278 313.093 52.754 
245.523 74.709 287.284 88.278 313.093 52.754 271.332 39.185 
203.762 88.278 245.523 74.709 271.332 39.185 229.571 52.754 
177.952 52.754 203.762 88.278 229.571 52.754 203.762 17.23 
136.191 39.185 162.001 74.709 203.762 88.278 177.952 52.754 
136.191 39.185 177.952 52.754 203.762 17.23 162.001 3.661 
94.43 8.844 94.43 52.754 136.191 39.185 136.191 -4.725 
52.669 -4.725 52.669 39.185 94.43 52.754 94.43 8.844 
26.86 74.709 68.621 88.278 94.43 52.754 52.669 39.185 
26.86 101.847 26.86 145.757 68.621 132.188 68.621 88.278 
1.05 181.281 26.86 216.805 52.669 181.281 26.86 145.757 
-14.901 203.236 -14.901 247.146 26.86 260.715 26.86 216.805 
-40.711 282.67 1.05 296.239 26.86 260.715 -14.901 247.146 
1.05 296.239 26.86 331.763 52.669 296.239 26.86 260.715 
52.669 296.239 52.669 340.149 94.43 353.718 94.43 309.808 
94.43 353.718 120.24 389.242 162.001 375.673 136.191 340.149 
136.191 411.197 177.952 424.766 203.762 389.242 162.001 375.673 
177.952 424.766 203.762 460.29 229.571 424.766 203.762 389.242 
203.762 389.242 229.571 424.766 271.332 411.197 245.523 375.673 
245.523 375.673 287.284 389.242 313.093 353.718 271.332 340.149 
313.093 309.808 313.093 353.718 354.854 340.149 354.854 296.239 
354.854 296.239 380.664 331.763 406.474 296.239 380.664 260.715 
380.664 260.715 406.474 296.239 448.235 282.67 422.425 247.146 
380.664 216.805 380.664 260.715 422.425 247.146 422.425 203.236 
354.854 181.281 380.664 216.805 406.474 181.281 380.664 145.757 
338.903 88.278 338.903 132.188 380.664 145.757 380.664 101.847 
313.093 52.754 338.903 88.278 380.664 74.709 354.854 39.185 
313.093 8.844 313.093 52.754 354.854 39.185 354.854 -4.725 
271.332 -4.725 271.332 39.185 313.093 52.754 313.093 8.844 
203.762 17.23 229.571 52.754 271.332 39.185 245.523 3.661 
203.762 -26.762 203.762 17.23 245.523 3.661 245.523 -40.249 
162.001 -40.249 162.001 3.661 203.762 17.23 203.762 -26.762 
-14.901 88.278 -14.901 132.188 26.86 145.757 26.86 101.847 
-40.711 167.712 1.05 181.281 26.86 145.757 -14.901 132.188 
26.86 375.673 68.62 389.242 94.43 353.718 52.669 340.149 
68.62 389.242 94.43 424.766 120.24 389.242 94.43 353.718 
287.284 389.242 313.093 424.766 338.903 389.242 313.093 353.718 
313.093 353.718 338.903 389.242 380.664 375.673 354.854 340.149 
380.664 145.757 406.474 181.281 448.235 167.712 422.425 132.188 
380.664 101.847 380.664 145.757 422.425 132.188 422.425 88.278 
245.523 -40.249 245.523 3.661 271.332 39.185 271.332 -4.725 
162.001 -40.249 203.762 -26.762 245.523 -40.249 203.762 -53.818 
136.191 -4.725 136.191 39.185 162.001 3.661 162.001 -40.249 
-14.901 88.278 26.86 101.847 68.621 88.278 26.86 74.709 
-40.711 123.802 -40.711 167.712 -14.901 132.188 -14.901 88.278 
-40.711 167.712 -14.901 203.236 26.86 216.805 1.05 181.281 
26.86 331.763 26.86 375.673 52.669 340.149 52.669 296.239 
26.86 375.673 52.669 411.197 94.43 424.766 68.62 389.242 
94.43 424.766 136.191 411.197 162.001 375.673 120.24 389.242 
245.523 375.673 271.332 411.197 313.093 424.766 287.284 389.242 
313.093 424.766 354.854 411.197 380.664 375.673 338.903 389.242 
354.854 296.239 354.854 340.149 380.664 375.673 380.664 331.763 
380.664 216.805 422.425 203.236 448.235 167.712 406.474 181.281 
422.425 88.278 422.425 132.188 448.235 167.712 448.235 123.802 
338.903 88.278 380.664 101.847 422.425 88.278 380.664 74.709 
