157.931 228.095 151.791 271.574 195.039 263.977 201.179 220.499 
213.731 220.693 206.777 264.049 245.862 284.061 252.816 240.705 
217.293 210.295 256.724 229.616 287.283 198.085 247.852 178.764 
187.615 164.923 208.321 203.644 238.748 171.985 218.042 133.264 
135.058 178.149 154.834 217.354 198.231 210.661 178.455 171.456 
120.11 190.478 114.652 234.048 135.847 272.504 141.304 228.935 
159.344 289.548 199.709 306.832 242.525 297.088 202.159 279.805 
270.352 238.598 266.713 282.357 295.377 249.094 299.016 205.335 
232.362 121.455 252.506 160.471 291.737 180.195 271.593 141.179 
130.047 165.028 173.045 156.125 202.599 123.649 159.6 132.552 
57.815 125.371 94.814 149.017 128.737 121.136 91.737 97.49 
57.066 171.449 45.714 213.866 82.548 237.77 93.9 195.352 
6.974 255.212 44.598 277.85 77.754 249.062 40.13 226.424 
59.576 289.033 75.687 329.881 109.557 301.936 93.446 261.088 
123.894 343.439 162.037 365.193 194.513 335.64 156.37 313.886 
175.856 375.388 194.778 415.012 226.615 384.772 207.694 345.148 
221.253 335.502 239.466 375.457 283.093 370.482 264.881 330.527 
289.314 292.582 308.767 331.947 340.194 301.281 320.741 261.916 
334.42 251.572 353.552 291.095 397.053 285.112 377.92 245.589 
336.918 193.626 329.529 236.91 372.978 230.562 380.366 187.278 
292.855 119.55 311.608 159.254 355.164 153.687 336.411 113.984 
294.219 61.611 287.697 105.034 331.01 97.818 337.532 54.395 
242.764 40.417 234.5 83.542 272.961 104.728 281.225 61.603 
154.976 64.606 147.38 107.854 190.858 101.714 198.455 58.466 
106.728 41.515 96.948 84.321 134.638 106.851 144.418 64.044 
46.374 64.155 28.476 104.252 66.524 82.333 84.422 42.236 
2.654 207.098 0.592 250.959 28.041 216.686 30.103 172.825 
1.068 283.603 16.89 324.563 53.766 348.401 37.944 307.44 
118.955 373.682 144.693 409.258 186.427 422.912 160.689 387.336 
216.364 427.467 259.967 422.288 292.199 392.469 248.595 397.648 
334.89 344.87 376.458 330.722 401.772 294.843 360.204 308.991 
409.003 184.317 398.951 227.061 415.943 267.551 425.995 224.807 
352.569 52.143 351.459 96.039 376.361 132.204 377.472 88.308 
251.791 7.608 286.307 34.751 330.185 36.422 295.669 9.279 
109.287 33.694 149.559 51.194 192.426 41.68 152.154 24.18 
64.769 -66.248 66.25 -22.363 108.444 -10.209 106.964 -54.094 
-11.464 8.044 4.64 48.894 38.515 20.953 22.409 -19.897 
-39.257 49.906 -34.138 93.516 -4.364 125.789 -9.483 82.178 
-90.007 124.68 -68.042 162.701 -25.094 153.56 -47.059 115.539 
-91.345 210.147 -48.346 201.25 -18.788 168.779 -61.788 177.675 
-82.194 229.221 -97.055 270.54 -53.166 271.905 -38.305 230.586 
-69.207 312.78 -55.269 354.419 -11.36 354.029 -25.299 312.39 
-14.599 397.82 27.55 410.13 68.885 395.315 26.736 383.004 
42.09 430.101 40.26 473.972 82.55 462.155 84.38 418.284 
101.342 416.245 97.995 460.027 121.022 497.415 124.369 453.633 
150.779 448.551 145.471 492.139 185.285 510.657 190.594 467.069 
232.931 456.888 220.677 499.053 264.566 497.678 276.82 455.512 
317.67 428.235 317.458 472.144 343.439 436.745 343.651 392.836 
368.178 387.025 365.61 430.86 406.506 446.848 409.074 403.013 
370.642 374.246 412.048 388.864 454.138 376.354 412.732 361.735 
415.593 336.521 455.931 353.869 484.895 320.867 444.558 303.518 
462.338 219.987 449.412 261.952 485.328 287.213 498.254 245.249 
426.973 136.838 451.498 173.26 492.748 188.311 468.223 151.889 
429.527 114.636 470.436 130.592 498.253 96.617 457.344 80.66 
415.882 64.474 416.526 108.379 441.812 72.48 441.168 28.575 
377.65 12.877 396.476 52.546 428.386 22.382 409.559 -17.287 
301.502 -29.736 337.385 -4.428 372.542 -30.735 336.659 -56.043 
218.368 -22.127 260.196 -35.49 286.18 -70.886 244.352 -57.523 
174.358 -66.244 199.565 -30.29 225.969 -65.374 200.763 -101.328 
118.459 -63.943 140.852 -26.172 181.17 -8.777 158.777 -46.548 
124.117 -104.751 159.699 -79.022 195.165 -104.912 159.582 -130.641 
3.139 -133.118 7.017 -89.38 47.417 -106.584 43.539 -150.322 
-73.596 -109.624 -56.622 -69.127 -12.862 -72.756 -29.836 -113.253 
-97.329 -66.724 -92.19 -23.115 -49.129 -14.527 -54.267 -58.136 
-92.61 57.624 -100.926 100.74 -57.351 95.326 -49.035 52.21 
-128.036 150.996 -115.307 193.021 -79.273 167.929 -92.001 125.904 
-184.362 269.132 -176.018 312.242 -132.439 317.627 -140.784 274.517 
-186.963 385.23 -144.072 394.635 -121.873 356.75 -164.764 347.345 
-129.935 399.913 -123.834 443.397 -84.364 424.157 -90.464 380.673 
-15.73 417.539 -17.323 461.42 23.918 476.495 25.511 432.614 
42.318 479.747 63.365 518.284 106.52 510.177 85.474 471.639 
146.872 589.601 190.199 596.731 210.369 557.728 167.042 550.598 
225.648 598.893 252.985 633.255 277.218 596.638 249.881 562.275 
277.595 539.609 289.121 581.979 332.979 584.11 321.453 541.74 
336.187 480.052 377.695 494.376 404.143 459.325 362.635 445.001 
419.09 402.806 414.981 446.523 457.828 436.922 461.937 393.205 
516.198 351.661 546.459 383.479 567.368 344.866 537.107 313.049 
553.563 278.089 581.01 312.364 622.089 296.853 594.642 262.577 
557.864 205.222 542.152 246.225 586.003 248.498 601.716 207.495 
481.716 137.293 506.375 173.626 533.31 138.947 508.651 102.614 
467.318 24.091 461.317 67.589 500.831 86.738 506.832 43.24 
414.323 -72.212 445.992 -41.795 484.706 -62.515 453.037 -92.932 
391.946 -133.032 398.553 -89.622 437.797 -109.321 431.189 -152.731 
355.369 -164.842 331.374 -128.069 358.933 -93.884 382.928 -130.658 
216.237 -114.861 236.603 -75.96 279.894 -83.309 259.528 -122.21 
208.303 -182.869 202.644 -139.243 245.803 -147.327 251.452 -190.872 
168.625 -201.618 162.974 -158.073 202.642 -139.243 208.303 -182.869 
-165.098 48.269 -166.62 92.152 -125.354 107.161 -123.832 63.277 
-193.651 126.756 -152.388 141.771 -125.356 107.168 -166.62 92.152 
-44.703 520.816 -2.851 534.099 22.715 498.399 -19.138 485.116 
-2.59 534.283 22.614 570.239 49.022 535.157 23.818 499.201 
399.427 502.981 424.618 538.946 451.038 503.874 425.846 467.909 
426.362 467.548 451.15 503.793 493.281 491.418 468.493 455.174 
525.316 83.104 548.916 120.133 591.425 109.132 567.826 72.102 
528.011 39.247 525.307 83.074 567.825 72.103 570.529 28.276 
283.058 -201.375 280.069 -157.567 303.399 -120.369 306.389 -164.177 
168.624 -201.616 208.303 -182.869 251.452 -190.872 211.784 -209.7 
94.65 -165.007 78.743 -124.079 115.669 -147.841 131.575 -188.768 
-167.3 20.7 -124.656 31.165 -84.004 14.566 -126.649 4.101 
-192.124 82.877 -193.646 126.76 -166.62 92.152 -165.097 48.269 
-190.049 164.348 -183.382 207.749 -152.477 238.942 -159.145 195.541 
-80.364 467.883 -83.683 511.667 -55.263 478.196 -51.944 434.411 
-44.703 520.816 -19.06 556.46 22.638 570.224 -3.006 534.58 
55.54 578.581 99.364 575.844 133.211 547.871 89.386 550.608 
340.387 517.531 363.319 554.977 403.882 571.792 380.95 534.346 
424.605 538.937 466.664 526.321 493.275 491.394 451.217 504.009 
502.642 380.642 493.615 423.614 511.57 463.685 520.597 420.713 
543.073 181.758 585.713 171.275 614.049 137.731 571.408 148.214 
570.504 28.273 567.827 72.102 591.422 109.133 594.1 65.305 
469.183 -21.441 505.755 2.861 549.626 1.026 513.055 -23.277 
