148.545 242.147 134.368 283.705 178.274 284.346 192.451 242.787 
220.984 243.892 205.11 284.832 239.141 312.581 255.015 271.641 
229.918 213.664 264.754 240.395 300.941 215.525 266.105 188.794 
197.196 155.424 209.596 197.547 245.825 172.737 233.426 130.615 
129.733 168.741 139.601 211.528 183.343 215.366 173.475 172.579 
96.072 205.756 82.238 247.429 95.541 289.276 109.376 247.602 
151.576 319.207 188.727 342.614 232.541 339.714 195.39 316.307 
297.207 259.275 286.801 301.934 320.294 273.539 330.7 230.88 
262.156 105.709 273.717 148.07 307.969 175.545 296.408 133.184 
114.723 133.541 158.583 135.638 195.299 111.555 151.439 109.458 
7.596 93.066 34.169 128.022 75.627 113.551 49.053 78.595 
40.535 171.468 16.048 207.916 43.144 242.468 67.632 206.02 
-32.859 286.313 0.957 314.322 38.045 290.814 4.228 262.806 
17.878 329.82 22.158 373.521 62.398 355.946 58.118 312.245 
105.64 363.58 136.582 394.735 175.775 374.935 144.832 343.779 
182.467 418.332 193.146 460.924 230.353 437.606 219.675 395.014 
241.55 382.69 251.267 425.511 294.995 429.502 285.279 386.681 
309.237 316.033 319.199 358.798 356.793 336.109 346.83 293.343 
378.263 261.871 389.335 304.363 433.168 306.964 422.096 264.472 
388.81 199.134 373.583 240.319 417.458 242.075 432.686 200.889 
329.152 106.866 336.937 150.08 380.443 156.029 372.658 112.815 
328.587 30.504 313.573 71.767 357.456 73.295 372.471 32.032 
274.706 -3.423 253.284 34.907 283.118 67.125 304.54 28.795 
168.724 33.847 143.94 70.094 186.072 82.464 210.856 46.217 
77.383 12.813 59.907 53.096 92.818 82.164 110.294 41.881 
-6.387 25.897 -35.188 59.042 7.595 49.156 36.396 16.011 
-55.277 232.194 -58.559 275.981 -30.167 242.486 -26.884 198.699 
-42.941 315.287 -38.178 358.937 -8.666 391.451 -13.43 347.8 
111.085 430.484 138.328 464.921 180.61 476.768 153.367 442.331 
224.6 481.137 268.273 485.702 306.287 463.726 262.615 459.16 
377.789 374.674 419.098 359.785 443.767 323.459 402.458 338.348 
477.525 198.904 456.775 237.601 462.734 281.105 483.484 242.408 
398.509 26.52 394.156 70.214 416.316 108.122 420.669 64.428 
291.417 -51.261 316.918 -15.515 358.56 -1.585 333.059 -37.331 
79.707 -29.819 116.86 -6.415 160.674 -9.319 123.521 -32.723 
25.322 -129.715 14.71 -87.106 51.954 -63.847 62.566 -106.455 
-60.042 -52.295 -70.032 -9.537 -26.279 -13.249 -16.29 -56.008 
-107.496 13.364 -100.93 56.78 -70.099 88.046 -76.665 44.629 
-137.085 112.956 -134.888 156.81 -92.501 168.273 -94.697 124.418 
-175.203 192.277 -137.613 214.972 -93.862 211.236 -131.453 188.542 
-138.918 258.863 -172.9 286.671 -135.952 310.397 -101.969 282.588 
-120.766 351.597 -125.601 395.24 -85.588 413.324 -80.753 369.682 
-64.589 451.888 -21.235 458.852 17.933 439.003 -25.422 432.039 
15.211 482.828 5.961 525.753 49.643 521.286 58.893 478.361 
97.256 480.453 75.925 518.833 81.227 562.422 102.558 524.042 
160.977 516.044 136.181 552.283 162.983 587.064 187.78 550.825 
256.043 527.875 229.919 563.168 271.557 577.108 297.682 541.815 
339.578 492.357 341.236 536.236 365.685 499.763 364.027 455.884 
412.658 432.133 403.518 475.081 441.54 497.045 450.68 454.097 
422.846 403.535 456.565 431.663 500.377 434.599 466.658 406.472 
476.541 352.682 505.389 385.785 545.788 368.578 516.939 335.475 
547.389 231.048 520.613 265.85 545.437 302.069 572.213 267.268 
488.142 137.349 513.25 173.372 554.737 187.757 529.628 151.734 
486.127 85.861 522.665 110.215 557.118 82.991 520.58 58.637 
479.713 27.654 464.362 68.793 500.962 44.534 516.313 3.394 
432.174 -48.347 429.572 -4.514 472.064 -15.585 474.665 -59.418 
338.136 -110.51 359.682 -72.25 402.728 -80.919 381.181 -119.179 
231.928 -76.151 273.177 -91.204 297.7 -127.628 256.451 -112.575 
157.392 -132.978 164.22 -89.601 203.362 -109.498 196.536 -152.874 
102.837 -152.141 106.434 -108.379 135.066 -75.088 131.47 -118.851 
121.754 -187.18 146.734 -151.068 188.798 -163.667 163.818 -199.779 
-12.018 -216.857 -30.087 -176.837 13.558 -172.02 31.627 -212.04 
-117.585 -178.352 -108.306 -135.433 -64.62 -130.996 -73.9 -173.914 
-151.192 -122.329 -139.162 -80.099 -95.282 -78.49 -107.311 -120.721 
-177.449 29.53 -189.004 71.892 -145.144 69.791 -133.589 27.429 
-184.971 118.743 -193.343 161.848 -149.761 156.489 -141.389 113.385 
-255.119 262.489 -263.498 305.592 -225.094 326.881 -216.714 283.778 
-275.477 397.112 -236.651 417.621 -205.147 387.033 -243.973 366.524 
-198.82 430.485 -209.873 472.981 -166.042 470.361 -154.988 427.865 
-63.079 472.163 -73.848 514.732 -36.691 538.129 -25.921 495.56 
6.482 529.361 18.293 571.653 62.165 573.49 50.354 531.198 
119.555 661.161 159.536 679.316 189.158 646.901 149.176 628.747 
219.395 678.74 240.354 717.326 270.573 685.469 249.615 646.884 
296.537 613.22 292.359 656.93 332.64 674.411 336.818 630.7 
368.975 543.549 407.643 564.355 439.379 534.009 400.711 513.203 
462.218 456.325 448.199 497.937 492.106 498.411 506.126 456.799 
580.698 395.213 602.782 433.165 632.053 400.434 609.968 362.482 
625.494 303.51 648.287 341.041 691.025 330.963 668.232 293.431 
642.447 220.827 614.211 254.455 654.919 270.917 683.154 237.289 
552.218 126.627 571.055 166.292 602.958 136.12 584.121 96.456 
546.54 5.383 528.721 45.515 561.383 74.863 579.202 34.731 
485.96 -123.658 509.271 -86.446 551.865 -97.118 528.553 -134.329 
435.625 -194.897 438.165 -151.061 479.071 -167.023 476.531 -210.86 
403.71 -231.84 370.649 -202.942 387.917 -162.569 420.977 -191.467 
229.952 -192.614 240.349 -149.953 284.135 -146.658 273.738 -189.319 
232.628 -261.225 220.192 -219.027 264.085 -220.237 276.499 -262.356 
192.751 -295.721 170.566 -257.828 199.749 -225.019 221.976 -262.983 
-218.078 3.128 -231.14 45.05 -195.306 70.427 -182.244 28.505 
-271.495 67.623 -240.095 98.318 -201.2 77.941 -232.599 47.246 
-102.557 564.762 -59.95 575.373 -36.691 538.129 -79.299 527.518 
-54.72 578.166 -39.332 619.292 -4.974 591.949 -20.362 550.823 
420.258 573.537 446.988 608.373 471.86 572.186 445.129 537.35 
459.734 528.078 475.5 569.06 519.349 566.73 503.582 525.748 
602.809 79.175 621.998 118.67 665.49 112.625 646.301 73.13 
614.787 30.16 602.101 72.197 646.001 71.271 658.687 29.234 
326.88 -272.593 308.778 -232.588 317.647 -189.583 335.749 -229.588 
197.624 -302.951 231.398 -274.929 275.181 -271.954 241.438 -300.053 
91.488 -247.431 75.205 -206.652 112.348 -230.072 128.632 -270.851 
-204.808 -70.263 -188.629 -29.442 -151.546 -5.927 -167.725 -46.748 
-255.553 26.675 -271.524 67.578 -234.561 43.874 -218.59 2.972 
-255.527 139.428 -260.879 183.01 -239.592 221.416 -234.24 177.833 
-145.486 509.161 -162.891 549.474 -125.115 527.09 -107.71 486.777 
-102.557 564.76 -79.759 602.287 -39.256 619.247 -62.055 581.719 
10.386 633.085 53.177 642.936 93.586 625.754 50.795 615.903 
368.997 585.201 380.613 627.546 414.901 654.977 403.285 612.631 
446.986 608.373 489.939 599.254 519.328 566.629 476.376 575.748 
560.471 444.906 540.563 484.043 547.461 527.408 567.37 488.271 
613.759 178.682 657.659 179.637 693.736 154.606 649.836 153.651 
658.591 29.211 648.743 72.002 665.928 112.41 675.776 69.619 
551.696 -53.208 581.6 -21.055 624.692 -12.619 594.788 -44.772 
