156.799 231.667 149.464 274.96 192.905 268.558 200.24 225.265 
215.88 225.476 207.475 268.574 245.866 289.886 254.272 246.789 
220.395 212.337 259.141 232.997 290.762 202.531 252.016 181.871 
189.763 164.575 209.145 203.976 240.628 173.367 221.247 133.966 
134.5 178.028 152.842 217.924 196.453 212.809 178.111 172.913 
115.953 194.107 109.255 237.504 129.345 276.549 136.042 233.152 
158.99 296.447 198.959 314.629 241.982 305.845 202.013 287.663 
275.558 243.724 270.979 287.395 300.352 254.756 304.932 211.086 
238.767 119.098 257.427 158.846 295.887 180.034 277.227 140.287 
128.054 161.83 171.263 154.017 201.629 122.299 158.419 130.112 
50.355 120.184 86.506 145.108 121.382 118.429 85.231 93.505 
52.746 173.186 39.297 214.985 74.896 240.693 88.344 198.893 
-2.488 258.444 34.009 282.857 68.506 255.689 32.008 231.276 
50.833 295.886 64.987 337.452 100.145 311.147 85.991 269.58 
121.689 349.408 158.705 373.028 192.608 345.122 155.591 321.502 
175.514 385.568 192.742 425.957 225.83 397.092 208.604 356.702 
224.088 345.943 240.818 386.541 284.599 383.174 267.868 342.577 
293.852 298.182 311.574 338.356 344.306 309.087 326.584 268.912 
343.389 256.075 360.856 296.362 404.568 292.199 387.101 251.913 
346.763 196.759 338.139 239.814 381.752 234.711 390.376 191.657 
300.437 117.952 317.155 158.555 360.937 155.2 344.218 114.598 
302.193 57.136 294.107 100.295 337.653 94.649 345.739 51.49 
250.481 34.102 240.506 76.864 278.093 99.564 288.068 56.802 
157.142 61.839 147.328 104.639 191.065 100.747 200.88 57.948 
102.871 37.283 91.247 79.626 127.925 103.767 139.55 61.423 
37.03 56.752 15.777 95.177 55.556 76.582 76.808 38.158 
-7.769 209.489 -10.308 253.326 17.512 219.354 20.052 175.518 
-9.171 290.818 4.259 332.623 39.697 358.55 26.266 316.744 
116.483 385.086 142.095 420.754 183.78 434.555 158.168 398.888 
217.879 440.275 261.672 437.066 295.215 408.73 251.422 411.938 
343.095 352.98 384.658 338.816 409.958 302.927 368.395 317.091 
424.229 187.889 411.78 229.997 426.458 271.381 438.908 229.273 
363.485 48.615 361.485 92.479 385.649 129.142 387.649 85.277 
261.096 -3.397 293.65 26.07 337.308 30.773 304.753 1.307 
106.922 21.982 146.649 40.687 189.783 32.468 150.056 13.764 
57.681 -81.311 52.942 -37.658 92.994 -19.661 97.733 -63.315 
-26.387 -2.841 -14.929 39.547 21.844 15.551 10.386 -26.838 
-57.531 50.182 -49.283 93.311 -17.26 123.354 -25.509 80.226 
-104.0 123.951 -83.81 162.944 -40.486 155.79 -60.677 116.798 
-110.848 207.768 -67.14 203.56 -34.253 174.465 -77.961 178.673 
-96.271 236.416 -114.947 276.156 -71.38 281.638 -52.704 241.897 
-83.061 323.966 -71.95 366.446 -28.114 369.006 -39.225 326.525 
-22.967 412.613 19.495 423.795 60.421 407.883 17.958 396.701 
37.95 445.607 35.479 489.447 77.937 478.25 80.408 434.409 
99.891 432.877 93.501 476.32 113.867 515.222 120.257 471.779 
152.441 465.312 144.37 508.474 182.926 529.488 190.997 486.326 
238.664 474.466 223.618 515.718 267.501 517.279 282.546 476.028 
325.449 440.572 325.635 484.482 351.293 448.849 351.107 404.939 
380.525 396.671 376.954 440.435 417.473 457.356 421.044 413.591 
383.727 382.717 424.349 399.39 467.012 389.001 426.391 372.329 
429.816 342.091 469.03 361.847 499.938 330.657 460.723 310.901 
481.904 222.827 466.062 263.78 500.115 291.501 515.957 250.549 
440.24 135.155 464.948 171.455 506.273 186.299 481.565 149.999 
442.548 108.166 483.011 125.221 511.735 92.008 471.272 74.954 
430.122 57.027 428.681 100.913 455.643 66.255 457.085 22.369 
391.045 1.293 406.927 42.23 440.953 14.474 425.069 -26.463 
310.369 -46.011 344.188 -18.005 381.274 -41.515 347.454 -69.522 
220.048 -33.186 261.627 -47.304 286.966 -83.165 245.387 -69.047 
171.774 -80.336 195.217 -43.207 223.283 -76.976 199.841 -114.105 
115.932 -80.923 136.069 -41.902 175.295 -22.168 155.159 -61.19 
124.103 -122.567 157.741 -94.344 194.978 -117.614 161.34 -145.837 
-1.091 -152.13 -1.086 -108.22 40.673 -121.794 40.668 -165.704 
-85.746 -124.35 -71.963 -82.659 -28.054 -82.884 -41.837 -124.575 
-113.233 -77.029 -106.821 -33.59 -63.527 -26.265 -69.939 -69.705 
-104.921 53.312 -116.285 95.726 -72.435 93.427 -61.071 51.012 
-141.999 145.955 -132.814 188.894 -94.816 166.89 -104.0 123.951 
-201.67 271.72 -196.707 315.348 -153.68 324.111 -158.643 280.482 
-205.805 394.557 -163.346 405.75 -139.579 368.828 -182.039 357.634 
-144.662 412.442 -142.547 456.302 -101.488 440.737 -103.602 396.878 
-23.489 432.764 -26.95 476.537 13.612 493.355 17.073 449.582 
36.671 493.257 55.965 532.701 99.441 526.54 80.147 487.096 
144.567 608.252 187.526 617.343 209.447 579.296 166.488 570.205 
229.873 618.164 256.335 653.205 281.483 617.21 255.022 582.169 
286.582 556.825 295.199 599.881 338.811 604.991 330.194 561.935 
346.215 492.464 387.334 507.867 414.69 473.519 373.57 458.116 
430.759 413.776 425.07 457.316 468.237 449.272 473.927 405.733 
532.486 360.132 561.546 393.049 583.873 355.239 554.812 322.321 
571.41 280.684 598.185 315.486 639.558 300.776 612.783 265.974 
577.903 205.312 559.538 245.198 603.146 250.338 621.511 210.453 
496.796 133.299 520.531 170.242 548.332 136.253 524.597 99.31 
483.849 18.894 475.846 62.069 514.434 83.022 522.437 39.847 
431.079 -82.322 461.63 -50.782 501.066 -70.091 470.516 -101.631 
399.723 -148.203 405.749 -104.709 445.253 -123.88 439.226 -167.375 
364.546 -181.602 337.993 -146.63 363.047 -110.57 389.6 -145.541 
218.533 -130.351 236.823 -90.432 280.44 -95.492 262.151 -135.411 
210.55 -199.846 203.98 -156.347 247.299 -163.527 253.856 -206.945 
171.274 -219.423 164.71 -176.007 203.974 -156.348 210.549 -199.845 
-180.1 42.573 -182.263 86.429 -141.221 102.039 -139.058 58.182 
-209.802 120.631 -168.765 136.253 -141.226 102.052 -182.263 86.43 
-54.056 536.694 -11.758 548.48 12.522 511.893 -29.777 500.107 
-10.873 549.051 13.785 585.384 40.721 550.706 16.063 514.372 
409.512 517.123 435.264 552.688 461.131 517.205 435.377 481.64 
437.213 480.346 461.552 516.894 503.832 505.039 479.493 468.492 
541.597 79.422 564.961 116.601 607.539 105.87 584.176 68.691 
544.593 35.557 541.581 79.364 584.175 68.692 587.187 24.885 
287.939 -218.481 283.74 -174.772 306.033 -136.943 310.233 -180.652 
171.271 -219.419 210.549 -199.846 253.856 -206.945 214.591 -226.599 
95.229 -183.413 78.213 -142.934 115.772 -165.68 132.789 -206.158 
-182.646 6.714 -141.411 21.806 -99.18 9.778 -140.415 -5.314 
-207.629 76.781 -209.794 120.638 -182.264 86.429 -180.1 42.573 
-204.816 161.321 -201.416 205.099 -172.934 238.519 -176.333 194.74 
-92.754 483.768 -97.84 527.382 -68.09 495.087 -63.004 451.473 
-54.056 536.694 -28.023 572.054 13.823 585.358 -12.211 549.998 
49.006 593.827 92.915 593.531 128.264 567.482 84.355 567.778 
351.367 533.054 373.113 571.201 413.129 589.279 391.383 551.133 
435.246 552.675 477.279 539.974 503.82 504.993 461.787 517.693 
517.641 392.475 506.669 434.992 522.784 475.838 533.756 433.321 
560.063 178.567 602.976 169.267 632.228 136.518 589.314 145.819 
587.146 24.88 584.178 68.69 607.528 105.877 610.496 62.068 
486.484 -28.674 521.998 -2.85 565.908 -2.832 530.394 -28.656 
