153.747 239.586 143.31 282.238 187.099 278.984 197.536 236.333 
219.679 236.666 207.966 278.985 244.595 303.202 256.308 260.883 
226.744 213.871 263.574 237.78 297.694 210.14 260.864 186.231 
194.958 159.982 210.318 201.118 244.694 173.798 229.334 132.662 
132.172 174.269 146.349 215.828 190.254 215.187 176.077 173.629 
104.083 203.925 93.785 246.611 110.544 287.197 120.842 244.512 
157.248 311.186 196.043 331.754 239.518 325.59 200.723 305.022 
289.104 253.201 281.953 296.525 313.203 265.679 320.354 222.355 
252.405 113.003 267.598 154.201 304.105 178.6 288.912 137.402 
120.487 147.308 164.296 144.333 197.99 116.177 154.181 119.151 
23.991 102.247 55.63 132.695 94.365 112.013 62.725 81.565 
45.837 175.499 26.867 215.1 58.668 245.379 77.638 205.778 
-22.035 274.121 11.753 302.163 48.865 278.693 15.075 250.651 
29.38 318.044 38.083 361.084 76.326 339.507 67.623 296.468 
115.405 359.532 149.432 387.285 186.342 363.499 152.315 335.746 
179.191 406.823 192.507 448.666 228.186 423.072 214.871 381.23 
233.988 369.15 247.095 411.058 291.002 411.543 277.896 369.635 
303.752 308.559 317.328 350.318 352.848 324.502 339.271 282.743 
364.513 261.297 378.223 303.012 422.133 302.864 408.423 261.149 
371.183 200.179 359.383 242.474 403.254 240.627 415.054 198.332 
317.371 112.356 329.309 154.612 373.186 156.315 361.248 114.059 
319.833 44.144 307.705 86.346 351.59 84.839 363.718 42.637 
266.809 15.397 251.168 56.426 285.356 83.981 300.998 42.951 
163.679 48.89 146.072 89.116 189.769 93.431 207.377 53.206 
87.688 24.638 71.293 65.373 104.968 93.553 121.362 52.818 
15.056 36.565 -11.454 71.57 30.568 58.832 57.078 23.828 
-35.996 221.335 -39.315 265.119 -10.895 231.648 -7.576 187.863 
-31.665 308.715 -23.74 351.903 8.057 382.186 0.132 338.997 
113.284 412.213 139.138 447.706 180.915 461.223 155.062 425.731 
223.017 466.676 266.91 467.905 303.141 443.099 259.249 441.87 
363.381 367.13 404.889 352.804 430.048 316.817 388.541 331.143 
456.804 194.515 439.442 234.847 449.102 277.681 466.464 237.35 
385.33 38.863 381.838 82.634 404.741 120.098 408.233 76.327 
280.71 -29.915 309.1 3.583 351.758 13.996 323.368 -19.502 
91.214 -10.894 129.372 10.834 173.013 5.984 134.856 -15.744 
41.958 -112.438 27.87 -70.849 63.07 -44.599 77.158 -86.188 
-47.988 -35.042 -55.574 8.207 -12.097 2.057 -4.512 -41.193 
-89.062 36.609 -77.325 78.921 -42.961 106.255 -54.697 63.942 
-128.547 117.843 -116.978 160.201 -73.118 162.287 -84.686 119.929 
-153.109 198.282 -110.605 209.304 -69.74 193.238 -112.244 182.216 
-122.447 251.588 -152.78 283.336 -113.212 302.374 -82.878 270.626 
-109.519 346.129 -107.699 390.001 -65.411 401.827 -67.231 357.955 
-47.291 441.824 -4.183 450.18 35.604 431.603 -7.504 423.246 
26.996 474.661 22.473 518.338 65.409 509.142 69.932 465.466 
99.041 465.605 84.287 506.962 96.66 549.093 111.414 507.736 
158.653 499.071 141.665 539.562 174.924 568.231 191.913 527.741 
252.54 509.397 231.034 547.68 274.089 556.303 295.595 518.02 
337.796 470.065 339.316 513.948 363.88 477.552 362.36 433.669 
401.802 418.578 395.838 462.081 435.37 481.196 441.333 437.693 
408.427 396.572 445.694 419.794 489.493 416.677 452.227 393.454 
458.654 350.131 493.087 377.379 529.642 353.051 495.209 325.803 
523.074 227.422 500.504 265.087 529.351 298.192 551.921 260.527 
468.688 134.848 493.803 170.867 535.292 185.245 510.177 149.227 
469.985 96.31 508.765 116.906 540.338 86.389 501.558 65.793 
460.45 41.188 451.438 84.164 483.989 54.693 493.002 11.718 
417.0 -26.773 423.232 16.692 462.644 -2.666 456.412 -46.132 
327.675 -85.453 354.375 -50.593 395.779 -65.214 369.079 -100.074 
224.852 -55.697 265.912 -71.257 289.984 -107.98 248.924 -92.42 
164.429 -112.73 179.227 -71.388 213.972 -98.237 199.175 -139.579 
110.063 -125.448 120.945 -82.908 154.753 -54.887 143.871 -97.428 
126.27 -162.867 153.853 -128.702 194.87 -144.376 167.287 -178.542 
-6.84 -192.978 -17.365 -150.348 26.431 -153.511 36.956 -196.141 
-104.434 -159.555 -98.695 -116.022 -55.518 -108.028 -61.258 -151.562 
-142.664 -100.172 -128.911 -58.471 -85.002 -58.665 -98.755 -100.366 
-137.713 40.618 -149.006 83.051 -105.16 80.679 -93.867 38.246 
-170.369 131.225 -170.565 175.134 -128.744 161.752 -128.547 117.843 
-236.879 271.656 -240.483 315.418 -199.977 332.369 -196.372 288.607 
-250.046 404.059 -209.401 420.674 -181.038 387.153 -221.683 370.538 
-178.559 430.993 -185.56 474.341 -142.17 467.604 -135.169 424.256 
-45.664 464.581 -54.41 507.611 -16.188 529.226 -7.443 486.195 
22.473 518.338 37.022 559.767 80.92 558.733 66.37 517.303 
133.745 644.634 175.239 658.997 201.722 623.971 160.227 609.608 
228.956 658.413 252.618 695.403 280.485 661.469 256.824 624.48 
297.705 593.321 298.845 637.215 340.945 649.694 339.804 605.8 
362.225 521.431 401.989 540.058 431.991 507.996 392.227 489.369 
451.629 438.911 441.358 481.602 485.134 478.178 495.405 435.486 
563.758 380.696 589.089 416.562 615.373 381.388 590.042 345.521 
606.025 292.59 630.69 328.918 672.862 316.686 648.197 280.358 
618.772 212.502 594.275 248.944 636.503 260.981 661.0 224.539 
529.115 128.841 550.159 167.38 580.309 135.456 559.265 96.918 
521.643 11.25 508.0 52.987 543.478 78.86 557.122 37.123 
465.772 -106.641 492.2 -71.574 533.717 -85.873 507.289 -120.939 
421.15 -177.188 424.923 -133.441 465.363 -150.548 461.59 -194.296 
388.664 -213.338 357.535 -182.369 377.37 -143.194 408.498 -174.163 
226.179 -163.052 238.984 -121.051 282.887 -120.251 270.082 -162.252 
221.329 -237.53 209.85 -195.062 253.705 -197.264 265.163 -239.652 
184.973 -262.976 171.896 -221.059 207.72 -195.668 220.822 -237.663 
-206.011 23.209 -212.598 66.623 -173.345 86.303 -166.758 42.889 
-244.28 97.438 -205.483 118.003 -173.936 87.46 -212.733 66.895 
-80.589 561.462 -37.415 569.465 -16.462 530.877 -59.636 522.874 
-33.167 571.484 -12.992 610.485 17.866 579.245 -2.31 540.244 
421.081 550.529 448.004 585.216 472.674 548.891 445.749 514.204 
453.61 508.745 474.566 547.332 517.74 539.327 496.785 500.739 
577.669 77.081 599.091 115.412 642.165 106.884 620.743 68.553 
583.503 32.541 577.468 76.035 620.698 68.334 626.732 24.84 
308.943 -252.54 297.647 -210.108 313.448 -169.139 324.744 -211.571 
184.962 -262.96 221.298 -238.351 265.163 -239.643 228.851 -264.331 
97.431 -224.213 79.227 -184.254 117.442 -205.881 135.646 -245.84 
-206.116 -32.266 -172.024 -4.593 -128.176 -2.244 -162.269 -29.917 
-237.195 54.111 -244.272 97.447 -213.074 66.548 -205.997 23.212 
-234.354 151.087 -238.743 194.777 -216.613 232.703 -212.225 189.013 
-123.907 507.534 -136.288 549.662 -101.51 522.857 -89.129 480.728 
-80.594 561.489 -54.705 596.954 -12.913 610.429 -38.804 574.963 
29.539 621.575 73.053 627.463 111.717 606.649 68.204 600.762 
366.705 566.195 383.704 606.681 421.254 629.443 404.255 588.957 
447.986 585.205 490.32 573.544 517.715 539.228 475.381 550.888 
545.567 422.382 529.445 463.226 540.409 505.745 556.531 464.902 
593.958 177.191 637.654 172.861 670.46 143.673 626.764 148.004 
626.656 24.829 621.056 68.38 642.126 106.906 647.725 63.354 
526.402 -42.577 558.502 -12.615 602.083 -7.244 569.983 -37.206 
