149.546 242.431 136.003 284.2 179.913 284.174 193.456 242.404 
220.683 243.459 205.453 284.643 239.916 311.854 255.145 270.67 
229.353 213.824 264.47 240.184 300.392 214.931 265.274 188.571 
196.822 156.144 209.59 198.157 245.6 173.031 232.833 131.018 
129.948 169.564 140.4 212.212 184.19 215.452 173.738 172.803 
96.838 206.69 83.453 248.51 97.205 290.211 110.591 248.391 
152.337 318.344 189.746 341.337 233.525 337.95 196.116 314.957 
296.309 258.65 286.467 301.443 319.581 272.608 329.423 229.815 
260.798 106.888 272.841 149.114 307.404 176.196 295.361 133.97 
115.494 135.665 159.384 136.982 195.666 112.249 151.776 110.932 
8.847 94.91 36.099 129.34 77.265 114.062 50.014 79.632 
41.628 172.9 17.869 209.827 45.646 243.834 69.406 206.908 
-31.144 286.165 2.516 314.362 39.735 291.063 6.074 262.865 
18.862 329.695 23.575 373.352 63.638 355.38 58.926 311.723 
106.912 362.833 138.243 393.597 177.184 373.306 145.852 342.542 
182.228 416.926 193.127 459.462 230.213 435.951 219.314 393.416 
240.647 381.278 250.83 423.991 294.6 427.504 284.417 384.792 
308.527 315.103 319.006 357.744 356.323 334.601 345.843 291.959 
376.652 261.791 388.01 304.207 431.86 306.512 420.501 264.096 
386.669 199.394 371.946 240.762 415.84 241.98 430.562 200.612 
327.624 107.57 335.967 150.68 379.546 156.065 371.202 112.956 
327.833 32.393 313.137 73.771 357.031 74.961 371.727 33.584 
274.008 -0.917 253.317 37.812 283.758 69.458 304.448 30.729 
168.017 35.97 144.14 72.821 186.566 84.142 210.443 47.291 
78.483 14.499 60.89 54.731 93.717 83.895 111.309 43.663 
-4.87 27.966 -33.149 61.558 9.474 51.004 37.753 17.412 
-52.958 232.097 -56.224 275.886 -27.845 242.379 -24.579 198.591 
-41.391 314.835 -36.328 358.451 -6.593 390.762 -11.658 347.145 
111.354 428.311 138.389 462.912 180.599 475.014 153.564 440.414 
224.403 479.475 268.113 483.66 305.935 461.354 262.225 457.169 
376.059 373.826 417.396 359.018 442.136 322.74 400.798 337.548 
475.013 198.369 454.695 237.296 461.138 280.731 481.456 241.804 
397.052 28.415 392.781 72.117 415.012 109.983 419.283 66.282 
290.343 -48.427 316.234 -12.962 358.026 0.511 332.135 -34.953 
80.847 -27.498 118.15 -4.333 161.944 -7.518 124.641 -30.683 
27.389 -127.835 16.294 -85.35 53.271 -61.669 64.366 -104.154 
-58.39 -50.193 -68.082 -7.366 -24.356 -11.383 -14.664 -54.21 
-105.665 15.34 -98.206 58.612 -66.737 89.235 -74.196 45.963 
-135.509 113.964 -132.368 157.761 -89.744 168.308 -92.885 124.511 
-172.522 193.461 -134.111 214.738 -90.53 209.372 -128.942 188.096 
-136.676 258.573 -170.596 286.457 -133.595 310.1 -99.675 282.216 
-119.13 351.559 -123.454 395.256 -83.231 412.87 -78.908 369.174 
-62.072 451.345 -18.725 458.357 20.464 438.55 -22.882 431.539 
16.626 482.292 8.096 525.366 51.697 520.168 60.227 477.094 
97.48 478.868 76.962 517.689 83.181 561.157 103.699 522.335 
160.807 514.211 136.916 551.053 164.572 585.159 188.463 548.318 
255.95 525.852 230.341 561.521 272.177 574.854 297.787 539.186 
339.614 489.529 341.315 533.406 365.728 496.909 364.027 453.032 
411.407 430.611 402.786 473.666 441.071 495.17 449.691 452.115 
421.125 402.769 455.315 430.321 499.17 432.515 464.98 404.963 
474.412 352.51 504.045 384.914 544.02 366.745 514.388 334.342 
544.603 230.53 518.301 265.69 543.613 301.571 569.915 266.41 
485.681 136.927 510.808 172.936 552.303 187.3 527.175 151.29 
484.426 87.425 521.306 111.257 555.368 83.546 518.488 59.714 
477.566 29.543 462.945 70.947 499.111 46.044 513.733 4.64 
430.461 -45.706 428.889 -1.824 471.109 -13.89 472.68 -57.772 
336.855 -107.745 358.895 -69.767 401.824 -78.992 379.785 -116.97 
230.894 -73.116 272.074 -88.356 296.431 -124.891 255.251 -109.651 
158.23 -130.693 166.198 -87.512 204.803 -108.434 196.836 -151.615 
103.915 -149.176 108.256 -105.481 137.452 -72.683 133.11 -116.378 
122.946 -184.795 147.821 -148.61 189.922 -161.086 165.047 -197.271 
-10.862 -214.356 -27.858 -173.868 15.9 -170.215 32.896 -210.703 
-115.331 -176.143 -106.475 -133.135 -62.836 -128.267 -71.692 -171.275 
-149.675 -120.064 -137.035 -78.012 -93.136 -77.04 -105.777 -119.091 
-173.256 30.626 -184.06 73.186 -140.245 70.309 -129.441 27.749 
-182.849 120.32 -190.672 163.528 -147.162 157.615 -139.339 114.408 
-253.119 263.776 -260.992 306.975 -222.34 327.811 -214.467 284.613 
-272.691 398.21 -233.679 418.364 -202.456 387.489 -241.468 367.335 
-196.464 430.988 -207.209 473.563 -163.397 470.625 -152.652 428.05 
-60.633 471.464 -71.359 514.044 -34.177 537.403 -23.451 494.823 
8.555 528.346 20.733 570.534 64.619 571.989 52.441 529.801 
121.503 659.581 161.681 677.294 190.944 644.555 150.765 626.842 
220.833 676.722 242.153 715.109 272.072 682.97 250.753 644.583 
297.032 611.052 293.453 654.816 333.969 671.743 337.548 627.979 
368.283 540.744 407.097 561.276 438.618 530.706 399.804 510.174 
460.993 454.207 447.416 495.966 491.326 495.974 504.903 454.216 
578.801 393.548 601.295 431.259 630.21 398.213 607.716 360.502 
623.272 302.16 646.302 339.547 688.975 329.197 665.945 291.811 
639.785 219.792 611.964 253.764 652.87 269.725 680.691 235.754 
549.222 127.024 568.348 166.55 600.03 136.146 580.904 96.62 
543.783 6.351 526.413 46.68 559.4 75.662 576.77 35.334 
483.83 -121.526 507.491 -84.537 549.982 -95.609 526.321 -132.599 
433.987 -192.743 436.637 -148.913 477.503 -164.978 474.853 -208.808 
402.162 -229.681 369.267 -200.595 386.765 -160.322 419.66 -189.408 
229.713 -188.352 240.352 -145.751 284.156 -142.705 273.517 -185.306 
231.272 -258.577 218.68 -216.426 262.577 -217.473 275.146 -259.546 
193.92 -292.77 171.919 -254.769 201.262 -222.102 223.304 -260.174 
-216.407 5.035 -228.373 47.283 -191.891 71.719 -179.924 29.471 
-267.764 70.909 -235.329 100.507 -197.156 78.806 -229.591 49.207 
-99.746 564.761 -57.024 574.902 -34.177 537.403 -76.9 527.263 
-51.846 577.6 -35.807 618.476 -1.888 590.59 -17.927 549.714 
420.625 570.76 447.461 605.515 472.222 569.252 445.386 534.497 
459.009 525.701 475.601 566.356 519.393 563.139 502.801 522.484 
599.682 78.817 619.164 118.169 662.61 111.801 643.128 72.449 
610.565 30.808 599.039 73.178 642.898 71.047 654.424 28.676 
324.751 -270.32 307.554 -229.918 317.389 -187.124 334.586 -227.526 
197.1 -297.088 230.78 -268.953 274.553 -265.832 240.905 -294.043 
92.893 -245.193 76.367 -204.512 113.649 -227.71 130.176 -268.391 
-204.63 -66.978 -186.406 -27.028 -148.18 -5.42 -166.404 -45.37 
-252.801 29.638 -267.755 70.923 -231.39 46.312 -216.437 5.026 
-252.776 140.802 -258.314 184.362 -237.19 222.857 -231.653 179.298 
-143.065 509.542 -159.861 550.113 -122.426 527.163 -105.63 486.592 
-99.756 564.801 -76.449 602.015 -35.72 618.422 -59.027 581.208 
12.897 631.937 55.779 641.382 96.024 623.819 53.142 614.373 
369.0 583.109 381.371 625.239 416.144 652.053 403.773 609.922 
447.455 605.512 490.314 595.959 519.372 563.039 476.514 572.592 
558.766 442.182 539.282 481.533 546.649 524.821 566.133 485.47 
611.512 178.529 655.422 178.761 691.082 153.141 647.173 152.908 
654.325 28.654 645.014 71.565 662.703 111.754 672.015 68.843 
549.039 -51.71 579.117 -19.719 622.254 -11.518 592.176 -43.509 
