161.487 217.716 161.386 261.626 203.178 248.152 203.279 204.243 
204.504 204.222 204.502 248.132 246.263 261.703 246.264 217.793 
204.879 202.995 246.668 216.479 272.405 180.903 230.616 167.419 
178.004 166.846 203.898 202.309 229.623 166.725 203.731 131.262 
135.342 181.02 161.101 216.58 202.882 203.07 177.122 167.51 
133.765 182.225 133.746 226.135 159.54 261.671 159.559 217.761 
162.126 263.717 203.876 277.318 245.648 263.782 203.897 250.18 
248.499 217.735 248.502 261.645 274.309 226.119 274.306 182.209 
205.342 130.02 231.173 165.527 272.943 179.07 247.111 143.562 
134.762 179.364 176.534 165.828 202.371 130.324 160.6 143.86 
91.992 164.841 133.69 178.601 159.662 143.196 117.964 129.436 
90.911 168.717 90.968 212.627 132.747 226.141 132.689 182.231 
65.096 248.339 106.855 261.911 132.667 226.388 90.907 212.817 
107.096 262.085 132.774 297.705 158.716 262.277 133.038 226.657 
136.122 299.922 177.892 313.464 203.679 277.924 161.91 264.381 
178.046 313.573 203.797 349.141 229.665 313.66 203.916 278.093 
204.089 277.968 229.755 313.595 271.57 300.194 245.904 264.567 
249.055 262.039 274.91 297.53 300.674 261.972 274.818 226.482 
274.94 226.391 300.737 261.924 342.503 248.37 316.706 212.837 
275.023 182.203 274.85 226.113 316.664 212.709 316.837 168.799 
247.755 143.096 273.646 178.56 315.375 164.895 289.484 129.431 
247.686 98.862 247.649 142.772 289.421 129.238 289.458 85.328 
205.757 85.176 205.636 129.086 247.36 142.77 247.481 98.86 
160.179 99.016 160.287 142.926 202.015 129.254 201.907 85.344 
118.176 85.314 118.035 129.223 159.752 142.926 159.893 99.017 
91.962 120.544 91.47 164.452 117.676 129.219 118.168 85.312 
64.783 204.423 65.091 248.332 90.65 212.628 90.342 168.719 
65.059 248.49 90.602 284.206 132.26 298.087 106.717 262.371 
135.969 300.398 161.96 335.789 203.79 349.144 177.799 313.753 
203.802 349.142 245.641 335.816 271.656 300.443 229.817 313.768 
275.062 297.638 316.788 283.962 342.507 248.371 300.781 262.048 
317.115 168.79 316.878 212.7 342.497 248.362 342.733 204.453 
289.548 85.332 289.741 129.241 315.706 164.652 315.513 120.742 
205.924 84.665 247.583 98.546 289.444 85.29 247.785 71.409 
118.179 85.297 160.032 98.582 201.7 84.729 159.847 71.445 
91.812 49.022 117.858 84.373 159.528 70.527 133.482 35.175 
65.749 84.358 91.3 120.069 117.367 84.733 91.815 49.023 
65.513 84.528 64.647 128.429 89.751 164.455 90.617 120.554 
20.619 143.735 46.454 179.24 88.205 165.64 62.37 130.135 
21.965 217.614 63.578 203.597 89.003 167.797 47.39 181.815 
22.187 218.259 22.45 262.168 64.129 248.349 63.865 204.44 
22.453 262.165 47.916 297.938 89.807 284.775 64.344 249.002 
48.281 299.053 89.963 312.86 131.801 299.531 90.119 285.723 
90.758 315.109 90.787 359.019 132.539 345.423 132.51 301.513 
134.587 301.451 134.735 345.361 160.664 380.798 160.516 336.888 
161.631 336.873 161.942 380.782 203.798 394.054 203.487 350.145 
204.129 350.144 203.808 394.053 245.667 380.79 245.989 336.882 
247.137 336.867 247.013 380.777 272.922 345.326 273.047 301.416 
275.24 301.355 275.268 345.265 317.038 358.807 317.009 314.897 
275.756 299.614 317.559 313.054 359.277 299.356 317.475 285.916 
317.846 284.705 359.686 298.03 385.288 262.356 343.449 249.031 
343.923 204.451 343.66 248.36 385.339 262.179 385.602 218.27 
318.614 167.667 344.287 203.291 385.995 217.021 360.323 181.398 
319.23 165.582 361.001 179.118 386.783 143.573 345.011 130.038 
317.607 120.674 317.801 164.584 343.454 128.946 343.259 85.036 
290.465 84.631 316.553 119.95 342.082 84.224 315.993 48.904 
248.129 70.336 289.808 84.156 315.83 48.788 274.152 34.968 
205.327 82.91 247.192 69.664 273.274 34.341 231.41 47.587 
177.748 46.374 203.693 81.799 229.366 46.177 203.422 10.752 
133.978 34.801 160.281 69.961 202.228 82.946 175.924 47.786 
134.907 31.637 176.562 45.526 202.644 10.201 160.989 -3.688 
88.589 -0.043 89.62 43.855 131.051 29.309 130.02 -14.589 
46.255 -13.542 46.307 30.368 88.084 43.888 88.032 -0.022 
19.041 65.708 60.303 80.726 87.336 46.123 46.073 31.106 
19.665 98.789 20.257 142.695 61.831 128.564 61.239 84.658 
-6.552 179.919 19.01 215.622 45.066 180.279 19.505 144.576 
-26.062 205.866 -25.343 249.77 16.634 262.654 15.916 218.75 
-51.605 286.849 -9.846 300.424 15.97 264.904 -25.789 251.329 
-8.486 301.373 16.974 337.149 43.131 301.88 17.672 266.104 
47.474 301.807 47.727 345.716 89.565 359.044 89.313 315.135 
91.156 360.106 116.81 395.743 158.63 382.359 132.977 346.721 
135.004 422.348 176.874 435.577 202.394 399.844 160.524 386.615 
178.572 436.728 204.383 472.251 230.191 436.726 204.38 401.203 
206.127 399.883 231.731 435.555 273.57 422.226 247.966 386.554 
249.159 382.246 290.965 395.677 316.656 360.067 274.851 346.637 
318.205 314.882 318.072 358.792 359.874 345.35 360.007 301.44 
364.628 301.099 390.617 336.492 416.247 300.838 390.258 265.445 
392.151 263.99 417.962 299.513 459.723 285.943 433.912 250.42 
391.607 217.89 391.383 261.799 433.213 248.443 433.436 204.534 
362.19 179.948 388.117 215.386 413.809 179.777 387.882 144.339 
345.522 84.999 345.367 128.909 387.08 142.625 387.235 98.715 
320.565 45.003 346.656 80.321 388.308 66.422 362.218 31.104 
319.832 -0.938 319.846 42.972 361.603 29.39 361.588 -14.52 
276.116 -14.857 275.687 29.051 317.313 43.028 317.743 -0.88 
204.541 9.896 230.56 45.267 272.24 31.451 246.221 -3.92 
203.62 -36.845 203.548 7.147 245.331 -6.354 245.403 -50.264 
161.878 -50.4 161.804 -6.49 203.542 7.15 203.616 -36.842 
-24.725 85.303 -24.762 129.213 16.987 142.818 17.024 98.908 
-50.618 164.712 -8.875 178.335 16.981 142.845 -24.762 129.221 
21.16 383.936 62.922 397.5 88.727 361.972 46.964 348.409 
62.93 397.5 88.742 433.023 114.55 397.498 88.739 361.975 
293.347 397.277 319.176 432.787 344.966 397.249 319.137 361.739 
319.133 361.734 344.974 397.236 386.723 383.63 360.882 348.129 
390.206 142.537 415.919 178.131 457.717 164.677 432.004 129.082 
390.282 98.616 390.2 142.526 431.986 129.035 432.069 85.126 
249.672 -50.463 249.528 -6.553 275.22 29.055 275.364 -14.855 
161.878 -50.398 203.62 -36.852 245.4 -50.279 203.659 -63.908 
131.306 -14.61 131.333 29.3 157.121 -6.239 157.095 -50.149 
-23.474 80.79 18.165 94.729 60.045 81.531 18.406 67.592 
-50.563 120.794 -50.612 164.704 -24.762 129.209 -24.713 85.299 
-51.882 169.483 -25.734 204.76 16.154 217.93 -9.993 182.653 
17.382 337.445 17.207 381.355 43.157 345.934 43.332 302.024 
21.165 383.943 46.98 419.463 88.744 433.024 62.927 397.505 
92.672 435.571 134.409 421.93 160.157 386.361 118.42 400.002 
248.028 386.52 273.733 422.119 315.455 435.81 289.749 400.211 
319.179 432.783 360.938 419.21 386.745 383.683 344.985 397.256 
364.496 301.197 364.581 345.107 390.459 380.581 390.374 336.671 
391.515 217.607 433.321 204.176 459.248 168.738 417.442 182.169 
432.07 85.115 432.07 129.025 457.88 164.549 457.88 120.639 
346.713 80.482 388.488 94.008 430.235 80.395 388.46 66.87 
