160.638 219.862 160.096 263.769 202.021 250.716 202.563 206.81 
206.763 206.623 206.595 250.532 248.304 264.261 248.471 220.351 
207.871 202.492 249.671 215.937 275.376 180.337 233.575 166.892 
178.392 164.702 204.29 200.162 230.01 164.574 204.113 129.114 
133.758 179.897 159.124 215.74 201.05 202.692 175.685 166.849 
128.083 184.684 127.887 228.594 153.538 264.233 153.734 220.323 
163.084 271.011 204.789 284.751 246.605 271.353 204.9 257.613 
255.95 219.716 255.905 263.626 281.751 228.129 281.796 184.219 
209.433 124.57 235.201 160.124 276.946 173.741 251.178 138.187 
131.885 175.036 173.723 161.706 199.735 126.33 157.897 139.66 
86.106 157.401 127.494 172.068 154.233 137.239 112.845 122.571 
83.597 171.036 83.437 214.946 125.148 228.667 125.308 184.758 
56.817 251.108 98.383 265.261 124.689 230.102 83.122 215.949 
98.69 265.489 123.656 301.611 150.296 266.705 125.329 230.583 
136.557 308.409 178.272 322.118 204.202 286.681 162.486 272.972 
178.981 322.624 204.254 358.532 230.595 323.401 205.323 287.492 
205.674 287.248 230.697 323.33 272.746 310.682 247.723 274.599 
257.539 264.762 283.318 300.308 309.158 264.806 283.378 229.26 
284.143 228.702 309.571 264.501 351.475 251.379 326.047 215.581 
284.815 184.173 283.949 228.074 325.969 215.332 326.836 171.431 
253.065 136.741 278.844 172.287 320.617 158.752 294.837 123.207 
253.212 91.716 252.697 135.623 294.614 122.544 295.129 78.637 
211.174 77.418 210.411 121.322 251.93 135.615 252.693 91.711 
156.793 92.537 156.719 136.447 198.503 122.948 198.577 79.038 
113.976 78.101 113.041 122.001 154.503 136.456 155.439 92.556 
86.622 112.469 84.712 156.338 112.043 121.97 113.952 78.102 
55.849 207.113 56.685 251.015 81.813 215.005 80.977 171.103 
56.82 251.108 81.618 287.344 122.98 302.085 98.181 265.848 
135.927 310.492 162.283 345.613 204.249 358.534 177.893 323.414 
204.255 358.53 246.274 345.781 272.773 310.77 230.755 323.518 
284.283 300.994 325.939 287.106 351.476 251.385 309.82 265.273 
327.279 171.437 326.389 215.338 351.473 251.378 352.363 207.477 
295.129 78.638 295.706 122.544 321.979 157.726 321.402 113.82 
211.645 76.036 252.963 90.899 295.126 78.638 253.808 63.774 
114.079 77.764 156.073 90.593 197.588 76.289 155.594 63.459 
86.847 39.365 112.925 74.693 154.583 60.809 128.505 25.481 
59.499 74.235 84.074 110.623 111.088 76.005 86.512 39.617 
57.563 75.623 55.058 119.461 78.798 156.4 81.303 112.561 
5.496 140.125 31.75 175.321 73.337 161.228 47.083 126.031 
10.586 219.508 51.933 204.726 76.694 168.464 35.347 183.246 
11.317 221.412 11.922 265.318 53.492 251.174 52.887 207.268 
11.927 265.325 36.569 301.669 78.748 289.463 54.107 253.12 
38.03 305.888 79.554 320.165 121.54 307.308 80.016 293.031 
83.547 329.321 84.156 373.227 125.725 359.08 125.115 315.174 
131.111 314.684 131.681 358.59 157.95 393.776 157.38 349.87 
161.256 349.601 162.359 393.497 204.448 406.012 203.345 362.116 
205.511 362.111 204.489 406.009 246.554 393.416 247.576 349.518 
251.794 349.341 251.477 393.25 277.542 357.913 277.859 314.004 
286.09 313.124 286.62 357.031 328.542 370.095 328.012 326.188 
287.352 308.065 329.252 321.196 370.869 307.191 328.968 294.06 
330.017 289.696 372.131 302.125 396.966 265.912 354.852 253.483 
356.694 207.376 355.566 251.271 396.965 265.909 398.093 222.013 
332.539 167.046 357.95 202.857 399.557 216.892 374.145 181.081 
334.223 159.313 376.11 172.487 401.584 136.722 359.697 123.547 
329.508 112.928 330.249 156.831 355.456 120.877 354.714 76.973 
298.586 75.674 325.406 110.441 350.184 74.189 323.363 39.422 
255.147 59.317 296.478 74.143 323.35 39.415 282.018 24.59 
208.892 69.062 250.964 56.492 277.613 21.594 235.54 34.163 
177.402 31.179 203.996 66.12 229.008 30.031 202.415 -4.91 
129.128 24.974 156.528 59.286 198.864 70.939 171.463 36.627 
131.557 13.428 172.924 28.152 199.712 -6.641 158.344 -21.365 
71.328 -20.06 75.397 23.661 115.721 6.281 111.652 -37.44 
29.123 -32.174 30.644 11.71 72.849 23.825 71.329 -20.059 
-0.334 42.824 38.834 62.671 69.814 31.553 30.645 11.705 
2.176 92.223 3.792 136.103 45.026 121.006 43.409 77.125 
-24.36 177.559 0.534 213.732 27.242 178.879 2.35 142.707 
-53.094 217.873 -48.914 261.584 -6.05 271.115 -10.231 227.404 
-74.98 298.775 -33.192 312.262 -7.452 276.687 -49.24 263.2 
-29.986 314.374 -6.512 351.483 21.526 317.69 -1.947 280.582 
35.752 317.114 36.698 361.013 78.741 373.68 77.796 329.78 
85.075 375.682 110.448 411.519 152.372 398.463 127.0 362.626 
137.197 450.205 179.595 461.629 203.562 424.837 161.164 413.412 
182.871 463.564 208.748 499.038 234.489 463.465 208.612 427.99 
214.44 423.363 238.73 459.943 281.025 448.145 256.736 411.565 
260.027 398.177 301.976 411.153 327.28 375.268 285.331 362.291 
331.235 326.096 330.865 370.004 372.739 356.787 373.109 312.879 
389.848 309.243 416.996 343.756 441.431 307.272 414.283 272.759 
418.815 268.957 444.693 304.432 486.428 290.783 460.55 255.308 
418.023 218.136 416.218 262.009 458.501 250.167 460.306 206.294 
380.539 175.26 406.754 210.486 432.156 174.669 405.941 139.443 
361.035 76.581 360.601 120.489 402.226 134.47 402.66 90.562 
335.119 24.748 362.717 58.902 403.727 43.209 376.129 9.055 
333.405 -23.294 333.526 20.616 375.25 6.932 375.129 -36.978 
288.252 -39.597 285.086 4.199 325.76 20.744 328.926 -23.052 
206.082 -7.986 232.428 27.141 273.978 12.938 247.631 -22.189 
203.03 -61.259 202.066 -17.277 244.114 -29.928 245.076 -73.827 
161.574 -75.657 160.611 -31.757 202.065 -17.276 203.029 -61.257 
-47.465 78.776 -48.479 122.675 -7.043 137.205 -6.028 93.306 
-75.103 157.593 -33.667 172.124 -7.042 137.207 -48.478 122.675 
8.811 404.641 50.407 418.704 76.636 383.489 35.039 369.426 
50.41 418.704 75.792 454.535 102.026 419.323 76.644 383.492 
309.314 415.332 334.785 451.1 360.931 415.822 335.46 380.055 
335.485 380.034 360.942 415.812 402.835 402.657 377.378 366.879 
412.959 133.31 438.173 169.26 480.155 156.389 454.941 120.439 
413.71 89.35 412.94 133.254 454.932 120.419 455.702 76.516 
258.155 -75.605 257.462 -31.701 282.707 4.226 283.4 -39.678 
161.574 -75.656 203.03 -61.258 245.076 -73.827 203.623 -88.308 
118.06 -37.762 117.043 6.136 143.669 -28.78 144.687 -72.678 
-45.659 68.412 -3.615 81.078 37.844 66.612 -4.2 53.946 
-74.088 113.695 -75.103 157.593 -48.479 122.675 -47.464 78.776 
-77.451 175.449 -51.472 210.849 -9.646 224.218 -35.626 188.818 
-2.854 354.209 -3.586 398.113 22.812 363.024 23.543 319.12 
8.811 404.642 34.196 440.47 75.792 454.534 50.406 418.706 
93.058 462.308 134.766 448.577 160.438 412.953 118.73 426.684 
258.069 410.589 283.314 446.517 324.855 460.744 299.611 424.816 
334.784 451.099 376.68 437.95 402.845 402.687 360.95 415.836 
389.184 309.78 389.314 353.69 415.23 389.138 415.099 345.228 
417.307 215.993 459.303 203.17 485.742 168.112 443.746 180.934 
455.701 76.516 454.968 120.42 480.183 156.369 480.915 112.466 
363.151 59.984 404.854 73.731 446.672 60.34 404.97 46.593 
