156.402 233.148 148.572 276.354 192.083 270.449 199.913 227.243 
216.693 227.468 207.723 270.452 245.831 292.266 254.802 249.282 
221.649 212.897 260.098 234.104 292.148 204.089 253.698 182.882 
190.74 164.159 209.528 203.847 241.466 173.715 222.68 134.027 
134.278 177.744 151.985 217.926 195.672 213.503 177.965 173.321 
114.085 195.753 106.853 239.063 126.459 278.353 133.692 235.043 
158.844 299.14 198.639 317.7 241.743 309.323 201.948 290.764 
277.931 245.633 272.961 289.261 302.625 256.886 307.594 213.258 
241.327 118.11 259.376 158.139 297.507 179.913 279.458 139.885 
127.134 160.088 170.441 152.838 201.217 121.518 157.91 128.768 
46.662 117.753 82.386 143.286 117.708 117.201 81.985 91.668 
50.984 173.978 36.712 215.504 71.795 241.91 86.067 200.385 
-6.345 260.215 29.684 285.313 64.689 258.803 28.659 233.704 
47.137 299.053 60.445 340.898 96.13 315.311 82.822 273.466 
120.794 351.64 157.332 375.992 191.784 348.767 155.246 324.415 
175.636 389.6 192.176 430.276 225.749 401.976 209.21 361.3 
225.472 350.107 241.6 390.948 285.426 388.228 269.297 347.388 
295.68 300.242 312.697 340.72 345.936 312.027 328.918 271.549 
347.152 257.462 363.938 298.037 407.714 294.612 390.928 254.037 
351.005 197.763 341.864 240.711 385.534 236.133 394.675 193.185 
303.556 117.113 319.433 158.052 363.274 155.602 347.398 114.664 
305.635 55.323 296.874 98.35 340.503 93.386 349.264 50.359 
253.675 31.458 242.904 74.027 280.06 97.426 290.832 54.857 
158.329 60.486 147.455 103.028 191.276 100.224 202.15 57.681 
100.663 35.615 88.286 77.744 124.529 102.534 136.906 60.404 
33.246 53.644 10.75 91.354 51.116 74.069 73.611 36.359 
-12.269 210.819 -14.98 254.645 12.973 220.782 15.684 176.956 
-13.367 293.947 -0.901 336.05 33.932 362.784 21.465 320.681 
115.636 389.758 141.232 425.436 182.911 439.255 157.315 403.577 
218.732 445.32 262.575 442.904 296.624 415.178 252.781 417.595 
346.627 355.932 388.183 341.746 413.464 305.843 371.908 320.029 
430.28 189.239 416.894 231.059 430.646 272.76 444.032 230.94 
367.631 47.382 365.313 91.231 389.211 128.067 391.529 84.219 
264.86 -8.026 296.619 22.297 340.136 28.161 308.377 -2.162 
105.122 16.269 144.573 35.547 187.822 27.955 148.37 8.676 
55.361 -87.342 48.077 -44.04 87.009 -23.732 94.293 -67.034 
-31.57 -7.877 -22.809 35.15 15.405 13.522 6.643 -29.505 
-64.216 49.764 -54.745 92.641 -21.881 121.762 -31.352 78.886 
-109.046 122.864 -90.015 162.436 -46.499 156.564 -65.53 116.993 
-118.612 206.328 -74.743 204.416 -40.378 177.084 -84.246 178.996 
-101.444 239.276 -122.012 278.071 -78.76 285.643 -58.192 246.848 
-88.394 328.484 -78.618 371.291 -34.884 375.221 -44.66 332.414 
-26.636 418.35 15.954 429.036 56.691 412.647 14.101 401.961 
36.226 451.496 33.475 495.32 76.004 484.394 78.755 440.57 
99.563 439.285 91.785 482.501 110.894 522.035 118.672 478.819 
153.414 471.782 144.017 514.674 181.907 536.866 191.304 493.973 
241.226 481.274 225.031 522.089 268.853 524.878 285.047 484.063 
328.205 445.685 328.608 489.593 354.09 453.834 353.688 409.926 
384.942 400.588 380.985 444.32 421.354 461.597 425.31 417.865 
388.576 385.654 428.764 403.347 471.676 394.039 431.488 376.346 
435.251 343.967 473.869 364.865 505.678 334.594 467.059 313.696 
489.653 223.834 472.591 264.293 505.797 293.023 522.86 252.564 
445.457 134.803 470.244 171.048 511.601 185.802 486.814 149.557 
447.632 105.892 487.876 123.457 517.017 90.61 476.773 73.046 
435.718 54.218 433.202 98.055 461.005 64.069 463.521 20.231 
396.02 -3.437 410.528 38.007 445.46 11.402 430.952 -30.042 
313.875 -52.908 346.649 -23.686 384.568 -45.826 351.794 -75.049 
220.814 -37.434 262.287 -51.86 287.359 -87.908 245.886 -73.482 
170.83 -86.019 193.3 -48.294 222.235 -81.321 199.767 -119.047 
115.06 -88.131 134.137 -48.581 172.818 -27.799 153.74 -67.348 
124.428 -129.673 157.205 -100.454 195.123 -122.598 162.346 -151.816 
-2.809 -159.556 -4.604 -115.683 37.677 -127.534 39.472 -171.407 
-90.313 -130.445 -78.063 -88.278 -34.175 -86.898 -46.425 -129.065 
-119.844 -80.675 -112.116 -37.451 -68.619 -31.444 -76.347 -74.669 
-109.147 51.181 -121.594 93.29 -77.7 92.115 -65.252 50.006 
-147.671 143.75 -139.744 186.938 -101.119 166.053 -109.046 122.865 
-208.383 272.492 -204.897 316.263 -162.191 326.474 -165.676 282.703 
-213.591 397.616 -171.356 409.629 -146.879 373.174 -189.114 361.161 
-150.691 416.918 -150.243 460.826 -108.623 446.831 -109.07 402.924 
-26.882 438.686 -31.202 482.383 9.022 499.995 13.342 456.298 
34.355 498.303 52.86 538.124 96.45 532.831 77.945 493.01 
143.293 615.381 186.059 625.339 208.745 587.743 165.979 577.785 
230.769 625.729 256.821 661.076 282.387 625.377 256.336 590.03 
289.515 563.622 296.87 606.911 340.314 613.292 332.959 570.003 
349.705 497.524 390.629 513.439 418.411 479.435 377.486 463.52 
435.019 418.213 428.604 461.652 471.899 454.33 478.315 410.891 
538.613 363.635 567.107 397.044 590.077 359.621 561.583 326.212 
578.126 282.274 604.582 317.32 646.088 302.99 619.632 267.943 
585.638 205.954 566.165 245.31 609.612 251.669 629.086 212.313 
502.706 132.123 526.019 169.333 554.205 135.662 530.891 98.452 
490.53 17.239 481.622 60.236 519.762 81.995 528.67 38.998 
437.468 -86.7 467.382 -54.556 507.197 -73.072 477.283 -105.217 
403.238 -153.902 408.888 -110.357 448.556 -129.186 442.906 -172.731 
368.53 -187.862 341.03 -153.63 365.089 -116.897 392.589 -151.13 
219.756 -136.308 237.13 -95.981 280.852 -100.043 263.478 -140.37 
211.913 -206.575 204.772 -163.166 248.181 -169.776 255.309 -213.104 
172.899 -226.669 165.763 -183.343 204.763 -163.167 211.913 -206.574 
-185.657 39.986 -188.246 83.819 -147.357 99.827 -144.769 55.993 
-216.116 117.751 -175.233 133.772 -147.363 99.841 -188.246 83.819 
-58.205 542.408 -15.713 553.471 7.941 516.476 -34.553 505.413 
-14.435 554.256 9.79 590.879 37.135 556.523 12.91 519.9 
412.691 522.971 438.69 558.356 464.309 522.694 438.309 487.309 
440.929 485.458 464.917 522.237 507.309 510.789 483.321 474.01 
548.076 78.472 571.241 115.775 613.876 105.271 590.712 67.968 
551.318 34.608 548.056 78.396 590.71 67.967 593.972 24.179 
290.617 -225.004 285.663 -181.375 307.299 -143.166 312.253 -186.795 
172.895 -226.663 211.913 -206.575 255.309 -213.104 216.305 -233.272 
95.564 -190.725 78.06 -150.454 115.892 -172.745 133.396 -213.016 
-188.346 1.286 -147.702 17.906 -105.052 7.462 -145.696 -9.158 
-213.517 73.925 -216.107 117.759 -188.246 83.819 -185.656 39.986 
-210.453 159.996 -208.43 203.86 -181.011 238.157 -183.034 194.293 
-98.017 489.44 -104.04 532.934 -73.602 501.286 -67.579 457.791 
-58.205 542.408 -32.056 577.682 9.834 590.848 -16.317 555.574 
46.076 599.513 89.98 600.254 125.935 575.048 82.031 574.307 
355.068 539.197 376.188 577.694 415.902 596.426 394.783 557.928 
438.67 558.341 480.716 545.685 507.294 510.731 465.247 523.388 
523.201 397.491 511.383 439.781 526.681 480.941 538.498 438.651 
566.538 177.805 609.588 169.152 639.329 136.849 596.28 145.501 
593.925 24.173 590.716 67.966 613.86 105.281 617.069 61.489 
493.516 -31.349 528.501 -4.813 572.402 -3.909 537.417 -30.445 
