159.573 223.847 155.186 267.537 198.093 258.208 202.48 214.517 
211.754 214.495 207.215 258.17 247.349 275.983 251.888 232.308 
214.296 206.258 254.775 223.275 283.467 190.035 242.988 173.019 
184.93 163.969 207.669 201.533 236.367 168.3 213.629 130.736 
135.433 177.531 157.079 215.736 200.103 206.955 178.457 168.751 
123.98 186.884 120.285 230.638 143.014 268.208 146.709 224.454 
161.253 282.098 202.16 298.058 244.636 286.924 203.728 270.965 
266.55 230.554 264.357 274.409 291.908 240.218 294.1 196.363 
224.085 122.146 246.393 159.967 286.672 177.452 264.364 139.631 
131.84 167.957 174.468 157.423 202.763 123.845 160.135 134.378 
65.596 132.928 104.005 154.207 136.112 124.253 97.703 102.974 
63.07 170.09 55.315 213.31 94.024 234.04 101.778 190.82 
20.431 254.117 59.539 274.08 90.612 243.054 51.502 223.09 
70.226 281.945 88.91 321.682 120.929 291.634 102.245 251.897 
128.34 334.913 167.991 353.778 198.186 321.897 158.535 303.032 
177.947 360.864 199.051 399.37 229.15 367.401 208.048 328.894 
217.986 321.823 238.225 360.79 281.54 353.583 261.301 314.616 
282.775 283.166 304.712 321.202 334.108 288.584 312.17 250.547 
322.206 242.957 343.397 281.416 386.521 273.146 365.33 234.688 
324.707 189.055 318.925 232.582 362.109 224.631 367.891 181.103 
282.058 121.215 303.503 159.532 346.571 150.977 325.127 112.66 
283.673 68.323 279.012 111.984 321.977 102.925 326.639 59.264 
233.319 49.348 227.302 92.844 266.809 112.008 272.827 68.512 
154.156 69.907 149.407 113.559 192.391 104.586 197.139 60.934 
108.129 49.799 101.295 93.174 140.435 113.077 147.269 69.702 
59.161 76.721 46.813 118.859 81.571 92.026 93.919 49.888 
15.448 206.412 14.49 250.312 41.068 215.359 42.025 171.46 
15.632 273.878 34.764 313.401 73.473 334.129 54.34 294.606 
124.221 357.27 150.502 392.446 192.44 405.457 166.159 370.28 
213.951 408.594 257.161 400.787 287.53 369.073 244.319 376.88 
323.435 331.177 364.909 316.754 389.985 280.708 348.511 295.131 
386.034 180.149 379.22 223.527 399.204 262.626 406.019 219.248 
334.793 58.435 335.135 102.344 361.219 137.666 360.878 93.757 
240.182 24.315 277.207 47.922 321.036 45.257 284.011 21.65 
109.781 44.7 150.65 60.756 193.152 49.723 152.282 33.667 
75.6 -41.398 85.415 1.402 129.152 5.293 119.337 -37.506 
12.264 27.056 33.789 65.327 63.536 33.028 42.01 -5.243 
-7.302 49.85 -8.015 93.754 17.214 129.692 17.927 85.788 
-66.487 124.912 -43.185 162.129 -0.589 151.468 -23.89 114.251 
-61.653 213.048 -19.963 199.263 5.662 163.606 -36.028 177.391 
-58.217 220.818 -68.386 263.535 -24.618 260.005 -14.449 217.289 
-47.947 297.206 -30.621 337.553 13.106 333.541 -4.221 293.195 
-3.186 374.317 38.559 387.936 80.336 374.417 38.591 360.798 
48.899 405.073 48.148 448.977 90.135 436.125 90.886 392.221 
106.697 389.389 106.398 433.298 131.966 468.997 132.264 425.088 
151.608 421.604 149.518 465.465 190.586 481.005 192.676 437.145 
225.241 430.94 216.569 473.985 260.187 468.931 268.859 425.886 
303.124 410.119 302.567 454.026 328.825 418.832 329.382 374.926 
346.772 371.743 345.819 415.642 387.276 430.114 388.229 386.214 
348.704 357.566 390.663 370.511 432.217 356.32 390.258 343.376 
392.48 324.546 433.947 338.987 460.496 304.012 419.028 289.571 
433.423 216.3 424.18 259.226 462.149 281.281 471.392 238.355 
405.605 141.822 429.909 178.393 471.067 193.694 446.763 157.123 
408.12 126.179 449.504 140.858 476.253 106.036 434.869 91.357 
393.027 76.837 395.572 120.673 419.28 83.712 416.734 39.876 
355.12 30.404 377.623 68.109 406.529 35.055 384.025 -2.65 
289.781 -6.636 327.529 15.796 360.527 -13.173 322.779 -35.605 
216.092 -3.541 258.289 -15.686 285.287 -50.315 243.09 -38.169 
177.464 -44.108 204.216 -9.288 229.065 -45.49 202.314 -80.311 
121.772 -39.399 147.478 -3.799 189.199 9.892 163.493 -25.708 
124.887 -76.691 162.916 -54.739 195.545 -84.123 157.516 -106.075 
8.818 -102.722 16.685 -59.522 55.339 -80.354 47.472 -123.553 
-53.105 -89.011 -34.22 -49.369 9.317 -55.079 -9.567 -94.721 
-77.291 -44.629 -63.526 -2.932 -19.617 -3.139 -33.382 -44.836 
-70.475 64.223 -74.442 107.953 -31.626 98.213 -27.659 54.483 
-105.354 158.284 -87.995 198.618 -55.0 169.645 -72.358 129.312 
-156.08 265.002 -143.937 307.2 -100.052 308.691 -112.195 266.494 
-159.845 367.384 -116.615 375.082 -95.934 336.347 -139.164 328.649 
-107.865 378.604 -96.452 421.005 -59.653 397.048 -71.066 354.647 
-5.004 393.451 -4.489 437.358 37.429 450.436 36.914 406.529 
51.463 456.924 74.414 494.359 117.109 484.1 94.158 446.665 
151.403 559.567 194.982 564.95 213.569 525.168 169.99 519.785 
214.703 569.063 242.667 602.918 266.222 565.861 238.259 532.006 
261.088 512.831 276.236 554.045 320.115 552.373 304.966 511.159 
318.198 461.437 360.113 474.525 385.512 438.707 343.598 425.618 
399.344 385.432 396.844 429.27 439.31 418.101 441.81 374.262 
490.778 335.808 521.864 366.821 541.753 327.673 510.667 296.661 
524.206 277.564 551.962 311.589 592.899 295.706 565.143 261.681 
525.772 208.217 513.614 250.41 557.499 248.935 569.657 206.742 
457.63 145.8 483.366 181.378 509.25 145.908 483.514 110.33 
441.757 34.469 438.116 78.228 478.609 95.213 482.249 51.454 
386.785 -62.097 417.66 -30.875 456.895 -50.591 426.02 -81.813 
379.778 -109.825 384.665 -66.188 424.657 -84.32 419.77 -127.958 
338.882 -137.918 320.226 -98.168 352.265 -68.142 370.921 -107.892 
213.261 -89.998 236.48 -52.73 279.1 -63.297 255.881 -100.565 
205.458 -155.923 201.004 -112.157 243.924 -121.428 248.37 -165.113 
165.276 -173.569 160.831 -129.885 201.003 -112.157 205.457 -155.923 
-139.172 55.724 -140.84 99.602 -99.625 114.748 -97.956 70.87 
-167.983 134.119 -126.768 149.266 -99.626 114.749 -140.841 99.602 
-32.249 493.873 9.197 508.373 35.795 473.435 -5.652 458.935 
9.198 508.373 34.197 544.472 60.805 509.541 35.806 473.442 
379.797 482.244 404.422 518.598 431.388 483.943 406.762 447.589 
406.769 447.583 431.387 483.943 473.575 471.765 448.956 435.405 
499.87 91.678 523.363 128.775 565.904 117.895 542.411 80.798 
502.673 47.852 499.87 91.673 542.412 80.797 545.215 36.977 
275.834 -173.716 274.504 -129.826 299.224 -93.536 300.555 -137.426 
165.277 -173.568 205.458 -155.923 248.37 -165.113 208.197 -182.84 
94.32 -135.924 80.246 -94.331 116.08 -119.708 130.154 -161.302 
-140.578 39.157 -96.914 43.792 -58.864 21.876 -102.528 17.241 
-166.313 90.241 -167.982 134.119 -140.84 99.602 -139.172 55.724 
-165.953 169.081 -154.645 211.51 -120.558 239.189 -131.866 196.76 
-62.849 440.84 -64.63 484.714 -37.402 450.266 -35.621 406.392 
-32.249 493.872 -7.244 529.966 34.202 544.47 9.196 508.375 
64.881 553.262 108.401 547.422 140.177 517.117 96.657 522.957 
320.517 493.507 344.484 530.299 385.5 545.976 361.533 509.184 
404.42 518.596 446.606 506.414 473.575 471.761 431.389 483.944 
478.103 363.211 471.493 406.62 491.661 445.625 498.271 402.215 
515.234 189.408 557.639 178.008 585.244 143.86 542.839 155.261 
545.211 36.977 542.412 80.798 565.904 117.895 568.704 74.075 
442.601 -9.073 480.302 13.438 524.034 9.488 486.333 -13.022 
