161.747 217.259 161.706 261.169 203.48 247.639 203.521 203.729 
204.129 203.711 204.142 247.621 245.906 261.178 245.894 217.268 
204.318 203.124 246.097 216.637 271.858 181.078 230.079 167.565 
177.951 167.301 203.817 202.785 229.57 167.22 203.705 131.737 
135.758 181.179 161.559 216.71 203.323 203.152 177.523 167.621 
135.004 181.786 134.996 225.696 160.8 261.225 160.808 217.315 
162.092 262.202 203.847 275.79 245.614 262.239 203.859 248.652 
246.972 217.255 246.973 261.165 272.782 225.641 272.78 181.731 
204.508 131.061 230.33 166.576 272.097 180.128 246.274 144.614 
135.442 180.363 177.209 166.813 203.036 131.301 161.269 144.851 
93.21 166.34 134.945 179.99 160.824 144.516 119.089 130.866 
92.665 168.227 92.707 212.137 134.481 225.666 134.439 181.756 
66.86 247.78 108.624 261.335 134.422 225.802 92.656 212.247 
108.769 261.428 134.53 296.987 160.389 261.499 134.628 225.939 
136.172 298.086 177.942 311.629 203.73 276.089 161.96 262.546 
178.004 311.67 203.799 347.205 229.623 311.692 203.83 276.157 
203.916 276.086 229.669 311.651 271.451 298.148 245.698 262.583 
247.277 261.366 273.11 296.873 298.896 261.332 273.063 225.825 
273.134 225.778 298.949 261.298 340.708 247.723 314.893 212.203 
273.148 181.722 273.076 225.632 314.859 212.131 314.931 168.222 
246.626 144.423 272.497 179.901 314.234 166.258 288.363 130.78 
246.575 100.335 246.582 144.245 288.341 130.67 288.334 86.76 
204.683 86.734 204.652 130.644 246.403 144.242 246.434 100.332 
161.068 100.47 161.142 144.38 202.88 130.74 202.805 86.83 
119.196 86.827 119.134 130.737 160.875 144.366 160.938 100.456 
93.193 122.198 92.968 166.108 118.96 130.716 119.184 86.807 
66.685 203.836 66.839 247.746 92.523 212.132 92.369 168.222 
66.896 247.868 92.565 283.493 134.273 297.226 108.602 261.601 
136.111 298.276 162.007 333.737 203.801 347.205 177.905 311.744 
203.817 347.219 245.621 333.785 271.545 298.344 229.74 311.778 
273.239 296.943 314.984 283.323 340.751 247.768 299.006 261.388 
315.092 168.165 314.977 212.075 340.694 247.666 340.809 203.756 
288.367 86.778 288.471 130.688 314.364 166.15 314.26 122.24 
204.803 86.392 246.51 100.124 288.324 86.719 246.617 72.986 
119.187 86.791 160.98 100.259 202.708 86.589 160.915 73.121 
93.096 50.94 119.037 86.369 160.748 72.646 134.807 37.217 
67.176 86.385 92.867 121.994 118.794 86.556 93.102 50.947 
67.084 86.432 66.637 130.34 92.084 166.125 92.53 122.217 
23.761 144.744 49.547 180.284 91.317 166.741 65.53 131.201 
24.427 217.234 66.115 203.442 91.734 167.781 50.046 181.572 
24.521 217.537 24.647 261.447 66.369 247.758 66.243 203.848 
24.67 261.458 50.298 297.112 92.127 283.756 66.499 248.101 
50.452 297.683 92.168 311.39 133.974 297.958 92.258 284.252 
92.595 312.453 92.586 356.363 134.35 342.802 134.358 298.892 
135.338 298.837 135.408 342.747 161.275 378.23 161.205 334.32 
161.827 334.353 161.967 378.263 203.771 391.699 203.631 347.789 
203.98 347.789 203.831 391.699 245.638 378.272 245.787 334.362 
246.422 334.36 246.357 378.27 272.219 342.784 272.284 298.874 
273.267 298.829 273.268 342.739 315.029 356.307 315.028 312.397 
273.526 297.895 315.311 311.392 357.048 297.751 315.264 284.254 
315.477 283.682 357.273 297.14 382.989 261.547 341.192 248.089 
341.408 203.792 341.289 247.702 383.013 261.384 383.132 217.474 
315.87 167.656 341.606 203.233 383.339 216.889 357.602 181.311 
316.153 166.653 357.918 180.211 383.719 144.681 341.954 131.123 
315.347 122.157 315.434 166.067 341.174 130.492 341.088 86.582 
288.86 86.376 314.793 121.81 340.479 86.196 314.545 50.762 
246.792 72.475 288.526 86.125 314.404 50.65 272.669 37.001 
204.528 85.541 246.345 72.145 272.301 36.728 230.484 50.124 
177.853 49.596 203.737 85.066 229.472 49.489 203.589 14.019 
135.1 37.016 161.159 72.358 203.014 85.633 176.955 50.291 
135.591 35.47 177.304 49.187 203.24 13.755 161.527 0.038 
91.723 4.345 92.107 48.253 133.747 34.32 133.363 -9.588 
49.419 -9.194 49.422 34.716 91.184 48.282 91.181 4.372 
22.963 70.478 64.545 84.585 90.811 49.397 49.228 35.29 
23.343 100.338 23.632 144.247 65.303 130.405 65.014 86.496 
-2.752 180.63 22.935 216.243 48.866 180.808 23.18 145.195 
-20.463 204.331 -20.238 248.241 21.592 261.596 21.367 217.686 
-46.331 284.679 -4.571 298.25 21.241 262.728 -20.519 249.156 
-3.721 298.848 21.998 334.439 47.898 298.981 22.18 263.391 
50.075 299.01 50.195 342.92 91.993 356.376 91.873 312.466 
92.762 356.9 118.491 392.483 160.283 379.01 134.554 343.427 
135.457 416.682 177.252 430.145 202.972 394.556 161.177 381.093 
178.202 430.803 204.012 466.327 229.821 430.803 204.011 395.279 
204.906 394.622 230.664 430.183 272.444 416.675 246.687 381.113 
247.329 378.943 289.111 392.447 314.864 356.882 273.082 343.379 
315.665 312.38 315.599 356.29 357.38 342.784 357.447 298.874 
359.682 298.733 385.541 334.222 411.302 298.662 385.443 263.174 
386.459 262.424 412.268 297.949 454.029 284.381 428.22 248.856 
386.101 217.383 386.044 261.293 427.823 247.778 427.879 203.868 
358.505 180.616 384.373 216.098 410.125 180.532 384.258 145.05 
342.221 86.645 342.15 130.555 383.889 144.192 383.96 100.282 
316.908 48.813 342.801 84.277 384.53 70.611 358.638 35.147 
316.509 3.804 316.521 47.714 358.278 34.133 358.266 -9.777 
273.572 -9.784 273.483 34.126 315.216 47.78 315.306 3.87 
204.14 13.574 230.061 49.017 271.779 35.317 245.859 -0.126 
203.686 -31.729 203.686 12.263 245.447 -1.306 245.447 -45.216 
161.929 -45.196 161.935 -1.286 203.698 12.278 203.692 -31.714 
-19.816 86.801 -19.839 130.711 21.915 144.301 21.938 100.391 
-45.648 166.248 -3.89 179.826 21.927 144.307 -19.831 130.73 
23.975 379.742 65.73 393.328 91.554 357.814 49.798 344.228 
65.794 393.343 91.639 428.842 117.414 393.292 91.568 357.794 
290.3 393.274 316.12 428.79 341.919 393.258 316.098 357.742 
316.081 357.711 341.929 393.207 383.675 379.593 357.827 344.097 
385.436 144.166 411.192 179.73 452.974 166.225 427.218 130.662 
385.424 100.253 385.425 144.163 427.186 130.593 427.184 86.683 
247.56 -45.3 247.541 -1.39 273.335 34.145 273.354 -9.765 
161.925 -45.195 203.695 -31.736 245.447 -45.251 203.677 -58.792 
133.846 -9.592 133.906 34.318 159.667 -1.242 159.606 -45.152 
-19.057 84.356 22.617 98.188 64.463 84.882 22.789 71.05 
-45.603 122.289 -45.611 166.199 -19.794 130.68 -19.785 86.77 
-46.311 168.548 -20.375 203.98 21.434 217.401 -4.502 181.969 
22.165 334.544 22.108 378.454 47.963 342.964 48.02 299.054 
23.992 379.83 49.8 415.355 91.56 428.925 65.751 393.401 
93.41 430.071 135.169 416.494 160.972 380.965 119.213 394.542 
246.732 381.153 272.511 416.699 314.261 430.302 288.481 394.757 
316.177 428.792 357.938 415.223 383.749 379.699 341.987 393.268 
359.593 298.787 359.622 342.697 385.455 378.204 385.426 334.294 
386.064 217.263 427.839 203.739 453.687 168.243 411.912 181.767 
427.336 86.607 427.336 130.517 453.145 166.041 453.146 122.131 
342.828 84.329 384.589 97.899 426.35 84.33 384.59 70.761 
