160.539 220.4 159.846 264.305 201.816 251.396 202.509 207.492 
207.429 207.24 207.193 251.149 248.881 264.942 249.117 221.033 
208.685 202.406 250.483 215.862 276.196 180.269 234.398 166.813 
178.567 164.206 204.434 199.688 230.186 164.123 204.32 128.64 
133.501 179.533 158.706 215.489 200.691 202.629 175.486 166.673 
126.772 185.353 126.495 229.262 152.081 264.948 152.358 221.039 
163.48 272.805 205.167 286.601 247.001 273.26 205.315 259.464 
257.861 220.166 257.791 264.076 283.657 228.594 283.727 184.684 
210.492 123.233 236.211 158.823 277.937 172.498 252.219 136.908 
131.365 174.078 173.229 160.831 199.311 125.506 157.447 138.754 
84.596 155.46 125.876 170.428 152.868 135.793 111.587 120.825 
81.982 171.592 81.686 215.501 123.355 229.352 123.651 185.443 
54.739 251.753 96.206 266.193 122.754 231.217 81.286 216.777 
96.481 266.401 121.163 302.718 148.076 268.022 123.394 231.705 
136.774 310.451 178.455 324.266 204.474 288.895 162.793 275.08 
179.36 324.912 204.444 360.953 230.969 325.961 205.887 289.92 
206.268 289.656 231.072 325.889 273.197 313.496 248.393 277.263 
259.646 265.36 285.363 300.951 311.265 265.494 285.547 229.903 
286.555 229.17 311.821 265.083 353.784 252.152 328.518 216.239 
287.46 184.618 286.355 228.514 328.445 216.0 329.55 172.104 
254.425 135.211 280.109 170.825 321.917 157.403 296.233 121.788 
254.675 89.93 253.975 133.835 295.947 120.933 296.647 77.029 
212.611 75.444 211.651 119.344 253.105 133.823 254.065 89.923 
156.212 90.97 156.004 134.88 197.829 121.508 198.037 77.599 
113.01 76.295 111.809 120.188 153.184 134.894 154.385 91.001 
85.352 110.427 83.066 154.277 110.69 120.145 112.976 76.295 
53.663 207.771 54.621 251.67 79.649 215.592 78.691 171.692 
54.741 251.754 79.343 288.125 120.625 303.089 96.022 266.718 
135.986 313.099 162.438 348.148 204.439 360.955 177.987 325.907 
204.492 360.986 246.561 348.403 273.197 313.495 231.129 326.079 
286.674 301.875 328.306 287.916 353.783 252.153 312.151 266.111 
329.914 172.111 328.844 216.008 353.782 252.15 354.851 208.253 
296.66 77.029 297.338 120.934 323.692 156.055 323.014 112.151 
213.186 73.78 254.388 88.963 296.645 77.03 255.444 61.846 
113.236 75.537 155.227 88.375 196.745 74.08 154.754 61.241 
86.074 36.397 111.882 71.923 153.644 58.356 127.836 22.83 
57.837 71.586 82.174 108.134 109.413 73.694 85.076 37.146 
55.25 73.45 52.375 117.266 75.802 154.404 78.677 110.588 
1.585 139.18 27.879 174.346 69.45 160.205 43.156 125.039 
7.615 219.887 48.913 204.966 73.552 168.622 32.255 183.542 
8.489 222.113 9.066 266.019 50.645 251.902 50.068 207.996 
9.072 266.029 33.328 302.631 75.635 290.871 51.378 254.27 
35.342 308.315 76.826 322.708 118.848 309.969 77.364 295.576 
81.634 333.276 82.35 377.18 123.884 362.931 123.168 319.027 
130.181 318.352 130.869 362.256 157.231 397.372 156.544 353.468 
161.239 353.08 162.5 396.972 204.634 409.336 203.373 365.444 
206.088 365.438 204.779 409.329 246.926 397.01 248.235 353.12 
253.672 352.822 253.313 396.731 279.411 361.418 279.769 317.51 
289.234 316.335 289.878 360.24 331.834 373.195 331.19 329.289 
290.626 310.466 332.554 323.507 374.141 309.413 332.212 296.372 
333.404 291.049 375.576 303.281 400.241 266.953 358.069 254.721 
360.396 208.086 358.959 251.972 400.254 266.9 401.691 223.014 
336.607 166.276 361.957 202.131 403.539 216.238 378.19 180.384 
338.372 157.701 380.283 170.799 405.692 134.987 363.781 121.889 
332.632 110.882 333.54 154.783 358.61 118.733 357.702 74.832 
300.813 73.358 327.767 108.021 352.405 71.675 325.45 37.011 
257.077 56.326 298.279 71.507 325.449 37.013 284.247 21.832 
209.656 65.245 251.775 52.83 278.551 18.029 236.432 30.444 
177.36 27.32 204.202 62.071 228.957 25.804 202.116 -8.947 
128.017 22.682 155.701 56.766 198.131 68.069 170.447 33.985 
130.639 8.72 171.917 23.694 198.915 -10.936 157.637 -25.91 
66.687 -24.983 71.491 18.664 111.517 0.608 106.713 -43.039 
24.336 -36.568 26.404 7.293 68.758 18.88 66.689 -24.982 
-5.46 37.503 33.119 58.472 64.984 28.261 26.405 7.291 
-2.173 90.629 -0.455 134.505 40.743 119.312 39.025 75.436 
-29.037 176.921 -4.393 213.263 22.555 178.595 -2.089 142.253 
-59.968 222.054 -54.794 265.658 -11.725 274.211 -16.899 230.607 
-80.643 302.099 -38.838 315.532 -13.144 279.923 -54.949 266.491 
-35.236 317.871 -12.344 355.342 16.218 321.991 -6.673 284.52 
32.937 321.414 34.089 365.309 76.191 377.778 75.039 333.883 
83.454 380.061 108.736 415.963 150.693 403.012 125.411 367.111 
138.694 457.632 181.24 468.493 204.717 431.386 162.172 420.525 
184.279 470.247 210.197 505.692 235.898 470.089 209.98 434.644 
216.922 429.07 240.8 465.92 283.225 454.596 259.347 417.747 
263.284 402.257 305.275 415.097 330.461 379.129 288.47 366.289 
334.922 329.167 334.483 373.075 376.378 359.924 376.817 316.016 
396.703 310.722 424.224 344.937 448.261 308.19 420.74 273.975 
425.504 269.938 451.421 305.384 493.141 291.689 467.224 256.243 
424.705 217.885 422.4 261.734 464.816 250.376 467.121 206.527 
385.203 173.824 411.504 208.987 436.818 173.108 410.518 137.946 
365.377 74.25 364.86 118.157 406.458 132.217 406.976 88.31 
338.356 19.079 366.398 52.869 407.2 36.641 379.158 2.851 
336.599 -28.931 336.772 14.979 378.479 1.245 378.306 -42.665 
291.271 -45.935 287.282 -2.206 327.638 15.1 331.626 -28.629 
206.35 -12.579 232.771 22.492 274.29 8.201 247.869 -26.87 
202.752 -67.417 201.48 -23.444 243.616 -35.799 244.886 -79.691 
161.399 -82.106 160.128 -38.214 201.479 -23.442 202.752 -67.416 
-53.149 77.262 -54.481 121.152 -13.151 135.982 -11.818 92.092 
-81.357 155.876 -40.028 170.708 -13.151 135.984 -54.48 121.153 
5.984 410.052 47.516 424.306 73.906 389.211 32.374 374.957 
47.518 424.305 72.737 460.251 99.131 425.159 73.912 389.213 
313.653 419.692 338.987 455.556 365.267 420.378 339.932 384.514 
339.974 384.481 365.277 420.368 407.227 407.394 381.924 371.507 
418.627 130.675 443.654 166.755 485.702 154.104 460.676 118.023 
419.595 86.751 418.618 130.651 460.67 118.014 461.647 74.115 
259.657 -81.994 258.935 -38.09 284.157 -2.146 284.879 -46.05 
161.399 -82.105 202.753 -67.416 244.886 -79.691 203.535 -94.461 
114.586 -43.467 113.018 0.415 140.08 -34.165 141.649 -78.047 
-51.43 65.858 -9.245 78.047 32.047 63.114 -10.137 50.924 
-80.024 111.987 -81.357 155.876 -54.481 121.152 -53.148 77.262 
-83.546 176.568 -57.926 212.23 -16.239 226.023 -41.858 190.361 
-7.297 359.073 -8.087 402.976 18.357 367.922 19.148 324.019 
5.985 410.052 31.205 445.996 72.737 460.251 47.515 424.307 
92.909 468.627 134.662 455.033 160.451 419.494 118.698 433.088 
261.379 416.236 286.54 452.222 328.048 466.545 302.887 430.559 
338.991 455.559 380.934 442.561 407.227 407.393 365.284 420.391 
395.237 311.959 395.254 355.869 421.079 391.383 421.061 347.473 
423.731 215.023 465.764 202.321 492.303 167.338 450.27 180.04 
461.666 74.115 460.688 118.014 485.701 154.104 486.679 110.205 
367.362 55.101 408.984 69.088 450.879 55.939 409.257 41.952 
