158.57 226.449 153.026 270.008 196.166 261.82 201.71 218.261 
212.702 218.43 206.532 261.904 245.972 281.206 252.142 237.732 
215.873 208.963 255.651 227.559 285.628 195.474 245.85 176.878 
186.595 164.781 207.976 203.134 237.844 170.947 216.464 132.595 
135.295 177.975 155.752 216.829 199.026 209.38 178.569 170.526 
121.801 188.984 116.964 232.627 138.703 270.778 143.541 227.135 
159.666 286.228 200.221 303.064 242.926 292.847 202.371 276.011 
268.376 235.852 265.22 279.648 293.516 246.071 296.672 202.274 
229.16 122.253 250.054 160.873 289.659 179.835 268.764 141.216 
130.906 166.275 173.795 156.861 202.96 124.035 160.071 133.449 
60.825 127.947 98.265 150.888 131.654 122.37 94.213 99.428 
59.145 170.831 48.962 213.543 86.437 236.427 96.621 193.715 
11.687 254.304 49.858 276.006 82.294 246.408 44.122 224.706 
63.648 286.163 80.696 326.628 113.913 297.911 96.866 257.445 
125.147 340.359 163.83 361.137 195.545 330.767 156.861 309.99 
176.291 370.23 196.036 409.451 227.234 378.552 207.49 339.332 
220.034 330.319 238.986 369.928 282.513 364.142 263.561 324.533 
286.969 289.489 307.299 328.408 338.031 297.046 317.7 258.126 
330.15 248.663 350.071 287.794 393.443 280.94 373.521 241.809 
332.504 191.849 325.693 235.227 369.053 228.3 375.864 184.921 
289.051 120.039 308.794 159.26 352.196 152.603 332.454 113.382 
290.579 64.054 284.756 107.576 327.948 99.664 333.77 56.142 
239.154 43.699 231.667 86.966 270.502 107.457 277.99 64.19 
154.449 66.192 147.854 109.604 191.179 102.461 197.774 59.049 
107.69 44.096 98.914 87.12 137.12 108.762 145.896 65.738 
50.995 68.245 34.97 109.127 71.965 85.473 87.99 44.591 
7.499 206.481 5.749 250.356 32.953 215.888 34.703 172.013 
6.152 280.213 23.173 320.69 60.735 343.432 43.713 302.955 
120.448 367.926 146.316 403.407 188.099 416.908 162.231 381.426 
215.765 420.936 259.242 414.786 290.8 384.255 247.323 390.405 
331.112 340.407 372.667 326.218 397.945 290.314 356.391 304.503 
401.135 182.639 392.281 225.647 410.397 265.646 419.252 222.638 
346.337 54.48 345.752 98.386 371.086 134.25 371.671 90.344 
247.366 13.062 282.81 38.981 326.72 39.117 291.276 13.198 
109.713 38.102 150.197 55.107 192.944 45.069 152.461 28.064 
68.925 -58.304 73.343 -14.617 116.257 -5.319 111.839 -49.006 
-3.074 13.939 14.938 53.984 47.457 24.478 29.444 -15.568 
-28.747 49.554 -25.474 93.342 2.911 126.843 -0.362 83.056 
-82.148 124.436 -59.736 162.196 -16.899 152.549 -39.311 114.789 
-81.174 211.134 -38.629 200.269 -10.597 166.472 -53.141 177.337 
-74.337 225.822 -87.573 267.69 -43.664 267.34 -30.429 225.472 
-61.92 307.275 -46.72 348.47 -2.844 346.744 -18.044 305.549 
-10.618 389.96 31.381 402.774 72.89 388.455 30.891 375.641 
44.269 421.755 42.762 465.639 84.964 453.511 86.471 409.627 
102.584 407.371 100.505 451.232 124.604 487.938 126.683 444.077 
150.512 439.608 146.376 483.323 186.673 500.765 190.809 457.051 
230.327 447.832 219.414 490.364 263.237 487.6 274.15 445.068 
313.105 422.077 312.758 465.986 338.847 430.667 339.194 386.758 
361.15 382.019 359.126 425.883 400.218 441.362 402.241 397.498 
363.384 369.137 405.047 383.006 446.904 369.737 405.242 355.868 
407.899 333.081 448.67 349.387 476.776 315.651 436.006 299.345 
452.347 218.543 440.787 260.904 477.503 284.988 489.062 242.627 
419.869 138.146 444.308 174.627 485.522 189.776 461.083 153.295 
422.471 118.402 463.569 133.863 490.974 99.555 449.876 84.093 
408.145 68.572 409.607 112.458 434.22 76.094 432.758 32.209 
369.923 18.839 390.118 57.829 420.96 26.574 400.764 -12.416 
297.173 -21.83 333.825 2.351 368.148 -25.036 331.496 -49.216 
217.629 -16.143 259.579 -29.114 285.893 -64.266 243.943 -51.295 
175.749 -58.902 201.599 -23.406 227.368 -58.959 201.52 -94.454 
119.873 -55.546 143.384 -18.461 184.203 -2.277 160.692 -39.363 
124.499 -95.4 160.985 -70.97 195.495 -98.121 159.008 -122.552 
5.161 -122.981 10.664 -79.417 50.395 -98.113 44.892 -141.677 
-66.952 -102.262 -48.754 -62.3 -5.125 -67.258 -23.323 -107.22 
-89.94 -60.243 -83.493 -16.809 -40.193 -9.52 -46.64 -52.954 
-85.312 59.714 -91.986 103.114 -48.647 96.05 -41.974 52.65 
-120.778 153.607 -106.186 195.022 -71.308 168.347 -85.899 126.932 
-175.058 267.697 -165.176 310.48 -121.432 314.302 -131.315 271.519 
-177.544 379.626 -134.493 388.268 -112.97 349.994 -156.021 341.352 
-122.435 392.871 -114.406 436.041 -75.831 415.064 -83.859 371.895 
-12.017 409.463 -12.807 453.366 28.703 467.685 29.493 423.782 
45.263 472.271 67.068 510.385 110.054 501.426 88.25 463.312 
147.884 579.555 191.341 585.848 210.755 546.462 167.298 540.17 
222.443 588.787 250.127 622.871 273.988 586.01 246.305 551.926 
272.195 530.586 285.059 572.569 328.963 573.307 316.099 531.324 
330.346 473.746 372.01 487.612 398.071 452.272 356.408 438.406 
412.557 397.093 409.108 440.868 451.806 430.621 455.255 386.847 
507.402 347.118 538.13 378.485 558.467 339.569 527.74 308.201 
543.83 277.457 571.522 311.535 612.488 295.729 584.797 261.651 
547.163 205.863 532.719 247.329 576.62 248.253 591.064 206.787 
473.627 139.892 498.707 175.936 525.236 140.946 500.156 104.902 
458.679 27.251 453.585 70.865 493.49 89.187 498.584 45.574 
404.395 -68.855 436.103 -38.478 474.791 -59.247 443.083 -89.623 
388.564 -124.982 394.935 -81.537 434.286 -101.022 427.914 -144.467 
350.612 -155.703 328.112 -117.996 357.021 -84.945 379.521 -122.652 
215.361 -106.562 236.71 -68.192 279.799 -76.64 258.45 -115.01 
207.557 -173.89 202.245 -130.22 245.339 -138.647 250.641 -182.235 
167.731 -192.323 162.427 -148.734 202.244 -130.221 207.557 -173.891 
-156.711 51.038 -158.164 94.924 -116.874 109.867 -115.422 65.981 
-185.138 129.572 -143.851 144.519 -116.876 109.871 -158.164 94.924 
-40.329 511.924 1.346 525.751 27.375 490.387 -14.301 476.56 
1.446 525.823 26.693 561.749 53.06 526.636 27.812 490.71 
393.156 495.907 418.116 532.032 444.76 497.129 419.799 461.004 
419.982 460.876 444.796 497.102 486.918 484.698 462.104 448.471 
516.747 85.57 540.342 122.603 582.853 111.607 559.258 74.574 
519.439 41.726 516.742 85.553 559.258 74.574 561.955 30.747 
281.022 -192.122 278.489 -148.285 302.206 -111.331 304.739 -155.168 
167.731 -192.322 207.557 -173.89 250.641 -182.235 210.825 -200.748 
94.534 -155.332 79.148 -114.206 115.769 -138.434 131.156 -179.56 
-158.726 27.814 -115.542 35.766 -75.931 16.817 -119.115 8.865 
-183.682 85.689 -185.135 129.575 -158.164 94.924 -156.711 51.038 
-182.163 165.972 -173.837 209.086 -141.76 239.072 -150.086 195.959 
-74.303 458.946 -76.98 502.775 -49.054 468.89 -46.377 425.062 
-40.329 511.924 -14.903 547.723 26.71 561.739 1.283 525.94 
58.638 570.191 102.375 566.296 135.47 537.437 91.733 541.332 
333.901 509.425 357.262 546.604 398.016 562.951 374.655 525.772 
418.107 532.025 460.202 519.532 486.915 484.681 444.82 497.175 
494.376 374.794 486.254 417.947 505.048 457.632 513.17 414.479 
533.867 183.999 576.405 173.107 604.416 139.292 561.879 150.184 
561.939 30.746 559.259 74.574 582.852 111.607 585.532 67.779 
460.118 -17.861 497.046 5.896 540.886 3.41 503.958 -20.347 
