160.671 219.722 160.165 263.63 202.079 250.543 202.585 206.636 
206.595 206.464 206.442 250.374 248.155 264.088 248.308 220.179 
207.663 202.518 249.463 215.964 275.168 180.365 233.368 166.918 
178.35 164.832 204.252 200.289 229.969 164.697 204.067 129.241 
133.834 179.981 159.236 215.798 201.149 202.707 175.747 166.891 
128.426 184.513 128.248 228.423 153.913 264.052 154.091 220.142 
162.989 270.54 204.698 284.268 246.51 270.858 204.801 257.13 
255.452 219.599 255.411 263.509 281.254 228.009 281.295 184.099 
209.163 124.916 234.941 160.462 276.69 174.068 250.912 138.521 
132.035 175.289 173.867 161.942 199.865 126.555 158.033 139.903 
86.484 157.888 127.898 172.484 154.577 137.608 113.164 123.012 
84.017 170.891 83.888 214.801 125.608 228.493 125.738 184.583 
57.344 250.941 98.932 265.028 125.182 229.827 83.593 215.74 
99.244 265.26 124.276 301.336 150.852 266.382 125.821 230.305 
136.5 307.879 178.223 321.567 204.134 286.117 162.412 272.429 
178.884 322.038 204.201 357.915 230.498 322.751 205.182 286.874 
205.532 286.63 230.607 322.675 272.637 309.966 247.562 273.92 
256.988 264.607 282.778 300.145 308.607 264.634 282.815 229.097 
283.527 228.577 308.991 264.35 350.882 251.186 325.418 215.414 
284.147 184.058 283.336 227.96 325.34 215.165 326.152 171.263 
252.719 137.139 278.517 172.671 320.283 159.114 294.484 123.582 
252.844 92.173 252.371 136.08 294.276 122.961 294.748 79.054 
210.814 77.92 210.097 121.824 251.631 136.073 252.348 92.169 
156.962 92.937 156.917 136.847 198.692 123.32 198.736 79.41 
114.22 78.562 113.351 122.464 154.836 136.856 155.704 92.955 
86.952 112.988 85.134 156.86 112.393 122.436 114.211 78.564 
56.403 206.942 57.208 250.845 82.361 214.853 81.556 170.951 
57.347 250.941 82.194 287.144 123.576 301.828 98.728 265.625 
135.908 309.828 162.241 344.966 204.198 357.916 177.865 322.778 
204.203 357.914 246.209 345.125 272.675 310.088 230.669 322.877 
283.672 300.781 325.333 286.909 350.885 251.199 309.224 265.07 
326.605 171.268 325.759 215.17 350.88 251.185 351.726 207.283 
294.748 79.055 295.3 122.962 321.553 158.158 321.001 114.252 
211.26 76.604 252.605 91.393 294.746 79.055 253.401 64.267 
114.303 78.292 156.295 91.127 197.812 76.828 155.819 63.993 
87.082 40.061 113.202 75.358 154.843 61.425 128.723 26.128 
59.904 74.894 84.542 111.241 111.496 76.576 86.857 40.23 
58.108 76.182 55.699 120.026 79.52 156.912 81.929 113.069 
6.472 140.346 32.708 175.556 74.302 161.483 48.066 126.274 
11.326 219.405 52.686 204.659 77.479 168.419 36.119 183.165 
12.021 221.224 12.624 265.13 54.194 250.989 53.591 207.083 
12.63 265.142 37.355 301.429 79.506 289.127 54.782 252.84 
38.704 305.341 80.238 319.588 122.214 306.701 80.68 292.454 
84.004 328.336 84.579 372.242 126.159 358.128 125.584 314.221 
131.335 313.772 131.876 357.678 158.123 392.881 157.581 348.975 
161.258 348.731 162.314 392.629 204.389 405.19 203.333 361.292 
205.38 361.287 204.419 405.187 246.467 392.535 247.428 348.635 
251.372 348.481 251.067 392.39 277.122 357.046 277.428 313.137 
285.306 312.334 285.8 356.242 327.711 369.34 327.217 325.432 
286.532 307.471 328.426 320.625 370.05 306.643 328.157 293.489 
329.166 289.363 371.264 301.849 396.148 265.67 354.05 253.185 
355.786 207.195 354.726 251.092 396.147 265.665 397.207 221.768 
331.544 167.184 356.97 202.984 398.582 217.002 373.156 181.202 
333.197 159.724 375.077 172.922 400.571 137.17 358.691 123.972 
328.722 113.444 329.423 157.349 354.662 121.417 353.961 77.513 
298.03 76.263 324.815 111.057 349.63 74.83 322.844 40.036 
254.669 60.061 296.028 74.81 322.835 40.032 281.475 25.284 
208.683 70.005 250.744 57.396 277.36 22.473 235.299 35.081 
177.418 32.148 203.95 67.136 229.026 31.091 202.495 -3.897 
129.412 25.568 156.742 59.936 199.054 71.677 171.724 37.308 
131.781 14.597 173.169 29.264 199.908 -5.565 158.52 -20.233 
72.491 -18.795 76.391 24.941 116.782 7.717 112.882 -36.019 
30.324 -31.038 31.71 12.85 73.878 25.094 72.492 -18.794 
0.953 44.181 40.261 63.751 71.019 32.414 31.711 12.844 
3.278 92.629 4.861 136.51 46.106 121.444 44.523 77.563 
-23.207 177.707 1.741 213.841 28.397 178.948 3.45 142.814 
-51.352 216.884 -47.418 260.618 -4.609 270.39 -8.543 226.657 
-73.531 297.95 -31.747 311.448 -5.997 275.881 -47.781 262.382 
-28.65 313.497 -5.031 350.514 22.875 316.612 -0.743 279.595 
36.473 316.038 37.367 359.939 79.395 372.656 78.502 328.755 
85.46 374.61 110.854 410.432 152.771 397.351 127.377 361.529 
136.868 448.35 179.229 459.91 203.314 423.195 160.953 411.635 
182.526 461.87 208.396 497.35 234.145 461.783 208.277 426.302 
213.827 421.908 238.217 458.421 280.48 446.507 256.09 409.994 
259.216 397.137 301.155 410.147 326.487 374.282 284.548 361.272 
330.32 325.347 329.966 369.255 371.835 356.024 372.19 312.115 
388.134 308.845 415.192 343.427 439.721 307.007 412.663 272.424 
417.127 268.689 442.996 304.17 484.734 290.531 458.865 255.05 
416.342 218.183 414.659 262.061 456.909 250.103 458.592 206.225 
379.347 175.611 405.543 210.851 430.964 175.048 404.769 139.807 
359.972 77.159 359.554 121.067 401.184 135.033 401.602 91.125 
334.268 26.143 361.756 60.385 402.816 44.823 375.328 10.581 
332.582 -21.865 332.691 22.045 374.418 8.372 374.309 -35.537 
287.489 -37.995 284.525 5.815 325.275 22.172 328.239 -21.638 
206.006 -6.824 232.333 28.317 273.891 14.137 247.564 -21.004 
203.09 -59.695 202.201 -15.712 244.228 -28.435 245.115 -72.336 
161.61 -74.024 160.721 -30.123 202.199 -15.711 203.089 -59.694 
-46.025 79.171 -46.958 123.071 -5.495 137.524 -4.562 93.624 
-73.517 158.039 -32.054 172.493 -5.494 137.526 -46.957 123.072 
9.543 403.275 51.155 417.291 77.344 382.046 35.731 368.03 
51.158 417.29 76.583 453.091 102.775 417.848 77.35 382.047 
308.229 414.213 333.729 449.96 359.846 414.661 334.345 378.914 
334.355 378.904 359.849 414.655 401.729 401.457 376.235 365.706 
411.509 133.954 436.774 169.867 478.738 156.937 453.472 121.023 
412.198 90.004 411.493 133.908 453.467 121.012 454.171 77.107 
257.735 -73.986 257.057 -30.081 282.314 5.837 282.993 -38.067 
161.61 -74.023 203.09 -59.695 245.115 -72.336 203.637 -86.746 
118.956 -36.318 118.057 7.583 144.589 -27.405 145.488 -71.306 
-44.21 69.102 -2.199 81.875 39.297 67.514 -2.715 54.741 
-72.584 114.139 -73.516 158.039 -46.958 123.071 -46.025 79.171 
-75.887 175.098 -49.833 210.443 -7.979 223.724 -34.033 188.378 
-1.696 353.002 -2.406 396.907 23.974 361.805 24.684 317.9 
9.542 403.277 34.969 439.076 76.583 453.091 51.154 417.293 
93.026 460.663 134.725 446.905 160.374 411.265 118.675 425.022 
257.256 409.144 282.525 445.054 324.077 459.252 298.807 423.342 
333.729 449.96 375.608 436.761 401.732 401.467 359.852 414.665 
387.616 309.26 387.769 353.17 413.703 388.604 413.55 344.694 
415.687 216.215 457.672 203.358 484.083 168.279 442.097 181.135 
454.179 77.108 453.488 121.012 478.736 156.938 479.427 113.033 
362.111 61.281 403.829 74.978 445.632 61.538 403.913 47.841 
