148.926 242.278 134.992 283.918 178.9 284.303 192.835 242.663 
220.857 243.755 205.225 284.788 239.419 312.335 255.051 271.302 
229.692 213.728 264.632 240.322 300.721 215.309 265.78 188.715 
197.051 155.701 209.589 197.783 245.737 172.855 233.2 130.773 
129.807 169.057 139.893 211.794 183.655 215.407 173.568 172.671 
96.348 206.148 82.68 247.876 96.149 289.67 109.818 247.941 
151.845 318.887 189.093 342.138 232.895 339.054 195.646 315.803 
296.871 259.049 286.68 301.76 320.029 273.196 330.22 230.485 
261.643 106.166 273.382 148.478 307.75 175.808 296.011 133.497 
115.007 134.35 158.88 136.151 195.433 111.821 151.56 110.019 
8.036 93.786 34.861 128.55 76.213 113.781 49.388 79.017 
40.952 172.035 16.733 208.662 44.083 243.014 68.302 206.387 
-32.215 286.306 1.54 314.387 38.679 290.961 4.923 262.879 
18.221 329.815 22.658 373.5 62.835 355.781 58.398 312.096 
106.099 363.288 137.185 394.3 176.285 374.318 145.199 343.306 
182.374 417.804 193.128 460.377 230.293 436.994 219.54 394.421 
241.208 382.17 251.099 424.952 294.843 428.765 284.953 385.984 
308.968 315.69 319.124 358.409 356.614 335.549 346.458 292.829 
377.665 261.844 388.841 304.309 432.68 306.802 421.504 264.338 
388.012 199.236 372.975 240.491 416.858 242.044 431.895 200.789 
328.581 107.13 336.576 150.305 380.11 156.043 372.115 112.867 
328.322 31.215 313.425 72.52 357.312 73.924 372.209 32.618 
274.454 -2.484 253.302 35.996 283.362 68.003 304.514 29.524 
168.454 34.643 144.005 71.117 186.249 83.098 210.698 46.625 
77.791 13.433 60.263 53.692 93.135 82.804 110.664 42.545 
-5.893 26.702 -34.493 60.02 8.229 49.876 36.83 16.558 
-54.415 232.209 -57.684 275.997 -29.302 242.493 -26.033 198.704 
-42.363 315.121 -37.492 358.759 -7.901 391.201 -12.772 347.562 
111.172 429.675 138.341 464.172 180.596 476.111 153.428 441.615 
224.52 480.522 268.206 484.948 306.15 462.85 262.464 458.424 
377.143 374.365 418.462 359.506 443.157 323.198 401.837 338.057 
476.595 198.703 456.005 237.487 462.144 280.966 482.734 242.182 
397.98 27.239 393.655 70.935 415.839 108.829 420.164 65.133 
291.021 -50.2 316.671 -14.56 358.37 -0.803 332.721 -36.443 
80.131 -28.956 117.342 -5.643 161.148 -8.655 123.938 -31.967 
26.092 -129.02 15.303 -86.456 52.45 -63.042 63.239 -105.606 
-59.422 -51.518 -69.306 -8.735 -25.562 -12.556 -15.679 -55.34 
-106.846 14.041 -99.954 57.407 -68.889 88.439 -75.781 45.074 
-136.438 113.33 -133.921 157.167 -91.451 168.32 -93.967 124.483 
-174.207 192.721 -136.304 214.89 -92.609 210.546 -130.512 188.377 
-138.074 258.765 -172.042 286.59 -135.082 310.297 -101.114 282.472 
-120.151 351.591 -124.809 395.253 -84.723 413.175 -80.065 369.513 
-63.652 451.699 -20.3 458.676 18.874 438.839 -24.478 431.862 
15.723 482.636 6.744 525.618 50.398 520.875 59.376 477.892 
97.33 479.866 76.296 518.411 81.935 561.957 102.969 523.413 
160.913 515.362 136.448 551.825 163.566 586.361 188.031 549.898 
256.012 527.131 230.075 562.562 271.787 576.281 297.724 540.85 
339.593 491.305 341.267 535.183 365.703 498.701 364.028 454.823 
412.195 431.571 403.251 474.561 441.373 496.351 450.317 453.362 
422.207 403.256 456.102 431.171 499.932 433.832 466.037 405.917 
475.751 352.621 504.893 385.467 545.137 367.901 515.994 335.055 
546.361 230.853 519.759 265.787 544.764 301.883 571.365 266.948 
487.228 137.189 512.345 173.207 553.835 187.583 528.718 151.565 
485.514 86.458 522.183 110.613 556.487 83.203 519.818 59.048 
478.929 28.368 463.846 69.606 500.288 45.109 515.371 3.871 
431.55 -47.362 429.327 -3.509 471.721 -14.947 473.943 -58.801 
337.666 -109.486 359.39 -71.326 402.394 -80.195 380.67 -118.355 
231.559 -75.011 272.78 -90.142 297.234 -126.612 256.013 -111.481 
157.704 -132.14 164.962 -88.833 203.905 -109.119 196.648 -152.424 
103.251 -151.056 107.116 -107.317 135.952 -74.202 132.087 -117.942 
122.228 -186.319 147.152 -150.167 189.236 -162.699 164.312 -198.851 
-11.578 -215.939 -29.251 -175.742 14.439 -171.355 32.113 -211.552 
-116.742 -177.519 -107.606 -134.57 -63.935 -129.987 -73.071 -172.936 
-150.61 -121.513 -138.374 -79.342 -94.487 -77.948 -106.722 -120.119 
-175.992 29.925 -187.278 72.359 -143.433 69.98 -132.147 27.545 
-184.172 119.323 -192.352 162.464 -148.795 156.912 -140.614 113.771 
-254.376 262.957 -262.569 306.096 -224.074 327.219 -215.88 284.081 
-274.445 397.511 -235.552 417.894 -204.149 387.203 -243.042 366.821 
-197.95 430.673 -208.896 473.197 -165.071 470.466 -154.125 427.942 
-62.171 471.901 -72.927 514.473 -35.763 537.859 -25.006 495.287 
7.242 528.98 19.188 571.234 63.065 572.93 51.119 530.676 
120.276 660.58 160.33 678.572 189.82 646.038 149.766 628.046 
219.93 677.998 241.024 716.51 271.132 684.548 250.04 646.036 
296.727 612.42 292.768 656.151 333.135 673.429 337.094 629.698 
368.721 542.506 407.445 563.208 439.099 532.777 400.375 512.075 
461.763 455.539 447.906 497.206 491.815 497.509 505.672 455.842 
579.998 394.6 602.234 432.463 631.373 399.615 609.137 361.752 
624.673 303.008 647.553 340.487 690.267 330.308 667.387 292.83 
641.467 220.443 613.383 254.198 654.164 270.476 682.248 236.721 
551.103 126.781 570.049 166.394 601.868 136.135 582.922 96.522 
545.537 5.759 527.879 45.962 560.658 75.179 578.316 34.975 
485.191 -122.852 508.633 -85.722 551.189 -96.543 527.747 -133.672 
435.027 -194.082 437.609 -150.248 478.5 -166.249 475.918 -210.083 
403.164 -231.031 370.164 -202.065 387.515 -161.728 420.516 -190.695 
229.89 -191.027 240.372 -148.387 284.165 -145.179 273.683 -187.82 
232.16 -260.247 219.664 -218.067 263.559 -219.214 276.032 -261.316 
193.292 -294.696 171.118 -256.796 200.311 -223.995 222.526 -261.966 
-217.465 3.824 -230.113 45.873 -194.031 70.896 -181.383 28.847 
-270.103 68.798 -238.326 99.101 -199.685 78.244 -231.463 47.94 
-101.518 564.765 -58.867 575.199 -35.762 537.859 -78.415 527.424 
-53.662 577.954 -38.028 618.987 -3.834 591.439 -19.468 550.406 
420.397 572.505 447.169 607.309 471.997 571.092 445.224 536.288 
459.458 527.192 475.539 568.052 519.368 565.386 503.287 524.526 
601.647 79.042 620.946 118.483 664.421 112.317 645.122 72.875 
613.206 30.426 600.963 72.594 644.851 71.207 657.094 29.038 
326.115 -271.749 308.352 -231.592 317.585 -188.664 335.348 -228.82 
197.542 -300.774 231.256 -272.681 275.034 -269.615 241.35 -297.784 
92.031 -246.623 75.655 -205.881 112.851 -229.216 129.227 -269.958 
-204.709 -69.097 -187.817 -28.566 -150.328 -5.704 -167.22 -46.235 
-254.478 27.765 -270.101 68.801 -233.34 44.785 -217.717 3.749 
-254.504 139.923 -259.93 183.496 -238.709 221.938 -233.282 178.364 
-144.588 509.304 -161.761 549.716 -124.114 527.116 -106.941 486.703 
-101.518 564.763 -78.538 602.179 -37.953 618.942 -60.934 581.526 
11.313 632.654 54.137 642.36 94.487 625.041 51.663 615.335 
369.002 584.428 380.9 626.695 415.37 653.897 403.472 611.63 
447.167 607.308 490.084 598.023 519.347 565.286 476.43 574.571 
559.84 443.9 540.086 483.116 547.155 526.453 566.909 487.237 
612.931 178.628 656.836 179.311 692.758 154.058 648.853 153.374 
656.996 29.015 647.335 71.849 664.697 112.181 674.358 69.347 
550.737 -52.635 580.702 -20.539 623.81 -12.185 593.845 -44.282 
