149.425 242.407 135.805 284.151 179.715 284.205 193.335 242.461 
220.713 243.525 205.403 284.68 239.812 311.958 255.122 270.804 
229.416 213.805 264.498 240.213 300.453 215.008 265.371 188.601 
196.866 156.057 209.588 198.084 245.626 172.998 232.905 130.971 
129.918 169.464 140.297 212.13 184.081 215.444 173.703 172.778 
96.737 206.594 83.294 248.396 96.989 290.116 110.432 248.314 
152.232 318.451 189.61 341.495 233.394 338.168 196.016 315.124 
296.421 258.732 286.51 301.509 319.671 272.727 329.582 229.95 
260.966 106.747 272.947 148.99 307.471 176.124 295.49 133.88 
115.396 135.406 159.283 136.818 195.619 112.164 151.732 110.752 
8.677 94.694 35.842 129.193 77.047 114.018 49.881 79.519 
41.493 172.737 17.641 209.604 45.332 243.682 69.185 206.815 
-31.361 286.205 2.317 314.38 39.52 291.056 5.842 262.881 
18.725 329.731 23.381 373.393 63.468 355.473 58.813 311.81 
106.743 362.919 138.025 393.734 176.998 373.505 145.716 342.69 
182.252 417.1 193.12 459.644 230.223 436.161 219.356 393.617 
240.756 381.457 250.881 424.183 294.645 427.757 284.521 385.031 
308.614 315.222 319.029 357.878 356.38 334.792 345.965 292.134 
376.856 261.802 388.177 304.228 432.024 306.571 420.703 264.146 
386.939 199.363 372.153 240.709 416.045 241.994 430.83 200.648 
327.815 107.481 336.089 150.605 379.659 156.061 371.385 112.938 
327.935 32.158 313.198 73.522 357.091 74.755 371.828 33.392 
274.1 -1.231 253.316 37.449 283.68 69.168 304.464 30.489 
168.104 35.705 144.111 72.48 186.501 83.934 210.494 47.159 
78.343 14.284 60.761 54.52 93.595 83.675 111.177 43.439 
-5.096 27.723 -33.438 61.262 9.205 50.788 37.547 17.249 
-53.253 232.132 -56.517 275.92 -28.139 242.413 -24.875 198.625 
-41.589 314.896 -36.566 358.517 -6.862 390.855 -11.886 347.233 
111.311 428.583 138.373 463.162 180.592 475.231 153.53 440.652 
224.424 479.686 268.13 483.92 305.976 461.656 262.271 457.422 
376.276 373.936 417.61 359.117 442.34 322.833 401.006 337.652 
475.332 198.436 454.959 237.334 461.341 280.778 481.714 241.88 
397.242 28.182 392.959 71.883 415.18 109.755 419.463 66.055 
290.481 -48.782 316.324 -13.282 358.098 0.248 332.254 -35.252 
80.702 -27.791 117.987 -4.597 161.784 -7.748 124.499 -30.942 
27.128 -128.074 16.095 -85.573 53.107 -61.946 64.14 -104.448 
-58.596 -50.46 -68.327 -7.642 -24.597 -11.619 -14.867 -54.437 
-105.91 15.064 -98.568 58.356 -67.182 89.064 -74.524 45.772 
-135.681 113.839 -132.675 157.645 -90.082 168.322 -93.089 124.516 
-172.864 193.316 -134.552 214.771 -90.947 209.61 -129.258 188.154 
-136.956 258.616 -170.888 286.485 -133.897 310.145 -99.965 282.276 
-119.337 351.57 -123.732 395.26 -83.539 412.94 -79.144 369.25 
-62.394 451.423 -19.046 458.425 20.14 438.611 -23.209 431.609 
16.434 482.364 7.817 525.42 51.429 520.31 60.046 477.254 
97.445 479.068 76.82 517.833 82.92 561.317 103.545 522.553 
160.825 514.44 136.817 551.205 164.364 585.4 188.372 548.634 
255.96 526.11 230.284 561.73 272.095 575.143 297.772 539.523 
339.607 489.888 341.303 533.765 365.721 497.271 364.025 453.394 
411.565 430.806 402.88 473.848 441.132 495.409 449.817 452.366 
421.342 402.869 455.473 430.494 499.323 432.782 465.192 405.156 
474.681 352.534 504.216 385.027 544.246 366.979 514.711 334.486 
544.959 230.594 518.595 265.709 543.845 301.634 570.208 266.519 
485.993 136.979 511.118 172.991 552.612 187.356 527.486 151.345 
484.649 87.235 521.488 111.13 555.598 83.479 518.76 59.583 
477.844 29.309 463.129 70.68 499.352 45.86 514.067 4.489 
430.683 -46.039 428.979 -2.162 471.236 -14.101 472.939 -57.978 
337.02 -108.097 358.994 -70.081 401.94 -79.233 379.965 -117.249 
231.031 -73.494 272.219 -88.714 296.594 -125.237 255.406 -110.017 
158.124 -130.987 165.951 -87.78 204.624 -108.576 196.798 -151.783 
103.784 -149.559 108.028 -105.854 137.149 -72.991 132.906 -116.695 
122.81 -185.109 147.69 -148.928 189.789 -161.409 164.909 -197.591 
-11.003 -214.677 -28.135 -174.248 15.61 -170.447 32.743 -210.877 
-115.612 -176.417 -106.696 -133.422 -63.05 -128.616 -71.966 -171.611 
-149.858 -120.362 -137.302 -78.285 -93.406 -77.224 -105.961 -119.301 
-173.834 30.481 -184.736 73.016 -140.914 70.241 -130.011 27.706 
-183.114 120.12 -191.012 163.315 -147.492 157.478 -139.593 114.284 
-253.372 263.614 -261.313 306.8 -222.694 327.697 -214.753 284.511 
-273.053 398.071 -234.067 418.275 -202.804 387.44 -241.79 367.237 
-196.762 430.932 -207.55 473.497 -163.736 470.603 -152.947 428.04 
-60.947 471.554 -71.679 514.132 -34.501 537.497 -23.769 494.918 
8.283 528.468 20.412 570.67 64.296 572.176 52.168 529.974 
121.252 659.781 161.405 677.551 190.714 644.854 150.561 627.084 
220.65 676.977 241.924 715.39 271.881 683.287 250.608 644.875 
296.97 611.327 293.314 655.084 333.8 672.083 337.457 628.326 
368.372 541.1 407.168 561.666 438.715 531.123 399.919 510.558 
461.147 454.476 447.513 496.216 491.423 496.284 505.057 454.545 
579.043 393.762 601.484 431.504 630.445 398.498 608.003 360.756 
623.555 302.331 646.554 339.736 689.236 329.421 666.236 292.017 
640.125 219.924 612.251 253.851 653.132 269.878 681.007 235.95 
549.601 126.977 568.691 166.52 600.4 136.145 581.31 96.602 
544.142 6.236 526.712 46.539 559.656 75.57 577.086 35.267 
484.11 -121.79 507.727 -84.772 550.231 -95.794 526.614 -132.812 
434.2 -193.01 436.836 -149.179 477.707 -165.23 475.071 -209.061 
402.371 -229.952 369.455 -200.89 386.922 -160.604 419.839 -189.666 
229.755 -188.889 240.361 -146.279 284.163 -143.2 273.557 -185.81 
231.459 -258.915 218.885 -216.758 262.782 -217.825 275.333 -259.903 
193.824 -293.177 171.772 -255.206 201.07 -222.499 223.163 -260.542 
-216.621 4.787 -228.722 46.996 -192.317 71.549 -180.216 29.339 
-268.233 70.474 -235.932 100.218 -197.662 78.69 -229.963 48.945 
-100.104 564.771 -57.394 574.966 -34.5 537.496 -77.21 527.301 
-52.222 577.67 -36.262 618.577 -2.289 590.758 -18.249 549.851 
420.578 571.113 447.402 605.877 472.176 569.623 445.351 534.858 
459.097 526.002 475.587 566.698 519.387 563.59 502.897 522.894 
600.077 78.863 619.523 118.232 662.975 111.905 643.529 72.535 
611.094 30.737 599.427 73.069 643.292 71.084 654.959 28.752 
325.032 -270.608 307.722 -230.254 317.437 -187.433 334.747 -227.787 
197.217 -297.828 230.897 -269.694 274.671 -266.574 241.021 -294.784 
92.726 -245.488 76.229 -204.795 113.495 -228.02 129.991 -268.713 
-204.636 -67.421 -186.693 -27.345 -148.62 -5.469 -166.563 -45.545 
-253.127 29.255 -268.224 70.488 -231.774 46.004 -216.677 4.771 
-253.122 140.624 -258.641 184.186 -237.502 222.672 -231.983 179.11 
-143.377 509.507 -160.244 550.049 -122.769 527.164 -105.903 486.622 
-100.104 564.77 -76.877 602.034 -36.183 618.529 -59.411 581.265 
12.57 632.077 55.441 641.578 95.708 624.066 52.838 614.565 
369.0 583.375 381.276 625.534 415.989 652.425 403.713 610.267 
447.397 605.874 490.267 596.374 519.367 563.49 476.496 572.99 
558.982 442.531 539.443 481.854 546.749 525.152 566.288 485.829 
611.8 178.55 655.709 178.873 691.422 153.325 647.513 153.002 
654.861 28.729 645.476 71.625 663.097 111.844 672.482 68.949 
549.388 -51.892 579.443 -19.879 622.574 -11.645 592.52 -43.659 
