160.09 222.209 158.248 266.08 200.542 254.275 202.383 210.403 
211.49 209.668 210.442 253.565 251.867 268.127 252.915 224.23 
213.272 202.019 254.97 215.78 280.942 180.375 239.244 166.614 
180.865 161.969 206.283 197.774 232.481 162.536 207.064 126.731 
133.178 178.015 157.284 214.717 199.638 203.133 175.533 166.431 
123.056 187.214 121.905 231.109 146.774 267.297 147.926 223.402 
165.993 281.374 207.538 295.59 249.505 282.67 207.959 268.455 
267.062 222.031 266.638 265.939 292.789 230.666 293.213 186.758 
216.511 117.791 241.632 153.804 283.125 168.173 258.003 132.16 
129.45 169.261 171.476 156.536 197.997 121.539 155.971 134.264 
76.402 144.48 116.838 161.599 145.614 128.433 105.179 111.314 
74.208 172.118 72.069 215.976 113.12 231.563 115.259 187.705 
41.961 255.335 82.611 271.935 110.961 238.402 70.31 221.802 
83.556 272.711 105.931 310.493 134.949 277.538 112.574 239.756 
137.495 321.373 178.758 336.386 205.788 301.782 164.525 286.768 
181.984 338.677 205.576 375.712 233.506 341.831 209.916 304.796 
211.131 304.015 234.274 341.331 276.915 330.851 253.772 293.535 
271.284 268.948 296.113 305.164 322.883 270.358 298.053 234.142 
301.212 231.905 324.964 268.837 367.428 257.661 343.676 220.729 
303.671 186.217 300.696 230.027 343.28 219.319 346.256 175.51 
263.885 127.392 288.489 163.761 330.681 151.599 306.077 115.23 
264.691 79.171 262.457 123.024 304.854 111.597 307.088 67.744 
221.715 63.176 219.201 107.014 260.116 122.951 262.63 79.113 
153.89 82.006 152.56 125.896 194.713 113.598 196.043 69.708 
109.221 65.445 105.969 109.234 146.61 125.859 149.863 82.07 
77.593 97.443 72.205 141.021 102.179 108.933 107.567 65.354 
37.441 209.212 38.405 253.111 63.428 217.029 62.464 173.129 
41.315 257.018 64.344 294.405 104.95 311.115 81.921 273.728 
135.356 329.726 162.319 364.383 204.503 376.573 177.54 341.916 
206.679 376.59 249.202 365.64 277.167 331.786 234.644 342.737 
301.077 308.472 342.509 293.929 367.48 257.81 326.048 272.353 
348.503 175.599 345.636 219.416 369.071 256.549 371.938 212.733 
309.033 67.646 310.283 111.538 337.092 146.313 335.843 102.421 
223.739 57.718 263.806 75.682 306.781 66.664 266.713 48.7 
109.831 63.343 151.688 76.613 193.351 62.747 151.494 49.476 
81.558 12.395 104.262 49.98 147.023 40.002 124.32 2.417 
44.026 54.639 67.911 91.484 95.572 57.381 71.686 20.536 
35.703 61.641 31.483 105.348 53.759 143.187 57.979 99.481 
-24.12 132.379 2.029 167.653 43.658 153.683 17.509 118.409 
-13.154 219.769 28.003 204.464 52.302 167.89 11.146 183.196 
-12.224 222.066 -13.809 265.948 28.414 253.895 29.999 210.014 
-11.13 272.984 10.062 311.441 53.186 303.17 31.994 264.712 
19.62 331.476 60.897 346.453 103.094 334.308 61.817 319.331 
67.536 360.072 68.053 403.979 109.651 389.919 109.135 346.012 
123.917 343.083 124.931 386.981 151.554 421.9 150.54 378.002 
160.593 376.494 162.034 420.381 204.218 432.572 202.777 388.686 
211.774 388.604 207.671 432.321 250.517 422.714 254.62 378.996 
272.691 375.466 271.883 419.368 298.341 384.325 299.149 340.423 
310.403 338.831 310.872 382.739 352.776 395.86 352.306 351.953 
312.253 325.755 354.31 338.38 395.754 323.873 353.698 311.249 
355.302 299.998 397.605 311.769 421.873 275.174 379.571 263.403 
386.426 211.731 382.172 255.435 422.421 272.986 426.676 229.283 
364.296 156.462 388.884 192.843 430.16 207.823 405.572 171.442 
366.209 146.936 408.038 160.291 433.667 124.636 391.837 111.28 
353.181 97.922 355.315 141.78 379.368 105.044 377.234 61.186 
317.954 58.469 344.642 93.337 369.557 57.179 342.867 22.311 
270.383 34.924 310.417 52.962 339.943 20.462 299.909 2.423 
212.454 38.003 254.909 26.792 282.666 -7.232 240.211 3.979 
177.993 -0.143 205.357 34.198 229.561 -2.438 202.199 -36.779 
124.319 2.417 152.659 35.958 195.3 46.436 166.961 12.895 
126.759 -24.126 167.203 -7.027 195.963 -40.208 155.519 -57.307 
35.757 -52.661 44.733 -9.678 82.838 -31.497 73.863 -74.48 
-7.644 -59.327 -0.571 -15.99 42.83 -9.325 35.758 -52.662 
-37.708 7.439 -3.948 35.518 33.188 12.088 -0.572 -15.991 
-29.029 80.435 -27.918 124.331 13.486 109.71 12.375 65.814 
-59.739 171.061 -37.534 208.943 -8.368 176.12 -30.571 138.237 
-98.969 247.464 -89.184 290.27 -45.45 294.192 -55.235 251.386 
-113.244 327.003 -70.874 338.533 -46.815 301.801 -89.185 290.27 
-65.353 341.606 -46.002 381.022 -14.495 350.438 -33.845 311.022 
17.079 349.279 19.083 393.143 61.42 404.791 59.416 360.927 
71.41 411.499 95.739 448.053 138.022 436.21 113.693 399.657 
152.01 501.865 195.243 509.547 215.91 470.805 172.677 463.122 
195.248 509.549 221.564 544.7 246.862 508.81 220.547 473.659 
233.335 463.122 254.36 501.671 297.52 493.586 276.494 455.038 
284.585 426.024 326.741 438.311 351.453 402.015 309.297 389.728 
361.435 351.267 360.14 395.158 402.283 382.827 403.578 338.936 
439.185 315.528 468.888 347.868 490.466 309.626 460.763 277.286 
465.125 273.555 491.424 308.718 532.993 294.573 506.694 259.409 
465.059 215.061 459.365 258.601 502.533 250.561 508.227 207.022 
413.527 163.655 440.016 198.676 465.138 162.662 438.649 127.641 
395.798 57.82 394.169 101.7 435.398 116.809 437.027 72.929 
356.104 -15.405 386.378 16.4 425.982 -2.563 395.708 -34.369 
352.979 -63.331 354.412 -19.444 395.708 -34.368 394.275 -78.255 
308.297 -84.188 299.634 -41.141 337.897 -19.6 346.561 -62.647 
208.43 -42.404 234.603 -7.148 276.222 -21.145 250.049 -56.402 
202.061 -103.794 199.355 -59.885 241.872 -70.859 244.573 -114.686 
161.208 -119.825 158.507 -75.998 199.354 -59.885 202.061 -103.794 
-87.619 68.793 -90.017 112.638 -49.059 128.467 -46.661 84.623 
-117.73 146.699 -76.772 162.529 -49.06 128.468 -90.018 112.638 
-9.24 443.709 32.054 458.637 59.013 423.977 17.718 409.049 
32.055 458.637 56.686 494.989 83.647 460.33 59.016 423.979 
340.831 444.619 365.562 480.902 392.427 446.168 367.694 409.886 
367.697 409.882 392.426 446.167 434.577 433.86 409.847 397.576 
451.726 114.308 475.818 151.019 518.177 139.45 494.084 102.739 
453.813 70.447 451.725 114.307 494.084 102.739 496.172 58.879 
265.486 -119.869 265.27 -75.959 290.903 -40.308 291.12 -84.218 
161.209 -119.824 202.061 -103.794 244.573 -114.686 203.726 -130.798 
102.111 -79.979 95.916 -36.509 126.48 -68.035 132.676 -111.506 
-87.311 55.597 -44.065 63.207 -4.606 43.944 -47.852 36.334 
-115.33 102.855 -117.729 146.699 -90.017 112.638 -87.619 68.793 
-118.683 175.628 -97.422 214.048 -57.639 232.633 -78.9 194.213 
-30.841 391.191 -31.541 435.096 -5.169 399.988 -4.468 356.084 
-9.239 443.709 15.392 480.059 56.687 494.988 32.054 458.638 
82.482 504.225 124.766 492.387 152.017 457.955 109.733 469.794 
284.023 448.471 308.932 484.631 350.34 499.244 325.43 463.083 
365.562 480.902 407.712 468.593 434.577 433.86 392.427 446.169 
427.721 332.593 426.349 376.482 451.036 412.795 452.408 368.906 
461.499 206.421 503.648 194.111 530.511 159.376 488.362 171.687 
496.172 58.879 494.085 102.739 518.177 139.45 520.264 95.59 
397.447 30.81 438.318 46.861 480.819 35.823 439.947 19.772 
