150.747 242.435 137.995 284.453 181.897 283.596 194.648 241.579 
220.435 242.478 206.077 283.975 241.105 310.453 255.463 268.957 
228.753 213.974 264.263 239.804 299.801 214.013 264.291 188.184 
196.377 157.041 209.661 198.894 245.36 173.326 232.076 131.474 
130.319 170.636 141.574 213.08 185.418 215.492 174.163 173.048 
98.052 207.259 85.309 249.279 99.698 290.765 112.442 248.745 
153.551 317.131 191.299 339.564 235.023 335.525 197.275 313.092 
295.023 257.662 285.893 300.613 318.524 271.231 327.655 228.281 
258.975 108.344 271.713 150.366 306.719 176.874 293.981 134.853 
116.543 138.396 160.452 138.697 196.153 113.132 152.244 112.831 
11.013 96.897 39.207 130.56 79.935 114.149 51.741 80.486 
42.995 174.306 20.269 211.878 48.979 245.102 71.705 207.53 
-28.89 285.12 4.595 313.523 41.957 290.454 8.471 262.05 
20.541 328.788 25.933 372.366 65.712 353.772 60.32 310.194 
108.85 361.972 140.742 392.155 179.303 371.152 147.411 340.969 
181.952 414.982 193.245 457.415 230.111 433.563 218.819 391.13 
239.447 379.211 250.277 421.764 294.095 424.614 283.265 382.06 
307.584 313.756 318.765 356.218 355.694 332.463 344.513 290.0 
374.339 261.678 386.141 303.972 430.012 305.819 418.21 263.524 
383.636 199.701 369.589 241.303 413.496 241.807 427.543 200.204 
325.492 108.561 334.606 151.514 378.274 156.12 369.16 113.166 
326.546 34.964 312.32 76.505 356.224 77.198 370.45 35.656 
272.875 2.549 253.241 41.825 284.528 72.635 304.162 33.359 
167.083 38.895 144.506 76.556 187.301 86.391 209.878 48.73 
80.068 16.916 62.452 57.138 95.262 86.32 112.877 46.098 
-1.62 30.267 -29.281 64.369 13.142 53.039 40.803 18.936 
-49.675 231.12 -52.976 274.906 -24.569 241.423 -21.268 197.637 
-39.31 314.076 -33.765 357.634 -3.676 389.614 -9.222 346.055 
111.892 425.258 138.623 460.095 180.724 472.567 153.994 437.73 
224.191 477.071 267.952 480.696 305.484 457.906 261.724 454.282 
373.607 372.554 414.987 357.863 439.829 321.656 398.45 336.346 
471.417 197.625 451.711 236.865 458.833 280.194 478.539 240.954 
394.83 30.9 390.705 74.616 413.064 112.407 417.188 68.691 
288.712 -44.502 315.122 -9.422 357.108 3.435 330.698 -31.645 
82.509 -24.196 120.002 -1.341 163.769 -4.89 126.275 -27.744 
30.306 -125.063 18.487 -82.773 55.054 -58.464 66.873 -100.754 
-56.169 -47.244 -65.487 -4.334 -21.797 -8.733 -12.481 -51.643 
-102.675 19.013 -93.897 62.037 -61.507 91.685 -70.285 48.661 
-134.095 115.283 -129.225 158.922 -86.217 167.775 -91.086 124.137 
-168.791 194.902 -129.339 214.18 -86.091 206.586 -125.543 187.308 
-133.64 257.879 -167.315 286.059 -130.107 309.377 -96.433 281.197 
-117.008 351.288 -120.406 395.066 -79.82 411.825 -76.422 368.047 
-58.65 450.295 -15.325 457.443 23.927 437.761 -19.398 430.612 
18.8 481.37 11.214 524.62 54.691 518.47 62.278 475.22 
97.91 476.545 78.601 515.982 86.161 559.237 105.47 519.8 
160.569 511.578 138.029 549.261 166.902 582.343 189.443 544.66 
255.742 522.874 230.913 559.09 273.03 571.512 297.859 535.296 
339.624 485.52 341.37 529.395 365.746 492.873 363.999 448.997 
409.61 428.378 401.666 471.564 440.283 492.464 448.227 449.279 
418.671 401.619 453.519 428.333 497.415 429.462 462.566 402.748 
471.371 352.205 502.077 383.593 541.418 364.088 510.712 332.701 
540.548 229.828 514.946 265.502 540.963 300.874 566.565 265.2 
482.187 136.367 507.333 172.364 548.835 186.707 523.689 150.709 
481.785 89.458 519.105 112.594 552.642 84.25 515.321 61.114 
474.33 32.082 460.794 73.854 496.298 48.017 509.834 6.245 
427.892 -41.96 427.844 1.95 469.62 -11.574 469.666 -55.484 
334.98 -103.695 357.809 -66.185 400.536 -76.306 377.707 -113.816 
229.342 -69.021 270.457 -84.438 294.657 -121.077 253.542 -105.66 
159.417 -127.285 168.888 -84.408 206.739 -106.666 197.268 -149.542 
105.294 -144.759 110.781 -101.193 140.828 -69.173 135.34 -112.739 
124.212 -181.009 149.204 -144.904 191.264 -157.516 166.273 -193.62 
-9.475 -210.596 -24.988 -169.518 18.874 -167.459 34.386 -208.538 
-112.381 -173.156 -104.387 -129.98 -60.854 -124.24 -68.847 -167.416 
-147.966 -116.398 -134.409 -74.633 -90.5 -74.62 -104.056 -116.385 
-166.111 32.511 -175.919 75.311 -132.182 71.414 -122.374 28.613 
-180.021 122.567 -186.838 165.945 -143.477 159.023 -136.66 115.646 
-250.239 265.644 -257.343 308.975 -218.327 329.121 -211.224 285.79 
-268.633 399.784 -229.316 419.335 -198.572 387.984 -237.889 368.432 
-193.148 431.557 -203.349 474.265 -159.579 470.77 -149.377 428.062 
-57.251 470.492 -67.845 513.105 -30.591 536.348 -19.998 493.735 
11.6 526.91 24.317 568.939 68.218 569.832 55.501 527.803 
124.291 657.211 164.753 674.267 193.478 641.055 153.016 624.0 
222.83 673.712 244.661 711.811 274.148 679.276 252.319 641.177 
297.62 607.89 294.943 651.718 335.799 667.807 338.477 623.979 
367.246 536.756 406.253 556.92 437.483 526.054 398.477 505.89 
459.253 451.182 446.33 493.148 490.235 492.47 503.158 450.505 
576.035 391.103 599.114 428.459 627.51 394.967 604.432 357.611 
620.048 300.231 643.417 337.406 685.994 326.669 662.625 289.494 
635.884 218.312 608.681 252.78 649.868 268.001 677.072 233.533 
545.017 127.493 564.534 166.827 595.913 136.11 576.395 96.776 
539.609 7.529 522.941 48.153 556.426 76.559 573.094 35.935 
480.525 -118.611 504.701 -81.955 547.033 -93.62 522.858 -130.276 
431.527 -189.788 434.346 -145.968 475.15 -162.191 472.33 -206.01 
399.642 -226.633 367.012 -197.25 384.874 -157.137 417.504 -186.52 
229.113 -182.498 240.127 -139.992 283.956 -137.331 272.943 -179.837 
229.046 -254.71 216.31 -212.602 260.211 -213.499 272.923 -255.529 
193.974 -287.612 173.064 -249.0 203.326 -217.182 224.274 -255.867 
-214.109 8.192 -224.674 50.812 -187.405 74.031 -176.84 31.411 
-262.568 76.204 -228.56 103.98 -191.634 80.22 -225.642 52.443 
-95.781 564.597 -52.924 574.154 -30.591 536.348 -73.448 526.791 
-47.693 576.789 -30.782 617.313 2.532 588.708 -14.379 548.184 
421.083 566.786 448.024 601.459 472.675 565.121 445.733 530.448 
458.044 522.333 475.709 562.533 519.4 558.155 501.735 517.955 
595.245 78.316 615.124 117.468 658.504 110.66 638.624 71.508 
604.759 31.421 594.697 74.163 638.457 70.524 648.518 27.782 
321.506 -267.05 305.55 -226.142 316.685 -183.668 332.642 -224.576 
195.131 -289.079 228.989 -261.159 272.782 -258.318 238.954 -286.314 
94.516 -241.622 77.658 -201.077 115.128 -223.969 131.986 -264.514 
-205.003 -61.197 -183.256 -23.051 -143.24 -4.973 -164.987 -43.119 
-249.376 34.333 -262.559 76.217 -227.274 50.081 -214.091 8.197 
-248.899 142.896 -254.593 186.435 -233.607 225.006 -227.914 181.466 
-139.458 509.797 -155.454 550.69 -118.477 527.008 -102.481 486.116 
-95.875 565.032 -71.771 601.734 -30.696 617.257 -54.802 580.555 
16.537 630.325 59.558 639.119 99.532 620.947 56.511 612.153 
368.92 580.037 382.333 621.848 417.761 647.79 404.348 605.979 
448.017 601.455 490.748 591.348 519.378 558.055 476.647 568.162 
556.309 438.25 537.466 477.911 545.534 521.074 564.378 481.412 
608.21 178.263 652.114 177.512 687.192 151.099 643.288 151.85 
648.419 27.761 639.976 70.852 658.474 110.676 666.917 67.585 
544.902 -49.762 575.289 -18.065 618.504 -10.282 588.117 -41.98 
