159.452 224.203 154.881 267.874 197.827 258.727 202.399 215.055 
211.768 215.08 206.959 258.726 246.982 276.788 251.792 233.142 
214.401 206.695 254.765 223.982 283.678 190.935 243.314 173.648 
185.139 164.158 207.662 201.852 236.551 168.783 214.028 131.09 
135.448 177.603 156.922 215.904 199.985 207.317 178.511 169.016 
123.738 187.149 119.874 230.889 142.457 268.547 146.322 224.807 
160.883 282.457 201.735 298.557 244.249 287.57 203.397 271.47 
266.617 231.393 264.269 275.24 291.941 241.147 294.289 197.3 
224.742 122.329 246.83 160.279 287.006 177.998 264.918 140.048 
131.789 167.799 174.463 157.456 202.909 124.005 160.234 134.348 
64.908 132.208 103.163 153.764 135.485 124.043 97.23 102.487 
62.44 170.187 54.301 213.336 92.823 234.411 100.962 191.262 
19.099 254.015 58.076 274.233 89.35 243.41 50.371 223.191 
69.336 282.493 87.785 322.34 119.98 292.48 101.531 252.634 
127.734 335.7 167.239 354.868 197.677 323.22 158.172 304.051 
177.583 362.261 198.503 400.867 228.754 369.041 207.835 330.435 
218.268 322.97 238.329 362.029 281.676 355.019 261.615 315.96 
283.352 284.207 305.051 322.381 334.651 289.947 312.951 251.773 
323.448 243.792 344.471 282.343 387.631 274.261 366.608 235.711 
325.912 189.406 319.976 232.913 363.188 225.115 369.124 181.608 
283.121 120.968 304.322 159.42 347.444 151.138 326.243 112.686 
284.755 67.709 279.936 111.353 322.934 102.45 327.753 58.805 
234.101 48.547 227.858 92.011 267.265 111.38 273.509 67.916 
154.15 69.288 149.126 112.91 192.165 104.208 197.19 60.587 
108.096 48.903 100.995 92.235 140.012 112.379 147.113 69.047 
57.942 75.441 45.06 117.418 80.156 91.03 93.039 49.052 
14.357 206.343 13.26 250.239 39.948 215.371 41.045 171.475 
14.173 274.883 33.004 314.549 71.555 335.572 52.723 295.905 
123.513 358.884 149.712 394.122 191.619 407.232 165.421 371.994 
214.328 410.512 257.58 402.938 288.119 371.387 244.867 378.961 
324.774 332.731 366.267 318.366 391.393 282.355 349.899 296.72 
388.339 180.479 381.244 223.812 400.975 263.04 408.07 219.707 
336.485 57.885 336.696 101.795 362.675 137.194 362.464 93.285 
241.161 22.442 277.959 46.401 321.812 44.154 285.014 20.196 
109.793 43.72 150.594 59.949 193.142 49.096 152.341 32.867 
74.796 -44.223 83.773 -1.24 127.426 3.505 118.449 -39.478 
10.078 25.041 31.121 63.579 61.271 31.656 40.227 -6.883 
-10.516 49.638 -10.66 93.547 15.032 129.156 15.176 85.246 
-68.924 124.755 -45.787 162.074 -3.144 151.602 -26.281 114.282 
-64.664 212.757 -22.855 199.337 3.08 163.905 -38.729 177.325 
-60.793 221.445 -71.444 264.043 -27.639 261.009 -16.988 218.41 
-50.095 298.743 -33.064 339.216 10.691 335.524 -6.34 295.052 
-4.359 376.774 37.421 390.282 79.162 376.651 37.381 363.144 
48.111 407.698 47.224 451.599 89.25 438.877 90.138 394.976 
105.839 392.268 105.321 436.175 130.709 472.001 131.228 428.094 
151.238 424.477 148.83 468.321 189.784 484.159 192.192 440.315 
226.06 433.509 217.079 476.491 260.733 471.75 269.714 428.769 
304.736 412.03 304.21 455.937 330.443 420.725 330.969 376.818 
349.022 373.434 347.905 417.33 389.307 431.957 390.424 388.061 
350.998 359.537 392.922 372.591 434.513 358.51 392.588 345.455 
394.892 326.125 436.256 340.858 463.051 306.071 421.686 291.337 
436.319 216.592 426.748 259.446 464.547 281.792 474.118 238.938 
407.839 141.107 432.158 177.668 473.322 192.952 449.003 156.391 
410.383 124.884 451.726 139.68 478.573 104.933 437.23 90.138 
395.371 75.496 397.811 119.338 421.607 82.435 419.167 38.592 
357.386 28.559 379.547 66.466 408.751 33.675 386.588 -4.232 
290.822 -9.057 328.428 13.612 361.608 -15.148 324.002 -37.817 
216.317 -5.628 258.475 -17.91 285.361 -52.625 243.204 -40.344 
177.301 -46.472 203.946 -11.569 228.906 -47.695 202.263 -82.597 
121.565 -41.902 146.942 -6.068 188.536 8.006 163.158 -27.828 
124.863 -79.645 162.678 -57.325 195.59 -86.392 157.776 -108.711 
8.25 -105.902 15.828 -62.65 54.62 -83.223 47.042 -126.474 
-55.338 -90.943 -36.349 -51.351 7.173 -57.175 -11.816 -96.767 
-79.18 -47.328 -66.884 -5.175 -22.994 -3.844 -35.291 -45.997 
-72.83 63.471 -77.168 107.166 -34.271 97.788 -29.933 54.093 
-107.847 157.589 -90.865 198.083 -57.602 169.419 -74.583 128.926 
-159.117 265.381 -147.243 307.655 -103.368 309.424 -115.243 267.15 
-162.54 369.385 -119.325 377.167 -98.57 338.471 -141.785 330.69 
-110.151 380.826 -99.229 423.356 -62.156 399.826 -73.077 357.296 
-6.12 395.958 -5.794 439.867 36.066 453.126 35.741 409.217 
50.407 459.353 73.207 496.88 115.943 486.793 93.143 449.266 
150.51 562.675 194.084 568.1 212.709 528.336 169.135 522.911 
216.007 572.121 243.982 605.967 267.525 568.903 239.551 535.057 
262.797 515.611 277.616 556.945 321.506 555.623 306.687 514.29 
320.112 463.402 361.99 476.605 387.487 440.857 345.609 427.653 
401.393 387.34 398.768 431.171 441.265 420.123 443.891 376.292 
493.174 338.019 524.282 369.009 544.143 329.847 513.035 298.857 
527.315 277.396 555.121 311.38 596.034 295.436 568.228 261.452 
529.157 207.729 516.657 249.822 560.553 248.703 573.053 206.61 
460.11 144.772 485.761 180.412 511.73 145.003 486.079 109.364 
444.365 33.207 440.54 76.95 480.96 94.105 484.785 50.362 
389.126 -63.695 420.115 -32.586 459.278 -52.444 428.289 -83.554 
381.392 -112.165 386.511 -68.554 426.406 -86.899 421.287 -130.509 
340.881 -140.698 321.562 -101.266 353.094 -70.707 372.413 -110.139 
213.616 -92.614 236.553 -55.171 279.251 -65.416 256.314 -102.858 
205.83 -158.757 201.234 -115.006 244.184 -124.137 248.772 -167.807 
165.707 -176.535 161.118 -132.866 201.233 -115.007 205.83 -158.758 
-142.01 55.056 -143.612 98.937 -102.373 114.02 -100.771 70.139 
-170.702 133.494 -129.464 148.579 -102.374 114.021 -143.612 98.937 
-33.524 496.7 7.951 511.117 34.479 476.125 -6.997 461.709 
7.955 511.118 33.016 547.175 59.563 512.199 34.502 476.142 
381.89 484.409 406.562 520.731 433.483 486.041 408.809 449.719 
408.82 449.71 433.482 486.04 475.655 473.811 450.993 437.481 
502.502 90.545 526.009 127.633 568.546 116.737 545.038 79.649 
505.288 46.718 502.5 90.539 545.039 79.649 547.826 35.827 
276.718 -176.61 275.183 -132.727 299.735 -96.323 301.27 -140.206 
165.707 -176.535 205.83 -158.758 248.772 -167.807 208.658 -185.666 
94.337 -138.994 80.022 -97.483 116.003 -122.652 130.319 -164.162 
-143.52 37.71 -99.889 42.649 -61.687 20.998 -105.319 16.059 
-169.099 89.614 -170.701 133.495 -143.612 98.937 -142.01 55.056 
-168.548 168.594 -157.683 211.138 -123.886 239.172 -134.751 196.627 
-64.631 443.665 -66.53 487.534 -39.209 453.16 -37.309 409.291 
-33.524 496.7 -8.451 532.747 33.022 547.171 7.948 511.124 
63.804 555.904 107.359 550.328 139.318 520.216 95.763 525.792 
322.595 496.001 346.482 532.845 387.464 548.612 363.577 511.768 
406.559 520.729 448.73 508.493 475.655 473.806 433.484 486.042 
480.545 365.124 473.734 408.502 493.721 447.6 500.532 404.221 
518.196 188.435 560.617 177.097 588.272 142.99 545.851 154.328 
547.82 35.827 545.038 79.649 568.546 116.737 571.328 72.915 
445.234 -10.84 482.777 11.934 526.536 8.291 488.993 -14.483 
