154.409 238.609 144.474 281.38 188.222 277.612 198.158 234.841 
219.294 235.145 208.112 277.607 245.041 301.363 256.223 258.901 
226.022 213.805 263.153 237.244 296.919 209.174 259.788 185.734 
194.413 160.839 210.392 201.739 244.352 173.904 228.375 133.005 
132.707 175.061 147.56 216.383 191.449 215.026 176.596 173.705 
105.861 202.626 96.179 245.455 113.52 285.796 123.203 242.967 
157.737 309.215 196.733 329.399 240.146 322.807 201.15 302.623 
287.326 252.022 280.609 295.416 311.548 264.258 318.265 220.864 
250.655 114.022 266.363 155.026 303.173 178.966 287.465 137.962 
121.835 149.776 165.578 145.948 198.717 117.141 154.974 120.968 
28.28 104.785 60.869 134.214 98.928 112.314 66.339 82.885 
46.281 175.63 28.279 215.68 60.806 245.177 78.808 205.127 
-19.868 271.047 14.277 298.653 51.085 274.708 16.938 247.102 
32.26 314.379 41.841 357.232 79.635 334.878 70.054 292.026 
116.596 358.586 151.105 385.737 187.592 361.306 153.082 334.155 
178.26 404.213 192.134 445.874 227.468 419.804 213.594 378.144 
232.364 366.022 246.018 407.755 289.928 407.665 276.274 365.932 
302.521 307.229 316.698 348.787 351.841 322.461 337.663 280.903 
361.685 260.937 375.906 302.48 419.81 301.793 405.589 260.25 
367.782 200.039 356.49 242.472 400.336 240.099 411.628 197.665 
315.177 113.258 327.8 155.314 371.699 156.304 359.076 114.248 
317.788 46.4 306.248 88.767 350.107 86.65 361.647 44.283 
264.896 18.603 250.226 59.99 285.054 86.731 299.724 45.344 
162.88 51.345 146.582 92.118 190.396 95.019 206.694 54.245 
90.064 26.713 74.323 67.705 108.445 95.342 124.185 54.35 
18.605 39.182 -7.555 74.449 34.338 61.295 60.499 26.028 
-31.869 218.846 -35.154 262.633 -6.76 229.139 -3.475 185.352 
-28.954 306.335 -20.253 349.374 12.085 379.079 3.383 336.04 
113.506 408.417 139.256 443.985 180.994 457.624 155.244 422.057 
222.404 463.42 266.31 464.025 302.185 438.706 258.279 438.102 
360.575 365.494 402.097 351.21 427.293 315.249 385.771 329.532 
452.59 193.681 435.864 234.281 446.196 276.958 462.922 236.359 
382.586 40.718 379.268 84.502 402.318 121.875 405.637 78.091 
278.285 -26.2 307.202 6.844 350.019 16.581 321.102 -16.463 
93.942 -6.842 132.267 14.589 175.87 9.4 137.544 -12.031 
45.043 -108.778 31.074 -67.149 66.348 -40.999 80.317 -82.628 
-45.844 -30.94 -51.432 12.613 -8.284 4.469 -2.697 -39.085 
-85.365 40.48 -73.554 82.772 -39.14 110.044 -50.952 67.752 
-126.003 118.606 -112.946 160.53 -69.039 161.066 -82.096 119.143 
-147.927 199.59 -104.883 208.265 -64.96 189.983 -108.005 181.307 
-119.264 249.754 -148.088 282.88 -107.676 300.056 -78.853 266.93 
-106.561 343.952 -103.21 387.733 -60.535 398.076 -63.886 354.294 
-43.241 438.436 -0.208 447.17 39.74 428.941 -3.293 420.208 
28.737 471.45 24.639 515.168 67.484 505.555 71.582 461.837 
99.084 461.715 85.516 503.476 99.085 545.237 112.654 503.476 
157.792 494.904 142.204 535.954 176.428 563.464 192.016 522.414 
250.922 505.15 230.3 543.917 273.542 551.549 294.163 512.782 
336.621 465.95 337.975 509.839 362.677 473.536 361.323 429.647 
399.339 415.672 393.774 459.228 433.478 477.98 439.043 434.424 
405.366 394.999 443.219 417.253 486.923 413.007 449.07 390.753 
454.933 349.368 490.237 375.478 525.979 349.971 490.675 323.861 
517.85 226.869 496.162 265.05 525.772 297.474 547.459 259.294 
464.934 134.658 490.009 170.705 531.483 185.129 506.408 149.082 
466.445 97.928 505.534 117.931 536.638 86.937 497.548 66.933 
456.497 43.462 448.7 86.674 480.407 56.298 488.204 13.086 
413.738 -22.691 421.572 20.514 460.242 -0.288 452.408 -43.493 
325.647 -80.127 353.459 -46.147 394.369 -62.098 366.558 -96.077 
224.006 -52.643 265.11 -68.087 289.286 -104.742 248.182 -89.298 
165.912 -108.326 182.342 -67.605 215.992 -95.815 199.562 -136.535 
111.204 -119.058 123.867 -77.013 158.824 -50.441 146.162 -92.485 
126.255 -157.344 154.834 -124.008 195.371 -140.888 166.791 -174.224 
-6.641 -187.551 -15.741 -144.594 27.925 -149.214 37.026 -192.171 
-102.825 -154.955 -96.57 -111.493 -53.302 -104.011 -59.557 -147.473 
-140.32 -96.22 -127.272 -54.293 -83.366 -53.748 -96.414 -95.674 
-131.492 42.565 -143.728 84.736 -99.84 83.341 -87.604 41.17 
-167.255 133.651 -165.695 177.533 -124.443 162.488 -126.003 118.606 
-232.576 272.563 -235.039 316.404 -194.105 332.294 -191.642 288.453 
-244.192 404.148 -203.209 419.913 -175.552 385.808 -216.534 370.043 
-174.087 429.693 -179.949 473.21 -136.751 465.337 -130.888 421.82 
-42.054 460.473 -50.067 503.646 -11.483 524.608 -3.47 481.435 
24.686 515.376 39.868 556.578 83.745 554.872 68.563 513.67 
135.778 640.306 177.53 653.902 203.364 618.396 161.612 604.799 
229.936 653.351 254.058 690.042 281.498 655.763 257.377 619.072 
296.966 588.688 299.168 632.543 341.557 644.0 339.355 600.145 
360.505 517.392 400.484 535.552 430.109 503.142 390.13 484.982 
449.2 435.478 439.619 478.33 483.334 474.2 492.915 431.348 
559.945 377.8 585.859 413.248 611.565 377.649 585.651 342.2 
601.743 290.617 626.74 326.718 668.798 314.1 643.801 277.999 
613.602 211.087 589.905 248.055 632.386 259.168 656.082 222.201 
524.802 129.221 546.252 167.536 576.063 135.296 554.613 96.982 
516.491 12.176 503.683 54.177 539.67 79.337 552.478 37.336 
461.261 -103.388 488.299 -68.79 529.56 -83.813 502.522 -118.411 
418.098 -173.622 422.166 -129.901 462.49 -147.281 458.422 -191.002 
385.259 -209.466 354.636 -177.997 375.101 -139.148 405.724 -170.616 
225.14 -158.365 238.684 -116.597 282.594 -116.572 269.05 -158.34 
219.373 -232.506 208.598 -189.854 252.41 -192.781 263.165 -235.354 
182.356 -256.434 170.942 -214.034 207.74 -190.076 219.176 -232.555 
-203.456 26.873 -209.066 70.423 -169.381 89.217 -163.771 45.667 
-239.632 102.145 -200.165 121.393 -169.663 89.807 -209.129 70.558 
-76.509 559.356 -33.402 567.713 -12.133 529.298 -55.24 520.941 
-29.776 569.507 -8.652 608.002 21.432 576.017 0.308 537.521 
420.373 545.959 447.195 580.726 471.971 544.473 445.149 509.707 
451.973 504.934 473.603 543.147 516.63 534.385 495.0 496.172 
572.791 77.027 594.593 115.142 637.58 106.186 615.777 68.07 
577.975 32.753 572.649 76.339 615.748 67.934 621.073 24.349 
305.318 -248.263 295.362 -205.497 312.444 -165.046 322.4 -207.812 
182.347 -256.42 219.353 -232.832 263.166 -235.345 226.18 -259.013 
97.318 -218.762 78.885 -178.909 117.224 -200.316 135.657 -240.169 
-204.748 -25.186 -168.755 -0.033 -124.852 -0.84 -160.845 -25.993 
-233.764 58.637 -239.623 102.154 -209.304 70.392 -203.444 26.875 
-230.592 153.052 -234.037 196.827 -211.094 234.267 -207.649 190.492 
-119.536 505.73 -130.603 548.222 -96.674 520.35 -85.606 477.858 
-76.509 559.356 -50.439 594.689 -8.579 607.95 -34.65 572.617 
32.685 618.461 76.309 623.465 114.543 601.872 70.919 596.868 
365.392 561.946 383.221 602.073 421.232 624.056 403.402 583.929 
447.173 580.712 489.431 568.779 516.604 534.286 474.346 546.219 
542.217 418.093 526.843 459.224 538.582 501.536 553.956 460.406 
589.695 177.037 633.297 171.844 665.519 142.013 621.917 147.207 
621.001 24.339 615.973 67.96 637.545 106.206 642.573 62.584 
520.973 -40.751 553.576 -11.338 597.241 -6.705 564.638 -36.119 
