161.058 218.605 160.805 262.514 202.643 249.185 202.896 205.276 
205.315 205.211 205.253 249.121 246.995 262.749 247.057 218.839 
206.021 202.775 247.816 216.24 273.536 180.652 231.742 167.187 
178.119 165.986 204.042 201.428 229.738 165.823 203.817 130.381 
134.606 180.662 160.25 216.306 202.074 202.931 176.43 167.287 
131.413 183.194 131.349 227.104 157.108 262.665 157.171 218.755 
162.357 266.65 204.091 280.301 245.879 266.814 204.145 253.163 
251.474 218.616 251.466 262.526 277.281 227.006 277.289 183.096 
206.968 127.86 232.79 163.374 274.556 176.927 248.734 141.413 
133.469 177.544 175.26 164.067 201.148 128.6 159.357 142.077 
89.564 161.877 131.162 175.939 157.39 140.723 115.793 126.661 
87.698 169.694 87.73 213.604 129.501 227.143 129.469 183.233 
61.673 249.468 103.388 263.172 129.313 227.732 87.597 214.028 
103.768 263.448 129.226 299.225 155.385 263.958 129.927 228.181 
136.14 303.424 177.896 317.009 203.719 281.495 161.964 267.91 
178.277 317.281 203.885 352.952 229.896 317.575 204.289 281.905 
204.572 281.704 230.018 317.489 271.915 304.346 246.469 268.561 
252.5 263.258 278.353 298.749 304.119 263.193 278.265 227.701 
278.595 227.458 304.291 263.065 346.095 249.631 320.4 214.024 
278.863 183.082 278.446 226.99 320.334 213.817 320.751 169.909 
249.931 140.511 275.82 175.976 317.55 162.314 291.661 126.848 
249.893 95.932 249.709 139.842 291.527 126.448 291.71 82.538 
207.928 82.016 207.564 125.924 249.211 139.839 249.575 95.93 
158.587 96.29 158.695 140.2 200.422 126.528 200.314 82.618 
116.312 82.359 115.924 126.267 157.563 140.206 157.952 96.297 
89.638 117.26 88.594 161.158 115.242 126.258 116.286 82.36 
61.114 205.557 61.669 249.464 87.027 213.616 86.471 169.71 
61.602 249.692 86.866 285.606 128.415 299.812 103.15 263.898 
135.79 304.541 161.932 339.822 203.818 353.0 177.677 317.719 
203.886 352.949 245.797 339.85 272.002 304.617 230.092 317.717 
278.752 299.038 320.45 285.275 346.094 249.631 304.397 263.394 
321.173 169.911 320.682 213.818 346.093 249.628 346.584 205.721 
291.849 82.538 292.199 126.447 318.29 161.764 317.94 117.855 
208.197 81.202 249.735 95.438 291.708 82.538 250.169 68.303 
116.319 82.344 158.258 95.351 199.833 81.223 157.894 68.216 
89.47 45.245 115.649 80.497 157.267 66.493 131.087 31.24 
63.074 80.341 88.293 116.287 114.686 81.194 89.466 45.248 
62.376 80.844 60.78 124.725 85.28 161.164 86.877 117.283 
14.44 142.132 40.447 177.511 82.131 163.71 56.125 128.33 
17.3 218.434 58.784 204.04 83.883 168.011 42.4 182.405 
17.74 219.643 18.223 263.55 59.832 249.522 59.349 205.615 
18.226 263.552 43.417 299.517 85.406 286.672 60.215 250.707 
44.107 301.576 85.726 315.575 127.624 302.436 86.005 288.438 
87.644 320.593 87.869 364.502 129.559 350.72 129.335 306.81 
133.202 306.613 133.509 350.522 159.567 385.864 159.26 341.955 
161.339 341.876 161.976 385.782 203.929 398.744 203.293 354.839 
204.521 354.836 203.931 398.742 245.87 385.736 246.461 341.83 
248.624 341.783 248.406 385.693 274.391 350.297 274.609 306.388 
279.311 306.116 279.494 350.025 321.311 363.42 321.128 319.511 
280.212 302.858 322.052 316.18 363.732 302.364 321.892 289.042 
322.548 286.696 364.492 299.688 389.811 263.812 347.867 250.82 
348.83 205.695 348.259 249.601 389.839 263.713 390.411 219.807 
323.947 167.749 349.506 203.454 391.171 217.317 365.611 181.612 
325.138 163.22 366.949 176.636 392.629 141.018 350.818 127.602 
322.172 117.614 322.572 161.522 348.057 125.764 347.657 81.856 
293.609 81.141 320.035 116.208 345.22 80.238 318.793 45.171 
250.879 66.039 292.417 80.277 318.794 45.173 277.256 30.934 
206.889 77.551 248.848 64.608 275.185 29.474 233.226 42.417 
177.543 40.134 203.646 75.444 229.16 39.708 203.059 4.398 
131.863 30.63 158.616 65.449 200.726 77.894 173.973 43.075 
133.547 24.16 175.081 38.411 201.469 3.314 159.936 -10.936 
81.833 -8.374 84.198 35.472 125.168 19.673 122.803 -24.173 
40.031 -21.804 40.177 22.106 81.983 35.537 81.837 -8.373 
11.212 56.194 51.687 73.22 80.386 39.988 39.912 22.962 
12.451 96.009 13.584 139.904 54.981 125.262 53.848 81.367 
-13.864 178.867 11.457 214.742 37.75 179.575 12.431 143.701 
-37.103 209.963 -35.09 253.827 7.249 265.467 5.236 221.604 
-61.423 291.485 -19.661 305.049 6.145 269.522 -35.618 255.958 
-17.493 306.526 7.243 342.806 34.103 308.07 9.367 271.79 
42.54 307.646 43.054 351.553 84.971 364.632 84.457 320.725 
88.51 366.307 114.045 402.029 155.909 388.783 130.374 353.061 
135.077 433.537 177.147 446.113 202.109 409.988 160.038 397.412 
179.927 447.881 205.751 483.395 231.546 447.861 205.723 412.347 
209.099 409.736 234.243 445.734 276.249 432.944 251.105 396.946 
253.1 388.698 294.957 401.97 320.513 366.264 278.657 352.992 
323.288 319.468 323.055 363.378 364.887 350.031 365.121 306.122 
374.604 305.007 400.994 340.102 426.217 304.158 399.827 269.063 
403.162 266.378 428.985 301.892 470.741 288.307 444.917 252.793 
402.434 218.346 401.67 262.249 443.66 249.409 444.425 205.506 
369.527 178.36 395.563 213.719 421.146 178.031 395.11 142.672 
351.705 81.697 351.428 125.606 393.102 139.439 393.379 95.53 
326.909 37.094 353.565 71.988 394.988 57.42 368.332 22.526 
325.643 -10.116 325.683 33.794 367.432 20.187 367.392 -23.723 
281.187 -24.912 279.767 18.975 321.067 33.887 322.487 -10.0 
205.264 2.651 231.428 37.914 273.051 23.926 246.886 -11.337 
203.458 -46.854 203.1 -2.864 244.97 -16.093 245.327 -60.002 
161.807 -60.679 161.45 -16.771 203.099 -2.862 203.457 -46.852 
-34.144 82.531 -34.478 126.44 7.179 140.326 7.513 96.417 
-60.556 161.768 -18.899 175.654 7.18 140.327 -34.477 126.441 
15.862 392.266 57.587 405.945 83.49 370.489 41.765 356.81 
57.592 405.947 83.312 441.536 109.212 406.078 83.492 370.488 
299.569 404.855 325.283 440.448 351.188 404.994 325.474 369.401 
325.476 369.396 351.214 404.973 393.002 391.488 367.264 355.912 
399.557 139.025 425.107 174.736 466.966 161.473 441.416 125.761 
399.826 95.097 399.55 139.006 441.395 125.7 441.671 81.791 
253.645 -60.712 253.202 -16.804 278.652 18.978 279.095 -24.929 
161.808 -60.678 203.458 -46.854 245.327 -60.003 203.677 -73.909 
126.076 -24.279 125.847 19.63 151.842 -15.759 152.071 -59.668 
-32.421 75.103 9.33 88.705 51.101 75.17 9.351 61.567 
-60.223 117.858 -60.556 161.767 -34.478 126.44 -34.145 82.531 
-62.648 171.886 -36.307 207.018 5.653 219.959 -20.688 184.826 
8.468 343.719 8.025 387.627 34.191 352.365 34.634 308.457 
15.857 392.284 41.582 427.869 83.311 441.535 57.585 405.951 
92.403 446.644 134.091 432.852 159.711 397.191 118.023 410.983 
251.356 396.765 276.866 432.504 318.512 446.423 293.002 410.683 
325.392 440.528 367.164 426.992 393.001 391.488 351.23 405.024 
374.539 305.059 374.732 348.968 400.698 384.379 400.505 340.469 
402.207 217.647 444.092 204.465 470.229 169.181 428.345 182.364 
441.67 81.792 441.499 125.701 467.17 161.326 467.341 117.416 
353.642 72.197 395.437 85.661 437.163 71.988 395.369 58.523 
