153.817 239.493 143.431 282.157 187.217 278.85 197.603 236.186 
219.644 236.516 207.986 278.85 244.646 303.019 256.304 260.685 
226.676 213.864 263.537 237.726 297.621 210.044 260.761 186.181 
194.909 160.064 210.329 201.178 244.664 173.808 229.245 132.695 
132.226 174.349 146.471 215.885 190.376 215.171 176.13 173.636 
104.257 203.803 94.021 246.503 110.839 287.065 121.075 244.364 
157.303 310.994 196.119 331.522 239.588 325.314 200.772 304.786 
288.932 253.085 281.825 296.416 313.044 265.538 320.151 222.207 
252.234 113.108 267.479 154.286 304.018 178.638 288.772 137.46 
120.616 147.547 164.419 144.489 198.06 116.268 154.256 119.326 
24.409 102.472 56.143 132.82 94.813 112.018 63.078 81.669 
45.884 175.515 27.012 215.163 58.887 245.363 77.759 205.715 
-21.828 273.813 11.993 301.815 49.077 278.302 15.255 250.299 
29.654 317.684 38.446 360.705 76.645 339.05 67.853 296.029 
115.531 359.446 149.607 387.139 186.475 363.288 152.399 335.595 
179.094 406.573 192.465 448.398 228.11 422.757 214.74 380.932 
233.826 368.844 246.987 410.735 290.895 411.162 277.734 369.272 
303.634 308.427 317.269 350.166 352.752 324.3 339.116 282.561 
364.238 261.267 377.998 302.965 421.907 302.764 408.147 261.066 
370.849 200.171 359.1 242.48 402.969 240.579 414.718 198.27 
317.156 112.447 329.163 154.683 373.042 156.316 361.036 114.079 
319.637 44.371 307.567 86.59 351.449 85.023 363.519 42.804 
266.626 15.719 251.083 56.786 285.337 84.259 300.88 43.192 
163.6 49.134 146.122 89.416 189.834 93.59 207.311 53.308 
87.92 24.837 71.585 65.596 105.301 93.726 121.636 52.968 
15.428 36.798 -11.053 71.824 30.959 59.053 57.44 24.027 
-35.594 221.079 -38.912 264.864 -10.493 231.391 -7.175 187.606 
-31.407 308.482 -23.407 351.657 8.443 381.884 0.442 338.709 
113.303 411.839 139.145 447.34 180.918 460.872 155.076 425.371 
222.96 466.363 266.855 467.53 303.052 442.673 259.157 441.507 
363.105 366.973 404.614 352.652 429.778 316.667 388.269 330.988 
456.395 194.433 439.094 234.791 448.82 277.611 466.121 237.253 
385.064 39.051 381.589 82.824 404.506 120.279 407.981 76.507 
280.476 -29.547 308.917 3.907 351.591 14.255 323.149 -19.199 
91.482 -10.511 129.655 11.189 173.293 6.307 135.12 -15.393 
42.266 -112.08 28.168 -70.494 63.361 -44.235 77.459 -85.821 
-47.78 -34.656 -55.213 8.62 -11.758 2.316 -4.325 -40.961 
-88.698 37.024 -76.942 79.331 -42.565 106.648 -54.321 64.341 
-128.312 117.912 -116.595 160.229 -72.727 162.162 -84.444 119.844 
-152.619 198.401 -110.056 209.195 -69.278 192.91 -111.841 182.116 
-122.137 251.411 -152.332 283.292 -112.681 302.157 -82.486 270.276 
-109.239 345.932 -107.268 389.797 -64.94 401.478 -66.911 357.613 
-46.878 441.501 -3.778 449.898 36.026 431.357 -7.074 422.961 
27.171 474.365 22.698 518.046 65.624 508.803 70.098 465.121 
99.046 465.235 84.407 506.633 96.898 548.729 111.536 507.331 
158.571 498.67 141.722 539.219 175.08 567.773 191.929 527.224 
252.388 508.988 230.97 547.32 274.044 555.846 295.463 517.514 
337.689 469.66 339.193 513.545 363.77 477.157 362.266 433.273 
401.565 418.296 395.643 461.804 435.192 480.882 441.115 437.373 
408.131 396.421 445.456 419.548 489.248 416.319 451.922 393.192 
458.292 350.06 492.813 377.196 529.289 352.749 494.768 325.613 
522.569 227.367 500.084 265.083 529.007 298.123 551.491 260.406 
468.322 134.826 493.433 170.847 534.921 185.229 509.81 149.208 
469.642 96.471 508.454 117.008 539.979 86.442 501.167 65.905 
460.065 41.414 451.173 84.415 483.642 54.853 492.534 11.853 
416.684 -26.37 423.076 17.072 462.417 -2.432 456.024 -45.875 
327.478 -84.935 354.287 -50.16 395.645 -64.911 368.836 -99.687 
224.76 -55.39 265.824 -70.94 289.904 -107.658 248.84 -92.107 
164.571 -112.307 179.526 -71.022 214.169 -98.003 199.214 -139.287 
110.177 -124.845 121.232 -82.349 155.154 -54.467 144.099 -96.963 
126.277 -162.331 153.956 -128.243 194.929 -144.032 167.25 -178.121 
-6.816 -192.452 -17.204 -149.788 26.582 -153.093 36.969 -195.757 
-104.274 -159.119 -98.506 -115.589 -55.324 -107.623 -61.092 -151.153 
-142.46 -99.768 -128.765 -58.049 -84.855 -58.182 -98.55 -99.901 
-137.062 40.811 -148.457 83.217 -104.606 80.951 -93.21 38.545 
-170.078 131.465 -170.094 175.376 -128.329 161.822 -128.312 117.912 
-236.467 271.761 -239.961 315.531 -199.413 332.38 -195.919 288.61 
-249.481 404.09 -208.802 420.621 -180.509 387.041 -221.188 370.509 
-178.127 430.885 -185.02 474.251 -141.647 467.406 -134.753 424.04 
-45.298 464.187 -53.975 507.231 -15.719 528.785 -7.042 485.741 
22.697 518.046 37.303 559.456 81.199 558.362 66.594 516.952 
133.95 644.219 175.47 658.507 201.89 623.434 160.369 609.146 
229.063 657.925 252.77 694.885 280.595 660.917 256.889 623.957 
297.643 592.874 298.888 636.766 341.017 649.145 339.772 605.253 
362.062 521.033 401.847 539.615 431.812 507.519 392.027 488.938 
451.396 438.575 441.193 481.283 484.964 477.789 495.167 435.081 
563.391 380.411 588.78 416.237 615.007 381.02 589.618 345.194 
605.612 292.393 630.311 328.699 672.471 316.428 647.773 280.123 
618.272 212.359 593.853 248.852 636.106 260.8 660.526 224.306 
528.692 128.876 549.777 167.393 579.894 135.439 558.809 96.922 
521.14 11.342 507.579 53.105 543.108 78.908 556.669 37.145 
465.335 -106.323 491.824 -71.302 533.316 -85.671 506.828 -120.692 
420.852 -176.843 424.653 -133.098 465.083 -150.231 461.281 -193.976 
388.332 -212.964 357.252 -181.947 377.146 -142.803 408.227 -173.82 
226.076 -162.584 238.95 -120.604 282.854 -119.877 269.98 -161.856 
221.129 -237.041 209.714 -194.556 253.566 -196.824 264.959 -239.23 
184.702 -262.321 171.806 -220.348 207.74 -195.112 220.66 -237.164 
-205.771 23.582 -212.259 67.01 -172.961 86.601 -166.473 43.173 
-243.821 97.924 -204.95 118.347 -173.514 87.69 -212.385 67.266 
-80.185 561.276 -37.017 569.309 -16.037 530.735 -59.206 522.702 
-32.832 571.305 -12.556 610.254 18.221 578.935 -2.055 539.986 
421.023 550.083 447.938 584.777 472.616 548.457 445.7 513.764 
453.457 508.373 474.482 546.922 517.642 538.839 496.617 500.29 
577.192 77.071 598.652 115.38 641.717 106.808 620.257 68.5 
582.956 32.562 576.997 76.066 620.213 68.29 626.172 24.786 
308.583 -252.126 297.418 -209.659 313.346 -168.74 324.511 -211.207 
184.691 -262.306 221.098 -237.802 264.959 -239.221 228.576 -263.804 
97.435 -223.687 79.203 -183.741 117.433 -205.341 135.665 -245.287 
-206.017 -31.54 -171.712 -4.131 -127.847 -2.121 -162.153 -29.53 
-236.864 54.576 -243.813 97.933 -212.707 66.941 -205.758 23.584 
-233.986 151.287 -238.289 194.986 -216.085 232.868 -211.782 189.169 
-123.481 507.38 -135.732 549.546 -101.037 522.634 -88.786 480.468 
-80.189 561.301 -54.278 596.75 -12.478 610.199 -38.39 574.749 
29.849 621.278 73.374 627.08 111.997 606.191 68.472 600.388 
366.587 565.784 383.669 606.235 421.266 628.919 404.184 588.468 
447.919 584.765 490.245 573.076 517.616 538.74 475.291 550.43 
545.245 421.961 529.196 462.833 540.237 505.332 556.286 464.46 
593.546 177.173 637.233 172.755 669.981 143.503 626.293 147.92 
626.097 24.775 620.557 68.334 641.678 106.83 647.218 63.271 
525.873 -42.397 558.022 -12.488 601.611 -7.188 569.462 -37.097 
