-37.208 333.853 -19.982 343.873 -25.077 324.608 -42.303 314.588 
151.65 350.501 168.855 360.556 188.131 355.499 170.925 345.445 
314.334 238.867 333.595 233.756 343.601 216.522 324.34 221.633 
350.388 44.837 360.397 27.605 355.289 8.343 345.281 25.575 
221.516 -127.952 238.78 -117.998 233.611 -137.244 216.348 -147.198 
7.97 -158.783 25.229 -148.82 44.477 -153.979 27.219 -163.942 
-147.415 -19.744 -128.173 -24.926 -118.231 -42.195 -137.474 -37.014 
-159.026 188.481 -149.048 171.232 -154.19 151.979 -164.168 169.228 
-42.561 314.515 -61.815 319.655 -56.676 338.908 -37.422 333.768 
151.39 350.685 141.437 367.948 158.699 377.903 168.653 360.639 
333.475 233.941 314.219 239.073 319.351 258.329 338.606 253.197 
360.477 27.842 350.477 45.079 367.714 55.079 377.714 37.841 
253.061 -142.186 233.792 -137.103 238.876 -117.834 258.145 -122.918 
37.438 -181.253 27.441 -164.014 44.68 -154.017 54.677 -171.256 
-123.226 -61.584 -142.49 -56.482 -137.389 -37.219 -118.125 -42.321 
-171.449 141.768 -181.442 159.008 -164.201 169.002 -154.208 151.761 
-173.023 202.745 -153.095 202.772 -138.985 188.699 -158.913 188.673 
-19.833 363.913 -5.72 349.845 -5.687 329.918 -19.801 343.986 
202.407 369.573 202.438 349.645 188.369 335.532 188.339 355.46 
343.695 216.339 363.623 216.37 349.555 202.257 329.626 202.226 
335.276 8.081 355.204 8.113 369.318 -5.955 349.39 -5.987 
202.002 -133.19 216.119 -147.254 216.155 -167.182 202.038 -153.118 
7.72 -138.819 7.745 -158.746 -6.328 -172.855 -6.353 -152.928 
-153.39 -5.468 -133.462 -5.442 -147.535 -19.551 -167.463 -19.576 
-155.018 118.705 -174.692 121.873 -171.524 141.548 -151.85 138.379 
-174.689 121.648 -175.692 101.745 -195.594 102.748 -194.592 122.65 
-66.472 291.678 -78.144 307.83 -61.994 319.502 -50.321 303.351 
-78.32 307.705 -93.106 294.345 -106.466 309.13 -91.681 322.49 
138.061 348.288 118.385 351.447 121.545 371.122 141.221 367.963 
122.335 391.07 121.323 371.167 101.421 372.179 102.433 392.082 
303.067 246.838 291.398 262.992 307.552 274.661 319.219 258.507 
322.18 288.2 307.408 274.826 294.033 289.597 308.805 302.971 
367.757 55.311 348.08 58.474 351.244 78.149 370.919 74.986 
391.856 94.107 390.855 74.204 370.953 75.205 371.954 95.107 
258.349 -122.829 246.672 -106.681 262.82 -95.004 274.497 -111.152 
302.781 -112.397 288.006 -125.769 274.634 -110.994 289.409 -97.623 
74.59 -174.441 54.916 -171.275 58.082 -151.6 77.756 -154.766 
94.732 -175.473 93.729 -195.375 73.828 -194.372 74.83 -174.47 
-111.411 -77.898 -123.081 -61.745 -106.929 -50.075 -95.258 -66.227 
-97.914 -92.848 -112.689 -106.219 -126.061 -91.444 -111.285 -78.072 
-164.494 29.88 -151.696 14.605 -153.448 -5.246 -166.246 10.029 
-164.573 30.091 -175.97 46.438 -172.47 66.056 -161.073 49.709 
-194.705 83.638 -174.926 86.063 -172.5 66.284 -192.28 63.858 
-174.968 86.291 -193.727 93.01 -175.711 101.525 -156.95 94.805 
-136.007 235.631 -137.756 215.78 -153.031 202.981 -151.28 222.832 
-135.865 235.797 -132.381 255.418 -116.043 266.828 -119.528 247.208 
-131.631 279.288 -119.364 294.993 -103.659 282.726 -115.926 267.021 
-84.733 276.174 -103.495 282.889 -112.014 300.904 -93.251 294.189 
9.741 362.695 29.593 360.959 14.328 348.149 -5.524 349.884 
29.793 361.001 46.121 372.423 65.745 368.954 49.416 357.532 
63.514 388.77 83.292 391.209 85.73 371.431 65.953 368.992 
94.469 353.402 85.955 371.42 92.676 390.18 101.189 372.163 
202.616 349.517 222.468 347.775 235.273 332.506 215.422 334.248 
246.899 316.074 235.485 332.409 255.106 328.93 266.52 312.594 
266.698 312.435 278.971 328.135 294.67 315.862 282.397 300.162 
275.86 281.25 282.58 300.01 300.597 308.524 293.877 289.764 
349.651 202.068 362.455 186.798 360.71 166.948 347.907 182.218 
368.682 130.776 357.268 147.111 360.747 166.733 372.161 150.398 
368.774 130.572 388.553 133.003 390.985 113.225 371.206 110.793 
371.927 95.329 353.162 102.036 371.174 110.562 389.939 103.855 
349.268 -6.202 347.534 -26.054 332.27 -38.864 334.004 -19.013 
312.359 -70.12 315.836 -50.498 332.169 -39.082 328.692 -58.704 
299.934 -85.991 312.205 -70.291 327.905 -82.562 315.634 -98.263 
308.345 -104.196 289.579 -97.492 281.051 -79.482 299.816 -86.186 
181.96 -151.454 201.81 -153.197 186.542 -166.001 166.69 -164.259 
130.496 -172.249 146.829 -160.832 166.451 -164.307 150.118 -175.725 
110.466 -174.712 130.244 -172.277 132.679 -192.055 112.9 -194.49 
103.502 -193.488 94.978 -175.475 101.686 -156.712 110.211 -174.724 
-39.194 -135.765 -19.344 -137.518 -6.548 -152.794 -26.398 -151.041 
-59.027 -132.172 -70.421 -115.824 -50.804 -119.326 -39.409 -135.675 
-98.566 -119.083 -86.288 -103.388 -70.592 -115.666 -82.87 -131.361 
-104.484 -111.765 -97.767 -93.003 -79.751 -84.486 -86.468 -103.248 
