-24.491 292.631 -7.881 303.641 -11.841 284.111 -28.452 273.101 
127.759 311.948 144.176 323.245 163.772 319.625 147.355 308.328 
266.912 232.745 286.621 229.803 298.478 213.787 278.769 216.728 
313.515 78.67 325.976 63.119 323.791 43.311 311.33 58.862 
221.897 -80.503 237.095 -67.613 235.462 -87.474 220.264 -100.363 
37.816 -126.499 53.233 -113.872 73.063 -115.845 57.646 -128.472 
-107.371 -9.337 -87.701 -12.537 -76.056 -28.707 -95.725 -25.507 
-122.086 170.477 -111.0 153.919 -114.868 134.371 -125.955 150.929 
-30.267 273.551 -49.343 279.314 -43.58 298.39 -24.504 292.626 
127.448 312.405 116.6 329.12 133.314 339.969 144.163 323.254 
286.612 229.816 266.952 233.072 270.208 252.733 289.868 249.476 
325.977 63.132 314.125 79.152 330.145 91.004 341.997 74.984 
255.073 -91.056 235.47 -87.467 239.059 -67.865 258.661 -71.454 
66.709 -146.228 57.655 -128.476 75.406 -119.421 84.461 -137.173 
-85.946 -51.949 -104.051 -43.62 -95.723 -25.517 -77.619 -33.845 
-136.71 124.865 -144.36 143.266 -125.959 150.916 -118.31 132.515 
-137.948 182.549 -118.202 185.239 -102.338 173.179 -122.084 170.489 
-11.728 323.197 4.824 312.102 8.684 292.552 -7.869 303.648 
173.962 336.756 178.883 317.445 168.709 300.311 163.788 319.622 
298.485 213.774 317.644 219.257 307.975 201.833 288.815 196.349 
304.617 37.86 323.789 43.297 341.19 33.584 322.018 28.148 
203.408 -89.723 220.254 -100.369 224.639 -119.809 207.793 -109.163 
34.252 -106.891 37.806 -126.498 26.455 -142.877 22.9 -123.269 
-115.45 3.611 -95.792 6.883 -107.378 -9.33 -127.036 -12.602 
-119.723 102.369 -139.461 105.115 -136.715 124.853 -116.977 122.107 
-139.457 105.108 -159.19 102.325 -161.972 122.058 -142.239 124.84 
-56.549 252.063 -66.573 269.285 -49.352 279.311 -39.327 262.088 
-66.578 269.275 -78.312 285.382 -62.206 297.116 -50.473 281.01 
109.817 310.382 91.074 317.152 97.843 335.894 116.586 329.124 
117.006 330.459 97.831 335.886 103.258 355.061 122.433 349.634 
251.967 244.71 243.934 262.946 262.171 270.98 270.203 252.743 
271.862 253.57 262.17 270.981 279.58 280.675 289.272 263.263 
330.148 91.013 311.481 97.992 318.461 116.657 337.127 109.678 
353.261 86.577 333.64 90.064 337.127 109.683 356.747 106.196 
258.669 -71.45 250.198 -53.413 268.235 -44.941 276.706 -62.979 
279.625 -91.005 264.152 -78.447 276.71 -62.974 292.182 -75.532 
103.393 -143.417 84.468 -137.177 90.708 -118.251 109.633 -124.491 
113.192 -160.77 95.839 -170.565 86.044 -153.211 103.398 -143.416 
-74.939 -68.571 -85.942 -51.957 -69.328 -40.954 -58.324 -57.568 
-78.68 -88.146 -98.252 -84.399 -94.504 -64.826 -74.932 -68.574 
-134.856 34.916 -118.674 23.287 -115.454 3.621 -131.637 15.25 
-134.861 34.926 -149.678 48.252 -150.732 68.152 -135.915 54.826 
-174.836 82.773 -155.481 87.517 -150.737 68.162 -170.092 63.418 
-155.483 87.526 -175.196 90.443 -159.194 102.319 -139.481 99.402 
-108.868 220.868 -106.157 201.125 -118.201 185.249 -120.911 204.992 
-108.868 220.879 -109.973 240.776 -96.686 255.627 -95.581 235.731 
-114.622 264.319 -105.942 282.258 -88.004 273.578 -96.684 255.639 
-68.929 267.803 -87.999 273.588 -97.393 291.162 -78.323 285.378 
17.227 327.717 37.025 329.99 24.633 314.384 4.835 312.11 
37.036 329.997 49.656 345.417 69.485 347.398 56.865 331.977 
62.069 365.895 80.561 373.322 87.989 354.831 69.497 347.403 
95.905 336.545 87.999 354.837 95.344 373.362 103.25 355.07 
178.899 317.443 198.684 319.822 214.357 307.515 194.572 305.135 
230.362 295.617 214.373 307.512 234.089 310.407 250.078 298.512 
250.092 298.504 257.196 317.123 275.814 310.019 268.71 291.4 
261.215 272.936 268.721 291.395 287.081 299.14 279.575 280.681 
307.986 201.822 323.99 189.948 326.909 170.236 310.906 182.11 
347.166 139.47 330.671 150.652 326.913 170.222 343.409 159.04 
347.174 139.458 365.203 147.948 373.693 129.919 355.664 121.429 
356.748 106.204 337.843 112.506 355.667 121.418 374.572 115.116 
322.018 28.134 325.671 8.544 314.402 -7.891 310.749 11.698 
307.862 -44.14 303.625 -24.668 314.398 -7.904 318.635 -27.376 
300.248 -62.569 307.861 -44.154 326.276 -51.767 318.663 -70.183 
311.851 -78.776 292.19 -75.531 280.583 -59.333 300.244 -62.579 
188.35 -113.572 207.785 -109.171 197.155 -126.026 177.72 -130.428 
146.877 -150.562 158.125 -134.112 177.71 -130.433 166.462 -146.883 
127.841 -156.492 146.868 -150.569 152.792 -169.595 133.765 -175.519 
125.684 -176.305 113.195 -160.776 115.345 -140.965 127.834 -156.494 
-13.373 -116.886 6.081 -112.566 22.891 -123.267 3.438 -127.587 
-33.215 -118.822 -48.609 -106.169 -28.776 -104.23 -13.381 -116.884 
-75.338 -115.116 -66.453 -97.279 -48.616 -106.164 -57.5 -124.001 
-83.585 -107.468 -78.682 -88.153 -61.557 -77.962 -66.46 -97.277 
