-27.892 303.91 -10.813 314.178 -15.629 294.841 -32.709 284.574 
132.555 322.983 149.384 333.655 168.831 329.301 152.001 318.629 
278.102 237.222 297.682 233.518 308.909 217.053 289.328 220.757 
324.618 73.435 336.303 57.293 333.152 37.616 321.466 53.758 
224.438 -91.653 240.478 -79.827 237.498 -99.53 221.459 -111.356 
30.861 -134.835 47.288 -123.554 66.881 -127.192 50.453 -138.474 
-117.763 -11.52 -98.428 -16.343 -88.167 -33.425 -107.502 -28.602 
-131.314 176.189 -121.317 158.95 -126.438 139.692 -136.435 156.93 
-34.898 285.242 -53.56 292.232 -46.571 310.893 -27.909 303.903 
132.02 323.851 122.213 341.198 139.56 351.006 149.367 333.658 
297.675 233.536 278.222 237.863 282.549 257.315 302.001 252.989 
336.308 57.31 325.466 74.03 342.185 84.872 353.028 68.152 
256.672 -105.004 237.513 -99.522 242.996 -80.363 262.155 -85.845 
57.355 -157.182 50.47 -138.482 69.17 -131.597 76.055 -150.298 
-99.317 -55.584 -116.891 -46.188 -107.495 -28.615 -89.922 -38.011 
-148.254 131.328 -155.142 150.028 -136.442 156.916 -129.554 138.216 
-146.431 189.18 -126.561 190.698 -111.438 177.721 -131.308 176.203 
-12.912 334.001 2.592 321.483 4.705 301.669 -10.799 314.186 
180.611 345.378 183.664 325.686 171.899 309.602 168.846 329.295 
308.915 217.039 328.525 220.589 317.17 204.213 297.56 200.663 
313.53 34.093 333.147 37.6 349.498 26.208 329.881 22.702 
205.474 -99.445 221.445 -111.364 224.31 -131.085 208.339 -119.166 
27.696 -115.154 30.845 -134.83 19.158 -150.971 16.009 -131.295 
-125.522 1.627 -105.791 4.418 -117.77 -11.507 -137.501 -14.298 
-130.189 109.692 -150.037 111.468 -148.261 131.317 -128.413 129.541 
-150.033 111.46 -167.134 101.229 -177.365 118.33 -160.264 128.561 
-56.637 264.209 -69.113 279.747 -53.575 292.224 -41.099 276.686 
-69.123 279.735 -85.678 290.827 -74.586 307.382 -58.032 296.29 
118.756 321.579 99.128 325.026 102.575 344.653 122.203 341.206 
122.477 345.519 102.568 344.65 101.699 364.559 121.608 365.428 
265.899 246.364 254.93 263.002 271.568 273.97 282.535 257.333 
286.212 260.483 271.555 273.984 285.055 288.641 299.712 275.141 
342.192 84.887 322.672 88.905 326.691 108.423 346.21 104.404 
369.258 88.197 349.625 84.781 346.21 104.413 365.843 107.829 
262.169 -85.841 251.331 -69.118 268.055 -58.281 278.892 -75.004 
292.591 -99.631 273.429 -94.158 278.902 -74.997 298.063 -80.47 
95.469 -154.869 76.072 -150.305 80.637 -130.907 100.034 -135.471 
111.954 -166.091 100.734 -182.559 84.266 -171.339 95.486 -154.871 
-88.524 -72.352 -99.313 -55.598 -82.559 -44.809 -71.77 -61.564 
-82.651 -91.408 -101.696 -97.272 -107.561 -78.227 -88.515 -72.363 
-144.202 33.375 -128.293 21.375 -125.529 1.639 -141.438 13.639 
-144.208 33.387 -158.791 46.969 -159.499 66.884 -144.916 53.302 
-182.754 82.824 -163.166 86.485 -159.504 66.897 -179.093 63.236 
-163.167 86.497 -182.928 89.063 -167.141 101.223 -147.379 98.657 
-116.858 226.233 -114.351 206.463 -126.558 190.712 -129.064 210.482 
-116.852 226.244 -117.561 246.159 -103.981 260.743 -103.272 240.828 
-121.14 270.879 -111.016 288.044 -93.851 277.92 -103.975 260.755 
-74.206 274.536 -93.843 277.929 -105.329 294.213 -85.692 290.82 
14.994 337.098 34.792 339.375 22.403 323.766 2.605 321.49 
34.805 339.382 47.737 354.543 67.602 356.119 54.67 340.958 
61.614 375.127 80.616 381.13 86.619 362.128 67.617 356.125 
97.094 345.171 86.632 362.131 91.227 381.522 101.689 364.562 
183.679 325.684 203.467 328.043 219.127 315.718 199.339 313.36 
234.962 303.597 219.14 315.713 238.895 318.333 254.716 306.217 
254.73 306.211 263.269 324.217 281.274 315.678 272.735 297.672 
268.015 278.308 272.748 297.665 289.781 308.007 285.049 288.65 
317.183 204.202 333.18 192.319 336.089 172.605 320.092 184.488 
355.817 141.496 339.515 152.958 336.093 172.589 352.395 161.127 
355.824 141.483 374.535 148.339 381.391 129.627 362.68 122.772 
365.847 107.839 346.254 111.478 362.681 122.759 382.274 119.119 
329.878 22.684 333.601 3.108 322.39 -13.367 318.668 6.209 
314.602 -49.374 311.04 -29.767 322.385 -13.385 325.947 -32.992 
305.192 -66.96 314.595 -49.391 332.164 -58.793 322.762 -76.362 
317.916 -82.301 298.073 -80.463 285.342 -65.132 305.185 -66.97 
188.886 -123.562 208.325 -119.176 197.682 -136.023 178.242 -140.409 
146.277 -158.722 158.461 -142.952 178.227 -140.417 166.043 -156.186 
127.125 -164.286 146.263 -158.731 151.818 -177.869 132.681 -183.424 
121.724 -183.473 111.967 -166.097 117.354 -146.912 127.111 -164.288 
-20.072 -123.866 -0.502 -120.109 15.992 -131.291 -3.577 -135.048 
-39.979 -125.069 -54.898 -111.859 -35.008 -110.65 -20.088 -123.861 
-81.567 -121.0 -72.814 -103.098 -54.911 -111.851 -63.664 -129.753 
-91.823 -109.11 -82.646 -91.421 -63.649 -85.401 -72.826 -103.091 
