-35.866 333.584 -18.496 343.351 -23.872 324.163 -41.242 314.395 
151.829 349.829 169.177 359.636 188.378 354.304 171.03 344.497 
313.832 239.068 333.007 233.64 342.726 216.243 323.552 221.671 
350.046 45.474 360.135 28.288 355.117 9.003 345.028 26.188 
220.968 -127.453 237.904 -116.95 233.355 -136.351 216.42 -146.854 
8.271 -157.892 25.752 -148.326 44.878 -153.922 27.397 -163.489 
-146.785 -18.849 -127.586 -24.188 -117.786 -41.539 -136.985 -36.199 
-157.64 188.936 -147.929 171.535 -153.368 152.364 -163.078 169.765 
-41.492 314.323 -60.672 319.732 -55.264 338.911 -36.084 333.502 
151.586 349.92 141.837 367.299 159.216 377.049 168.965 359.669 
332.91 233.841 313.773 239.4 319.331 258.537 338.468 252.978 
360.177 28.504 350.142 45.72 367.358 55.755 377.394 38.539 
252.997 -140.775 233.585 -136.27 238.09 -116.858 257.502 -121.363 
37.289 -180.948 27.633 -163.516 45.065 -153.86 54.721 -171.292 
-122.817 -60.821 -142.059 -55.637 -136.875 -36.396 -117.633 -41.581 
-170.812 142.433 -180.528 159.831 -163.129 169.548 -153.413 152.149 
-171.402 203.472 -151.477 203.134 -137.627 188.805 -157.552 189.144 
-18.42 363.38 -4.242 349.378 -4.116 329.452 -18.294 343.453 
202.559 368.408 202.707 348.481 188.721 334.286 188.574 354.213 
342.833 216.057 362.76 216.219 348.785 202.013 328.857 201.851 
335.096 8.946 355.024 8.807 369.016 -5.383 349.088 -5.243 
203.108 -131.967 216.227 -146.967 214.897 -166.851 201.778 -151.851 
8.142 -137.867 8.057 -157.794 -6.094 -171.824 -6.009 -151.898 
-152.737 -4.561 -132.809 -4.541 -146.886 -18.646 -166.814 -18.666 
-153.314 120.174 -173.114 122.427 -170.86 142.227 -151.06 139.974 
-173.11 122.216 -176.169 102.524 -195.861 105.583 -192.802 125.275 
-67.251 292.145 -77.764 309.073 -60.837 319.587 -50.322 302.659 
-77.934 308.966 -90.728 293.688 -106.006 306.482 -93.212 321.759 
135.135 348.501 116.293 354.989 122.78 373.83 141.623 367.342 
117.904 393.216 122.56 373.839 103.183 369.183 98.527 388.56 
301.479 249.596 292.361 267.315 310.08 276.434 319.197 258.715 
320.172 293.708 309.96 276.597 292.848 286.808 303.06 303.919 
367.419 55.966 348.359 61.786 354.179 80.844 373.239 75.024 
389.043 98.552 392.792 78.98 373.221 75.23 369.471 94.802 
257.687 -121.199 246.757 -104.536 263.42 -93.606 274.35 -110.269 
302.548 -113.296 286.974 -125.728 274.542 -110.154 290.116 -97.723 
74.72 -173.798 54.944 -171.345 57.397 -151.569 77.172 -154.021 
94.844 -174.624 94.022 -194.534 74.112 -193.712 74.934 -173.802 
-111.527 -77.511 -122.688 -61.002 -106.179 -49.841 -95.018 -66.349 
-97.719 -92.163 -112.201 -105.852 -125.89 -91.37 -111.408 -77.681 
-163.752 30.804 -150.997 15.493 -152.803 -4.353 -165.559 10.958 
-163.844 30.994 -175.204 47.367 -171.66 66.977 -160.3 50.604 
-193.555 84.952 -173.735 87.024 -171.663 67.205 -191.483 65.133 
-173.803 87.246 -193.182 91.886 -176.198 102.309 -156.818 97.669 
-134.604 236.098 -136.216 216.235 -151.401 203.331 -149.788 223.193 
-134.501 236.271 -130.961 255.882 -114.591 267.246 -118.131 247.636 
-130.358 279.496 -118.294 295.358 -102.433 283.294 -114.497 267.432 
-84.401 274.656 -102.287 283.444 -108.72 302.305 -90.834 293.517 
11.384 362.069 31.215 360.101 15.801 347.471 -4.029 349.439 
31.437 360.162 47.85 371.463 67.447 367.849 51.034 356.548 
65.63 387.71 85.452 389.759 87.501 369.937 67.679 367.888 
94.393 351.184 87.729 369.964 96.297 387.956 102.961 369.176 
202.925 348.43 222.758 346.484 235.406 331.084 215.573 333.03 
246.97 314.582 235.597 330.946 255.209 327.417 266.582 311.053 
266.794 310.964 279.566 326.261 294.862 313.489 282.09 298.192 
274.055 279.863 282.236 298.034 300.869 305.098 292.688 286.928 
348.841 201.798 361.464 186.378 359.485 166.549 346.863 181.969 
367.978 130.491 356.354 146.678 359.581 166.342 371.205 150.155 
367.996 130.264 387.804 132.443 389.983 112.634 370.175 110.456 
369.488 95.007 351.468 103.516 370.227 110.241 388.247 101.732 
349.015 -5.444 346.739 -25.241 331.131 -37.63 333.407 -17.834 
312.114 -69.42 315.017 -49.705 331.01 -37.818 328.107 -57.533 
300.427 -85.856 311.996 -69.632 328.221 -81.2 316.652 -97.425 
309.154 -103.853 290.252 -97.541 281.351 -79.713 300.252 -86.024 
181.705 -150.311 201.568 -151.901 186.399 -164.823 166.534 -163.233 
130.414 -171.41 146.694 -159.917 166.332 -163.303 150.051 -174.795 
110.537 -174.733 130.191 -171.441 133.482 -191.095 113.828 -194.387 
102.52 -193.103 95.059 -174.625 102.849 -156.283 110.31 -174.762 
-38.914 -134.874 -19.06 -136.589 -6.234 -151.84 -26.087 -150.125 
-58.718 -131.298 -70.158 -114.983 -50.532 -118.429 -39.091 -134.746 
-98.33 -118.215 -86.001 -102.56 -70.345 -114.89 -82.674 -130.545 
-104.056 -111.137 -97.564 -92.296 -79.651 -83.564 -86.143 -102.405 
