-37.269 333.885 -20.019 343.865 -25.16 324.611 -42.409 314.632 
151.696 350.683 168.953 360.649 188.202 355.494 170.945 345.528 
314.546 238.922 333.784 233.727 343.715 216.45 324.476 221.644 
350.357 44.734 360.375 27.507 355.278 8.242 345.26 25.469 
221.315 -127.874 238.546 -117.864 233.44 -137.126 216.209 -147.136 
8.044 -158.781 25.319 -148.846 44.559 -154.036 27.284 -163.971 
-147.331 -19.817 -128.087 -24.993 -118.139 -42.259 -137.383 -37.084 
-159.062 188.41 -149.093 171.155 -154.244 151.905 -164.213 169.159 
-42.612 314.549 -61.867 319.684 -56.732 338.938 -37.477 333.803 
151.491 350.683 141.502 367.926 158.744 377.916 168.734 360.673 
333.715 233.922 314.429 238.937 319.444 258.224 338.731 253.208 
360.398 27.727 350.407 44.969 367.649 54.96 377.64 37.718 
252.916 -142.206 233.671 -137.033 238.844 -117.788 258.089 -122.962 
37.522 -181.216 27.482 -164.002 44.696 -153.963 54.736 -171.176 
-123.131 -61.678 -142.395 -56.578 -137.295 -37.315 -118.031 -42.415 
-171.447 141.681 -181.466 158.908 -164.24 168.926 -154.221 151.7 
-173.057 202.684 -153.129 202.719 -139.014 188.652 -158.942 188.618 
-19.802 363.919 -5.729 349.811 -5.754 329.884 -19.827 343.992 
202.442 369.52 202.502 349.592 188.454 335.459 188.394 355.387 
343.806 216.257 363.734 216.254 349.641 202.165 329.712 202.169 
335.263 8.034 355.191 8.042 369.287 -6.043 349.359 -6.051 
201.818 -133.262 216.003 -147.258 216.137 -167.186 201.951 -153.189 
7.839 -138.775 7.864 -158.702 -6.209 -172.811 -6.234 -152.884 
-153.327 -5.54 -133.399 -5.503 -147.464 -19.62 -167.392 -19.657 
-155.012 118.635 -174.688 121.793 -171.53 141.469 -151.854 138.311 
-174.676 121.579 -175.714 101.678 -195.615 102.715 -194.577 122.616 
-66.503 291.7 -78.173 307.852 -62.021 319.523 -50.35 303.371 
-78.363 307.736 -93.084 294.305 -106.516 309.026 -91.795 322.456 
137.971 348.343 118.322 351.667 121.645 371.315 141.294 367.991 
122.178 391.222 121.426 371.308 101.513 372.06 102.265 391.974 
303.143 246.735 291.498 262.906 307.669 274.551 319.313 258.381 
322.331 288.108 307.55 274.743 294.184 289.523 308.964 302.888 
367.691 55.18 348.049 58.548 351.417 78.188 371.059 74.82 
391.792 94.126 390.965 74.216 371.055 75.043 371.882 94.954 
258.283 -122.798 246.619 -106.641 262.777 -94.977 274.441 -111.134 
302.783 -112.4 288.009 -125.773 274.636 -110.999 289.41 -97.627 
74.603 -174.398 54.933 -171.212 58.119 -151.54 77.79 -154.726 
94.712 -175.428 93.703 -195.33 73.801 -194.32 74.811 -174.419 
-111.283 -77.987 -122.959 -61.838 -106.811 -50.162 -95.134 -66.31 
-97.83 -92.974 -112.624 -106.325 -125.975 -91.531 -111.181 -78.18 
-164.442 29.811 -151.643 14.538 -153.392 -5.313 -166.192 9.96 
-164.525 30.034 -175.937 46.371 -172.455 65.992 -161.043 49.655 
-194.681 83.599 -174.899 86.006 -172.492 66.225 -192.274 63.818 
-174.927 86.234 -193.71 92.889 -175.723 101.465 -156.939 94.81 
-136.046 235.606 -137.784 215.754 -153.05 202.946 -151.312 222.798 
-135.913 235.797 -132.441 255.42 -116.109 266.84 -119.583 247.218 
-131.65 279.379 -119.313 295.029 -103.663 282.692 -116.0 267.042 
-84.757 276.073 -103.496 282.854 -111.951 300.899 -93.213 294.118 
9.756 362.685 29.61 360.966 14.355 348.143 -5.498 349.863 
29.835 361.052 46.152 372.491 65.779 369.043 49.462 357.603 
63.778 388.858 83.579 391.1 85.821 371.299 66.02 369.057 
94.567 353.324 86.053 371.341 92.774 390.102 101.287 372.084 
202.719 349.529 222.57 347.781 235.37 332.508 215.519 334.256 
246.985 316.027 235.576 332.366 255.197 328.88 266.605 312.541 
266.842 312.42 279.087 328.142 294.808 315.897 282.563 300.175 
275.905 281.279 282.754 299.992 300.829 308.381 293.98 289.668 
349.684 201.941 362.49 186.673 360.75 166.823 347.944 182.09 
368.702 130.643 357.32 147.001 360.838 166.616 372.22 150.258 
368.709 130.419 388.501 132.738 390.82 112.945 371.028 110.626 
371.885 95.177 353.095 101.814 371.074 110.407 389.865 103.77 
349.307 -6.265 347.542 -26.113 332.259 -38.901 334.023 -19.052 
312.305 -70.099 315.789 -50.479 332.127 -39.069 328.642 -58.69 
300.037 -86.065 312.211 -70.289 327.987 -82.463 315.813 -98.239 
308.273 -104.284 289.553 -97.452 281.148 -79.384 299.868 -86.216 
181.872 -151.471 201.721 -153.233 186.441 -166.023 166.591 -164.261 
130.394 -172.21 146.745 -160.819 166.362 -164.326 150.011 -175.717 
110.383 -174.679 130.159 -172.226 132.611 -192.003 112.835 -194.455 
103.424 -193.461 94.926 -175.436 101.662 -156.682 110.16 -174.707 
-39.076 -135.793 -19.225 -137.547 -6.43 -152.823 -26.28 -151.07 
-58.879 -132.192 -70.287 -115.854 -50.667 -119.339 -39.258 -135.678 
-98.454 -119.187 -86.185 -103.484 -70.482 -115.754 -82.751 -131.456 
-104.368 -111.85 -97.647 -93.09 -79.63 -84.576 -86.35 -103.337 
