-37.182 333.851 -19.951 343.861 -25.057 324.599 -42.288 314.588 
151.655 350.491 168.858 360.549 188.135 355.497 170.931 345.439 
314.381 238.724 333.657 233.672 343.716 216.469 324.439 221.521 
350.574 44.883 360.485 27.595 355.269 8.362 345.357 25.651 
221.412 -127.936 238.658 -117.95 233.525 -137.205 216.28 -147.192 
8.092 -158.803 25.385 -148.9 44.615 -154.126 27.322 -164.028 
-147.388 -19.759 -128.141 -24.924 -118.184 -42.185 -137.431 -37.02 
-159.017 188.449 -149.076 171.178 -154.259 151.936 -164.2 169.207 
-42.55 314.5 -61.798 319.662 -56.636 338.909 -37.388 333.747 
151.374 350.698 141.448 367.977 158.726 377.905 168.653 360.625 
333.506 233.861 314.254 239.007 319.4 258.259 338.652 253.113 
360.534 27.782 350.491 44.994 367.703 55.037 377.746 37.825 
252.978 -142.178 233.72 -137.054 238.845 -117.796 258.103 -122.921 
37.602 -181.317 27.515 -164.13 44.701 -154.043 54.788 -171.23 
-123.169 -61.594 -142.432 -56.485 -137.323 -37.224 -118.061 -42.333 
-171.425 141.772 -181.444 158.998 -164.219 169.017 -154.199 151.792 
-173.053 202.678 -153.125 202.726 -139.0 188.669 -158.928 188.621 
-19.788 363.909 -5.676 349.84 -5.645 329.913 -19.757 343.982 
202.395 369.571 202.445 349.643 188.39 335.517 188.34 355.445 
343.788 216.244 363.716 216.241 349.624 202.152 329.695 202.155 
335.276 8.076 355.203 8.176 369.364 -5.845 349.437 -5.944 
201.952 -133.183 216.057 -147.26 216.077 -167.188 201.972 -153.111 
7.866 -138.796 7.886 -158.723 -6.19 -172.828 -6.211 -152.901 
-153.347 -5.481 -133.419 -5.452 -147.49 -19.564 -167.417 -19.593 
-154.991 118.75 -174.665 121.918 -171.497 141.593 -151.823 138.425 
-174.643 121.707 -175.637 101.804 -195.54 102.798 -194.546 122.701 
-66.429 291.682 -78.119 307.819 -61.983 319.511 -50.291 303.373 
-78.321 307.68 -93.112 294.326 -106.466 309.117 -91.675 322.47 
138.031 348.343 118.363 351.549 121.569 371.217 141.237 368.01 
122.239 391.131 121.374 371.221 101.464 372.087 102.33 391.996 
303.118 246.813 291.463 262.977 307.628 274.632 319.281 258.468 
322.243 288.159 307.465 274.791 294.097 289.568 308.875 302.936 
367.753 55.218 348.085 58.433 351.302 78.099 370.968 74.884 
391.841 94.026 390.887 74.121 370.983 75.076 371.937 94.981 
258.31 -122.783 246.592 -106.664 262.711 -94.947 274.428 -111.066 
302.749 -112.383 287.934 -125.711 274.606 -110.896 289.421 -97.569 
74.677 -174.437 55.005 -171.261 58.181 -151.588 77.853 -154.764 
94.792 -175.492 93.754 -195.392 73.854 -194.353 74.892 -174.453 
-111.387 -77.933 -123.057 -61.78 -106.903 -50.11 -95.234 -66.264 
-97.883 -92.863 -112.68 -106.21 -126.027 -91.414 -111.231 -78.066 
-164.455 29.87 -151.657 14.595 -153.41 -5.256 -166.207 10.019 
-164.526 30.11 -175.931 46.452 -172.44 66.072 -161.035 49.73 
-194.68 83.672 -174.901 86.099 -172.473 66.32 -192.252 63.892 
-174.942 86.341 -193.693 93.085 -175.665 101.576 -156.913 94.831 
-136.044 235.58 -137.782 215.728 -153.049 202.921 -151.31 222.773 
-135.91 235.759 -132.421 255.379 -116.081 266.786 -119.57 247.167 
-131.674 279.251 -119.405 294.955 -103.702 282.686 -115.97 266.983 
-84.771 276.126 -103.53 282.852 -112.039 300.871 -93.28 294.146 
9.818 362.708 29.67 360.967 14.401 348.161 -5.45 349.902 
29.89 361.06 46.215 372.487 65.839 369.024 49.514 357.596 
63.702 388.808 83.49 391.163 85.845 371.375 66.057 369.02 
94.491 353.386 86.038 371.432 92.821 390.17 101.274 372.124 
202.634 349.524 222.485 347.766 235.278 332.487 215.428 334.245 
246.922 316.054 235.502 332.386 255.125 328.912 266.545 312.581 
266.739 312.41 278.966 328.146 294.702 315.92 282.475 300.184 
275.888 281.311 282.689 300.042 300.742 308.478 293.941 289.747 
349.738 201.953 362.536 186.678 360.784 166.829 347.986 182.104 
368.724 130.646 357.321 146.989 360.814 166.608 372.217 150.265 
368.783 130.431 388.569 132.804 390.943 113.018 371.157 110.645 
371.944 95.188 353.164 101.856 371.158 110.42 389.938 103.752 
349.303 -6.111 347.561 -25.962 332.293 -38.767 334.034 -18.917 
312.422 -70.024 315.888 -50.4 332.214 -38.975 328.748 -58.599 
299.968 -85.871 312.252 -70.181 327.943 -82.465 315.659 -98.155 
308.384 -104.063 289.605 -97.394 281.043 -79.4 299.821 -86.069 
181.919 -151.468 201.77 -153.214 186.499 -166.016 166.648 -164.27 
130.46 -172.208 146.801 -160.803 166.421 -164.294 150.079 -175.699 
110.466 -174.731 130.242 -172.28 132.693 -192.057 112.916 -194.507 
103.496 -193.48 95.003 -175.452 101.744 -156.7 110.238 -174.728 
-39.073 -135.778 -19.221 -137.525 -6.42 -152.796 -26.271 -151.05 
-58.916 -132.167 -70.317 -115.825 -50.699 -119.318 -39.297 -135.662 
-98.496 -119.117 -86.232 -103.411 -70.525 -115.675 -82.789 -131.381 
-104.461 -111.804 -97.745 -93.042 -79.729 -84.524 -86.445 -103.286 
