-37.158 333.706 -20.053 343.932 -24.917 324.607 -42.022 314.381 
151.503 350.983 168.847 360.798 188.05 355.474 170.706 345.66 
314.006 238.61 333.335 233.764 343.577 216.67 324.248 221.515 
350.566 45.075 360.455 27.773 355.214 8.547 345.325 25.849 
221.444 -127.83 238.708 -117.876 233.539 -137.122 216.274 -147.075 
8.201 -158.661 25.506 -148.778 44.73 -154.027 27.425 -163.909 
-147.235 -19.89 -127.984 -25.042 -118.016 -42.296 -137.266 -37.144 
-158.991 188.329 -148.917 171.136 -153.951 151.855 -164.025 169.048 
-42.243 314.27 -61.559 319.169 -56.661 338.484 -37.344 333.586 
151.435 350.924 141.454 368.171 158.7 378.154 168.683 360.906 
333.234 233.973 313.934 238.937 318.898 258.237 338.198 253.273 
360.545 27.962 350.49 45.167 367.695 55.222 377.75 38.017 
253.0 -142.169 233.752 -137.008 238.913 -117.76 258.161 -122.921 
37.593 -181.226 27.639 -163.963 44.902 -154.008 54.857 -171.271 
-123.013 -61.724 -142.28 -56.634 -137.19 -37.368 -117.923 -42.458 
-171.192 141.536 -181.287 158.718 -164.105 168.813 -154.01 151.631 
-173.216 202.476 -153.29 202.732 -139.019 188.823 -158.945 188.567 
-19.567 363.946 -5.685 349.65 -5.977 329.725 -19.859 344.021 
202.443 369.35 202.26 349.423 188.041 335.461 188.224 355.389 
343.693 216.476 363.618 216.098 349.263 202.277 329.338 202.655 
335.199 8.531 355.126 8.358 369.095 -5.855 349.167 -5.682 
201.917 -133.187 216.087 -147.199 216.199 -167.127 202.029 -153.115 
7.766 -138.665 8.002 -158.591 -5.921 -172.848 -6.157 -152.923 
-153.29 -5.647 -133.362 -5.518 -147.362 -19.7 -167.29 -19.828 
-154.906 118.301 -174.551 121.643 -171.209 141.289 -151.564 137.947 
-174.578 121.412 -175.936 101.531 -195.818 102.889 -194.459 122.771 
-66.551 291.269 -78.032 307.556 -61.746 319.038 -50.264 302.751 
-78.199 307.413 -93.504 294.651 -106.266 309.956 -90.962 322.717 
138.633 348.418 118.877 351.031 121.489 370.786 141.245 368.173 
122.349 390.697 121.276 370.798 101.377 371.871 102.45 391.77 
302.138 247.42 291.141 264.039 307.76 275.036 318.756 258.417 
321.805 289.219 307.632 275.211 293.623 289.383 307.796 303.391 
367.737 55.422 347.963 57.905 350.447 77.676 370.22 75.193 
392.216 92.991 389.999 73.186 370.196 75.403 372.413 95.208 
258.341 -122.75 246.878 -106.45 263.178 -94.986 274.642 -111.286 
303.015 -111.265 288.865 -125.296 274.834 -111.146 288.984 -97.116 
74.764 -174.37 55.073 -171.309 58.134 -151.617 77.825 -154.678 
94.867 -175.484 93.761 -195.381 73.865 -194.276 74.97 -174.379 
-111.211 -78.068 -122.858 -61.897 -106.688 -50.251 -95.041 -66.421 
-97.704 -92.999 -112.449 -106.404 -125.854 -91.659 -111.108 -78.254 
-164.431 29.676 -151.602 14.427 -153.314 -5.428 -166.142 9.821 
-164.514 29.874 -175.926 46.21 -172.444 65.832 -161.032 49.495 
-194.463 83.653 -174.658 85.86 -172.451 66.055 -192.256 63.848 
-174.678 86.099 -193.656 92.176 -175.94 101.299 -156.961 95.221 
-136.003 235.523 -137.832 215.679 -153.157 202.942 -151.327 222.785 
-135.909 235.759 -132.442 255.383 -116.114 266.808 -119.582 247.185 
-131.54 279.394 -119.13 294.986 -103.537 282.576 -115.947 266.984 
-84.354 276.888 -103.397 282.761 -112.71 300.379 -93.667 294.506 
9.746 362.587 29.602 360.887 14.361 348.049 -5.495 349.748 
29.82 360.935 46.132 372.381 65.76 368.94 49.448 357.494 
62.992 388.728 82.696 391.71 85.678 372.007 65.974 369.025 
93.306 353.496 85.911 372.001 93.767 390.315 101.162 371.81 
202.465 349.378 222.329 347.792 235.254 332.625 215.389 334.211 
246.897 316.178 235.444 332.486 255.074 329.054 266.527 312.746 
266.73 312.616 278.824 328.454 294.661 316.36 282.567 300.522 
275.016 281.982 282.725 300.358 301.169 307.901 293.46 289.525 
349.314 202.054 362.333 186.966 360.869 167.093 347.851 182.181 
368.487 130.822 357.258 147.286 360.96 166.866 372.188 150.403 
368.51 130.569 388.158 133.892 391.482 114.244 371.833 110.92 
372.436 95.441 353.772 102.424 371.907 110.684 390.571 103.7 
349.099 -5.896 347.351 -25.746 332.078 -38.547 333.827 -18.696 
312.478 -70.007 315.732 -50.347 331.934 -38.746 328.68 -58.406 
299.866 -85.755 312.359 -70.231 327.883 -82.725 315.39 -98.249 
307.675 -104.2 289.122 -96.927 281.147 -78.666 299.699 -85.938 
181.962 -151.447 201.814 -153.17 186.559 -165.99 166.705 -164.267 
130.544 -172.273 146.887 -160.87 166.506 -164.363 150.163 -175.766 
110.507 -174.338 130.328 -172.275 132.391 -192.096 112.57 -194.159 
104.03 -193.305 95.08 -175.501 101.341 -156.583 110.291 -174.387 
-38.999 -135.827 -19.148 -137.573 -6.347 -152.844 -26.197 -151.098 
-58.795 -132.232 -70.205 -115.895 -50.585 -119.378 -39.175 -135.716 
-98.363 -119.215 -86.089 -103.517 -70.39 -115.791 -82.663 -131.49 
-104.255 -111.891 -97.542 -93.128 -79.528 -84.607 -86.241 -103.37 
