-37.388 333.922 -20.111 343.853 -25.306 324.614 -42.583 314.683 
151.644 350.822 168.937 360.724 188.167 355.498 170.874 345.595 
314.452 238.982 333.696 233.808 343.646 216.542 324.401 221.715 
350.482 44.791 360.414 27.514 355.221 8.275 345.289 25.551 
221.439 -127.987 238.696 -118.02 233.541 -137.27 216.284 -147.236 
8.099 -158.808 25.387 -148.895 44.62 -154.108 27.333 -164.022 
-147.413 -19.789 -128.169 -24.967 -118.224 -42.235 -137.467 -37.057 
-159.01 188.368 -149.058 171.104 -154.229 151.859 -164.181 169.123 
-42.588 314.529 -61.869 319.566 -56.832 338.846 -37.551 333.809 
151.534 350.744 141.46 367.937 158.652 378.013 168.727 360.82 
333.551 233.976 314.281 239.055 319.36 258.325 338.63 253.246 
360.505 27.724 350.52 44.969 367.766 54.954 377.751 37.708 
252.982 -142.181 233.711 -137.108 238.784 -117.837 258.056 -122.91 
37.627 -181.311 27.556 -164.116 44.751 -154.044 54.823 -171.239 
-123.168 -61.603 -142.434 -56.508 -137.339 -37.243 -118.073 -42.338 
-171.482 141.7 -181.499 158.927 -164.272 168.944 -154.255 151.717 
-173.074 202.621 -153.146 202.654 -139.032 188.587 -158.96 188.554 
-20.007 363.831 -5.854 349.804 -5.765 329.877 -19.918 343.905 
202.461 369.568 202.494 349.64 188.427 335.526 188.394 355.454 
343.7 216.34 363.628 216.372 349.561 202.259 329.632 202.226 
335.249 7.983 355.177 8.057 369.32 -5.982 349.392 -6.055 
202.018 -133.151 216.064 -147.287 216.0 -167.215 201.954 -153.078 
7.84 -138.843 7.856 -158.77 -6.224 -172.872 -6.24 -152.945 
-153.35 -5.501 -133.422 -5.474 -147.494 -19.584 -167.422 -19.611 
-154.949 118.657 -174.625 121.814 -171.468 141.49 -151.792 138.333 
-174.683 121.61 -175.682 101.707 -195.585 102.707 -194.586 122.61 
-66.522 291.627 -78.187 307.782 -62.032 319.449 -50.366 303.293 
-78.356 307.656 -93.196 294.356 -106.496 309.195 -91.657 322.495 
138.173 348.25 118.48 351.305 121.536 370.997 141.228 367.941 
122.508 390.933 121.312 371.041 101.42 372.237 102.616 392.129 
303.051 246.936 291.467 263.151 307.682 274.735 319.265 258.521 
322.234 288.319 307.527 274.872 294.08 289.578 308.786 303.024 
367.768 55.177 348.065 58.171 351.059 77.871 370.761 74.878 
391.883 93.812 390.707 73.918 370.815 75.094 371.991 94.987 
258.26 -122.811 246.596 -106.653 262.753 -94.989 274.417 -111.147 
302.716 -112.421 287.927 -125.778 274.57 -110.989 289.359 -97.634 
74.716 -174.423 55.044 -171.247 58.22 -151.573 77.892 -154.75 
94.826 -175.483 93.79 -195.383 73.89 -194.347 74.926 -174.447 
-111.379 -77.947 -123.052 -61.796 -106.901 -50.123 -95.228 -66.274 
-97.871 -92.893 -112.665 -106.244 -126.016 -91.451 -111.223 -78.099 
-164.475 29.826 -151.679 14.549 -153.434 -5.301 -166.23 9.976 
-164.518 30.047 -175.924 46.388 -172.435 66.007 -161.029 49.666 
-194.705 83.585 -174.926 86.013 -172.498 66.234 -192.277 63.806 
-174.923 86.251 -193.671 93.005 -175.639 101.486 -156.89 94.731 
-136.037 235.506 -137.783 215.655 -153.055 202.853 -151.308 222.704 
-135.92 235.718 -132.427 255.337 -116.083 266.74 -119.577 247.122 
-131.676 279.18 -119.441 294.909 -103.711 282.673 -115.947 266.944 
-84.77 276.214 -103.558 282.857 -112.145 300.839 -93.357 294.196 
9.624 362.702 29.475 360.952 14.201 348.153 -5.65 349.903 
29.715 360.964 46.068 372.351 65.684 368.839 49.331 357.452 
63.431 388.665 83.202 391.161 85.698 371.39 65.927 368.894 
94.578 353.415 85.954 371.38 92.559 390.182 101.183 372.217 
202.686 349.511 222.539 347.775 235.349 332.51 215.496 334.246 
246.975 316.076 235.555 332.406 255.178 328.934 266.598 312.604 
266.78 312.451 279.167 328.062 294.777 315.675 282.39 300.065 
275.965 281.112 282.572 299.912 300.537 308.534 293.93 289.734 
349.647 202.045 362.448 186.773 360.701 166.923 347.9 182.195 
368.699 130.722 357.28 147.055 360.755 166.677 372.173 150.345 
368.736 130.472 388.501 133.017 391.045 113.252 371.281 110.708 
371.978 95.223 353.239 102.004 371.284 110.459 390.023 103.678 
349.287 -6.251 347.548 -26.102 332.28 -38.909 334.02 -19.058 
312.332 -70.128 315.833 -50.511 332.181 -39.115 328.679 -58.733 
299.851 -85.952 312.197 -70.311 327.839 -82.657 315.493 -98.298 
308.321 -104.112 289.527 -97.484 280.925 -79.509 299.718 -86.137 
181.912 -151.458 201.764 -153.189 186.503 -166.003 166.65 -164.272 
130.478 -172.227 146.817 -160.817 166.437 -164.302 150.099 -175.712 
110.492 -174.684 130.274 -172.278 132.68 -192.06 112.898 -194.466 
103.589 -193.473 95.044 -175.471 101.731 -156.699 110.276 -174.702 
-39.081 -135.797 -19.23 -137.544 -6.43 -152.816 -26.28 -151.069 
-58.911 -132.217 -70.323 -115.882 -50.703 -119.362 -39.289 -135.698 
-98.495 -119.163 -86.225 -103.462 -70.523 -115.733 -82.794 -131.434 
-104.434 -111.816 -97.714 -93.055 -79.697 -84.541 -86.417 -103.302 
