-37.287 333.897 -20.033 343.868 -25.183 324.617 -42.438 314.647 
151.691 350.806 168.987 360.704 188.216 355.472 170.919 345.575 
314.38 238.841 333.64 233.725 343.642 216.489 324.382 221.605 
350.379 44.774 360.366 27.529 355.234 8.273 345.247 25.518 
221.438 -127.985 238.731 -118.08 233.507 -137.311 216.214 -147.216 
8.126 -158.806 25.387 -148.846 44.634 -154.009 27.373 -163.969 
-147.37 -19.896 -128.126 -25.071 -118.178 -42.337 -137.422 -37.162 
-159.031 188.427 -149.032 171.19 -154.15 151.931 -164.149 169.167 
-42.577 314.522 -61.84 319.627 -56.736 338.889 -37.473 333.785 
151.555 350.747 141.504 367.953 158.71 378.005 168.762 360.799 
333.535 233.965 314.273 239.071 319.378 258.334 338.641 253.228 
360.46 27.746 350.474 44.992 367.72 54.977 377.705 37.732 
252.972 -142.228 233.697 -137.171 238.754 -117.895 258.03 -122.953 
37.573 -181.281 27.563 -164.05 44.795 -154.04 54.804 -171.272 
-123.102 -61.705 -142.372 -56.628 -137.295 -37.359 -118.025 -42.436 
-171.475 141.707 -181.449 158.958 -164.197 168.933 -154.223 151.681 
-173.065 202.719 -153.137 202.741 -139.03 188.666 -158.958 188.644 
-19.864 363.883 -5.753 349.813 -5.723 329.886 -19.834 343.956 
202.512 369.544 202.549 349.616 188.485 335.499 188.448 355.427 
343.763 216.267 363.691 216.277 349.608 202.179 329.679 202.169 
335.234 7.967 355.162 8.044 369.307 -5.993 349.379 -6.07 
201.908 -133.222 216.005 -147.307 216.014 -167.235 201.917 -153.15 
7.889 -138.829 7.921 -158.756 -6.147 -172.87 -6.179 -152.943 
-153.302 -5.588 -133.374 -5.551 -147.438 -19.668 -167.366 -19.706 
-155.002 118.625 -174.678 121.789 -171.514 141.465 -151.838 138.301 
-174.697 121.552 -175.71 101.649 -195.613 102.663 -194.599 122.565 
-66.527 291.694 -78.191 307.85 -62.036 319.516 -50.37 303.359 
-78.341 307.674 -93.141 294.329 -106.485 309.13 -91.685 322.473 
138.08 348.286 118.408 351.472 121.593 371.143 141.265 367.957 
122.316 391.091 121.369 371.185 101.464 372.132 102.41 392.037 
303.067 246.858 291.409 263.02 307.57 274.678 319.228 258.517 
322.247 288.221 307.46 274.863 294.102 289.65 308.889 303.007 
367.734 55.215 348.058 58.382 351.226 78.056 370.901 74.888 
391.873 93.999 390.868 74.096 370.967 75.1 371.971 95.003 
258.236 -122.82 246.58 -106.657 262.743 -95.001 274.399 -111.164 
302.705 -112.422 287.919 -125.782 274.56 -110.996 289.345 -97.637 
74.678 -174.427 55.004 -171.263 58.169 -151.588 77.843 -154.752 
94.774 -175.495 93.752 -195.396 73.852 -194.374 74.873 -174.473 
-111.315 -78.051 -123.005 -61.912 -106.866 -50.222 -95.176 -66.361 
-97.794 -92.985 -112.576 -106.349 -125.94 -91.567 -111.158 -78.203 
-164.459 29.754 -151.653 14.485 -153.394 -5.367 -166.2 9.902 
-164.498 29.992 -175.92 46.321 -172.451 65.945 -161.028 49.615 
-194.719 83.517 -174.94 85.949 -172.508 66.17 -192.286 63.738 
-174.948 86.182 -193.712 92.889 -175.702 101.416 -156.936 94.708 
-136.018 235.585 -137.778 215.735 -153.059 202.944 -151.298 222.794 
-135.949 235.783 -132.454 255.401 -116.109 266.802 -119.605 247.184 
-131.659 279.245 -119.384 294.944 -103.685 282.669 -115.96 266.97 
-84.821 276.174 -103.583 282.891 -112.101 300.907 -93.339 294.19 
9.736 362.697 29.587 360.949 14.315 348.148 -5.537 349.896 
29.814 361.009 46.15 372.42 65.771 368.938 49.435 357.526 
63.587 388.766 83.369 391.169 85.773 371.387 65.991 368.983 
94.469 353.365 86.0 371.403 92.767 390.147 101.236 372.108 
202.749 349.512 222.599 347.748 235.388 332.466 215.538 334.229 
246.981 316.019 235.577 332.361 255.196 328.87 266.6 312.527 
266.784 312.431 279.034 328.149 294.751 315.899 282.501 300.181 
275.911 281.269 282.64 300.025 300.661 308.53 293.932 289.774 
349.664 201.939 362.474 186.674 360.739 166.823 347.929 182.088 
368.739 130.638 357.329 146.976 360.813 166.597 372.223 150.259 
368.765 130.423 388.547 132.831 390.954 113.049 371.173 110.642 
371.947 95.204 353.174 101.892 371.177 110.437 389.949 103.75 
349.261 -6.271 347.511 -26.121 332.237 -38.92 333.987 -19.07 
312.308 -70.144 315.801 -50.525 332.143 -39.122 328.65 -58.741 
299.866 -85.987 312.161 -70.305 327.843 -82.599 315.549 -98.282 
308.293 -104.181 289.521 -97.494 280.976 -79.492 299.748 -86.178 
181.862 -151.483 201.711 -153.247 186.429 -166.036 166.579 -164.271 
130.402 -172.215 146.751 -160.821 166.369 -164.324 150.02 -175.719 
110.421 -174.715 130.2 -172.281 132.634 -192.06 112.855 -194.494 
103.473 -193.481 94.973 -175.457 101.707 -156.702 110.207 -174.726 
-39.029 -135.826 -19.178 -137.57 -6.375 -152.84 -26.225 -151.096 
-58.854 -132.257 -70.279 -115.93 -50.655 -119.395 -39.23 -135.723 
-98.428 -119.236 -86.163 -103.53 -70.457 -115.795 -82.721 -131.501 
-104.361 -111.914 -97.646 -93.151 -79.631 -84.632 -86.346 -103.395 
