-37.343 333.909 -20.062 343.833 -25.264 324.597 -42.545 314.673 
151.693 350.562 168.925 360.573 188.187 355.467 170.956 345.457 
314.379 238.801 333.638 233.683 343.637 216.445 324.378 221.563 
350.378 44.837 360.382 27.602 355.268 8.341 345.264 25.577 
221.454 -127.894 238.725 -117.952 233.543 -137.194 216.272 -147.137 
8.095 -158.804 25.383 -148.891 44.616 -154.105 27.329 -164.018 
-147.416 -19.753 -128.166 -24.906 -118.198 -42.161 -137.448 -37.008 
-159.007 188.427 -149.041 171.171 -154.195 151.922 -164.162 169.177 
-42.594 314.536 -61.874 319.576 -56.833 338.855 -37.553 333.815 
151.434 350.655 141.469 367.911 158.725 377.877 168.691 360.62 
333.55 233.891 314.3 239.042 319.451 258.292 338.702 253.141 
360.409 27.816 350.422 45.061 367.666 55.048 377.653 37.804 
253.029 -142.151 233.76 -137.067 238.844 -117.798 258.113 -122.882 
37.597 -181.287 27.54 -164.083 44.743 -154.026 54.8 -171.23 
-123.186 -61.582 -142.444 -56.459 -137.321 -37.202 -118.063 -42.324 
-171.47 141.732 -181.481 158.963 -164.25 168.974 -154.24 151.743 
-173.098 202.684 -153.17 202.716 -139.057 188.647 -158.985 188.615 
-19.89 363.879 -5.781 349.807 -5.754 329.88 -19.863 343.952 
202.484 369.498 202.508 349.57 188.435 335.462 188.411 355.39 
343.759 216.267 363.687 216.294 349.616 202.184 329.687 202.156 
335.242 8.107 355.17 8.148 369.29 -5.913 349.362 -5.955 
201.95 -133.206 216.064 -147.273 216.098 -167.201 201.983 -153.134 
7.86 -138.801 7.891 -158.728 -6.178 -172.84 -6.209 -152.913 
-153.363 -5.467 -133.435 -5.442 -147.508 -19.551 -167.436 -19.576 
-154.983 118.646 -174.655 121.828 -171.473 141.501 -151.8 138.319 
-174.698 121.609 -175.715 101.707 -195.617 102.724 -194.6 122.626 
-66.54 291.602 -78.212 307.753 -62.061 319.426 -50.389 303.275 
-78.411 307.618 -93.195 294.256 -106.558 309.039 -91.774 322.401 
138.065 348.29 118.392 351.469 121.571 371.141 141.244 367.962 
122.34 391.037 121.342 371.134 101.439 372.132 102.437 392.035 
303.143 246.768 291.464 262.915 307.61 274.594 319.288 258.448 
322.296 288.114 307.486 274.782 294.153 289.59 308.962 302.923 
367.721 55.256 348.046 58.429 351.22 78.102 370.894 74.929 
391.787 94.044 390.793 74.141 370.891 75.135 371.885 95.038 
258.309 -122.731 246.638 -106.579 262.791 -94.908 274.462 -111.06 
302.782 -112.32 288.006 -125.69 274.635 -110.914 289.411 -97.544 
74.687 -174.447 55.014 -171.275 58.187 -151.601 77.86 -154.774 
94.802 -175.471 93.802 -195.373 73.9 -194.373 74.9 -174.471 
-111.375 -77.927 -123.054 -61.781 -106.908 -50.102 -95.229 -66.248 
-97.855 -92.88 -112.634 -106.248 -126.002 -91.47 -111.223 -78.102 
-164.49 29.87 -151.7 14.588 -153.462 -5.262 -166.252 10.02 
-164.538 30.093 -175.928 46.445 -172.419 66.062 -161.03 49.71 
-194.715 83.615 -174.936 86.042 -172.509 66.263 -192.288 63.836 
-174.925 86.26 -193.683 92.983 -175.665 101.494 -156.906 94.77 
-136.059 235.515 -137.799 215.663 -153.066 202.857 -151.326 222.709 
-135.961 235.689 -132.492 255.312 -116.162 266.735 -119.632 247.112 
-131.739 279.183 -119.473 294.888 -103.767 282.622 -116.033 266.916 
-84.84 276.067 -103.602 282.785 -112.118 300.801 -93.356 294.084 
9.715 362.66 29.567 360.915 14.296 348.112 -5.555 349.856 
29.781 361.009 46.118 372.418 65.739 368.934 49.402 357.524 
63.556 388.716 83.337 391.134 85.755 371.353 65.975 368.935 
94.505 353.395 85.978 371.406 92.684 390.172 101.211 372.161 
202.726 349.491 222.576 347.73 235.367 332.449 215.517 334.21 
246.971 315.985 235.574 332.333 255.192 328.832 266.589 312.485 
266.795 312.382 279.067 328.083 294.767 315.812 282.496 300.111 
275.946 281.194 282.663 299.955 300.678 308.473 293.961 289.712 
349.663 201.976 362.46 186.7 360.707 166.85 347.911 182.126 
368.694 130.688 357.289 147.03 360.78 166.649 372.185 150.308 
368.707 130.47 388.487 132.891 390.909 113.111 371.129 110.69 
371.901 95.241 353.144 101.97 371.166 110.475 389.923 103.745 
349.298 -6.167 347.553 -26.018 332.283 -38.821 334.027 -18.97 
312.331 -70.031 315.813 -50.41 332.149 -38.998 328.667 -58.619 
299.957 -85.923 312.223 -70.218 327.927 -82.484 315.662 -98.189 
308.322 -104.093 289.559 -97.381 281.038 -79.367 299.801 -86.079 
181.899 -151.436 201.749 -153.184 186.478 -165.985 166.627 -164.237 
130.46 -172.246 146.802 -160.841 166.421 -164.332 150.08 -175.737 
110.462 -174.685 130.243 -172.273 132.655 -192.054 112.874 -194.466 
103.533 -193.476 95.014 -175.461 101.729 -156.699 110.248 -174.714 
-39.067 -135.764 -19.215 -137.499 -6.405 -152.763 -26.256 -151.029 
-58.92 -132.19 -70.339 -115.859 -50.717 -119.332 -39.298 -135.663 
-98.478 -119.122 -86.211 -103.418 -70.507 -115.686 -82.774 -131.39 
-104.424 -111.82 -97.713 -93.056 -79.7 -84.533 -86.41 -103.297 
