27.897 202.877 39.225 219.272 42.808 199.669 31.48 183.274 
109.815 204.968 120.596 221.728 140.07 225.956 129.289 209.196 
180.369 166.722 199.74 171.396 216.743 161.002 197.372 156.329 
204.887 90.28 222.21 80.431 227.496 61.217 210.172 71.066 
159.484 -0.468 168.513 17.297 174.69 -1.649 165.661 -19.414 
62.138 -33.844 70.407 -15.713 89.075 -8.739 80.806 -26.87 
-22.803 34.454 -3.724 40.209 13.835 30.788 -5.243 25.033 
-29.937 142.442 -13.394 131.332 -9.554 111.778 -26.096 122.888 
15.94 186.912 -0.009 198.86 11.939 214.808 27.888 202.859 
100.858 218.941 98.073 238.672 117.804 241.459 120.59 221.727 
199.738 171.398 183.828 183.398 195.827 199.308 211.738 187.309 
222.212 80.436 219.27 100.145 238.979 103.087 241.922 83.378 
190.892 -13.253 174.693 -1.647 186.299 14.553 202.499 2.947 
84.452 -46.462 80.808 -26.87 100.4 -23.227 104.044 -42.818 
0.136 -2.635 -16.384 8.51 -5.24 25.029 11.28 13.885 
-42.253 99.788 -45.725 119.41 -26.102 122.883 -22.63 103.26 
-48.194 134.473 -40.923 153.027 -22.662 161.005 -29.933 142.451 
21.05 227.439 39.67 234.537 57.856 226.39 39.236 219.293 
133.279 244.69 151.332 236.25 158.13 217.519 140.077 225.958 
216.746 161.0 224.67 179.285 231.996 160.753 224.071 142.468 
220.413 42.587 227.497 61.214 245.676 69.375 238.593 50.749 
148.199 -29.024 165.659 -19.417 184.797 -24.97 167.338 -34.577 
42.818 -28.953 62.135 -33.844 72.337 -50.963 53.019 -46.072 
-38.034 33.599 -31.456 52.41 -22.806 34.457 -29.384 15.646 
-57.921 76.356 -61.803 95.902 -42.257 99.784 -38.375 80.238 
-61.803 95.905 -65.681 115.452 -46.133 119.329 -42.256 99.782 
-27.948 195.065 -15.868 210.913 -0.02 198.834 -12.1 182.985 
-15.895 210.924 -3.923 226.854 12.008 214.882 0.035 198.952 
78.366 235.697 75.388 255.401 95.091 258.379 98.07 238.675 
98.073 238.672 95.09 258.375 114.794 261.358 117.776 241.655 
179.463 210.683 190.836 227.047 207.2 215.674 195.826 199.311 
195.829 199.31 207.199 215.674 223.565 204.305 212.194 187.941 
238.981 103.091 235.066 122.631 254.605 126.545 258.52 107.005 
242.894 83.55 238.979 103.09 258.517 107.005 262.433 87.465 
202.501 2.948 213.176 19.776 230.003 9.101 219.329 -7.727 
191.876 -14.088 202.422 2.82 219.33 -7.726 208.784 -24.633 
108.746 -62.184 104.046 -42.82 123.412 -38.119 128.112 -57.484 
89.687 -67.991 83.878 -48.929 102.94 -43.121 108.748 -62.182 
-9.947 -19.827 0.136 -2.638 17.325 -12.721 7.242 -29.91 
-27.563 -10.514 -18.251 7.104 -0.633 -2.208 -9.945 -19.826 
-66.878 56.492 -47.717 51.019 -38.037 33.599 -57.199 39.072 
-66.879 56.496 -73.022 75.454 -63.961 93.202 -57.818 74.244 
-92.133 92.573 -78.363 106.978 -63.958 93.208 -77.728 78.803 
-78.365 106.983 -82.241 126.53 -65.678 115.449 -61.802 95.902 
-48.442 189.082 -37.216 172.617 -40.921 153.037 -52.147 169.503 
-48.436 189.089 -38.059 206.101 -18.691 210.793 -29.069 193.781 
-38.609 210.804 -38.602 230.732 -18.674 230.726 -18.681 210.798 
-16.0 210.986 -18.672 230.735 -6.596 246.587 -3.925 226.839 
41.19 254.424 56.308 267.407 54.798 247.536 39.679 234.554 
56.319 267.417 75.82 271.513 92.507 260.619 73.005 256.523 
78.729 275.011 93.117 288.799 106.905 274.411 92.517 260.624 
95.089 258.375 106.912 274.416 126.615 277.4 114.793 261.358 
151.338 236.255 165.702 250.067 185.626 249.677 171.262 235.865 
190.028 230.239 185.631 249.675 202.484 239.041 206.882 219.604 
206.884 219.601 207.278 239.525 227.201 239.131 226.807 219.207 
207.198 215.675 226.81 219.207 243.175 207.837 223.563 204.306 
232.0 160.752 251.927 160.564 265.884 146.342 245.957 146.529 
260.823 109.867 255.801 129.152 265.886 146.339 270.908 127.055 
260.824 109.864 274.727 124.14 289.003 110.237 275.1 95.961 
262.432 87.467 258.518 107.006 275.102 95.958 279.017 76.418 
238.595 50.745 251.872 35.885 250.752 15.989 237.476 30.849 
222.204 -7.27 231.662 10.27 250.752 15.984 241.294 -1.556 
223.83 -27.133 222.2 -7.273 242.061 -5.643 243.69 -25.503 
213.284 -44.045 208.785 -24.631 219.331 -7.724 223.83 -27.136 
151.14 -46.187 167.337 -34.58 164.092 -54.241 147.893 -65.848 
111.133 -63.672 129.963 -57.148 147.891 -65.85 129.061 -72.373 
99.38 -79.767 111.13 -63.672 127.225 -75.422 115.475 -91.517 
80.316 -85.576 89.688 -67.99 108.75 -62.183 99.378 -79.769 
16.423 -50.155 33.876 -40.535 53.017 -46.074 35.566 -55.693 
-1.854 -42.209 -9.158 -23.669 9.117 -31.613 16.422 -50.154 
-26.949 -45.524 -28.983 -25.701 -9.159 -23.667 -7.125 -43.49 
-46.605 -16.391 -27.563 -10.515 -9.944 -19.824 -28.986 -25.7 
