-37.224 333.922 -19.961 343.878 -25.128 324.632 -42.391 314.676 
151.72 350.576 168.965 360.563 188.22 355.43 170.975 345.444 
314.443 238.843 333.706 233.739 343.719 216.509 324.456 221.613 
350.404 44.843 360.384 27.594 355.245 8.341 345.265 25.589 
221.406 -127.859 238.662 -117.891 233.508 -137.141 216.252 -147.109 
8.007 -158.78 25.26 -148.806 44.511 -153.954 27.258 -163.927 
-147.383 -19.791 -128.135 -24.95 -118.173 -42.208 -137.421 -37.049 
-159.016 188.51 -149.07 171.242 -154.248 151.999 -164.193 169.267 
-42.566 314.571 -61.824 319.697 -56.698 338.953 -37.441 333.828 
151.47 350.698 141.525 367.966 158.792 377.912 168.738 360.644 
333.566 233.931 314.286 238.973 319.329 258.253 338.608 253.21 
360.42 27.829 350.446 45.081 367.699 55.055 377.672 37.802 
252.953 -142.22 233.711 -137.036 238.896 -117.794 258.138 -122.978 
37.48 -181.21 27.496 -163.963 44.743 -153.98 54.726 -171.226 
-123.182 -61.653 -142.443 -56.539 -137.329 -37.279 -118.068 -42.393 
-171.403 141.786 -181.448 158.996 -164.238 169.042 -154.192 151.831 
-173.029 202.773 -153.101 202.815 -138.98 188.754 -158.908 188.712 
-19.781 363.927 -5.673 349.854 -5.648 329.928 -19.756 344.0 
202.486 369.527 202.559 349.599 188.521 335.456 188.448 355.384 
343.796 216.296 363.724 216.263 349.611 202.195 329.682 202.228 
335.202 8.013 355.13 8.134 369.306 -5.871 349.378 -5.992 
201.881 -133.252 216.079 -147.235 216.232 -167.162 202.033 -153.179 
7.761 -138.755 7.807 -158.682 -6.251 -172.805 -6.297 -152.878 
-153.374 -5.493 -133.446 -5.461 -147.515 -19.575 -167.443 -19.607 
-154.987 118.707 -174.659 121.893 -171.473 141.565 -151.801 138.379 
-174.675 121.665 -175.696 101.763 -195.598 102.784 -194.577 122.686 
-66.432 291.707 -78.128 307.84 -61.995 319.537 -50.299 303.404 
-78.318 307.728 -93.082 294.344 -106.466 309.107 -91.703 322.491 
138.036 348.322 118.374 351.572 121.624 371.232 141.285 367.983 
122.232 391.179 121.398 371.268 101.487 372.102 102.321 392.013 
302.947 246.921 291.42 263.177 307.676 274.704 319.202 258.448 
322.199 288.339 307.527 274.854 294.042 289.524 308.713 303.009 
367.786 55.277 348.118 58.493 351.335 78.159 371.002 74.943 
391.84 94.128 390.893 74.223 370.989 75.17 371.936 95.075 
258.305 -122.818 246.575 -106.709 262.685 -94.979 274.415 -111.089 
302.732 -112.473 287.904 -125.786 274.591 -110.958 289.419 -97.646 
74.634 -174.464 54.959 -171.299 58.124 -151.624 77.799 -154.789 
94.779 -175.443 93.797 -195.346 73.894 -194.364 74.877 -174.461 
-111.346 -77.97 -123.028 -61.825 -106.884 -50.143 -95.202 -66.287 
-97.866 -92.935 -112.651 -106.296 -126.012 -91.511 -111.228 -78.15 
-164.484 29.871 -151.682 14.599 -153.429 -5.253 -166.23 10.019 
-164.569 30.099 -175.968 46.445 -172.47 66.063 -161.071 49.718 
-194.691 83.646 -174.913 86.078 -172.481 66.299 -192.26 63.868 
-174.95 86.306 -193.724 92.985 -175.726 101.538 -156.951 94.858 
-136.018 235.681 -137.762 215.83 -153.032 203.027 -151.288 222.878 
-135.883 235.852 -132.394 255.472 -116.054 266.878 -119.543 247.259 
-131.6 279.396 -119.272 295.053 -103.615 282.725 -115.943 267.068 
-84.686 276.163 -103.452 282.87 -111.978 300.882 -93.213 294.175 
9.821 362.71 29.673 360.97 14.405 348.163 -5.447 349.903 
29.872 361.062 46.197 372.489 65.822 369.026 49.497 357.599 
63.792 388.827 83.594 391.061 85.828 371.259 66.026 369.025 
94.625 353.308 86.036 371.289 92.678 390.078 101.267 372.096 
202.744 349.478 222.596 347.731 235.397 332.459 215.546 334.206 
247.033 316.055 235.603 332.379 255.228 328.919 266.658 312.595 
266.823 312.441 279.172 328.081 294.812 315.733 282.462 300.092 
275.86 281.229 282.645 299.965 300.69 308.417 293.906 289.681 
349.715 202.012 362.516 186.739 360.768 166.889 347.967 182.161 
368.694 130.722 357.3 147.071 360.803 166.688 372.198 150.339 
368.729 130.516 388.509 132.936 390.929 113.156 371.149 110.736 
371.974 95.29 353.195 101.958 371.189 110.522 389.968 103.854 
349.289 -6.215 347.519 -26.063 332.232 -38.847 334.002 -18.998 
312.308 -70.087 315.77 -50.462 332.095 -39.034 328.633 -58.659 
299.969 -86.026 312.189 -70.286 327.929 -82.506 315.709 -98.246 
308.302 -104.214 289.549 -97.473 281.056 -79.447 299.808 -86.187 
181.971 -151.47 201.82 -153.231 186.54 -166.021 166.69 -164.26 
130.51 -172.246 146.857 -160.848 166.475 -164.346 150.129 -175.745 
110.492 -174.735 130.267 -172.269 132.733 -192.043 112.959 -194.51 
103.479 -193.516 95.016 -175.475 101.789 -156.734 110.252 -174.775 
-39.152 -135.787 -19.301 -137.54 -6.505 -152.815 -26.355 -151.063 
-58.948 -132.167 -70.349 -115.823 -50.731 -119.318 -39.33 -135.662 
-98.512 -119.154 -86.24 -103.454 -70.539 -115.726 -82.811 -131.426 
-104.409 -111.832 -97.7 -93.067 -79.688 -84.542 -86.397 -103.307 
