39.056 186.712 48.327 204.352 54.245 185.324 44.974 167.683 
108.363 184.473 117.092 202.387 135.931 208.883 127.202 190.968 
165.07 153.114 183.771 159.998 201.862 151.643 183.162 144.758 
184.499 91.118 202.795 83.219 210.146 64.696 191.85 72.596 
147.293 13.323 154.435 31.927 162.54 13.722 155.397 -4.882 
65.203 -16.349 71.417 2.585 89.199 11.58 82.985 -7.354 
-8.093 44.296 10.121 52.381 28.716 45.219 10.502 37.134 
-12.696 138.472 5.11 129.525 11.374 110.608 -6.432 119.555 
24.536 173.06 10.884 187.577 25.399 201.229 39.052 186.712 
97.171 203.065 97.849 222.98 117.765 222.304 117.088 202.388 
183.769 160.001 170.144 174.544 184.687 188.168 198.312 173.625 
202.796 83.221 203.233 103.144 223.155 102.707 222.719 82.784 
176.596 -0.404 162.541 13.724 176.669 27.779 190.724 13.651 
83.229 -27.28 82.989 -7.354 102.915 -7.113 103.155 -27.039 
10.725 8.951 -3.476 22.932 10.505 37.132 24.705 23.151 
-26.536 99.803 -26.359 119.729 -6.432 119.552 -6.609 99.625 
-29.953 128.51 -24.797 147.759 -7.54 157.725 -12.696 138.475 
29.426 210.656 47.25 219.567 66.154 213.265 48.331 204.354 
127.333 226.858 146.126 220.229 154.728 202.255 135.935 208.883 
201.865 151.64 208.086 170.572 217.074 152.787 210.852 133.854 
204.715 45.521 210.147 64.694 227.545 74.41 222.113 55.237 
138.864 -16.01 155.396 -4.884 174.954 -8.706 158.422 -19.833 
45.428 -13.873 65.2 -16.35 77.43 -32.084 57.658 -29.606 
-23.036 41.229 -19.269 60.798 -8.095 44.298 -11.862 24.729 
-43.877 77.583 -46.316 97.361 -26.537 99.8 -24.099 80.022 
-46.316 97.361 -48.842 117.128 -29.075 119.655 -26.549 99.888 
-17.188 185.052 -4.415 200.348 10.881 187.577 -1.891 172.28 
-4.413 200.347 8.36 215.643 23.656 202.87 10.883 187.575 
78.046 220.745 75.809 240.547 95.61 242.783 97.847 222.981 
97.847 222.982 95.61 242.785 115.412 245.021 117.649 225.219 
168.803 200.204 180.837 216.088 196.721 204.054 184.687 188.171 
184.693 188.169 196.722 204.055 212.609 192.027 200.58 176.14 
223.158 102.709 220.155 122.41 239.854 125.412 242.857 105.712 
226.162 83.005 223.155 102.704 242.853 105.712 245.861 86.012 
190.726 13.652 202.28 29.888 218.516 18.334 206.962 2.098 
179.18 -2.624 190.711 13.629 206.964 2.098 195.433 -14.154 
106.66 -46.657 103.158 -27.04 122.776 -23.538 126.278 -43.154 
87.143 -50.669 83.13 -31.15 102.648 -27.137 106.662 -46.656 
-0.536 -7.491 10.725 8.949 27.166 -2.312 15.905 -18.752 
-17.081 3.615 -5.976 20.161 10.571 9.056 -0.535 -7.49 
-54.783 59.888 -35.046 57.133 -23.038 41.23 -42.775 43.984 
-54.783 59.89 -58.607 79.448 -47.481 95.981 -43.657 76.423 
-75.644 94.95 -62.078 109.548 -47.48 95.982 -61.046 81.385 
-62.079 109.549 -64.606 129.315 -48.842 117.126 -46.315 97.358 
-38.007 182.133 -24.284 167.682 -24.799 147.761 -38.521 162.212 
-38.006 182.135 -25.736 197.837 -5.956 200.264 -18.227 184.563 
-25.881 200.021 -26.125 219.948 -6.198 220.192 -5.955 200.265 
-4.413 200.346 -6.198 220.194 6.575 235.49 8.36 215.642 
45.481 239.418 58.263 254.707 60.036 234.858 47.253 219.57 
58.266 254.708 78.066 256.959 93.658 244.55 73.859 242.299 
79.848 258.913 94.21 272.727 108.024 258.365 93.662 244.551 
95.608 242.783 108.027 258.367 127.829 260.604 115.41 245.02 
146.13 220.231 158.091 236.17 177.819 238.983 165.859 223.044 
180.61 219.25 177.823 238.982 193.746 227.0 196.533 207.268 
196.535 207.265 197.013 227.188 216.934 226.71 216.456 206.787 
196.72 204.055 216.459 206.786 232.347 194.759 212.608 192.029 
217.077 152.787 236.785 155.74 252.808 143.892 233.1 140.94 
244.765 107.959 241.346 127.591 252.811 143.891 256.23 124.259 
244.766 107.955 258.807 122.095 272.947 108.054 258.906 93.914 
245.861 86.014 242.853 105.713 258.909 93.911 261.917 74.211 
222.115 55.233 237.563 42.646 239.586 22.821 224.138 35.409 
208.984 2.343 220.045 18.919 239.586 22.818 228.525 6.242 
210.302 -17.543 208.981 2.34 228.864 3.661 230.185 -16.222 
198.771 -33.798 195.433 -14.152 206.964 2.099 210.302 -17.546 
144.149 -33.743 158.42 -19.835 158.164 -39.76 143.893 -53.669 
107.62 -47.324 127.07 -42.985 143.891 -53.67 124.441 -58.009 
95.7 -63.295 107.618 -47.324 123.589 -59.243 111.67 -75.214 
76.179 -67.309 87.144 -50.669 106.663 -46.656 95.698 -63.296 
21.976 -38.702 37.933 -26.765 57.656 -29.607 41.7 -41.544 
4.779 -28.631 -0.258 -9.351 16.937 -19.421 21.974 -38.702 
-18.1 -31.165 -20.087 -11.337 -0.259 -9.35 1.729 -29.177 
-36.634 -0.231 -17.081 3.615 -0.535 -7.492 -20.089 -11.338 
