17.918 217.991 30.375 233.545 32.565 213.738 20.108 198.184 
111.987 223.591 124.042 239.459 143.787 242.155 131.731 226.287 
194.935 179.118 214.641 182.081 230.672 170.242 210.966 167.279 
224.206 89.41 240.609 78.094 244.207 58.494 227.803 69.81 
171.862 -13.574 182.526 3.261 186.889 -16.183 176.226 -33.018 
59.811 -50.966 69.959 -33.816 89.262 -28.864 79.113 -46.015 
-36.852 24.477 -17.24 28.006 -0.876 16.634 -20.489 13.105 
-46.559 145.825 -31.199 133.13 -29.315 113.291 -44.675 125.987 
7.751 200.848 -9.392 211.009 0.77 228.151 17.912 217.989 
104.733 234.514 99.789 253.817 119.092 258.763 124.037 239.459 
214.637 182.084 197.318 191.941 207.175 209.261 224.494 199.404 
240.61 78.098 234.99 97.217 254.109 102.837 259.729 83.718 
204.686 -25.151 186.892 -16.178 195.865 1.615 213.659 -7.357 
86.03 -64.705 79.119 -46.014 97.81 -39.103 104.721 -57.794 
-10.348 -13.193 -28.565 -5.114 -20.485 13.102 -2.269 5.022 
-57.426 100.85 -63.618 119.791 -44.676 125.983 -38.485 107.041 
-65.79 140.611 -55.881 157.901 -36.649 163.119 -46.558 145.83 
13.277 243.775 32.602 248.637 49.705 238.411 30.38 233.549 
139.058 261.514 156.093 251.173 160.827 231.817 143.792 242.158 
230.676 170.239 240.451 187.605 245.819 168.414 236.043 151.047 
235.222 40.701 244.207 58.489 263.137 64.714 254.152 46.926 
157.734 -40.462 176.222 -33.024 194.554 -40.838 176.066 -48.275 
41.625 -42.812 59.806 -50.969 66.894 -69.593 48.713 -61.436 
-51.97 26.539 -41.927 43.752 -36.857 24.48 -46.899 7.267 
-70.114 75.68 -76.354 94.606 -57.428 100.846 -51.188 81.921 
-76.351 94.605 -82.594 113.53 -63.669 119.772 -57.426 100.847 
-36.7 204.024 -26.542 221.168 -9.398 211.011 -19.555 193.867 
-26.535 221.163 -16.382 238.31 0.765 228.157 -9.388 211.011 
80.444 249.032 75.655 268.376 94.998 273.164 99.787 253.82 
99.944 253.857 94.997 273.161 114.302 278.108 119.248 258.803 
190.007 219.381 200.123 236.55 217.292 226.433 207.175 209.266 
207.431 209.12 217.293 226.435 234.609 216.574 224.747 199.259 
254.111 102.842 248.784 122.046 267.986 127.371 273.313 108.168 
259.814 83.433 254.196 102.553 273.316 108.17 278.933 89.05 
213.668 -7.352 223.086 10.209 240.648 0.791 231.229 -16.77 
204.476 -25.604 213.44 -7.807 231.238 -16.772 222.273 -34.568 
110.902 -76.742 104.725 -57.796 123.671 -51.619 129.848 -70.564 
92.782 -85.029 84.492 -66.909 102.613 -58.619 110.902 -76.74 
-18.833 -31.226 -10.347 -13.196 7.683 -21.682 -0.803 -39.712 
-37.641 -24.641 -31.057 -5.832 -12.248 -12.417 -18.833 -31.225 
-77.902 52.685 -59.523 44.983 -51.974 26.54 -70.353 34.242 
-77.904 52.688 -86.605 70.616 -80.08 89.446 -71.379 71.518 
-108.262 89.503 -94.145 103.567 -80.08 89.449 -94.198 75.385 
-94.147 103.569 -100.388 122.494 -82.593 113.526 -76.351 94.601 
-58.072 194.662 -49.364 176.738 -55.881 157.906 -64.589 175.831 
-58.069 194.667 -50.328 213.029 -31.87 220.54 -39.611 202.178 
-51.789 220.923 -51.408 240.847 -31.484 240.467 -31.864 220.542 
-26.545 221.164 -31.481 240.471 -21.32 257.613 -16.384 238.306 
37.14 268.048 54.068 278.564 49.534 259.159 32.606 248.643 
54.073 278.565 72.823 285.313 90.853 276.826 72.103 270.078 
77.208 291.344 91.726 304.994 105.377 290.476 90.859 276.826 
94.902 273.529 105.381 290.479 124.776 295.056 114.298 278.105 
156.099 251.175 172.367 262.685 192.008 259.322 175.741 247.811 
198.806 240.587 192.014 259.321 210.064 250.877 216.857 232.143 
216.86 232.138 217.328 252.061 237.249 251.593 236.781 231.67 
217.475 226.756 236.786 231.67 253.917 221.491 234.605 216.576 
245.824 168.411 265.509 165.31 277.235 149.198 257.55 152.299 
276.642 112.376 269.314 130.908 277.237 149.193 284.564 130.661 
276.642 112.37 290.536 126.656 304.821 112.762 290.927 98.476 
278.931 89.054 273.562 108.246 290.929 98.472 296.297 79.281 
254.154 46.921 265.201 30.336 261.286 10.797 250.239 27.381 
235.895 -15.876 243.066 2.716 261.284 10.792 254.112 -7.801 
237.482 -35.743 235.891 -15.88 255.754 -14.289 257.345 -34.152 
228.447 -53.511 222.275 -34.563 231.309 -16.802 237.481 -35.749 
158.477 -57.652 176.063 -48.281 170.255 -67.342 152.668 -76.714 
115.947 -79.492 133.731 -70.499 152.664 -76.715 134.88 -85.708 
103.957 -95.413 115.942 -79.492 131.863 -91.477 119.878 -107.398 
85.833 -103.706 92.785 -85.03 110.905 -76.74 103.954 -95.416 
11.889 -61.31 30.327 -53.748 48.71 -61.438 30.273 -69.0 
-7.264 -55.796 -16.906 -38.358 2.243 -43.869 11.886 -61.309 
-35.265 -59.74 -36.78 -39.87 -16.91 -38.355 -15.395 -58.224 
-55.594 -33.291 -37.641 -24.642 -18.831 -31.222 -36.784 -39.87 
