-37.357 333.893 -20.109 343.874 -25.248 324.62 -42.497 314.64 
151.711 350.523 168.915 360.581 188.191 355.529 170.988 345.471 
314.343 238.851 333.605 233.742 343.613 216.51 324.351 221.618 
350.409 44.756 360.408 27.517 355.289 8.258 345.29 25.497 
221.385 -127.905 238.617 -117.895 233.511 -137.157 216.279 -147.167 
8.075 -158.806 25.323 -148.824 44.577 -153.962 27.329 -163.944 
-147.366 -19.77 -128.116 -24.924 -118.149 -42.179 -137.398 -37.026 
-159.054 188.325 -149.065 171.083 -154.193 151.827 -164.183 169.069 
-42.615 314.517 -61.886 319.594 -56.809 338.863 -37.539 333.787 
151.421 350.71 141.452 367.964 158.706 377.934 168.676 360.68 
333.464 233.915 314.232 239.137 319.454 258.369 338.686 253.147 
360.484 27.747 350.444 44.96 367.658 55.0 377.698 37.787 
252.969 -142.185 233.708 -137.075 238.818 -117.814 258.079 -122.924 
37.571 -181.215 27.576 -163.975 44.816 -153.981 54.811 -171.221 
-123.171 -61.588 -142.432 -56.474 -137.318 -37.214 -118.057 -42.328 
-171.449 141.598 -181.452 158.833 -164.217 168.836 -154.214 151.601 
-173.055 202.604 -153.127 202.629 -139.019 188.555 -158.947 188.53 
-19.91 363.854 -5.807 349.777 -5.787 329.85 -19.891 343.927 
202.526 369.565 202.527 349.637 188.438 335.546 188.437 355.474 
343.684 216.291 363.612 216.366 349.575 202.222 329.646 202.148 
335.296 8.099 355.224 8.032 369.268 -6.107 349.34 -6.04 
202.003 -133.19 216.105 -147.269 216.121 -167.197 202.019 -153.118 
7.82 -138.775 7.857 -158.702 -6.209 -172.819 -6.245 -152.892 
-153.328 -5.523 -133.4 -5.486 -147.465 -19.603 -167.393 -19.639 
-154.995 118.54 -174.671 121.698 -171.513 141.374 -151.837 138.216 
-174.673 121.478 -175.684 101.576 -195.587 102.587 -194.576 122.49 
-66.558 291.666 -78.214 307.828 -62.053 319.486 -50.396 303.324 
-78.394 307.733 -93.15 294.34 -106.543 309.097 -91.786 322.488 
138.079 348.284 118.398 351.415 121.53 371.095 141.21 367.963 
122.422 391.041 121.313 371.144 101.416 372.253 102.525 392.15 
303.27 246.782 291.496 262.86 307.574 274.633 319.347 258.556 
322.294 288.049 307.425 274.783 294.158 289.652 309.027 302.918 
367.7 55.238 348.024 58.406 351.192 78.079 370.867 74.911 
391.821 94.024 390.805 74.122 370.904 75.138 371.92 95.04 
258.248 -122.787 246.635 -106.593 262.83 -94.98 274.442 -111.175 
302.749 -112.373 288.008 -125.783 274.598 -111.042 289.339 -97.633 
74.71 -174.46 55.037 -171.289 58.208 -151.615 77.881 -154.786 
94.832 -175.446 93.834 -195.348 73.932 -194.35 74.93 -174.448 
-111.366 -77.913 -123.024 -61.751 -106.861 -50.093 -95.204 -66.256 
-97.875 -92.885 -112.661 -106.244 -126.021 -91.458 -111.235 -78.098 
-164.449 29.79 -151.638 14.525 -153.374 -5.327 -166.184 9.938 
-164.524 29.97 -175.938 46.305 -172.459 65.927 -161.045 49.592 
-194.666 83.492 -174.886 85.912 -172.465 66.132 -192.245 63.712 
-174.925 86.127 -193.7 92.807 -175.701 101.36 -156.926 94.68 
-136.049 235.511 -137.783 215.658 -153.047 202.847 -151.312 222.7 
-135.908 235.707 -132.442 255.331 -116.114 266.756 -119.581 247.133 
-131.707 279.232 -119.45 294.945 -103.737 282.688 -115.994 266.975 
-84.786 276.127 -103.543 282.856 -112.049 300.877 -93.291 294.148 
9.66 362.674 29.512 360.939 14.248 348.128 -5.604 349.863 
29.737 360.981 46.08 372.383 65.699 368.889 49.356 357.487 
63.386 388.69 83.149 391.243 85.703 371.48 65.939 368.927 
94.462 353.477 85.951 371.496 92.675 390.255 101.185 372.236 
202.723 349.509 222.575 347.768 235.381 332.5 215.53 334.241 
246.968 316.05 235.586 332.408 255.201 328.889 266.582 312.531 
266.752 312.382 278.994 328.107 294.718 315.866 282.476 300.141 
276.042 281.208 282.661 300.004 300.632 308.614 294.012 289.819 
349.696 202.026 362.497 186.754 360.75 166.904 347.949 182.176 
368.707 130.72 357.294 147.056 360.776 166.678 372.189 150.341 
368.782 130.507 388.561 132.939 390.993 113.161 371.214 110.729 
371.906 95.266 353.162 102.033 371.201 110.502 389.944 103.735 
349.218 -6.239 347.486 -26.091 332.224 -38.904 333.956 -19.052 
312.303 -70.145 315.799 -50.527 332.142 -39.126 328.647 -58.745 
299.896 -86.029 312.142 -70.308 327.862 -82.554 315.616 -98.274 
308.244 -104.262 289.501 -97.493 281.035 -79.453 299.777 -86.222 
181.959 -151.417 201.808 -153.177 186.528 -165.969 166.678 -164.208 
130.5 -172.209 146.838 -160.799 166.459 -164.284 150.12 -175.694 
110.505 -174.697 130.28 -172.235 132.742 -192.01 112.967 -194.472 
103.534 -193.497 95.055 -175.463 101.811 -156.716 110.29 -174.75 
-39.117 -135.792 -19.266 -137.545 -6.47 -152.82 -26.319 -151.068 
-58.92 -132.167 -70.325 -115.827 -50.706 -119.316 -39.3 -135.656 
-98.5 -119.143 -86.228 -103.443 -70.527 -115.714 -82.798 -131.415 
-104.414 -111.79 -97.695 -93.029 -79.678 -84.513 -86.397 -103.275 
