-37.258 333.923 -19.997 343.883 -25.16 324.635 -42.421 314.676 
151.632 350.554 168.86 360.569 188.124 355.469 170.896 345.454 
314.484 238.837 333.726 233.654 343.667 216.383 324.425 221.566 
350.209 44.544 360.39 27.413 355.476 8.101 345.295 25.232 
221.515 -127.745 238.897 -117.998 233.499 -137.18 216.117 -146.927 
8.136 -158.768 25.429 -148.864 44.659 -154.089 27.367 -163.993 
-147.418 -19.75 -128.182 -24.958 -118.264 -42.241 -137.499 -37.033 
-158.882 188.563 -148.879 171.328 -153.992 152.068 -163.996 169.302 
-42.505 314.567 -61.78 319.628 -56.718 338.902 -37.444 333.84 
151.475 350.438 141.306 367.575 158.442 377.746 168.612 360.608 
333.612 233.886 314.332 238.925 319.371 258.206 338.651 253.167 
360.425 27.629 350.177 44.72 367.267 54.968 377.515 37.877 
252.888 -142.469 233.7 -137.089 239.081 -117.901 258.269 -123.281 
37.577 -181.263 27.555 -164.039 44.779 -154.017 54.801 -171.241 
-123.144 -61.569 -142.415 -56.494 -137.34 -37.224 -118.069 -42.299 
-171.29 141.847 -181.304 159.076 -164.075 169.09 -154.061 151.861 
-173.006 202.79 -153.078 202.89 -138.917 188.87 -158.845 188.77 
-19.871 363.914 -5.748 349.857 -5.7 329.93 -19.824 343.987 
202.284 369.589 202.476 349.662 188.523 335.436 188.331 355.363 
343.807 216.168 363.734 216.387 349.799 202.142 329.872 201.923 
335.462 8.293 355.387 7.907 369.202 -6.454 349.278 -6.068 
201.531 -133.247 215.932 -147.022 216.375 -166.945 201.974 -153.17 
7.863 -138.775 7.946 -158.702 -6.087 -172.851 -6.17 -152.924 
-153.366 -5.449 -133.438 -5.391 -147.488 -19.523 -167.416 -19.581 
-154.932 118.662 -174.587 121.95 -171.299 141.605 -151.644 138.317 
-174.622 121.707 -175.756 101.811 -195.652 102.946 -194.517 122.841 
-65.78 291.559 -77.817 307.439 -61.938 319.478 -49.899 303.598 
-78.007 307.323 -93.068 294.274 -106.117 309.336 -91.056 322.383 
136.922 348.191 117.432 352.346 121.587 371.835 141.077 367.68 
121.598 391.751 121.361 371.824 101.434 372.061 101.672 391.988 
302.935 246.875 291.417 263.136 307.679 274.655 319.196 258.393 
322.313 288.231 307.547 274.851 294.165 289.616 308.931 302.997 
367.324 55.188 347.833 59.342 351.988 78.831 371.478 74.677 
391.413 94.801 391.394 74.873 371.467 74.892 371.486 94.82 
258.431 -123.147 246.388 -107.271 262.264 -95.227 274.308 -111.103 
302.613 -112.6 287.745 -125.869 274.477 -111.001 289.344 -97.733 
74.685 -174.393 54.998 -171.313 58.078 -151.625 77.765 -154.705 
94.82 -175.463 93.728 -195.36 73.831 -194.268 74.923 -174.371 
-111.344 -77.938 -123.03 -61.796 -106.888 -50.11 -95.202 -66.252 
-97.815 -92.9 -112.625 -106.233 -125.959 -91.423 -111.149 -78.09 
-164.515 29.894 -151.717 14.62 -153.468 -5.231 -166.266 10.043 
-164.557 30.131 -175.946 46.484 -172.436 66.1 -161.047 49.747 
-194.562 83.851 -174.765 86.125 -172.491 66.328 -192.288 64.054 
-174.774 86.358 -193.626 92.813 -175.731 101.58 -156.878 95.124 
-135.847 235.651 -137.656 215.806 -152.969 203.053 -151.159 222.898 
-135.777 235.822 -132.309 255.445 -115.98 266.869 -119.449 247.246 
-131.856 278.934 -119.949 294.914 -103.969 283.007 -115.876 267.027 
-85.294 275.801 -103.818 283.151 -111.719 301.445 -93.195 294.096 
9.746 362.707 29.596 360.942 14.313 348.154 -5.537 349.919 
29.805 361.014 46.132 372.438 65.756 368.971 49.429 357.547 
64.212 388.838 84.062 390.594 85.818 370.744 65.968 368.988 
95.219 353.098 86.028 370.78 92.032 389.782 101.223 372.1 
202.694 349.577 222.538 347.751 235.279 332.429 215.435 334.255 
246.94 315.992 235.487 332.301 255.117 328.867 266.569 312.558 
266.778 312.428 279.424 327.83 294.824 315.185 282.178 299.783 
276.261 280.653 282.358 299.624 300.083 308.728 293.986 289.757 
349.86 201.899 362.587 186.565 360.744 166.724 348.017 182.058 
368.861 130.56 357.41 146.87 360.846 166.499 372.296 150.19 
368.868 130.324 388.707 132.201 390.584 112.362 370.745 110.485 
371.512 95.033 352.765 101.79 370.8 110.268 389.547 103.51 
349.212 -6.277 347.477 -26.128 332.213 -38.94 333.948 -19.088 
312.298 -70.179 315.757 -50.554 332.08 -39.124 328.62 -58.749 
299.625 -85.858 312.187 -70.389 327.656 -82.951 315.094 -98.42 
308.394 -103.828 289.477 -97.561 280.534 -79.754 299.45 -86.021 
181.927 -151.487 201.777 -153.233 186.506 -166.035 166.655 -164.288 
130.476 -172.166 146.855 -160.814 166.463 -164.369 150.085 -175.72 
110.485 -174.587 130.266 -172.179 132.674 -191.961 112.892 -194.368 
103.697 -193.452 95.049 -175.499 101.628 -156.689 110.276 -174.643 
-39.021 -135.813 -19.168 -137.545 -6.356 -152.807 -26.207 -151.075 
-58.839 -132.226 -70.255 -115.893 -50.634 -119.369 -39.217 -135.703 
-98.412 -119.179 -86.146 -103.475 -70.441 -115.742 -82.708 -131.446 
-104.374 -111.848 -97.652 -93.088 -79.634 -84.576 -86.356 -103.336 
