-37.238 333.887 -20.001 343.887 -25.119 324.628 -42.357 314.628 
151.701 350.538 168.932 360.548 188.194 355.443 170.963 345.432 
314.433 239.036 333.668 233.829 343.588 216.545 324.353 221.753 
350.47 44.816 360.452 27.568 355.314 8.314 345.333 25.562 
221.523 -127.914 238.827 -118.03 233.581 -137.254 216.276 -147.138 
7.973 -158.811 25.228 -148.842 44.478 -153.994 27.224 -163.963 
-147.427 -19.801 -128.18 -24.962 -118.219 -42.221 -137.467 -37.06 
-159.04 188.379 -149.066 171.127 -154.213 151.876 -164.186 169.127 
-42.588 314.49 -61.842 319.63 -56.703 338.882 -37.449 333.743 
151.453 350.675 141.49 367.933 158.747 377.897 168.711 360.639 
333.581 234.018 314.302 239.065 319.349 258.343 338.627 253.297 
360.477 27.83 350.461 45.058 367.688 55.074 377.705 37.846 
253.084 -142.223 233.799 -137.201 238.822 -117.916 258.106 -122.938 
37.471 -181.253 27.469 -164.017 44.706 -154.016 54.707 -171.252 
-123.196 -61.594 -142.454 -56.467 -137.327 -37.211 -118.07 -42.338 
-171.475 141.676 -181.479 158.911 -164.244 168.915 -154.241 151.68 
-173.086 202.658 -153.158 202.696 -139.04 188.632 -158.968 188.594 
-19.799 363.887 -5.686 349.819 -5.654 329.892 -19.767 343.96 
202.487 369.509 202.513 349.581 188.441 335.472 188.415 355.4 
343.663 216.357 363.59 216.387 349.521 202.275 329.593 202.245 
335.26 8.068 355.188 8.102 369.303 -5.965 349.375 -5.999 
201.964 -133.193 216.081 -147.258 216.117 -167.186 202.0 -153.121 
7.724 -138.784 7.748 -158.711 -6.327 -172.819 -6.35 -152.892 
-153.334 -5.505 -133.406 -5.471 -147.473 -19.586 -167.401 -19.619 
-154.987 118.632 -174.663 121.79 -171.505 141.467 -151.829 138.308 
-174.695 121.587 -175.698 101.684 -195.601 102.687 -194.598 122.59 
-66.541 291.679 -78.215 307.828 -62.067 319.503 -50.391 303.354 
-78.39 307.649 -93.171 294.284 -106.536 309.066 -91.755 322.43 
138.087 348.263 118.414 351.438 121.588 371.11 141.262 367.936 
122.391 391.06 121.382 371.158 101.48 372.167 102.489 392.069 
303.092 246.841 291.414 262.989 307.562 274.667 319.239 258.519 
322.22 288.187 307.435 274.828 294.075 289.613 308.86 302.972 
367.774 55.317 348.098 58.48 351.261 78.154 370.937 74.992 
391.817 94.126 390.823 74.223 370.921 75.217 371.915 95.12 
258.28 -122.796 246.608 -106.645 262.759 -94.973 274.431 -111.124 
302.744 -112.396 287.962 -125.76 274.597 -110.978 289.379 -97.615 
74.62 -174.482 54.945 -171.321 58.106 -151.645 77.781 -154.806 
94.756 -175.479 93.758 -195.381 73.856 -194.383 74.854 -174.481 
-111.443 -77.918 -123.104 -61.759 -106.944 -50.098 -95.283 -66.258 
-97.961 -92.853 -112.748 -106.212 -126.107 -91.426 -111.321 -78.066 
-164.496 29.82 -151.694 14.549 -153.44 -5.302 -166.242 9.969 
-164.53 30.046 -175.937 46.387 -172.449 66.007 -161.042 49.666 
-194.715 83.579 -174.936 86.011 -172.505 66.232 -192.284 63.8 
-174.931 86.238 -193.693 92.952 -175.679 101.472 -156.916 94.758 
-136.052 235.554 -137.794 215.702 -153.064 202.898 -151.321 222.75 
-135.968 235.753 -132.482 255.373 -116.142 266.782 -119.629 247.162 
-131.695 279.213 -119.425 294.915 -103.722 282.645 -115.992 266.943 
-84.845 276.127 -103.608 282.842 -112.126 300.857 -93.364 294.142 
9.794 362.713 29.645 360.963 14.37 348.164 -5.481 349.914 
29.866 360.992 46.205 372.399 65.825 368.911 49.486 357.505 
63.613 388.76 83.393 391.185 85.818 371.406 66.038 368.98 
94.551 353.371 86.037 371.388 92.757 390.149 101.271 372.132 
202.702 349.467 222.553 347.716 235.351 332.442 215.5 334.193 
246.963 316.027 235.558 332.369 255.178 328.878 266.583 312.536 
266.75 312.399 279.02 328.102 294.722 315.833 282.452 300.13 
275.916 281.253 282.636 300.013 300.652 308.526 293.932 289.767 
349.587 202.07 362.397 186.805 360.661 166.954 347.851 182.219 
368.651 130.78 357.234 147.113 360.71 166.735 372.127 150.402 
368.702 130.56 388.481 132.99 390.911 113.211 371.132 110.781 
371.918 95.33 353.156 102.046 371.172 110.564 389.934 103.848 
349.299 -6.218 347.558 -26.069 332.29 -38.875 334.031 -19.024 
312.333 -70.097 315.813 -50.476 332.147 -39.063 328.667 -58.684 
299.928 -85.994 312.195 -70.291 327.899 -82.558 315.631 -98.261 
308.282 -104.164 289.519 -97.448 281.003 -79.433 299.764 -86.149 
181.929 -151.456 201.779 -153.203 186.508 -166.005 166.657 -164.258 
130.481 -172.286 146.819 -160.875 166.439 -164.36 150.101 -175.77 
110.457 -174.71 130.237 -172.283 132.663 -192.063 112.884 -194.489 
103.508 -193.53 94.986 -175.517 101.697 -156.754 110.219 -174.767 
-39.22 -135.768 -19.37 -137.528 -6.579 -152.808 -26.429 -151.048 
-59.032 -132.12 -70.416 -115.765 -50.801 -119.279 -39.417 -135.635 
-98.599 -119.084 -86.324 -103.387 -70.626 -115.663 -82.901 -131.36 
-104.512 -111.735 -97.786 -92.976 -79.767 -84.467 -86.492 -103.226 
