-22.621 286.873 -6.238 298.218 -9.8 278.612 -26.183 267.266 
125.512 306.142 141.708 317.753 161.37 314.512 145.174 302.9 
261.284 230.047 281.046 227.482 293.207 211.695 273.445 214.259 
307.603 80.788 320.397 65.509 318.64 45.659 305.846 60.938 
219.96 -75.011 234.802 -61.714 233.71 -81.612 218.867 -94.909 
41.005 -121.999 55.999 -108.873 75.883 -110.194 60.889 -123.32 
-101.915 -8.364 -82.143 -10.857 -69.926 -26.599 -89.697 -24.106 
-117.253 167.531 -105.717 151.283 -109.048 131.636 -120.585 147.884 
-27.779 267.612 -47.031 272.759 -41.884 292.01 -22.632 286.863 
125.235 306.514 113.996 322.969 130.45 334.21 141.69 317.755 
281.04 227.496 261.327 230.416 264.247 250.129 283.96 247.209 
320.397 65.522 308.262 81.329 324.07 93.464 336.204 77.656 
253.436 -84.501 233.719 -81.608 236.612 -61.891 256.329 -64.784 
71.02 -140.487 60.896 -123.323 78.061 -113.199 88.185 -130.364 
-78.699 -50.063 -97.171 -42.585 -89.693 -24.114 -71.221 -31.592 
-130.588 121.525 -138.764 139.698 -120.59 147.874 -112.415 129.701 
-133.646 178.871 -114.043 182.452 -97.649 171.123 -117.252 167.542 
-11.166 317.53 5.978 307.373 10.919 288.068 -6.225 298.225 
170.569 332.192 176.58 313.192 167.396 295.507 161.385 314.507 
293.218 211.685 312.02 218.29 303.397 200.326 284.595 193.72 
299.832 39.049 318.636 45.647 336.598 37.016 317.794 30.418 
201.431 -85.255 218.859 -94.917 224.351 -114.073 206.923 -104.411 
36.91 -102.495 40.997 -121.998 30.096 -138.68 26.009 -119.177 
-110.294 4.391 -90.719 8.127 -101.919 -8.356 -121.494 -12.091 
-115.122 97.958 -134.635 102.003 -130.59 121.516 -111.076 117.471 
-134.635 102.001 -154.547 102.788 -153.76 122.701 -133.848 121.913 
-56.892 246.351 -65.167 264.478 -47.04 272.755 -38.764 254.627 
-65.168 264.477 -74.297 282.19 -56.583 291.319 -47.455 273.606 
105.369 305.004 87.398 313.616 96.01 331.586 113.981 322.974 
114.233 323.555 95.994 331.585 104.023 349.823 122.262 341.794 
245.323 243.875 239.06 262.793 257.978 269.056 264.24 250.138 
265.162 250.471 257.976 269.057 276.562 276.244 283.748 257.658 
324.073 93.472 306.104 102.089 314.72 120.056 332.689 111.44 
345.107 86.145 326.249 92.586 332.689 111.443 351.548 105.002 
256.335 -64.781 249.43 -46.088 268.123 -39.182 275.028 -57.875 
272.855 -85.972 259.893 -70.836 275.029 -57.874 287.99 -73.01 
106.583 -138.036 88.191 -130.367 95.861 -111.974 114.253 -119.643 
112.686 -157.007 93.714 -163.105 87.617 -144.133 106.588 -138.036 
-68.515 -67.2 -78.696 -50.07 -61.566 -39.888 -51.384 -57.019 
-76.343 -85.526 -94.667 -77.694 -86.835 -59.37 -68.511 -67.202 
-129.972 35.524 -113.69 24.035 -110.3 4.398 -126.583 15.887 
-129.976 35.533 -144.856 48.789 -146.004 68.683 -131.124 55.428 
-170.771 82.146 -151.662 87.8 -146.008 68.692 -165.116 63.037 
-151.663 87.807 -171.184 91.812 -154.549 102.784 -135.028 98.778 
-104.803 218.107 -102.039 198.371 -114.04 182.463 -116.803 202.198 
-104.8 218.118 -106.006 238.009 -92.792 252.926 -91.588 233.036 
-111.112 260.764 -103.285 279.09 -84.958 271.263 -92.786 252.936 
-66.454 263.87 -84.956 271.272 -92.805 289.589 -74.302 282.187 
18.356 323.007 38.15 325.313 25.785 309.686 5.99 307.38 
38.162 325.321 50.78 340.744 70.609 342.727 57.991 327.304 
62.422 360.892 80.584 369.094 88.786 350.933 70.625 342.731 
95.059 332.02 88.8 350.939 97.751 368.743 104.011 349.824 
176.595 313.191 196.368 315.669 212.102 303.439 192.328 300.961 
228.026 291.434 212.116 303.435 231.851 306.199 247.761 294.198 
247.772 294.188 254.079 313.092 272.982 306.785 266.675 287.881 
257.587 270.15 266.687 287.878 285.657 293.979 276.557 276.251 
303.404 200.313 319.458 188.508 322.464 168.809 306.409 180.614 
342.482 137.889 326.074 149.199 322.47 168.798 338.877 157.488 
342.488 137.877 360.095 147.21 369.428 129.603 351.821 120.27 
351.548 105.01 333.279 112.969 351.825 120.259 370.094 112.3 
317.794 30.405 321.429 10.813 310.146 -5.613 306.51 13.98 
303.548 -41.851 299.342 -22.372 310.142 -5.625 314.347 -25.104 
296.988 -60.68 303.547 -41.863 322.364 -48.422 315.805 -67.239 
307.365 -77.699 287.996 -73.01 277.617 -56.0 296.984 -60.688 
187.456 -108.714 206.914 -104.417 196.194 -121.215 176.735 -125.512 
146.107 -145.972 157.181 -129.403 176.726 -125.518 165.653 -142.086 
127.233 -152.398 146.098 -145.975 152.52 -164.839 133.656 -171.262 
125.525 -172.256 112.689 -157.014 114.39 -137.159 127.226 -152.402 
-10.287 -112.934 9.151 -108.54 26.001 -119.177 6.565 -123.571 
-30.097 -115.157 -45.673 -102.729 -25.871 -100.502 -10.294 -112.931 
-72.494 -111.406 -63.428 -93.661 -45.682 -102.726 -54.747 -120.472 
-79.696 -105.176 -76.343 -85.532 -60.081 -74.013 -63.435 -93.657 
