-37.31 333.822 -20.068 343.814 -25.194 324.557 -42.436 314.565 
151.645 350.788 168.928 360.707 188.164 355.5 170.88 345.58 
314.452 238.909 333.701 233.752 343.665 216.493 324.416 221.651 
350.37 44.705 360.351 27.457 355.213 8.203 345.232 25.451 
221.359 -127.908 238.608 -117.929 233.468 -137.182 216.218 -147.161 
8.118 -158.82 25.39 -148.881 44.632 -154.066 27.359 -164.005 
-147.344 -19.86 -128.097 -25.023 -118.138 -42.283 -137.385 -37.12 
-159.024 188.396 -149.091 171.121 -154.283 151.881 -164.216 169.156 
-42.632 314.434 -61.887 319.568 -56.753 338.822 -37.498 333.688 
151.518 350.746 141.454 367.945 158.652 378.01 168.717 360.811 
333.559 233.944 314.29 239.029 319.376 258.297 338.644 253.212 
360.436 27.682 350.457 44.931 367.705 54.911 377.685 37.662 
252.925 -142.215 233.669 -137.084 238.8 -117.828 258.056 -122.959 
37.622 -181.244 27.572 -164.036 44.78 -153.986 54.83 -171.194 
-123.1 -61.691 -142.368 -56.606 -137.283 -37.339 -118.015 -42.424 
-171.439 141.711 -181.479 158.925 -164.266 168.965 -154.226 151.751 
-173.089 202.667 -153.161 202.701 -139.046 188.634 -158.974 188.6 
-19.889 363.837 -5.774 349.771 -5.739 329.844 -19.854 343.91 
202.446 369.554 202.488 349.626 188.428 335.506 188.386 355.434 
343.721 216.269 363.649 216.299 349.579 202.187 329.651 202.158 
335.238 7.927 355.166 7.957 369.278 -6.112 349.351 -6.142 
201.925 -133.205 216.031 -147.281 216.052 -167.209 201.946 -153.133 
7.9 -138.788 7.934 -158.715 -6.132 -172.831 -6.167 -152.904 
-153.328 -5.566 -133.4 -5.535 -147.469 -19.648 -167.397 -19.679 
-154.989 118.653 -174.662 121.833 -171.481 141.506 -151.809 138.325 
-174.648 121.607 -175.668 101.705 -195.57 102.725 -194.55 122.627 
-66.562 291.637 -78.233 307.788 -62.083 319.461 -50.41 303.309 
-78.375 307.64 -93.158 294.276 -106.522 309.059 -91.739 322.421 
138.047 348.283 118.373 351.455 121.545 371.128 141.219 367.956 
122.328 391.092 121.336 371.188 101.433 372.18 102.425 392.084 
303.143 246.844 291.463 262.99 307.608 274.67 319.288 258.525 
322.236 288.181 307.442 274.831 294.091 289.624 308.885 302.974 
367.707 55.136 348.032 58.306 351.203 77.979 370.877 74.809 
391.828 93.917 390.818 74.015 370.916 75.025 371.927 94.928 
258.212 -122.81 246.547 -106.654 262.704 -94.989 274.369 -111.146 
302.69 -112.471 287.898 -125.824 274.545 -111.031 289.337 -97.68 
74.704 -174.425 55.03 -171.261 58.194 -151.586 77.868 -154.749 
94.809 -175.438 93.788 -195.339 73.887 -194.318 74.908 -174.417 
-111.264 -78.018 -122.943 -61.872 -106.797 -50.193 -95.117 -66.339 
-97.771 -92.994 -112.556 -106.354 -125.917 -91.569 -111.131 -78.208 
-164.445 29.799 -151.647 14.524 -153.399 -5.327 -166.197 9.948 
-164.523 30.023 -175.93 46.363 -172.442 65.983 -161.035 49.643 
-194.669 83.575 -174.889 86.0 -172.464 66.22 -192.244 63.795 
-174.943 86.235 -193.704 92.952 -175.688 101.469 -156.927 94.751 
-136.033 235.554 -137.767 215.702 -153.032 202.891 -151.297 222.744 
-135.948 235.767 -132.464 255.388 -116.127 266.799 -119.611 247.179 
-131.678 279.233 -119.407 294.935 -103.705 282.665 -115.976 266.962 
-84.81 276.136 -103.573 282.848 -112.094 300.862 -93.331 294.15 
9.714 362.676 29.566 360.932 14.295 348.128 -5.556 349.873 
29.8 360.985 46.138 372.394 65.759 368.908 49.421 357.499 
63.554 388.763 83.334 391.184 85.755 371.404 65.975 368.983 
94.507 353.38 85.984 371.393 92.694 390.157 101.218 372.144 
202.69 349.508 222.542 347.771 235.351 332.506 215.499 334.243 
246.972 316.054 235.559 332.391 255.18 328.909 266.593 312.573 
266.767 312.425 279.031 328.132 294.738 315.869 282.474 300.161 
275.953 281.264 282.652 300.031 300.658 308.565 293.96 289.798 
349.659 201.965 362.468 186.7 360.73 166.848 347.922 182.114 
368.692 130.65 357.284 146.99 360.771 166.61 372.179 150.27 
368.733 130.41 388.513 132.834 390.937 113.054 371.157 110.63 
371.911 95.156 353.15 101.875 371.167 110.39 389.928 103.67 
349.234 -6.36 347.47 -26.209 332.187 -38.997 333.951 -19.149 
312.23 -70.209 315.738 -50.592 332.088 -39.202 328.581 -58.819 
299.855 -86.08 312.128 -70.381 327.827 -82.654 315.554 -98.353 
308.211 -104.246 289.456 -97.509 280.959 -79.485 299.713 -86.221 
181.881 -151.433 201.73 -153.191 186.452 -165.984 166.602 -164.225 
130.444 -172.228 146.786 -160.822 166.405 -164.312 150.064 -175.718 
110.458 -174.671 130.236 -172.238 132.669 -192.017 112.89 -194.45 
103.528 -193.48 95.015 -175.462 101.736 -156.703 110.249 -174.721 
-39.026 -135.837 -19.173 -137.573 -6.365 -152.838 -26.216 -151.102 
-58.814 -132.238 -70.241 -115.913 -50.617 -119.376 -39.189 -135.702 
-98.402 -119.257 -86.144 -103.547 -70.432 -115.805 -82.691 -131.516 
-104.306 -111.903 -97.598 -93.138 -79.587 -84.612 -86.294 -103.377 
