-31.644 316.678 -13.958 325.86 -19.971 306.862 -37.658 297.68 
138.91 335.222 156.3 344.953 175.478 339.537 158.087 329.806 
291.819 240.51 311.124 235.567 321.28 218.421 301.975 223.364 
336.547 64.06 346.738 46.935 341.835 27.62 331.644 44.745 
223.988 -106.151 241.437 -96.525 235.905 -115.67 218.455 -125.295 
21.707 -143.834 39.555 -134.971 58.443 -141.325 40.594 -150.188 
-128.997 -15.572 -110.247 -22.323 -101.763 -40.353 -120.513 -33.603 
-141.909 181.487 -133.346 163.494 -140.013 144.715 -148.577 162.708 
-39.606 298.386 -57.887 306.32 -49.952 324.6 -31.672 316.665 
138.216 336.541 129.791 354.6 147.849 363.026 156.275 344.967 
311.105 235.596 292.121 241.658 298.183 260.642 317.166 254.58 
346.759 46.966 337.879 64.806 355.719 73.686 364.599 55.846 
254.152 -123.755 235.946 -115.65 244.051 -97.445 262.256 -105.55 
46.659 -169.202 40.63 -150.209 59.623 -144.179 65.652 -163.173 
-110.41 -59.957 -128.612 -51.844 -120.5 -33.643 -102.298 -41.756 
-159.981 136.898 -167.176 155.482 -148.592 162.677 -141.398 144.093 
-156.722 194.839 -136.822 195.902 -122.0 182.582 -141.9 181.52 
-14.779 345.787 -0.103 332.308 0.744 312.399 -13.932 325.878 
188.523 354.623 189.99 334.749 176.976 319.659 175.509 339.533 
321.293 218.387 341.132 220.27 328.436 204.911 308.596 203.027 
322.006 25.561 341.831 27.582 357.278 14.993 337.453 12.972 
202.767 -112.97 218.413 -125.312 220.75 -145.102 205.104 -132.761 
18.53 -124.144 21.669 -143.822 9.973 -159.957 6.835 -140.278 
-136.501 -2.247 -116.717 0.142 -129.017 -15.537 -148.801 -17.926 
-145.016 112.987 -164.44 117.442 -159.985 136.866 -140.561 132.411 
-164.447 117.413 -172.879 99.357 -190.935 107.789 -182.503 125.845 
-59.8 278.194 -72.915 293.196 -57.914 306.313 -44.797 291.31 
-72.932 293.176 -92.793 294.804 -91.166 314.665 -71.306 313.037 
128.627 334.707 108.731 335.845 109.869 355.739 129.765 354.601 
127.292 365.373 109.845 355.743 100.215 373.19 117.662 382.82 
283.069 247.675 270.071 262.781 285.177 275.778 298.173 260.672 
304.29 270.229 285.154 275.788 290.712 294.924 309.848 289.365 
355.723 73.717 335.879 75.561 337.724 95.402 357.566 93.559 
385.619 90.886 370.243 78.209 357.567 93.584 372.943 106.261 
262.297 -105.536 250.475 -89.494 266.517 -77.672 278.339 -93.714 
303.829 -105.751 285.062 -112.452 278.361 -93.685 297.128 -86.985 
84.807 -168.809 65.691 -163.181 71.318 -144.065 90.434 -149.692 
104.765 -168.381 105.199 -188.304 85.277 -188.738 84.842 -168.816 
-102.719 -78.385 -110.391 -59.993 -91.999 -52.321 -84.327 -70.712 
-88.533 -92.432 -102.548 -106.599 -116.715 -92.583 -102.699 -78.417 
-153.522 30.448 -138.258 17.637 -136.523 -2.215 -151.787 10.596 
-153.532 30.489 -167.636 44.568 -167.653 64.495 -153.55 50.417 
-190.96 80.397 -171.382 84.112 -167.668 64.533 -187.246 60.819 
-171.39 84.146 -190.461 89.924 -172.89 99.324 -153.818 93.546 
-125.901 231.104 -124.077 211.26 -136.82 195.938 -138.643 215.783 
-125.881 231.135 -125.958 251.062 -111.921 265.208 -111.845 245.281 
-128.305 276.565 -116.978 292.961 -100.582 281.633 -111.91 265.238 
-80.832 278.874 -100.565 281.656 -112.551 297.576 -92.818 294.794 
12.497 347.779 32.32 349.825 19.75 334.362 -0.073 332.316 
32.345 349.841 46.025 364.33 65.944 364.903 52.264 350.413 
61.441 384.314 80.846 388.847 85.379 369.442 65.973 364.909 
97.32 353.474 85.406 369.447 88.275 389.168 100.19 373.194 
190.019 334.739 209.823 336.963 225.398 324.533 205.595 322.309 
240.465 311.448 225.427 324.524 245.306 325.911 260.344 312.835 
260.371 312.819 270.411 330.033 287.624 319.993 277.584 302.779 
274.717 283.053 277.61 302.769 293.596 314.666 290.703 294.95 
328.456 204.88 344.317 192.816 347.0 173.07 331.14 185.135 
364.009 140.375 348.745 153.186 347.011 173.038 362.275 160.227 
364.02 140.342 383.342 145.221 388.22 125.899 368.898 121.021 
372.948 106.286 353.173 108.749 368.898 120.99 388.673 118.527 
337.439 12.936 340.661 -6.729 329.035 -22.913 325.812 -3.249 
316.752 -57.668 315.7 -37.768 329.027 -22.953 330.079 -42.853 
305.453 -74.13 316.73 -57.701 333.159 -68.979 321.882 -85.408 
316.759 -90.556 297.156 -86.969 285.833 -70.572 305.434 -74.159 
185.39 -135.929 205.068 -132.79 193.374 -148.924 173.695 -152.064 
139.47 -165.765 153.728 -151.842 173.654 -152.079 159.397 -166.002 
119.989 -170.15 139.431 -165.778 143.804 -185.22 124.361 -189.592 
110.241 -187.553 104.802 -168.382 114.511 -150.981 119.95 -170.152 
-28.536 -129.908 -8.723 -127.773 6.795 -140.273 -13.017 -142.408 
-48.496 -129.949 -62.634 -115.906 -42.707 -115.838 -28.569 -129.882 
-90.447 -120.678 -78.955 -104.398 -62.675 -115.89 -74.166 -132.17 
-98.12 -109.917 -88.51 -92.459 -69.37 -86.909 -78.98 -104.367 
