-36.962 333.631 -19.746 343.667 -24.823 324.397 -42.04 314.361 
151.491 350.785 168.873 360.532 188.055 355.133 170.673 345.387 
314.042 239.506 333.195 234.001 342.845 216.565 323.693 222.07 
350.979 45.537 360.421 27.987 354.689 8.902 345.247 26.451 
221.395 -127.708 238.483 -117.456 233.649 -136.789 216.561 -147.041 
8.404 -158.544 25.771 -148.772 44.961 -154.142 27.594 -163.914 
-147.099 -19.783 -127.862 -24.983 -117.936 -42.262 -137.173 -37.062 
-158.689 188.411 -148.774 171.126 -153.985 151.892 -163.901 169.177 
-42.23 314.263 -61.503 319.33 -56.435 338.602 -37.162 333.535 
151.296 350.751 141.495 368.101 158.845 377.903 168.647 360.553 
333.091 234.196 313.958 239.768 319.53 258.901 338.663 253.329 
360.531 28.175 351.087 45.723 368.635 55.166 378.079 37.618 
253.191 -141.413 233.839 -136.655 238.598 -117.303 257.949 -122.061 
37.653 -181.263 27.838 -163.92 45.18 -154.105 54.996 -171.447 
-122.93 -61.638 -142.186 -56.509 -137.058 -37.253 -117.801 -42.382 
-171.242 141.738 -181.191 159.004 -163.925 168.953 -153.976 151.686 
-172.824 202.534 -152.898 202.76 -138.648 188.829 -158.575 188.603 
-19.757 363.695 -5.514 349.759 -5.296 329.833 -19.539 343.769 
202.296 369.185 202.378 349.257 188.347 335.108 188.264 355.035 
342.94 216.364 362.866 216.613 348.953 202.347 329.026 202.098 
334.72 7.765 354.626 8.696 369.36 -4.721 349.454 -5.652 
202.41 -132.903 216.363 -147.131 216.17 -167.058 202.216 -152.831 
7.821 -138.509 8.197 -158.432 -5.626 -172.787 -6.002 -152.863 
-153.15 -5.533 -133.222 -5.375 -147.201 -19.577 -167.129 -19.735 
-154.369 118.995 -174.1 121.79 -171.306 141.521 -151.575 138.726 
-174.077 121.558 -175.902 101.714 -195.746 103.539 -193.921 123.383 
-68.406 291.834 -78.73 308.878 -61.686 319.203 -51.362 302.158 
-78.922 308.77 -92.606 294.283 -107.092 307.967 -93.408 322.453 
139.956 348.254 120.072 349.574 121.392 369.458 141.277 368.137 
124.922 389.028 121.177 369.455 101.604 373.2 105.349 392.773 
304.857 245.449 291.231 259.991 305.773 273.616 319.397 259.075 
322.364 284.642 305.653 273.788 294.798 290.499 311.51 301.353 
368.639 55.391 348.783 57.093 350.485 76.947 370.34 75.245 
391.909 93.676 390.265 73.816 370.406 75.46 372.05 95.32 
258.156 -121.955 247.486 -105.125 264.316 -94.454 274.986 -111.285 
303.296 -109.957 289.792 -124.611 275.138 -111.107 288.642 -96.454 
74.941 -174.36 55.22 -171.506 58.074 -151.783 77.796 -154.637 
95.079 -174.792 94.612 -194.713 74.691 -194.246 75.158 -174.324 
-110.984 -77.852 -122.806 -61.81 -106.764 -49.988 -94.942 -66.03 
-97.608 -92.903 -112.505 -106.14 -125.742 -91.244 -110.845 -78.007 
-164.314 29.801 -151.497 14.542 -153.224 -5.311 -166.041 9.948 
-164.387 30.019 -175.719 46.412 -172.14 66.015 -160.809 49.623 
-194.07 83.977 -174.252 86.064 -172.164 66.246 -191.982 64.159 
-174.308 86.302 -193.42 91.943 -175.917 101.469 -156.804 95.827 
-135.688 235.575 -137.499 215.73 -152.812 202.978 -151.001 222.824 
-135.537 235.765 -131.902 255.359 -115.477 266.644 -119.112 247.051 
-130.842 279.385 -118.307 294.877 -102.815 282.343 -115.349 266.85 
-83.662 276.38 -102.63 282.491 -111.721 300.224 -92.753 294.113 
9.972 362.635 29.823 360.883 14.548 348.085 -5.303 349.837 
30.036 360.944 46.477 372.204 66.065 368.539 49.624 357.28 
63.713 388.343 83.474 390.918 86.049 371.157 66.288 368.582 
96.259 353.95 86.269 371.193 91.397 390.45 101.387 373.207 
202.605 349.212 222.477 347.711 235.466 332.599 215.595 334.1 
246.791 315.95 235.618 332.451 255.187 328.684 266.36 312.183 
266.54 312.089 278.411 328.095 294.416 316.225 282.545 300.219 
277.282 280.879 282.669 300.064 300.043 309.821 294.656 290.636 
349.033 202.152 362.107 187.113 360.718 167.234 347.644 182.273 
368.049 130.934 356.932 147.473 360.765 167.028 371.882 150.49 
368.115 130.724 387.936 132.787 389.999 112.967 370.178 110.904 
372.017 95.54 352.822 100.893 370.18 110.681 389.376 105.328 
349.339 -5.84 347.39 -25.672 331.988 -38.316 333.937 -18.485 
312.488 -69.811 315.701 -50.144 331.879 -38.51 328.666 -58.177 
300.043 -85.658 312.352 -69.987 328.023 -82.296 315.714 -97.967 
306.997 -104.466 288.817 -96.304 281.735 -77.678 299.914 -85.839 
182.161 -151.18 202.014 -152.9 186.76 -165.722 166.907 -164.002 
130.754 -172.065 147.073 -160.628 166.699 -164.081 150.38 -175.518 
110.756 -174.536 130.534 -172.099 132.971 -191.877 113.193 -194.314 
103.167 -193.101 95.295 -174.794 102.673 -156.283 110.545 -174.59 
-38.828 -135.695 -18.981 -137.495 -6.221 -152.801 -26.067 -151.001 
-58.625 -132.067 -70.028 -115.726 -50.409 -119.217 -39.006 -135.56 
-98.181 -119.081 -85.932 -103.363 -70.213 -115.612 -82.462 -131.33 
-104.05 -111.854 -97.457 -93.048 -79.497 -84.413 -86.091 -103.219 
