-37.153 333.824 -19.959 343.899 -24.992 324.618 -42.186 314.542 
151.582 350.826 168.886 360.711 188.111 355.466 170.807 345.581 
314.339 238.669 333.627 233.661 343.725 216.48 324.437 221.488 
350.529 44.968 360.418 27.667 355.177 8.441 345.288 25.742 
221.334 -128.026 238.496 -117.897 233.523 -137.194 216.361 -147.323 
8.078 -158.77 25.37 -148.865 44.601 -154.089 27.309 -163.994 
-147.396 -19.66 -128.151 -24.833 -118.201 -42.098 -137.446 -36.925 
-158.971 188.473 -149.03 171.203 -154.213 151.961 -164.154 169.231 
-42.478 314.475 -61.744 319.569 -56.649 338.834 -37.384 333.739 
151.378 350.925 141.488 368.225 158.787 378.116 168.678 360.816 
333.484 233.847 314.207 238.901 319.261 258.177 338.537 253.124 
360.5 27.869 350.624 45.177 367.932 55.053 377.808 37.745 
253.037 -141.928 233.713 -137.06 238.58 -117.736 257.905 -122.603 
37.585 -181.273 27.528 -164.069 44.732 -154.012 54.789 -171.216 
-123.202 -61.51 -142.457 -56.374 -137.322 -37.12 -118.067 -42.256 
-171.43 141.774 -181.426 159.013 -164.186 169.009 -154.19 151.77 
-172.969 202.744 -153.041 202.748 -138.947 188.661 -158.875 188.656 
-19.638 363.941 -5.631 349.768 -5.748 329.841 -19.755 344.015 
202.461 369.468 202.42 349.54 188.301 335.479 188.342 355.407 
343.797 216.271 363.724 216.063 349.487 202.12 329.559 202.328 
335.221 8.034 355.148 8.218 369.368 -5.742 349.441 -5.926 
202.29 -133.075 216.148 -147.395 215.821 -167.32 201.963 -153.0 
7.77 -138.802 7.852 -158.729 -6.182 -172.878 -6.263 -152.951 
-153.317 -5.364 -133.389 -5.352 -147.472 -19.452 -167.4 -19.464 
-154.96 118.76 -174.642 121.883 -171.519 141.565 -151.837 138.441 
-174.624 121.68 -175.527 101.772 -195.435 102.676 -194.531 122.584 
-66.834 291.654 -78.265 307.976 -61.944 319.408 -50.512 303.086 
-78.465 307.856 -93.129 294.362 -106.623 309.026 -91.959 322.519 
138.411 348.501 118.69 351.365 121.553 371.085 141.274 368.221 
122.339 391.037 121.366 371.133 101.462 372.105 102.434 392.01 
302.593 247.305 291.51 263.866 308.071 274.949 319.153 258.389 
322.187 289.002 307.904 275.108 294.008 289.391 308.292 303.285 
367.928 55.264 348.184 57.972 350.892 77.714 370.635 75.007 
392.044 93.568 390.536 73.698 370.666 75.206 372.174 95.077 
258.116 -122.496 246.765 -106.118 263.143 -94.766 274.495 -111.144 
302.825 -112.108 288.188 -125.631 274.665 -110.995 289.302 -97.472 
74.685 -174.418 55.015 -171.229 58.205 -151.558 77.875 -154.747 
94.791 -175.507 93.732 -195.406 73.833 -194.347 74.892 -174.448 
-111.395 -77.853 -123.077 -61.708 -106.932 -50.027 -95.25 -66.172 
-97.89 -92.835 -112.684 -106.186 -126.035 -91.393 -111.242 -78.041 
-164.44 29.967 -151.657 14.68 -153.427 -5.169 -166.21 10.118 
-164.482 30.189 -175.895 46.525 -172.413 66.147 -161.0 49.81 
-194.753 83.599 -174.986 86.123 -172.462 66.356 -192.229 63.832 
-175.015 86.332 -193.682 93.304 -175.553 101.575 -156.884 94.603 
-136.001 235.629 -137.708 215.775 -152.955 202.943 -151.247 222.798 
-135.881 235.815 -132.432 255.442 -116.114 266.882 -119.564 247.255 
-131.449 279.627 -118.881 295.092 -103.416 282.525 -115.984 267.059 
-84.355 276.387 -103.263 282.682 -112.181 300.503 -93.274 294.208 
9.831 362.628 29.685 360.919 14.438 348.089 -5.417 349.797 
29.882 360.987 46.236 372.372 65.851 368.859 49.497 357.473 
63.407 388.627 83.157 391.277 85.807 371.526 66.056 368.877 
94.299 353.415 86.017 371.54 92.978 390.213 101.26 372.088 
202.64 349.415 222.5 347.759 235.371 332.546 215.512 334.201 
246.985 316.068 235.599 332.422 255.214 328.909 266.601 312.555 
266.796 312.397 279.255 327.95 294.807 315.491 282.348 299.938 
275.855 281.025 282.542 299.796 300.544 308.342 293.856 289.57 
349.585 201.924 362.466 186.719 360.824 166.86 347.942 182.065 
368.573 130.644 357.26 147.05 360.86 166.649 372.174 150.244 
368.629 130.443 388.332 133.428 391.317 113.725 371.614 110.74 
372.154 95.284 353.488 102.263 371.622 110.527 390.288 103.547 
349.298 -6.12 347.572 -25.972 332.313 -38.79 334.04 -18.938 
312.348 -70.008 315.858 -50.392 332.21 -39.003 328.7 -58.619 
300.144 -86.064 312.187 -70.187 328.063 -82.229 316.021 -98.106 
308.092 -104.451 289.484 -97.32 281.369 -79.12 299.976 -86.251 
181.908 -151.368 201.759 -153.096 186.501 -165.912 166.648 -164.183 
130.48 -172.239 146.79 -160.789 166.42 -164.225 150.11 -175.676 
110.451 -174.574 130.249 -172.303 132.521 -192.101 112.723 -194.372 
103.692 -193.409 94.998 -175.477 101.53 -156.651 110.224 -174.583 
-39.096 -135.76 -19.247 -137.524 -6.459 -152.807 -26.308 -151.043 
-58.954 -132.179 -70.364 -115.843 -50.744 -119.325 -39.333 -135.663 
-98.503 -119.12 -86.248 -103.407 -70.534 -115.663 -82.79 -131.376 
-104.444 -111.787 -97.74 -93.02 -79.73 -84.491 -86.434 -103.258 
