-37.27 333.971 -19.996 343.908 -25.184 324.668 -42.457 314.731 
151.62 350.809 168.918 360.704 188.146 355.47 170.848 345.575 
314.452 238.9 333.699 233.736 343.657 216.475 324.41 221.639 
350.5 44.862 360.453 27.598 355.283 8.353 345.33 25.617 
221.462 -127.942 238.736 -118.005 233.548 -137.246 216.274 -147.183 
8.055 -158.816 25.312 -148.851 44.561 -154.007 27.304 -163.972 
-147.462 -19.76 -128.22 -24.944 -118.281 -42.215 -137.522 -37.031 
-159.033 188.396 -149.116 171.111 -154.326 151.877 -164.243 169.161 
-42.546 314.567 -61.816 319.648 -56.735 338.917 -37.466 333.836 
151.553 350.741 141.464 367.925 158.647 378.016 168.737 360.832 
333.543 233.953 314.275 239.04 319.363 258.308 338.63 253.22 
360.538 27.794 350.497 45.007 367.71 55.048 377.751 37.835 
253.018 -142.178 233.748 -137.099 238.827 -117.829 258.096 -122.908 
37.542 -181.289 27.531 -164.059 44.762 -154.048 54.773 -171.278 
-123.194 -61.553 -142.459 -56.459 -137.365 -37.194 -118.099 -42.288 
-171.447 141.7 -181.493 158.91 -164.284 168.957 -154.237 151.747 
-173.099 202.654 -153.171 202.692 -139.053 188.628 -158.981 188.59 
-19.804 363.902 -5.688 349.837 -5.65 329.911 -19.767 343.975 
202.419 369.526 202.443 349.598 188.369 335.491 188.346 355.419 
343.722 216.235 363.65 216.281 349.593 202.158 329.664 202.112 
335.318 8.141 355.246 8.147 369.341 -5.941 349.413 -5.946 
201.937 -133.197 216.051 -147.265 216.085 -167.193 201.97 -153.125 
7.784 -138.81 7.832 -158.737 -6.226 -172.862 -6.273 -152.935 
-153.35 -5.48 -133.422 -5.444 -147.487 -19.561 -167.415 -19.597 
-154.993 118.651 -174.666 121.831 -171.486 141.503 -151.813 138.323 
-174.677 121.621 -175.685 101.718 -195.588 102.727 -194.579 122.629 
-66.51 291.719 -78.177 307.873 -62.023 319.541 -50.356 303.386 
-78.326 307.704 -93.109 294.341 -106.472 309.123 -91.689 322.486 
138.113 348.274 118.434 351.417 121.577 371.095 141.256 367.951 
122.44 391.011 121.381 371.111 101.481 372.17 102.54 392.07 
303.074 246.872 291.41 263.029 307.567 274.693 319.23 258.536 
322.147 288.257 307.397 274.86 293.998 289.609 308.749 303.007 
367.73 55.255 348.052 58.407 351.204 78.083 370.881 74.932 
391.828 94.016 390.807 74.114 370.906 75.135 371.927 95.037 
258.304 -122.785 246.625 -106.638 262.772 -94.96 274.451 -111.107 
302.753 -112.384 287.963 -125.739 274.608 -110.948 289.398 -97.594 
74.686 -174.466 55.012 -171.301 58.177 -151.626 77.851 -154.791 
94.809 -175.529 93.804 -195.431 73.902 -194.426 74.907 -174.524 
-111.423 -77.918 -123.098 -61.769 -106.949 -50.094 -95.274 -66.243 
-97.896 -92.862 -112.673 -106.232 -126.043 -91.455 -111.266 -78.085 
-164.488 29.836 -151.688 14.563 -153.436 -5.288 -166.237 9.985 
-164.551 30.053 -175.954 46.397 -172.461 66.016 -161.058 49.673 
-194.7 83.607 -174.92 86.027 -172.5 66.247 -192.28 63.827 
-174.947 86.257 -193.706 92.979 -175.689 101.491 -156.929 94.769 
-136.021 235.524 -137.776 215.673 -153.053 202.879 -151.298 222.729 
-135.939 235.751 -132.442 255.37 -116.097 266.769 -119.594 247.152 
-131.626 279.237 -119.352 294.937 -103.652 282.664 -115.926 266.964 
-84.763 276.17 -103.526 282.883 -112.047 300.897 -93.284 294.184 
9.801 362.732 29.652 360.983 14.378 348.183 -5.473 349.932 
29.877 361.0 46.219 372.402 65.838 368.909 49.496 357.507 
63.609 388.741 83.387 391.18 85.826 371.402 66.048 368.963 
94.58 353.381 86.041 371.386 92.734 390.157 101.274 372.151 
202.636 349.512 222.488 347.774 235.297 332.507 215.445 334.245 
246.916 316.096 235.503 332.432 255.124 328.951 266.538 312.615 
266.699 312.461 278.988 328.149 294.675 315.86 282.386 300.173 
275.844 281.312 282.59 300.062 300.618 308.552 293.872 289.801 
349.697 201.949 362.504 186.682 360.765 166.831 347.957 182.098 
368.717 130.66 357.301 146.994 360.779 166.616 372.195 150.282 
368.749 130.456 388.525 132.908 390.977 113.132 371.201 110.68 
371.942 95.24 353.181 101.96 371.199 110.474 389.96 103.755 
349.292 -6.145 347.555 -25.996 332.288 -38.804 334.026 -18.953 
312.375 -70.065 315.856 -50.444 332.191 -39.031 328.71 -58.653 
299.967 -85.964 312.221 -70.25 327.935 -82.504 315.681 -98.218 
308.331 -104.192 289.578 -97.451 281.085 -79.424 299.837 -86.165 
181.918 -151.495 201.769 -153.238 186.501 -166.042 166.649 -164.299 
130.468 -172.259 146.804 -160.845 166.425 -164.326 150.09 -175.739 
110.48 -174.763 130.258 -172.328 132.693 -192.106 112.914 -194.541 
103.556 -193.51 95.028 -175.5 101.732 -156.734 110.261 -174.745 
-39.144 -135.812 -19.292 -137.553 -6.487 -152.821 -26.338 -151.08 
-58.97 -132.191 -70.376 -115.851 -50.757 -119.339 -39.351 -135.68 
-98.536 -119.133 -86.265 -103.433 -70.563 -115.704 -82.834 -131.405 
-104.463 -111.796 -97.745 -93.034 -79.729 -84.518 -86.446 -103.279 
