-35.444 326.624 -17.278 334.818 -24.329 316.179 -42.494 307.985 
145.411 345.239 163.407 353.799 182.185 347.127 164.189 338.567 
305.247 240.624 324.045 234.01 332.662 216.041 313.863 222.655 
346.197 52.342 354.391 34.177 347.341 15.538 339.147 33.703 
223.512 -118.596 241.935 -110.999 234.28 -129.398 215.857 -136.995 
14.052 -152.263 32.067 -143.744 50.83 -150.459 32.814 -158.978 
-139.301 -18.544 -120.439 -24.973 -111.649 -42.857 -130.511 -36.427 
-151.565 183.819 -142.895 165.877 -149.451 147.059 -158.121 165.001 
-42.627 307.971 -61.253 315.057 -54.167 333.682 -35.541 326.595 
144.999 346.029 137.186 364.36 155.517 372.174 163.331 353.843 
324.002 234.095 305.533 241.58 313.018 260.049 331.487 252.564 
354.432 34.268 347.28 52.868 365.879 60.02 373.032 41.42 
252.474 -137.653 234.352 -129.362 242.643 -111.241 260.765 -119.532 
41.231 -177.113 32.924 -159.0 51.038 -150.692 59.345 -168.806 
-118.237 -61.924 -137.049 -55.349 -130.474 -36.538 -111.662 -43.113 
-167.409 138.268 -176.093 156.204 -158.157 164.888 -149.473 146.952 
-166.301 197.285 -146.398 198.287 -131.616 184.923 -151.519 183.921 
-17.69 354.793 -3.252 341.058 -2.755 321.138 -17.192 334.872 
195.879 361.666 196.55 341.749 182.942 327.192 182.271 347.109 
332.699 215.959 352.601 216.963 339.239 202.18 319.335 201.176 
327.44 13.988 347.315 15.442 362.397 2.418 342.523 0.963 
200.201 -124.608 215.79 -137.022 218.036 -156.823 202.447 -144.409 
12.58 -132.328 13.958 -152.207 0.876 -167.239 -0.503 -147.36 
-145.727 -4.585 -125.813 -3.83 -139.36 -18.445 -159.274 -19.2 
-156.426 112.219 -174.906 119.677 -167.448 138.157 -148.968 130.699 
-174.917 119.574 -173.609 99.689 -193.494 98.382 -194.802 118.267 
-67.719 287.549 -78.247 304.468 -61.328 314.997 -50.8 298.077 
-78.327 304.428 -95.443 294.222 -105.649 311.337 -88.534 321.543 
135.139 344.54 115.308 346.507 117.275 366.336 137.106 364.37 
126.666 383.894 117.204 366.356 99.666 375.818 109.128 393.357 
297.782 247.24 284.891 262.437 300.088 275.328 312.978 260.131 
319.128 281.089 300.034 275.39 294.333 294.485 313.428 300.184 
365.902 60.109 346.122 62.539 348.553 82.318 368.332 79.888 
392.542 94.426 387.676 75.101 368.352 79.967 373.218 99.292 
260.842 -119.497 250.444 -102.498 267.443 -92.099 277.842 -109.098 
305.766 -104.801 293.955 -120.851 277.905 -109.04 289.716 -92.991 
78.232 -175.473 59.439 -168.847 66.065 -150.053 84.858 -156.679 
98.123 -173.223 100.366 -193.024 80.565 -195.267 78.322 -175.466 
-108.685 -79.538 -118.176 -62.015 -100.654 -52.524 -91.163 -70.046 
-95.601 -94.694 -110.677 -107.725 -123.708 -92.648 -108.631 -79.617 
-159.985 29.484 -145.839 15.448 -145.761 -4.48 -159.907 9.556 
-160.036 29.581 -172.914 44.789 -171.267 64.648 -158.389 49.44 
-194.662 80.487 -175.105 84.311 -171.281 64.754 -190.838 60.93 
-175.13 84.413 -192.697 93.82 -173.624 99.591 -156.056 90.184 
-132.701 232.583 -132.455 212.657 -146.371 198.393 -146.617 218.32 
-132.649 232.674 -131.621 252.575 -116.822 265.921 -117.85 246.02 
-132.799 277.87 -120.943 293.888 -104.926 282.032 -116.782 266.014 
-85.634 276.848 -104.856 282.103 -114.733 299.411 -95.51 294.156 
10.22 355.86 30.124 356.843 16.746 342.074 -3.158 341.091 
30.216 356.882 44.947 370.301 64.853 369.373 50.122 355.954 
61.685 389.046 81.345 392.302 84.601 372.642 64.941 369.386 
95.981 356.241 84.679 372.654 88.294 392.251 99.595 375.838 
196.637 341.717 216.522 343.036 231.514 329.909 211.63 328.59 
245.085 315.199 231.606 329.878 251.516 329.029 264.994 314.351 
265.071 314.295 276.566 330.574 292.844 319.08 281.349 302.801 
277.964 283.126 281.425 302.751 297.748 314.18 294.287 294.556 
339.29 202.103 354.404 189.115 355.907 169.245 340.793 182.232 
367.759 134.285 354.622 149.271 355.929 169.155 369.066 154.17 
367.801 134.206 387.542 136.923 390.259 117.182 370.518 114.465 
373.213 99.371 353.74 103.605 370.503 114.381 389.976 110.146 
342.482 0.875 343.904 -19.002 330.854 -34.062 329.432 -14.186 
313.168 -66.464 315.309 -46.651 330.832 -34.157 328.691 -53.969 
300.603 -82.055 313.101 -66.534 328.622 -79.031 316.124 -94.552 
308.216 -100.535 289.791 -92.942 282.134 -74.545 300.557 -82.138 
182.456 -144.941 202.377 -144.446 188.641 -158.883 168.719 -159.377 
133.423 -170.185 148.797 -157.505 168.633 -159.409 153.26 -172.089 
113.532 -172.45 133.334 -170.21 135.573 -190.012 115.772 -192.252 
106.747 -191.234 98.211 -173.228 104.907 -154.459 113.443 -172.466 
-34.774 -133.605 -14.847 -133.394 -0.609 -147.335 -20.535 -147.546 
-54.68 -131.448 -67.204 -115.949 -47.388 -118.052 -34.863 -133.552 
-95.167 -120.068 -83.315 -104.049 -67.295 -115.902 -79.147 -131.921 
-100.595 -114.027 -95.529 -94.753 -78.319 -84.707 -83.385 -103.981 
