40.648 184.331 49.599 202.135 55.859 183.216 46.907 165.412 
108.13 181.545 116.554 199.605 135.281 206.419 126.857 188.359 
162.866 151.187 181.449 158.383 199.678 150.331 181.095 143.135 
181.579 91.269 199.997 83.66 207.64 65.257 189.222 72.866 
145.584 15.351 152.447 34.06 160.823 15.978 153.96 -2.731 
65.715 -13.814 71.632 5.215 89.272 14.486 83.354 -4.543 
-5.924 45.681 12.141 54.093 30.863 47.267 12.798 38.855 
-10.204 137.827 7.763 129.208 14.372 110.408 -3.594 119.027 
25.777 171.064 12.507 185.931 27.375 199.2 40.644 184.332 
96.658 200.776 97.83 220.669 117.722 219.498 116.551 199.605 
181.448 158.384 168.187 173.26 183.063 186.521 196.323 171.645 
199.997 83.664 200.926 103.57 220.832 102.641 219.903 82.735 
174.534 1.515 160.825 15.979 175.29 29.687 188.998 15.223 
83.107 -24.469 83.357 -4.542 103.283 -4.792 103.033 -24.718 
12.275 10.678 -1.551 25.03 12.799 38.855 26.626 24.504 
-24.234 99.834 -23.511 119.748 -3.597 119.025 -4.32 99.11 
-27.329 127.64 -22.426 146.955 -5.301 157.146 -10.204 137.83 
30.618 208.196 48.327 217.334 67.31 211.273 49.601 202.136 
126.446 224.279 145.325 217.897 154.162 200.037 135.283 206.418 
199.679 150.329 205.673 169.334 214.874 151.659 208.88 132.652 
202.419 46.022 207.64 65.254 224.93 75.161 219.71 55.929 
137.541 -14.028 153.959 -2.732 173.555 -6.354 157.137 -17.649 
45.909 -11.604 65.713 -13.817 78.152 -29.386 58.349 -27.173 
-20.812 42.359 -17.379 61.989 -5.926 45.681 -9.359 26.051 
-41.757 77.757 -44.033 97.555 -24.235 99.831 -21.959 80.033 
-44.033 97.554 -46.39 117.342 -26.601 119.699 -24.245 99.911 
-15.576 183.535 -2.734 198.772 12.504 185.932 -0.338 170.693 
-2.732 198.772 10.11 214.01 25.348 201.169 12.507 185.931 
78.018 218.514 75.862 238.325 95.673 240.48 97.828 220.669 
97.827 220.67 95.672 240.481 115.483 242.636 117.638 222.825 
167.234 198.628 179.34 214.457 195.169 202.35 183.062 186.523 
183.064 186.527 195.172 202.354 210.999 190.247 198.891 174.42 
220.834 102.644 217.941 122.362 237.658 125.252 240.55 105.535 
223.729 82.923 220.831 102.639 240.547 105.536 243.444 85.82 
189.0 15.224 200.66 31.384 216.82 19.723 205.16 3.563 
177.344 -0.962 188.989 15.209 205.16 3.563 193.515 -12.607 
106.379 -44.364 103.036 -24.719 122.681 -21.375 126.025 -41.02 
86.819 -48.164 83.017 -28.603 102.578 -24.801 106.38 -44.362 
0.864 -5.66 12.275 10.677 28.612 -0.734 17.201 -17.071 
-15.547 5.642 -4.245 22.054 12.167 10.752 0.865 -5.66 
-52.947 60.34 -33.157 58.004 -20.814 42.359 -40.604 44.694 
-52.949 60.341 -56.468 79.956 -45.087 96.314 -41.568 76.699 
-73.248 95.271 -59.69 109.875 -45.086 96.316 -58.644 81.712 
-59.692 109.876 -62.05 129.663 -46.39 117.339 -44.033 97.551 
-36.475 180.995 -22.402 166.885 -22.429 146.958 -36.501 161.068 
-36.476 180.997 -23.997 196.533 -4.186 198.694 -16.666 183.159 
-24.109 198.448 -24.355 218.375 -4.429 218.621 -4.182 198.695 
-2.731 198.769 -4.428 218.625 8.413 233.864 10.109 214.009 
46.078 237.137 58.486 252.73 60.738 232.93 48.329 217.337 
58.489 252.732 78.311 254.779 93.775 242.21 73.953 240.163 
79.977 256.585 94.352 270.386 108.153 256.012 93.778 242.21 
95.67 240.481 108.155 256.013 127.966 258.168 115.481 242.636 
145.327 217.898 156.916 234.111 176.573 237.38 164.985 221.168 
179.183 217.623 176.576 237.38 192.389 225.253 194.995 205.496 
194.997 205.494 195.504 225.415 215.424 224.908 214.917 204.987 
195.169 202.355 214.922 204.986 230.749 192.88 210.997 190.249 
214.877 151.657 234.513 155.058 250.801 143.579 231.166 140.178 
242.426 107.721 239.189 127.384 250.803 143.577 254.041 123.913 
242.426 107.718 256.499 121.827 270.608 107.754 256.535 93.645 
243.444 85.82 240.547 105.537 256.537 93.643 259.433 73.927 
219.711 55.927 235.448 43.704 237.933 23.931 222.196 36.155 
207.111 3.786 218.35 20.241 237.933 23.929 226.694 7.474 
208.361 -16.104 207.109 3.784 226.997 5.035 228.248 -14.852 
196.716 -32.276 193.515 -12.607 205.161 3.564 208.361 -16.105 
143.187 -31.882 157.137 -17.652 157.336 -37.578 143.386 -51.809 
107.207 -44.947 126.717 -40.886 143.384 -51.81 123.874 -55.871 
95.238 -60.88 107.205 -44.946 123.139 -56.913 111.172 -72.847 
75.676 -64.682 86.821 -48.163 106.382 -44.362 95.237 -60.882 
22.87 -37.033 38.567 -24.756 58.347 -27.175 42.65 -39.451 
5.834 -26.691 1.102 -7.334 18.136 -17.675 22.868 -37.033 
-16.788 -29.106 -18.731 -9.274 1.103 -7.332 3.045 -27.164 
-35.144 2.028 -15.547 5.641 0.866 -5.661 -18.732 -9.275 
