-15.649 269.101 -0.037 281.487 -2.318 261.69 -17.93 249.304 
119.593 287.0 134.917 299.74 154.761 297.912 139.437 285.173 
243.944 219.865 263.836 218.666 277.054 203.752 257.162 204.951 
288.096 85.512 301.895 71.134 301.485 51.211 287.687 65.589 
211.722 -58.515 225.571 -44.186 225.91 -64.111 212.061 -78.44 
49.66 -106.883 63.566 -92.609 83.492 -92.348 69.586 -106.622 
-84.937 -4.228 -65.032 -5.163 -51.618 -19.899 -71.524 -18.964 
-101.456 159.284 -88.93 143.786 -91.032 123.97 -103.558 139.468 
-19.673 249.575 -39.193 253.59 -35.178 273.108 -15.659 269.094 
118.629 288.238 107.128 304.511 123.399 316.013 134.902 299.74 
263.83 218.677 244.135 221.713 247.171 241.408 266.866 238.372 
301.895 71.147 289.875 87.041 305.769 99.061 317.789 83.167 
245.724 -66.298 225.917 -64.104 228.111 -44.297 247.918 -46.491 
81.924 -122.28 69.593 -106.626 85.248 -94.295 97.579 -109.95 
-56.838 -43.027 -76.207 -38.34 -71.521 -18.972 -52.152 -23.659 
-111.13 112.31 -120.919 129.668 -103.561 139.456 -93.772 122.098 
-119.717 167.265 -101.166 174.545 -82.901 166.575 -101.452 159.295 
-8.758 299.407 10.081 292.913 18.811 275.0 -0.028 281.494 
160.297 317.053 169.931 299.609 164.409 280.462 154.775 297.907 
277.064 203.742 294.127 214.037 289.342 194.693 272.278 184.398 
284.544 40.702 301.484 51.198 320.884 46.642 303.944 36.146 
192.861 -73.091 212.055 -78.448 221.839 -95.809 202.645 -90.452 
42.398 -88.324 49.651 -106.884 41.657 -125.138 34.403 -106.578 
-94.954 7.286 -76.058 13.615 -84.944 -4.222 -103.84 -10.551 
-103.317 85.225 -120.764 94.854 -111.134 112.301 -93.687 102.671 
-120.765 94.852 -138.316 104.29 -128.878 121.841 -111.327 112.403 
-56.994 231.727 -59.025 251.55 -39.202 253.583 -37.17 233.759 
-59.03 251.542 -61.068 271.366 -41.244 273.404 -39.207 253.581 
93.486 289.979 78.95 303.612 92.582 318.146 107.118 304.514 
107.118 304.515 92.581 318.146 106.212 332.683 120.749 319.052 
227.246 240.863 226.693 260.783 246.613 261.335 247.165 241.416 
247.189 241.418 246.612 261.337 266.531 261.916 267.108 241.997 
305.772 99.07 290.895 112.33 304.155 127.205 319.031 113.945 
321.235 85.854 306.085 98.8 319.03 113.949 334.18 101.004 
247.924 -46.488 246.477 -26.613 266.352 -25.166 267.799 -45.041 
253.301 -69.206 248.467 -49.874 267.8 -45.04 272.633 -64.372 
112.912 -122.687 97.584 -109.953 110.319 -94.625 125.646 -107.358 
108.313 -142.069 88.925 -137.467 93.527 -118.079 112.915 -122.681 
-51.839 -62.324 -56.835 -43.032 -37.544 -38.037 -32.548 -57.328 
-68.178 -73.73 -79.582 -57.389 -63.241 -45.984 -51.836 -62.325 
-115.338 37.96 -98.797 26.847 -94.958 7.293 -111.5 18.406 
-115.341 37.967 -129.963 51.507 -130.729 71.42 -116.107 57.88 
-157.604 79.92 -139.922 89.109 -130.733 71.427 -148.415 62.237 
-139.923 89.117 -157.428 98.638 -138.318 104.284 -120.812 94.762 
-92.452 210.331 -89.398 190.639 -101.164 174.555 -104.217 194.248 
-92.448 210.342 -93.153 230.257 -79.569 244.838 -78.865 224.923 
-98.841 249.899 -93.788 269.176 -74.511 264.123 -79.564 244.846 
-59.069 251.532 -74.506 264.134 -76.511 283.96 -61.074 271.358 
21.909 308.966 41.611 311.953 29.792 295.909 10.09 292.921 
41.62 311.961 55.073 326.662 74.981 327.544 61.528 312.843 
64.48 344.474 81.407 354.989 91.922 338.062 74.995 327.547 
92.566 318.151 91.934 338.068 105.57 352.6 106.203 332.682 
169.945 299.61 189.557 303.147 205.925 291.781 186.313 288.243 
220.818 278.523 205.937 291.777 225.831 292.928 240.713 279.674 
240.724 279.668 244.546 299.226 264.103 295.405 260.282 275.847 
246.605 261.362 260.294 275.843 280.213 276.404 266.524 261.923 
289.351 194.682 306.002 183.734 310.034 164.219 293.383 175.167 
327.209 131.633 311.879 144.365 310.042 164.208 325.372 151.476 
327.213 131.62 343.322 143.351 355.053 127.242 338.943 115.511 
334.181 101.012 319.077 114.012 338.949 115.5 354.053 102.499 
303.944 36.134 308.148 16.656 297.347 -0.091 293.143 19.388 
288.013 -35.721 285.302 -15.979 297.344 -0.102 300.055 -19.844 
285.007 -55.432 288.009 -35.732 307.709 -38.734 304.707 -58.434 
289.598 -74.832 272.638 -64.368 268.045 -44.978 285.004 -55.441 
183.161 -94.668 202.638 -90.456 191.845 -107.207 172.367 -111.419 
140.885 -130.536 152.663 -114.461 172.358 -111.424 160.58 -127.498 
123.462 -140.23 140.875 -130.54 150.565 -147.953 133.153 -157.643 
118.108 -159.43 108.314 -142.075 113.661 -122.879 123.454 -140.234 
-1.886 -100.292 17.557 -95.921 34.395 -106.578 14.953 -110.949 
-21.699 -102.489 -37.259 -90.041 -17.454 -87.84 -1.893 -100.289 
-63.204 -101.059 -55.747 -82.58 -37.267 -90.038 -44.724 -108.517 
-72.641 -93.156 -68.178 -73.735 -51.289 -63.158 -55.752 -82.579 
