-37.275 333.899 -20.01 343.85 -25.181 324.605 -42.446 314.653 
151.684 350.826 168.989 360.708 188.213 355.459 170.908 345.577 
314.396 238.915 333.647 233.767 343.619 216.513 324.368 221.662 
350.406 44.788 360.434 27.567 355.348 8.299 345.32 25.52 
221.359 -127.931 238.607 -117.949 233.469 -137.203 216.221 -147.185 
8.042 -158.833 25.321 -148.905 44.559 -154.104 27.28 -164.031 
-147.345 -19.89 -128.095 -25.045 -118.129 -42.3 -137.378 -37.146 
-159.036 188.417 -149.126 171.129 -154.343 151.896 -164.253 169.184 
-42.623 314.554 -61.886 319.657 -56.784 338.92 -37.521 333.817 
151.63 350.74 141.54 367.924 158.723 378.015 168.814 360.831 
333.562 233.979 314.302 239.096 319.42 258.356 338.679 253.238 
360.46 27.78 350.471 45.024 367.715 55.012 377.704 37.769 
252.927 -142.23 233.671 -137.1 238.8 -117.844 258.056 -122.973 
37.532 -181.286 27.488 -164.075 44.699 -154.03 54.743 -171.242 
-123.121 -61.729 -142.383 -56.619 -137.273 -37.358 -118.011 -42.468 
-171.47 141.713 -181.546 158.906 -164.354 168.982 -154.278 151.789 
-173.088 202.696 -153.16 202.737 -139.04 188.675 -158.968 188.634 
-19.804 363.9 -5.706 349.818 -5.694 329.891 -19.792 343.973 
202.477 369.5 202.507 349.572 188.438 335.459 188.408 355.387 
343.727 216.322 363.655 216.373 349.6 202.246 329.671 202.195 
335.319 8.089 355.247 8.109 369.352 -5.968 349.424 -5.988 
201.929 -133.221 216.031 -147.301 216.048 -167.229 201.945 -153.149 
7.816 -138.819 7.85 -158.746 -6.218 -172.86 -6.251 -152.933 
-153.311 -5.604 -133.383 -5.566 -147.448 -19.684 -167.376 -19.721 
-155.01 118.662 -174.684 121.831 -171.516 141.506 -151.841 138.337 
-174.672 121.612 -175.673 101.71 -195.575 102.71 -194.575 122.613 
-66.52 291.645 -78.197 307.793 -62.05 319.47 -50.373 303.322 
-78.395 307.69 -93.177 294.325 -106.542 309.106 -91.76 322.47 
138.115 348.287 118.448 351.498 121.658 371.165 141.326 367.954 
122.407 391.083 121.442 371.178 101.537 372.144 102.503 392.048 
303.159 246.796 291.427 262.904 307.536 274.636 319.266 258.528 
322.276 288.112 307.424 274.827 294.138 289.678 308.99 302.964 
367.798 55.217 348.13 58.43 351.344 78.096 371.011 74.883 
391.829 94.09 390.906 74.184 371.001 75.106 371.923 95.013 
258.229 -122.819 246.538 -106.681 262.676 -94.989 274.367 -111.127 
302.709 -112.463 287.906 -125.804 274.565 -111.001 289.368 -97.661 
74.63 -174.474 54.958 -171.297 58.135 -151.624 77.807 -154.801 
94.75 -175.472 93.748 -195.374 73.846 -194.371 74.849 -174.469 
-111.303 -78.052 -122.978 -61.903 -106.829 -50.228 -95.154 -66.377 
-97.824 -93.006 -112.61 -106.365 -125.97 -91.578 -111.183 -78.219 
-164.457 29.748 -151.649 14.481 -153.389 -5.371 -166.196 9.897 
-164.537 29.997 -175.947 46.336 -172.462 65.956 -161.052 49.618 
-194.696 83.566 -174.916 85.992 -172.491 66.212 -192.27 63.787 
-174.962 86.239 -193.723 92.957 -175.707 101.473 -156.946 94.754 
-136.04 235.593 -137.783 215.741 -153.053 202.937 -151.309 222.789 
-135.931 235.792 -132.44 255.412 -116.098 266.817 -119.589 247.198 
-131.678 279.265 -119.414 294.972 -103.707 282.708 -115.971 267.001 
-84.811 276.126 -103.563 282.872 -112.051 300.901 -93.3 294.155 
9.8 362.681 29.651 360.931 14.376 348.132 -5.475 349.883 
29.871 360.993 46.207 372.405 65.828 368.924 49.492 357.512 
63.631 388.725 83.41 391.155 85.839 371.376 66.06 368.946 
94.58 353.38 86.078 371.403 92.81 390.159 101.312 372.137 
202.704 349.501 222.554 347.75 235.353 332.475 215.502 334.226 
246.946 316.02 235.547 332.366 255.165 328.868 266.564 312.522 
266.774 312.427 279.018 328.149 294.74 315.906 282.496 300.183 
275.978 281.233 282.636 300.014 300.625 308.587 293.966 289.806 
349.661 202.019 362.469 186.753 360.731 166.902 347.923 182.168 
368.752 130.712 357.329 147.042 360.799 166.665 372.221 150.336 
368.778 130.483 388.561 132.882 390.959 113.099 371.177 110.701 
371.947 95.241 353.19 101.971 371.212 110.475 389.969 103.744 
349.339 -6.192 347.594 -26.042 332.322 -38.844 334.068 -18.994 
312.365 -70.064 315.846 -50.443 332.181 -39.03 328.7 -58.652 
299.968 -85.98 312.242 -70.281 327.941 -82.555 315.667 -98.253 
308.293 -104.169 289.528 -97.461 281.004 -79.449 299.768 -86.157 
181.88 -151.465 201.73 -153.212 186.459 -166.014 166.608 -164.266 
130.44 -172.274 146.781 -160.869 166.401 -164.359 150.06 -175.764 
110.425 -174.688 130.207 -172.283 132.612 -192.065 112.83 -194.47 
103.493 -193.508 94.966 -175.496 101.673 -156.732 110.2 -174.743 
-39.11 -135.853 -19.259 -137.598 -6.457 -152.869 -26.307 -151.124 
-58.901 -132.234 -70.309 -115.895 -50.689 -119.381 -39.281 -135.721 
-98.482 -119.227 -86.208 -103.528 -70.509 -115.803 -82.783 -131.501 
-104.366 -111.895 -97.659 -93.129 -79.648 -84.602 -86.355 -103.368 
