-37.313 333.896 -19.971 343.713 -25.292 324.509 -42.635 314.692 
151.547 350.908 168.858 360.781 188.079 355.521 170.768 345.649 
314.344 239.336 333.544 233.998 343.345 216.647 324.146 221.985 
350.769 45.157 360.458 27.743 354.995 8.578 345.307 25.993 
221.354 -127.887 238.42 -117.596 233.629 -136.939 216.564 -147.23 
8.223 -158.872 25.439 -148.834 44.709 -153.91 27.494 -163.947 
-147.298 -19.95 -128.046 -25.094 -118.07 -42.344 -137.322 -37.201 
-158.974 188.346 -149.011 171.089 -154.168 151.84 -164.132 169.098 
-42.657 314.587 -61.914 319.713 -56.789 338.97 -37.531 333.844 
151.416 350.828 141.417 368.065 158.653 378.065 168.653 360.827 
333.376 234.16 314.178 239.504 319.522 258.702 338.72 253.358 
360.55 27.956 350.851 45.365 368.259 55.063 377.958 37.655 
253.158 -141.621 233.82 -136.809 238.632 -117.471 257.97 -122.283 
37.815 -181.205 27.725 -164.02 44.91 -153.93 55.0 -171.115 
-123.004 -61.742 -142.272 -56.658 -137.188 -37.39 -117.919 -42.475 
-171.572 141.693 -181.497 158.974 -164.216 168.898 -154.292 151.617 
-172.938 202.736 -153.01 202.615 -139.005 188.438 -158.933 188.56 
-19.984 363.745 -5.74 349.81 -5.521 329.884 -19.765 343.82 
202.396 369.476 202.347 349.549 188.222 335.493 188.271 355.421 
343.439 216.446 363.367 216.49 349.308 202.368 329.379 202.324 
335.017 7.705 354.934 8.361 369.482 -5.258 349.565 -5.914 
202.569 -132.901 216.346 -147.3 215.906 -167.223 202.129 -152.824 
8.128 -138.895 7.977 -158.821 -6.221 -172.805 -6.07 -152.879 
-153.183 -5.622 -133.255 -5.652 -147.366 -19.722 -167.294 -19.693 
-155.008 118.664 -174.689 121.79 -171.563 141.471 -151.882 138.346 
-174.739 121.577 -175.558 101.666 -195.469 102.485 -194.65 122.396 
-67.42 291.909 -78.613 308.396 -62.127 319.59 -50.933 303.103 
-78.777 308.184 -92.981 294.207 -106.958 308.412 -92.754 322.388 
139.314 348.266 119.477 350.175 121.386 370.01 141.222 368.101 
123.641 389.827 121.176 370.052 101.401 372.516 103.866 392.291 
304.089 246.129 291.328 261.434 306.634 274.196 319.394 258.89 
322.113 286.692 306.478 274.337 294.122 289.971 309.757 302.326 
368.285 55.302 348.472 57.442 350.613 77.254 370.426 75.114 
392.105 93.399 390.308 73.552 370.462 75.35 372.26 95.196 
258.185 -122.189 246.879 -105.779 263.289 -94.473 274.595 -110.883 
302.902 -112.165 288.115 -125.523 274.757 -110.735 289.544 -97.378 
74.888 -174.394 55.23 -171.13 58.494 -151.471 78.152 -154.735 
95.011 -175.304 94.129 -195.211 74.222 -194.33 75.103 -174.422 
-111.2 -78.065 -122.905 -61.937 -106.777 -50.232 -95.072 -66.36 
-97.677 -92.974 -112.445 -106.353 -125.825 -91.585 -111.056 -78.206 
-164.318 29.734 -151.527 14.454 -153.286 -5.396 -166.078 9.884 
-164.364 29.995 -175.781 46.328 -172.303 65.95 -160.887 49.617 
-194.709 83.391 -174.949 85.968 -172.372 66.207 -192.132 63.63 
-174.949 86.209 -193.631 93.142 -175.518 101.45 -156.835 94.517 
-136.003 235.52 -137.683 215.663 -152.913 202.81 -151.232 222.667 
-135.913 235.722 -132.365 255.332 -115.99 266.689 -119.538 247.08 
-131.312 279.459 -118.725 294.909 -103.276 282.322 -115.863 266.872 
-84.238 276.252 -103.155 282.518 -112.1 300.326 -93.183 294.059 
9.727 362.708 29.581 360.997 14.332 348.168 -5.522 349.879 
29.801 361.036 46.145 372.436 65.763 368.941 49.42 357.541 
63.001 388.667 82.703 391.659 85.695 371.957 65.993 368.965 
94.236 353.837 85.929 371.951 92.865 390.633 101.171 372.519 
202.567 349.472 222.423 347.787 235.273 332.556 215.416 334.24 
246.8 316.035 235.456 332.419 255.063 328.855 266.406 312.471 
266.587 312.367 278.181 328.575 294.388 316.982 282.795 300.774 
275.749 282.057 282.942 300.64 301.169 308.695 293.975 290.111 
349.445 202.186 362.245 186.912 360.496 167.062 347.696 182.336 
368.448 130.867 357.045 147.21 360.538 166.829 371.941 150.487 
368.537 130.653 388.31 133.125 390.782 113.351 371.008 110.88 
372.236 95.436 353.274 101.564 371.016 110.639 389.978 104.51 
349.434 -6.086 347.643 -25.932 332.342 -38.7 334.134 -18.853 
312.361 -69.881 315.88 -50.266 332.238 -38.885 328.719 -58.5 
300.291 -85.994 312.213 -70.026 328.18 -81.947 316.259 -97.915 
308.346 -104.32 289.71 -97.262 281.524 -79.094 300.159 -86.152 
182.074 -151.208 201.928 -152.91 186.687 -165.746 166.831 -164.045 
130.663 -172.051 146.991 -160.626 166.615 -164.093 150.287 -175.518 
110.698 -174.83 130.439 -172.106 133.163 -191.847 113.422 -194.571 
103.374 -193.466 95.227 -175.28 102.325 -156.66 110.472 -174.846 
-38.95 -135.758 -19.097 -137.489 -6.284 -152.751 -26.136 -151.02 
-58.793 -132.213 -70.219 -115.887 -50.596 -119.351 -39.169 -135.678 
-98.348 -119.214 -86.096 -103.498 -70.38 -115.751 -82.632 -131.466 
-104.295 -111.879 -97.55 -93.127 -79.521 -84.638 -86.266 -103.39 
