-37.36 333.842 -20.111 343.821 -25.251 324.568 -42.501 314.589 
151.722 350.673 168.987 360.627 188.232 355.458 170.968 345.504 
314.369 238.742 333.635 233.646 343.654 216.42 324.389 221.516 
350.377 44.78 360.365 27.535 355.233 8.28 345.246 25.524 
221.404 -127.908 238.67 -117.958 233.497 -137.203 216.23 -147.152 
8.027 -158.737 25.304 -148.804 44.543 -153.997 27.267 -163.929 
-147.351 -19.839 -128.099 -24.982 -118.122 -42.232 -137.375 -37.089 
-159.033 188.308 -149.041 171.067 -154.167 151.81 -164.159 169.051 
-42.65 314.438 -61.914 319.537 -56.815 338.801 -37.55 333.701 
151.52 350.701 141.497 367.924 158.72 377.948 168.743 360.724 
333.522 233.83 314.277 239.002 319.448 258.247 338.693 253.075 
360.448 27.76 350.463 45.006 367.708 54.991 377.694 37.746 
252.966 -142.166 233.698 -137.081 238.784 -117.813 258.052 -122.898 
37.474 -181.237 27.441 -164.02 44.658 -153.986 54.692 -171.204 
-123.1 -61.607 -142.362 -56.497 -137.253 -37.237 -117.991 -42.346 
-171.463 141.6 -181.467 158.835 -164.232 168.839 -154.228 151.604 
-173.072 202.573 -153.144 202.613 -139.024 188.551 -158.952 188.511 
-19.925 363.822 -5.809 349.757 -5.771 329.83 -19.888 343.895 
202.568 369.5 202.59 349.572 188.515 335.466 188.493 355.394 
343.74 216.226 363.668 216.247 349.593 202.141 329.664 202.12 
335.256 8.022 355.184 8.054 369.298 -6.014 349.37 -6.046 
201.895 -133.176 216.009 -147.244 216.042 -167.172 201.928 -153.104 
7.81 -138.763 7.845 -158.69 -6.221 -172.806 -6.256 -152.879 
-153.285 -5.58 -133.357 -5.544 -147.423 -19.66 -167.351 -19.696 
-154.974 118.54 -174.651 121.696 -171.495 141.372 -151.819 138.217 
-174.697 121.475 -175.703 101.573 -195.605 102.578 -194.599 122.481 
-66.584 291.604 -78.268 307.746 -62.127 319.432 -50.442 303.289 
-78.421 307.59 -93.202 294.224 -106.567 309.006 -91.786 322.37 
138.078 348.265 118.403 351.43 121.568 371.104 141.243 367.939 
122.332 391.055 121.324 371.153 101.422 372.16 102.429 392.063 
303.166 246.748 291.495 262.9 307.647 274.572 319.317 258.42 
322.301 288.101 307.519 274.737 294.155 289.518 308.936 302.882 
367.716 55.226 348.041 58.398 351.214 78.071 370.888 74.898 
391.827 94.013 390.823 74.11 370.921 75.115 371.926 95.017 
258.253 -122.782 246.582 -106.629 262.735 -94.958 274.405 -111.111 
302.715 -112.376 287.935 -125.743 274.569 -110.963 289.349 -97.597 
74.577 -174.372 54.905 -171.199 58.078 -151.525 77.751 -154.699 
94.681 -175.43 93.679 -195.332 73.777 -194.329 74.779 -174.428 
-111.328 -77.935 -123.007 -61.788 -106.86 -50.109 -95.181 -66.256 
-97.813 -92.872 -112.599 -106.231 -125.958 -91.444 -111.171 -78.085 
-164.42 29.734 -151.614 14.465 -153.356 -5.386 -166.162 9.882 
-164.48 29.948 -175.906 46.275 -172.44 65.899 -161.014 49.572 
-194.706 83.468 -174.927 85.899 -172.496 66.12 -192.275 63.689 
-174.924 86.124 -193.686 92.837 -175.672 101.357 -156.909 94.643 
-136.061 235.487 -137.779 215.633 -153.034 202.81 -151.314 222.664 
-135.941 235.685 -132.48 255.309 -116.156 266.739 -119.617 247.115 
-131.718 279.171 -119.457 294.881 -103.747 282.619 -116.008 266.91 
-84.852 276.082 -103.615 282.794 -112.137 300.808 -93.374 294.096 
9.67 362.665 29.522 360.926 14.255 348.118 -5.597 349.857 
29.749 360.966 46.084 372.378 65.706 368.895 49.37 357.484 
63.496 388.735 83.274 391.167 85.707 371.388 65.928 368.956 
94.463 353.365 85.949 371.382 92.669 390.143 101.183 372.126 
202.805 349.438 222.656 347.685 235.453 332.409 215.602 334.162 
247.067 315.972 235.666 332.317 255.285 328.821 266.686 312.477 
266.845 312.329 279.12 328.028 294.818 315.753 282.543 300.055 
275.996 281.163 282.716 299.923 300.732 308.437 294.013 289.677 
349.701 201.956 362.492 186.675 360.731 166.826 347.94 182.107 
368.656 130.644 357.26 146.993 360.762 166.61 372.158 150.262 
368.736 130.445 388.517 132.863 390.935 113.083 371.154 110.665 
371.898 95.22 353.138 101.942 371.156 110.454 389.916 103.733 
349.25 -6.235 347.502 -26.085 332.23 -38.886 333.977 -19.036 
312.322 -70.121 315.81 -50.501 332.15 -39.094 328.661 -58.714 
299.892 -85.979 312.16 -70.276 327.863 -82.544 315.595 -98.247 
308.287 -104.183 289.525 -97.467 281.008 -79.451 299.769 -86.168 
181.851 -151.448 201.701 -153.195 186.43 -165.996 166.579 -164.249 
130.376 -172.202 146.722 -160.802 166.34 -164.299 149.995 -175.699 
110.357 -174.672 130.137 -172.251 132.559 -192.031 112.778 -194.452 
103.403 -193.432 94.892 -175.413 101.614 -156.654 110.126 -174.673 
-39.094 -135.753 -19.242 -137.503 -6.444 -152.776 -26.294 -151.027 
-58.915 -132.158 -70.323 -115.82 -50.703 -119.306 -39.295 -135.645 
-98.46 -119.128 -86.202 -103.417 -70.491 -115.676 -82.749 -131.387 
-104.403 -111.809 -97.682 -93.049 -79.664 -84.536 -86.385 -103.296 
