-37.056 334.044 -19.683 343.806 -25.066 324.619 -42.439 314.857 
151.749 350.471 168.979 360.485 188.242 355.382 171.012 345.369 
314.489 238.785 333.735 233.618 343.691 216.355 324.445 221.522 
350.092 44.656 360.322 27.553 355.462 8.227 345.233 25.33 
221.431 -127.824 238.695 -117.87 233.526 -137.115 216.262 -147.07 
7.977 -158.844 25.145 -148.724 44.439 -153.707 27.272 -163.827 
-147.291 -19.746 -128.051 -24.934 -118.114 -42.206 -137.355 -37.019 
-158.827 188.535 -148.954 171.226 -154.213 152.004 -164.086 169.313 
-42.638 314.715 -61.83 320.081 -56.464 339.272 -37.272 333.906 
151.65 350.404 141.473 367.536 158.604 377.715 168.782 360.583 
333.62 233.814 314.363 238.941 319.49 258.198 338.747 253.072 
360.415 27.761 350.112 44.819 367.17 55.121 377.473 38.063 
252.96 -142.089 233.702 -136.967 238.824 -117.708 258.082 -122.83 
37.631 -181.009 27.498 -163.85 44.658 -153.717 54.79 -170.877 
-123.009 -61.509 -142.298 -56.502 -137.292 -37.215 -118.003 -42.221 
-171.345 141.853 -181.407 159.053 -164.207 169.116 -154.144 151.915 
-172.673 203.031 -152.747 202.759 -138.85 188.476 -158.776 188.749 
-19.627 363.804 -5.411 349.84 -5.232 329.914 -19.448 343.878 
202.351 369.631 202.629 349.705 188.737 335.419 188.459 355.345 
343.784 216.138 363.708 216.529 349.898 202.164 329.972 201.773 
335.469 8.159 355.396 8.013 369.384 -6.181 349.456 -6.035 
202.052 -132.984 216.069 -147.149 215.963 -167.077 201.947 -152.912 
8.088 -138.825 7.782 -158.75 -6.524 -172.623 -6.218 -152.698 
-153.134 -5.435 -133.206 -5.534 -147.367 -19.555 -167.295 -19.457 
-155.051 118.649 -174.7 121.973 -171.376 141.621 -151.727 138.298 
-174.714 121.739 -175.179 101.816 -195.101 102.281 -194.637 122.203 
-65.586 292.008 -77.801 307.752 -62.058 319.968 -49.842 304.224 
-77.95 307.564 -92.493 293.94 -106.117 308.483 -91.574 322.106 
136.237 348.284 116.952 353.306 121.974 372.59 141.259 367.568 
120.778 392.491 121.761 372.587 101.857 371.604 100.874 391.508 
302.68 247.495 291.789 264.183 308.477 275.074 319.367 258.386 
322.205 289.535 308.329 275.233 294.026 289.108 307.903 303.41 
367.156 55.344 347.818 60.159 352.633 79.496 371.97 74.681 
390.726 95.97 391.908 76.077 372.016 74.895 370.834 94.788 
258.293 -122.72 246.157 -106.915 261.962 -94.778 274.099 -110.584 
302.223 -113.851 286.52 -126.119 274.251 -110.416 289.955 -98.148 
74.664 -174.27 55.017 -170.938 58.35 -151.29 77.996 -154.623 
94.784 -175.507 93.543 -195.395 73.654 -194.154 74.896 -174.265 
-111.25 -77.852 -122.889 -61.677 -106.714 -50.038 -95.075 -66.213 
-97.791 -92.823 -112.633 -106.121 -125.931 -91.279 -111.089 -77.981 
-164.226 29.902 -151.445 14.613 -153.218 -5.236 -166.0 10.053 
-164.269 30.129 -175.703 46.45 -172.247 66.076 -160.813 49.755 
-194.735 83.383 -174.987 86.058 -172.313 66.311 -192.06 63.636 
-174.973 86.314 -193.477 93.71 -175.164 101.565 -156.659 94.168 
-135.761 235.68 -137.438 215.823 -152.666 202.969 -150.987 222.826 
-135.695 235.899 -132.282 255.532 -115.986 267.002 -119.399 247.369 
-131.75 279.175 -119.748 295.084 -103.839 283.082 -115.841 267.173 
-85.523 275.205 -103.737 283.29 -110.9 301.885 -92.685 293.801 
10.133 362.663 29.976 360.82 14.643 348.093 -5.2 349.935 
30.193 360.845 46.556 372.218 66.169 368.69 49.806 357.317 
64.759 388.597 84.621 390.212 86.236 370.35 66.374 368.735 
95.545 352.629 86.445 370.357 92.546 389.328 101.646 371.6 
202.837 349.577 222.665 347.585 235.277 332.157 215.449 334.148 
246.956 315.739 235.522 332.06 255.148 328.604 266.581 312.282 
266.773 312.096 279.75 327.219 294.873 314.242 281.895 299.119 
276.298 279.912 282.107 298.974 299.692 308.346 293.884 289.285 
349.983 201.943 362.496 186.434 360.378 166.62 347.865 182.129 
368.884 130.557 357.235 146.726 360.432 166.396 372.08 150.227 
368.946 130.344 388.806 131.995 390.456 112.136 370.597 110.485 
370.807 95.012 352.3 102.401 370.611 110.263 389.118 102.875 
349.352 -6.247 347.653 -26.102 332.412 -38.94 334.111 -19.086 
312.074 -69.925 315.808 -50.35 332.289 -39.149 328.555 -58.724 
299.88 -85.982 311.941 -70.119 327.803 -82.18 315.742 -98.043 
309.22 -103.698 290.124 -98.0 280.652 -80.468 299.747 -86.166 
181.905 -151.244 201.758 -152.961 186.506 -165.786 166.652 -164.068 
130.472 -171.974 146.843 -160.61 166.454 -164.151 150.083 -175.514 
110.487 -174.637 130.237 -171.981 132.893 -191.731 113.143 -194.387 
103.666 -193.481 95.021 -175.527 101.603 -156.718 110.249 -174.673 
-39.084 -135.638 -19.232 -137.376 -6.424 -152.642 -26.275 -150.904 
-58.872 -132.04 -70.276 -115.699 -50.657 -119.189 -39.252 -135.531 
-98.402 -118.983 -86.119 -103.292 -70.427 -115.576 -82.71 -131.267 
-104.302 -111.776 -97.649 -92.992 -79.662 -84.414 -86.315 -103.198 
