-37.191 333.833 -19.826 343.611 -25.191 324.419 -42.555 314.641 
151.729 350.533 169.02 360.438 188.251 355.215 170.96 345.31 
314.519 239.222 333.674 233.726 343.332 216.295 324.177 221.791 
350.89 44.998 360.572 27.58 355.101 8.418 345.42 25.836 
221.03 -128.015 238.0 -117.568 233.387 -136.955 216.417 -147.402 
8.062 -158.59 25.343 -148.666 44.579 -153.867 27.298 -163.792 
-147.341 -19.549 -128.112 -24.78 -118.215 -42.076 -137.444 -36.844 
-158.854 188.723 -148.734 171.557 -153.718 152.262 -163.837 169.428 
-42.628 314.495 -61.85 319.752 -56.592 338.973 -37.37 333.716 
151.543 350.599 141.609 367.874 158.883 377.809 168.818 360.534 
333.536 233.891 314.398 239.446 319.953 258.584 339.091 253.03 
360.635 27.829 350.78 45.15 368.101 55.004 377.955 37.684 
252.944 -141.466 233.562 -136.832 238.196 -117.45 257.578 -122.084 
37.518 -181.055 27.53 -163.812 44.773 -153.823 54.762 -171.066 
-123.147 -61.406 -142.414 -56.316 -137.323 -37.05 -118.056 -42.14 
-170.821 141.943 -180.989 159.082 -163.85 169.249 -153.683 152.11 
-172.751 203.097 -152.824 202.908 -138.868 188.683 -158.795 188.873 
-20.012 363.6 -5.648 349.789 -5.256 329.866 -19.62 343.677 
202.34 369.475 202.647 349.549 188.775 335.243 188.468 355.168 
343.393 216.098 363.314 216.638 349.611 202.17 329.689 201.629 
335.07 7.469 354.985 8.194 369.579 -5.375 349.665 -6.1 
202.764 -132.828 216.242 -147.506 215.393 -167.416 201.915 -152.738 
7.709 -138.566 7.864 -158.493 -6.116 -172.693 -6.272 -152.767 
-153.284 -5.24 -133.356 -5.235 -147.443 -19.329 -167.371 -19.334 
-155.132 118.381 -174.693 122.186 -170.887 141.748 -151.326 137.942 
-174.666 121.965 -175.787 102.068 -195.683 103.188 -194.563 123.085 
-67.812 292.074 -78.715 308.754 -62.035 319.657 -51.132 302.977 
-78.856 308.622 -92.137 293.766 -106.994 307.047 -93.712 321.903 
137.905 348.248 118.282 351.718 121.752 371.341 141.376 367.871 
122.636 391.302 121.528 371.405 101.631 372.512 102.739 392.41 
304.367 246.2 291.801 261.666 307.267 274.233 319.832 258.767 
322.585 286.939 307.121 274.372 294.553 289.835 310.017 302.403 
368.18 55.236 348.579 58.837 352.18 78.436 371.78 74.835 
390.955 95.686 391.678 75.771 371.765 75.048 371.041 94.962 
257.758 -121.959 246.668 -105.403 263.224 -94.312 274.315 -110.869 
302.587 -112.556 287.612 -125.704 274.464 -110.73 289.439 -97.583 
74.656 -174.365 54.996 -171.113 58.247 -151.452 77.907 -154.704 
94.788 -175.411 93.736 -195.31 73.836 -194.258 74.888 -174.359 
-111.379 -77.778 -123.01 -61.597 -106.829 -49.965 -95.198 -66.147 
-97.715 -92.592 -112.352 -106.115 -125.875 -91.478 -111.239 -77.955 
-164.285 30.159 -151.544 14.836 -153.37 -5.008 -166.111 10.315 
-164.365 30.383 -175.661 46.8 -172.041 66.396 -160.744 49.979 
-194.162 84.112 -174.368 86.416 -172.064 66.622 -191.858 64.318 
-174.435 86.641 -193.456 92.582 -175.805 101.832 -156.784 95.891 
-135.492 235.61 -137.366 215.771 -152.721 203.069 -150.845 222.908 
-135.402 235.805 -132.01 255.442 -115.726 266.929 -119.119 247.293 
-131.202 279.466 -118.821 295.082 -103.205 282.701 -115.586 267.085 
-84.685 275.209 -103.083 282.866 -110.678 301.289 -92.28 293.633 
9.848 362.654 29.697 360.877 14.406 348.098 -5.443 349.875 
29.933 360.926 46.376 372.182 65.964 368.515 49.52 357.258 
64.316 388.408 84.154 390.291 86.037 370.452 66.198 368.57 
96.288 353.225 86.277 370.456 91.383 389.719 101.393 372.488 
202.831 349.432 222.679 347.647 235.451 332.351 215.603 334.136 
246.855 315.78 235.647 332.257 255.223 328.532 266.432 312.055 
266.613 311.913 279.153 327.401 294.64 314.862 282.1 299.374 
277.189 279.972 282.287 299.236 299.513 309.253 294.415 289.99 
349.724 201.997 362.43 186.645 360.56 166.806 347.854 182.158 
368.546 130.647 357.122 146.976 360.59 166.6 372.014 150.271 
368.607 130.449 388.485 131.855 389.89 111.977 370.012 110.571 
371.066 95.156 352.181 101.518 370.033 110.373 388.918 104.011 
349.575 -6.322 347.544 -26.146 332.091 -38.728 334.121 -18.904 
312.218 -69.998 315.648 -50.368 331.954 -38.913 328.523 -58.543 
300.166 -86.139 312.105 -70.184 328.06 -82.123 316.121 -98.078 
308.239 -104.451 289.588 -97.432 281.364 -79.281 300.014 -86.3 
181.852 -151.169 201.713 -152.791 186.522 -165.688 166.66 -164.066 
130.524 -172.174 146.839 -160.73 166.467 -164.175 150.152 -175.618 
110.453 -174.081 130.29 -172.184 132.187 -192.021 112.35 -193.918 
104.165 -193.123 95.022 -175.416 101.078 -156.432 110.221 -174.139 
-39.126 -135.666 -19.276 -137.427 -6.487 -152.708 -26.336 -150.947 
-58.904 -131.997 -70.274 -115.631 -50.662 -119.163 -39.292 -135.53 
-98.449 -118.907 -86.148 -103.229 -70.47 -115.53 -82.77 -131.207 
-104.387 -111.449 -97.537 -92.736 -79.461 -84.347 -86.311 -103.061 
