-37.25 333.904 -19.989 343.864 -25.152 324.616 -42.412 314.656 
151.591 350.729 168.858 360.677 188.102 355.501 170.835 345.553 
314.295 238.81 333.571 233.752 343.624 216.546 324.349 221.604 
350.668 44.842 360.5 27.508 355.197 8.299 345.364 25.633 
221.44 -127.895 238.697 -117.928 233.542 -137.178 216.286 -147.144 
8.025 -158.803 25.289 -148.849 44.535 -154.017 27.271 -163.971 
-147.384 -19.784 -128.138 -24.951 -118.183 -42.213 -137.429 -37.046 
-159.037 188.431 -149.133 171.139 -154.357 151.908 -164.261 169.2 
-42.536 314.509 -61.8 319.609 -56.7 338.873 -37.436 333.773 
151.433 350.755 141.424 367.986 158.655 377.995 168.664 360.764 
333.425 233.95 314.164 239.065 319.28 258.325 338.54 253.21 
360.569 27.75 350.552 44.977 367.78 54.994 377.796 37.767 
252.986 -142.163 233.727 -137.044 238.846 -117.785 258.105 -122.904 
37.493 -181.268 27.477 -164.04 44.705 -154.025 54.721 -171.252 
-123.134 -61.609 -142.397 -56.504 -137.292 -37.242 -118.029 -42.347 
-171.431 141.712 -181.506 158.906 -164.312 168.98 -154.238 151.787 
-173.082 202.691 -153.154 202.733 -139.033 188.672 -158.961 188.63 
-19.881 363.874 -5.724 349.85 -5.629 329.923 -19.786 343.947 
202.365 369.592 202.423 349.664 188.375 335.532 188.316 355.459 
343.7 216.328 363.628 216.319 349.532 202.234 329.603 202.242 
335.215 7.918 355.143 8.064 369.337 -5.923 349.409 -6.069 
201.973 -133.136 216.06 -147.231 216.054 -167.159 201.967 -153.064 
7.794 -138.809 7.822 -158.736 -6.25 -172.847 -6.277 -152.92 
-153.309 -5.477 -133.381 -5.449 -147.453 -19.56 -167.381 -19.588 
-154.978 118.644 -174.652 121.815 -171.481 141.489 -151.807 138.318 
-174.679 121.597 -175.669 101.693 -195.572 102.683 -194.583 122.586 
-66.466 291.689 -78.152 307.83 -62.011 319.517 -50.325 303.375 
-78.284 307.66 -93.132 294.369 -106.423 309.217 -91.575 322.507 
138.15 348.272 118.462 351.355 121.545 371.042 141.233 367.959 
122.478 391.0 121.361 371.104 101.464 372.221 102.582 392.118 
302.883 247.031 291.382 263.304 307.655 274.806 319.156 258.532 
322.139 288.496 307.504 274.972 293.979 289.606 308.614 303.13 
367.805 55.238 348.102 58.235 351.1 77.935 370.801 74.938 
391.893 93.883 390.72 73.989 370.828 75.162 372.0 95.056 
258.299 -122.803 246.576 -106.688 262.691 -94.965 274.414 -111.08 
302.7 -112.446 287.871 -125.759 274.559 -110.93 289.388 -97.619 
74.609 -174.444 54.934 -171.286 58.092 -151.61 77.767 -154.768 
94.715 -175.501 93.7 -195.402 73.799 -194.387 74.814 -174.486 
-111.371 -77.973 -123.044 -61.822 -106.892 -50.149 -95.22 -66.301 
-97.834 -92.904 -112.614 -106.271 -125.981 -91.492 -111.202 -78.125 
-164.455 29.86 -151.653 14.588 -153.4 -5.263 -166.202 10.009 
-164.508 30.086 -175.922 46.421 -172.443 66.043 -161.028 49.708 
-194.716 83.593 -174.938 86.031 -172.5 66.253 -192.278 63.815 
-174.944 86.245 -193.688 93.008 -175.652 101.481 -156.907 94.717 
-136.002 235.578 -137.751 215.727 -153.025 202.928 -151.275 222.779 
-135.886 235.791 -132.376 255.407 -116.023 266.796 -119.534 247.18 
-131.594 279.243 -119.336 294.955 -103.624 282.698 -115.881 266.985 
-84.694 276.254 -103.487 282.883 -112.087 300.859 -93.294 294.23 
9.782 362.709 29.632 360.944 14.348 348.157 -5.502 349.922 
29.856 361.005 46.208 372.394 65.824 368.884 49.472 357.496 
63.645 388.701 83.428 391.098 85.825 371.315 66.042 368.918 
94.684 353.386 86.037 371.34 92.618 390.15 101.265 372.196 
202.612 349.558 222.465 347.825 235.277 332.563 215.425 334.295 
246.922 316.158 235.479 332.473 255.106 329.028 266.55 312.713 
266.722 312.558 279.147 328.138 294.727 315.714 282.302 300.134 
275.85 281.201 282.495 299.988 300.478 308.573 293.833 289.787 
349.651 202.035 362.443 186.755 360.684 166.906 347.892 182.185 
368.643 130.715 357.235 147.055 360.722 166.675 372.13 150.335 
368.723 130.497 388.487 133.043 391.033 113.279 371.268 110.733 
371.975 95.271 353.228 102.031 371.264 110.507 390.01 103.747 
349.295 -6.264 347.534 -26.113 332.252 -38.903 334.014 -19.054 
312.35 -70.137 315.84 -50.517 332.181 -39.112 328.691 -58.732 
299.851 -85.939 312.196 -70.297 327.838 -82.642 315.493 -98.284 
308.359 -104.092 289.557 -97.488 280.933 -79.524 299.734 -86.128 
181.883 -151.44 201.735 -153.173 186.473 -165.985 166.62 -164.252 
130.417 -172.233 146.754 -160.82 166.375 -164.302 150.038 -175.714 
110.402 -174.701 130.187 -172.318 132.57 -192.102 112.786 -194.486 
103.491 -193.456 94.933 -175.46 101.606 -156.684 110.164 -174.68 
-39.113 -135.799 -19.261 -137.539 -6.456 -152.807 -26.306 -151.067 
-58.934 -132.229 -70.349 -115.895 -50.728 -119.373 -39.313 -135.708 
-98.484 -119.169 -86.216 -103.466 -70.513 -115.735 -82.781 -131.438 
-104.42 -111.857 -97.703 -93.095 -79.688 -84.577 -86.404 -103.339 
