-37.281 333.838 -20.052 343.852 -25.154 324.589 -42.383 314.575 
151.613 350.65 168.862 360.63 188.116 355.49 170.867 345.51 
314.345 238.817 333.609 233.715 343.622 216.485 324.359 221.588 
350.594 44.818 360.48 27.515 355.235 8.29 345.349 25.593 
221.438 -127.918 238.696 -117.953 233.539 -137.202 216.282 -147.166 
8.02 -158.771 25.269 -148.792 44.522 -153.933 27.273 -163.912 
-147.411 -19.712 -128.183 -24.948 -118.291 -42.246 -137.518 -37.01 
-159.011 188.375 -149.034 171.126 -154.177 151.873 -164.154 169.123 
-42.589 314.472 -61.843 319.61 -56.706 338.863 -37.452 333.725 
151.398 350.689 141.383 367.917 158.611 377.932 168.626 360.704 
333.481 233.924 314.228 239.063 319.367 258.317 338.621 253.178 
360.58 27.711 350.511 44.908 367.709 54.977 377.777 37.78 
252.953 -142.205 233.69 -137.102 238.794 -117.838 258.057 -122.942 
37.503 -181.26 27.501 -164.024 44.737 -154.023 54.739 -171.259 
-123.194 -61.541 -142.476 -56.51 -137.445 -37.229 -118.163 -42.26 
-171.462 141.659 -181.47 158.891 -164.237 168.899 -154.23 151.666 
-173.061 202.67 -153.133 202.702 -139.019 188.634 -158.947 188.602 
-19.9 363.842 -5.778 349.783 -5.733 329.856 -19.855 343.915 
202.42 369.549 202.457 349.622 188.392 335.505 188.356 355.433 
343.709 216.271 363.637 216.295 349.565 202.187 329.636 202.163 
335.231 8.058 355.159 8.077 369.263 -6.0 349.335 -6.019 
201.977 -133.159 216.09 -147.228 216.122 -167.156 202.009 -153.087 
7.755 -138.779 7.786 -158.706 -6.283 -172.819 -6.314 -152.892 
-153.368 -5.432 -133.44 -5.413 -147.517 -19.518 -167.445 -19.537 
-154.973 118.586 -174.646 121.762 -171.47 141.436 -151.797 138.26 
-174.687 121.562 -175.706 101.66 -195.608 102.678 -194.589 122.58 
-66.509 291.701 -78.185 307.849 -62.038 319.526 -50.361 303.378 
-78.322 307.693 -93.107 294.331 -106.468 309.116 -91.684 322.476 
137.994 348.268 118.316 351.415 121.463 371.092 141.141 367.945 
122.265 391.028 121.245 371.126 101.343 372.146 102.363 392.048 
303.086 246.872 291.431 263.036 307.595 274.691 319.249 258.527 
322.193 288.238 307.436 274.847 294.044 289.602 308.8 302.994 
367.7 55.18 348.023 58.34 351.183 78.015 370.859 74.855 
391.84 93.916 390.806 74.015 370.906 75.048 371.94 94.949 
258.228 -122.816 246.553 -106.666 262.702 -94.991 274.377 -111.141 
302.708 -112.428 287.92 -125.786 274.562 -110.998 289.35 -97.642 
74.67 -174.432 54.995 -171.275 58.151 -151.599 77.827 -154.755 
94.796 -175.486 93.811 -195.389 73.908 -194.404 74.893 -174.501 
-111.384 -77.881 -123.036 -61.715 -106.87 -50.063 -95.218 -66.229 
-97.865 -92.835 -112.656 -106.189 -126.011 -91.398 -111.22 -78.044 
-164.513 29.883 -151.726 14.598 -153.493 -5.252 -166.279 10.033 
-164.536 30.089 -175.935 46.435 -172.436 66.053 -161.038 49.707 
-194.713 83.598 -174.934 86.023 -172.509 66.243 -192.289 63.819 
-174.927 86.228 -193.687 92.946 -175.672 101.462 -156.91 94.745 
-136.003 235.562 -137.742 215.71 -153.01 202.904 -151.27 222.756 
-135.901 235.788 -132.423 255.409 -116.088 266.824 -119.567 247.203 
-131.622 279.276 -119.352 294.979 -103.649 282.709 -115.918 267.006 
-84.754 276.199 -103.52 282.906 -112.046 300.918 -93.281 294.211 
9.68 362.678 29.532 360.946 14.27 348.133 -5.583 349.866 
29.747 360.975 46.078 372.392 65.701 368.918 49.369 357.5 
63.469 388.745 83.247 391.184 85.686 371.406 65.908 368.967 
94.404 353.381 85.898 371.402 92.627 390.16 101.132 372.138 
202.658 349.489 222.51 347.754 235.32 332.489 215.468 334.225 
246.957 316.074 235.54 332.407 255.162 328.931 266.579 312.597 
266.735 312.427 279.008 328.128 294.708 315.856 282.435 300.155 
275.898 281.279 282.629 300.035 300.651 308.538 293.92 289.782 
349.653 201.972 362.45 186.697 360.698 166.847 347.901 182.123 
368.653 130.651 357.253 146.996 360.749 166.615 372.149 150.27 
368.719 130.416 388.498 132.845 390.928 113.066 371.149 110.637 
371.902 95.162 353.136 101.868 371.147 110.396 389.913 103.69 
349.275 -6.235 347.527 -26.085 332.254 -38.886 334.002 -19.036 
312.289 -70.087 315.78 -50.468 332.121 -39.064 328.63 -58.683 
299.924 -85.996 312.192 -70.293 327.895 -82.56 315.628 -98.263 
308.253 -104.183 289.496 -97.454 280.992 -79.433 299.748 -86.162 
181.951 -151.458 201.802 -153.194 186.538 -166.004 166.686 -164.268 
130.497 -172.235 146.831 -160.818 166.453 -164.294 150.12 -175.711 
110.49 -174.72 130.269 -172.297 132.693 -192.076 112.913 -194.5 
103.554 -193.475 95.02 -175.467 101.718 -156.7 110.253 -174.707 
-39.161 -135.743 -19.31 -137.492 -6.511 -152.765 -26.361 -151.016 
-58.979 -132.145 -70.377 -115.799 -50.76 -119.297 -39.361 -135.644 
-98.522 -119.071 -86.241 -103.378 -70.548 -115.66 -82.829 -131.352 
-104.439 -111.751 -97.711 -92.993 -79.689 -84.487 -86.418 -103.245 
