-37.174 333.939 -19.958 343.976 -25.035 324.706 -42.251 314.669 
151.781 350.364 168.991 360.41 188.264 355.345 171.054 345.298 
314.35 238.693 333.628 233.645 343.691 216.444 324.413 221.492 
350.112 44.714 360.346 27.615 355.492 8.287 345.258 25.387 
221.629 -127.794 239.026 -118.076 233.596 -137.249 216.199 -146.968 
7.937 -158.742 25.216 -148.815 44.453 -154.013 27.174 -163.94 
-147.403 -19.713 -128.158 -24.883 -118.206 -42.147 -137.451 -36.977 
-158.927 188.413 -148.992 171.139 -154.18 151.899 -164.116 169.172 
-42.385 314.498 -61.668 319.526 -56.641 338.809 -37.357 333.781 
151.539 350.453 141.501 367.667 158.714 377.706 168.753 360.492 
333.512 233.81 314.229 238.84 319.259 258.123 338.542 253.093 
360.446 27.832 350.17 44.906 367.244 55.182 377.52 38.109 
253.088 -142.384 233.849 -137.19 239.044 -117.951 258.283 -123.145 
37.432 -181.255 27.412 -164.029 44.637 -154.009 54.658 -171.235 
-123.178 -61.499 -142.439 -56.387 -137.327 -37.126 -118.066 -42.239 
-171.255 141.672 -181.369 158.842 -164.199 168.957 -154.084 151.786 
-173.02 202.638 -153.092 202.743 -138.927 188.727 -158.855 188.622 
-19.663 363.98 -5.621 349.841 -5.689 329.914 -19.731 344.053 
202.488 369.514 202.651 349.586 188.677 335.38 188.514 355.308 
343.755 216.254 363.682 216.395 349.692 202.205 329.764 202.064 
335.511 8.48 355.435 8.056 369.223 -6.332 349.299 -5.908 
201.695 -133.192 215.985 -147.081 216.269 -167.007 201.979 -153.118 
7.699 -138.768 7.682 -158.695 -6.422 -172.773 -6.404 -152.846 
-153.319 -5.455 -133.391 -5.413 -147.453 -19.534 -167.381 -19.576 
-154.928 118.497 -174.583 121.781 -171.3 141.437 -151.644 138.153 
-174.631 121.556 -175.786 101.662 -195.681 102.817 -194.526 122.711 
-65.909 291.519 -77.842 307.478 -61.884 319.412 -49.95 303.453 
-77.984 307.307 -93.092 294.313 -106.086 309.421 -90.978 322.414 
137.053 348.188 117.574 352.396 121.782 371.874 141.26 367.666 
121.653 391.82 121.557 371.892 101.629 371.988 101.726 391.916 
302.689 247.064 291.461 263.528 307.924 274.756 319.151 258.292 
322.335 288.536 307.796 274.908 294.168 289.446 308.707 303.073 
367.274 55.416 347.772 59.524 351.88 79.023 371.381 74.915 
391.466 94.957 391.368 75.029 371.441 75.127 371.539 95.055 
258.482 -122.998 246.559 -107.03 262.527 -95.108 274.45 -111.076 
302.762 -112.202 288.045 -125.638 274.609 -110.922 289.326 -97.487 
74.577 -174.372 54.898 -171.237 58.033 -151.557 77.711 -154.692 
94.705 -175.454 93.667 -195.354 73.767 -194.316 74.805 -174.416 
-111.418 -77.828 -123.083 -61.671 -106.927 -50.006 -95.261 -66.162 
-97.929 -92.76 -112.721 -106.114 -126.075 -91.323 -111.283 -77.969 
-164.489 29.832 -151.681 14.565 -153.42 -5.287 -166.228 9.98 
-164.508 30.037 -175.898 46.389 -172.389 66.005 -160.999 49.653 
-194.545 83.716 -174.749 86.002 -172.463 66.206 -192.259 63.92 
-174.729 86.226 -193.617 92.577 -175.771 101.443 -156.882 95.092 
-135.94 235.582 -137.705 215.733 -152.99 202.946 -151.223 222.796 
-135.825 235.801 -132.356 255.424 -116.026 266.847 -119.497 247.224 
-131.829 279.006 -119.866 294.944 -103.928 282.981 -115.891 267.043 
-85.236 275.922 -103.802 283.162 -111.811 301.409 -93.244 294.169 
9.873 362.733 29.722 360.958 14.432 348.179 -5.417 349.953 
29.946 361.002 46.295 372.394 65.912 368.889 49.563 357.497 
64.386 388.796 84.237 390.541 85.982 370.69 66.131 368.945 
95.316 352.987 86.208 370.712 92.301 389.685 101.409 371.961 
202.868 349.449 222.714 347.648 235.474 332.341 215.628 334.142 
247.137 315.936 235.699 332.254 255.325 328.803 266.764 312.485 
266.925 312.341 279.679 327.653 294.99 314.899 282.236 299.587 
276.309 280.492 282.405 299.463 300.13 308.568 294.034 289.597 
349.771 202.017 362.573 186.745 360.826 166.895 348.025 182.166 
368.784 130.731 357.375 147.07 360.861 166.69 372.27 150.351 
368.841 130.528 388.661 132.595 390.728 112.774 370.907 110.708 
371.517 95.262 352.807 102.122 370.888 110.501 389.598 103.641 
349.151 -6.089 347.452 -25.944 332.211 -38.782 333.91 -18.927 
312.46 -70.13 315.831 -50.49 332.102 -38.986 328.731 -58.626 
299.725 -85.748 312.298 -70.288 327.758 -82.86 315.186 -98.32 
308.361 -103.808 289.503 -97.364 280.726 -79.475 299.583 -85.918 
181.904 -151.491 201.756 -153.225 186.494 -166.037 166.641 -164.303 
130.404 -172.124 146.789 -160.781 166.395 -164.347 150.01 -175.689 
110.402 -174.726 130.169 -172.197 132.697 -191.964 112.931 -194.492 
103.38 -193.461 94.929 -175.415 101.714 -156.678 110.165 -174.725 
-39.259 -135.681 -19.409 -137.438 -6.616 -152.716 -26.465 -150.959 
-59.087 -132.071 -70.468 -115.713 -50.854 -119.231 -39.473 -135.589 
-98.609 -119.01 -86.344 -103.305 -70.638 -115.571 -82.903 -131.276 
-104.552 -111.661 -97.797 -92.913 -79.763 -84.433 -86.519 -103.181 
