-37.288 333.921 -20.014 343.857 -25.202 324.617 -42.476 314.68 
151.695 350.725 168.959 360.679 188.205 355.509 170.94 345.556 
314.467 239.006 333.693 233.763 343.581 216.461 324.355 221.704 
350.444 44.771 360.429 27.525 355.294 8.27 345.31 25.516 
221.431 -127.899 238.683 -117.926 233.536 -137.178 216.283 -147.151 
8.001 -158.778 25.247 -148.793 44.502 -153.927 27.257 -163.912 
-147.377 -19.83 -128.142 -25.037 -118.223 -42.32 -137.458 -37.113 
-158.995 188.396 -149.107 171.095 -154.348 151.869 -164.237 169.17 
-42.543 314.57 -61.817 319.633 -56.755 338.906 -37.48 333.844 
151.511 350.676 141.489 367.9 158.712 377.922 168.735 360.698 
333.609 233.979 314.328 239.014 319.362 258.296 338.644 253.261 
360.455 27.75 350.445 44.981 367.677 54.991 377.686 37.76 
252.995 -142.16 233.733 -137.049 238.845 -117.788 258.106 -122.899 
37.462 -181.239 27.469 -163.998 44.71 -154.005 54.703 -171.247 
-123.087 -61.623 -142.366 -56.58 -137.323 -37.302 -118.044 -42.345 
-171.438 141.698 -181.525 158.884 -164.339 168.971 -154.252 151.785 
-173.025 202.661 -153.098 202.697 -138.981 188.631 -158.909 188.596 
-19.866 363.879 -5.754 349.81 -5.724 329.883 -19.836 343.952 
202.472 369.509 202.498 349.581 188.426 335.472 188.4 355.4 
343.692 216.259 363.62 216.301 349.56 202.18 329.631 202.138 
335.269 8.05 355.197 8.079 369.308 -5.992 349.38 -6.021 
201.952 -133.176 216.064 -147.245 216.095 -167.173 201.982 -153.104 
7.757 -138.789 7.787 -158.716 -6.283 -172.828 -6.313 -152.901 
-153.31 -5.526 -133.382 -5.492 -147.449 -19.607 -167.377 -19.64 
-154.974 118.627 -174.648 121.798 -171.477 141.472 -151.803 138.301 
-174.665 121.578 -175.668 101.675 -195.57 102.678 -194.567 122.581 
-66.456 291.669 -78.126 307.821 -61.975 319.493 -50.304 303.341 
-78.311 307.703 -93.092 294.337 -106.457 309.118 -91.676 322.483 
138.095 348.267 118.421 351.439 121.593 371.112 141.267 367.94 
122.373 391.007 121.358 371.105 101.456 372.121 102.471 392.023 
303.063 246.798 291.382 262.943 307.527 274.624 319.207 258.479 
322.198 288.185 307.412 274.827 294.053 289.613 308.839 302.971 
367.749 55.213 348.075 58.389 351.251 78.061 370.924 74.886 
391.811 94.028 390.825 74.124 370.923 75.109 371.908 95.013 
258.298 -122.769 246.626 -106.617 262.778 -94.945 274.45 -111.097 
302.761 -112.369 287.977 -125.731 274.615 -110.947 289.399 -97.586 
74.601 -174.424 54.926 -171.262 58.089 -151.587 77.763 -154.749 
94.718 -175.493 93.71 -195.395 73.809 -194.387 74.817 -174.485 
-111.319 -77.968 -122.987 -61.813 -106.832 -50.145 -95.164 -66.3 
-97.825 -92.901 -112.624 -106.247 -125.969 -91.447 -111.17 -78.102 
-164.464 29.808 -151.66 14.538 -153.404 -5.314 -166.208 9.956 
-164.498 30.036 -175.912 46.371 -172.431 65.993 -161.018 49.657 
-194.678 83.577 -174.898 85.996 -172.478 66.216 -192.259 63.796 
-174.914 86.225 -193.674 92.946 -175.657 101.459 -156.896 94.738 
-136.008 235.566 -137.746 215.714 -153.014 202.907 -151.274 222.759 
-135.877 235.758 -132.392 255.378 -116.053 266.788 -119.539 247.168 
-131.654 279.267 -119.386 294.971 -103.682 282.703 -115.95 266.999 
-84.736 276.14 -103.495 282.862 -112.007 300.881 -93.247 294.158 
9.719 362.665 29.57 360.92 14.3 348.117 -5.552 349.862 
29.784 360.982 46.125 372.387 65.744 368.896 49.403 357.492 
63.556 388.699 83.336 391.121 85.758 371.341 65.978 368.919 
94.516 353.362 85.992 371.375 92.702 390.14 101.226 372.127 
202.71 349.534 222.562 347.789 235.365 332.519 215.514 334.263 
246.936 316.041 235.524 332.378 255.145 328.896 266.557 312.559 
266.738 312.448 279.009 328.149 294.71 315.878 282.439 300.177 
275.858 281.257 282.588 300.013 300.61 308.517 293.879 289.761 
349.626 201.96 362.428 186.689 360.682 166.838 347.88 182.11 
368.692 130.674 357.278 147.01 360.757 166.631 372.172 150.296 
368.719 130.46 388.498 132.888 390.927 113.109 371.148 110.68 
371.925 95.231 353.167 101.959 371.188 110.465 389.946 103.738 
349.294 -6.208 347.55 -26.058 332.28 -38.862 334.023 -19.011 
312.37 -70.081 315.852 -50.46 332.189 -39.049 328.706 -58.67 
299.939 -85.939 312.216 -70.243 327.912 -82.52 315.635 -98.216 
308.338 -104.138 289.571 -97.436 281.042 -79.427 299.808 -86.129 
181.913 -151.46 201.762 -153.211 186.489 -166.01 166.638 -164.258 
130.436 -172.214 146.776 -160.807 166.396 -164.296 150.056 -175.703 
110.426 -174.729 130.205 -172.295 132.639 -192.073 112.86 -194.507 
103.466 -193.472 94.95 -175.456 101.668 -156.695 110.184 -174.712 
-39.136 -135.746 -19.287 -137.509 -6.498 -152.791 -26.347 -151.028 
-58.952 -132.171 -70.358 -115.832 -50.739 -119.319 -39.332 -135.659 
-98.493 -119.122 -86.22 -103.423 -70.52 -115.697 -82.793 -131.396 
-104.419 -111.816 -97.691 -93.059 -79.67 -84.552 -86.398 -103.31 
