-8.23 254.887 6.604 268.194 5.525 248.296 -9.31 234.989 
116.476 270.197 130.894 283.953 150.816 283.486 136.398 269.729 
230.256 209.493 250.184 209.566 264.327 195.527 244.399 195.454 
271.065 87.319 285.681 73.772 286.436 53.859 271.821 67.406 
202.309 -45.891 215.401 -30.866 216.768 -50.747 203.676 -65.771 
54.299 -92.888 67.478 -77.94 87.366 -76.688 74.188 -91.637 
-71.554 1.472 -51.627 1.407 -37.582 -12.729 -57.51 -12.664 
-87.601 154.047 -74.434 139.09 -75.7 119.203 -88.867 134.16 
-12.849 235.496 -32.237 240.107 -27.626 259.493 -8.239 254.883 
113.908 273.514 103.468 290.487 120.441 300.928 130.882 283.954 
250.177 209.575 230.76 214.06 235.245 233.476 254.662 228.991 
285.68 73.782 274.817 90.488 291.524 101.351 302.387 84.644 
236.437 -53.972 216.773 -50.743 220.002 -31.078 239.667 -34.307 
86.612 -107.223 74.194 -91.637 89.78 -79.219 102.197 -94.805 
-41.401 -35.797 -61.017 -32.285 -57.505 -12.67 -37.889 -16.182 
-95.626 106.79 -105.928 123.849 -88.87 134.151 -78.568 117.092 
-107.048 158.415 -90.216 169.083 -70.771 164.726 -87.602 154.057 
-5.132 284.3 14.556 281.221 26.3 265.122 6.612 268.202 
153.139 303.279 165.501 287.649 163.192 267.856 150.829 283.486 
264.335 195.522 279.442 208.518 277.95 188.647 262.842 175.65 
271.636 40.503 286.435 53.849 306.336 52.822 291.538 39.476 
183.783 -64.524 203.671 -65.777 216.849 -80.726 196.961 -79.473 
43.446 -76.172 54.292 -92.889 50.141 -112.379 39.295 -95.663 
-83.359 11.143 -65.792 20.553 -71.56 1.478 -89.127 -7.932 
-94.997 78.61 -109.401 92.381 -95.629 106.785 -81.226 93.013 
-109.401 92.38 -123.808 106.147 -110.041 120.555 -95.633 106.787 
-54.483 222.794 -52.017 242.568 -32.243 240.103 -34.709 220.329 
-52.018 242.568 -49.554 262.342 -29.779 259.878 -32.244 240.104 
87.149 279.041 75.7 295.352 92.01 306.801 103.459 290.49 
103.462 290.494 92.006 306.8 108.312 318.256 119.768 301.95 
215.608 236.893 219.017 256.527 238.651 253.118 235.241 233.485 
235.252 233.485 238.649 253.12 258.284 249.724 254.887 230.089 
291.526 101.359 279.582 117.313 295.535 129.254 307.478 113.302 
303.591 85.395 291.578 101.296 307.478 113.308 319.49 97.407 
239.672 -34.306 242.196 -14.539 261.963 -17.064 259.439 -36.831 
239.014 -56.246 239.519 -36.324 259.44 -36.829 258.935 -56.75 
114.396 -110.568 102.202 -94.807 117.963 -82.613 130.157 -98.373 
103.784 -127.431 86.919 -116.817 97.534 -99.952 114.399 -110.567 
-41.494 -55.731 -41.4 -35.804 -21.473 -35.898 -21.567 -55.826 
-60.649 -61.207 -66.122 -42.045 -46.961 -36.572 -41.488 -55.734 
-104.484 41.312 -87.678 30.604 -83.365 11.149 -100.171 21.856 
-104.487 41.318 -118.253 55.727 -117.799 75.649 -104.033 61.24 
-145.58 80.397 -129.319 91.916 -117.8 75.655 -134.061 64.136 
-129.323 91.922 -143.73 105.688 -123.809 106.142 -109.4 92.376 
-82.927 205.185 -79.095 185.629 -90.214 169.092 -94.045 188.648 
-82.923 205.193 -82.086 225.103 -67.415 238.59 -68.253 218.68 
-87.09 241.745 -83.944 261.423 -64.266 258.277 -67.412 238.599 
-52.017 242.562 -64.262 258.284 -61.803 278.059 -49.558 262.337 
25.193 298.083 44.628 302.488 34.0 285.631 14.565 281.226 
44.637 302.493 59.567 315.691 79.457 314.466 64.527 301.268 
67.516 330.414 83.461 342.367 95.413 326.422 79.468 314.469 
92.0 306.795 95.425 326.426 111.728 337.886 108.303 318.255 
165.513 287.649 184.728 292.931 202.05 283.079 182.835 277.797 
215.219 268.112 202.062 283.079 221.948 281.799 235.106 266.833 
235.115 266.827 237.334 286.631 257.137 284.412 254.918 264.608 
238.643 253.12 254.927 264.607 274.563 261.215 258.28 249.729 
277.957 188.64 295.515 179.215 301.266 160.135 283.708 169.561 
314.13 125.623 300.556 140.212 301.273 160.127 314.848 145.538 
314.136 125.614 329.176 138.687 342.249 123.646 327.209 110.573 
319.489 97.413 307.475 113.313 327.212 110.565 339.226 94.666 
291.538 39.467 297.1 20.332 287.503 2.868 281.94 22.003 
273.856 -31.339 273.596 -11.413 287.501 2.86 287.762 -17.066 
273.176 -51.262 273.852 -31.347 293.768 -32.023 293.091 -51.938 
272.669 -71.19 258.939 -56.747 259.445 -36.826 273.174 -51.269 
177.643 -84.387 196.956 -79.478 186.771 -96.606 167.458 -101.515 
134.164 -117.259 147.548 -102.494 167.452 -101.518 154.067 -116.283 
118.828 -129.995 134.157 -117.262 146.891 -132.591 131.562 -145.324 
108.212 -146.865 103.789 -127.435 114.4 -110.568 118.823 -129.998 
2.934 -89.82 22.322 -85.213 39.289 -95.664 19.902 -100.271 
-16.985 -90.586 -31.607 -77.049 -11.695 -76.28 2.928 -89.818 
-55.047 -92.702 -51.158 -73.158 -31.613 -77.047 -35.502 -96.591 
-70.323 -78.634 -60.648 -61.212 -41.488 -55.735 -51.163 -73.156 
