68.318 139.967 71.345 159.664 83.133 143.596 80.106 123.899 
102.645 129.238 105.672 148.934 121.74 160.721 118.713 141.024 
122.643 117.503 138.56 129.492 158.294 126.714 142.376 114.725 
129.107 95.174 148.891 92.787 161.193 77.11 141.409 79.496 
115.917 54.211 117.934 74.037 130.527 58.592 128.51 38.767 
77.498 34.038 78.819 53.922 93.813 67.048 92.492 47.164 
37.199 68.94 52.456 81.759 72.309 80.035 57.052 67.216 
35.494 122.554 55.23 119.806 67.244 103.906 47.507 106.654 
49.128 134.584 43.745 153.771 62.931 159.154 68.314 139.967 
88.341 158.776 98.186 176.101 115.512 166.256 105.666 148.93 
138.555 129.493 133.296 148.714 152.518 153.973 157.777 134.752 
148.896 92.792 158.757 110.109 176.074 100.248 166.214 82.931 
135.989 39.426 130.529 58.592 149.695 64.051 155.154 44.886 
82.926 29.683 92.494 47.164 109.974 37.595 100.406 20.115 
43.108 42.723 37.835 61.94 57.051 67.214 62.325 47.996 
20.244 99.5 30.299 116.704 47.504 106.649 37.449 89.444 
19.992 110.029 22.1 129.845 37.602 142.367 35.494 122.55 
51.546 161.929 67.149 174.325 86.946 172.058 71.344 159.662 
109.341 176.321 129.14 174.056 141.538 158.455 121.739 160.721 
158.293 126.712 160.467 146.521 172.937 130.978 170.763 111.168 
159.077 57.296 161.191 77.111 176.697 89.628 174.583 69.813 
113.38 25.797 128.509 38.767 148.378 37.24 133.249 24.27 
57.582 34.628 77.5 34.039 91.168 19.538 71.25 20.127 
22.879 63.692 23.707 83.603 37.201 68.939 36.373 49.028 
0.795 79.099 0.318 99.021 20.24 99.497 20.717 79.575 
0.322 99.025 -0.151 118.948 19.771 119.42 20.244 99.498 
15.571 152.915 29.228 167.426 43.74 153.77 30.084 139.258 
29.231 167.425 42.66 182.148 57.383 168.719 43.954 153.997 
78.283 175.05 77.228 194.95 97.127 196.006 98.182 176.106 
98.182 176.1 97.128 196.0 117.028 197.055 118.082 177.155 
137.633 167.223 150.886 182.105 165.768 168.852 152.515 153.971 
152.523 153.962 165.769 168.849 180.657 155.604 167.412 140.717 
176.076 100.255 174.927 120.151 194.821 121.299 195.97 101.404 
177.235 80.355 176.081 100.25 195.974 101.404 197.129 81.51 
155.157 44.886 168.382 59.794 183.289 46.569 170.065 31.662 
141.933 29.978 155.159 44.884 170.065 31.658 156.839 16.753 
101.643 0.226 100.408 20.115 120.298 21.349 121.532 1.461 
81.754 -1.013 80.518 18.876 100.407 20.112 101.643 0.224 
29.489 28.177 43.11 42.723 57.656 29.102 44.035 14.556 
14.939 41.794 28.556 56.343 43.106 42.725 29.488 28.176 
-13.935 64.601 4.658 71.77 22.876 63.692 4.282 56.523 
-13.939 64.603 -14.03 84.531 -0.003 98.686 0.088 78.758 
-28.184 98.68 -14.098 112.775 -0.002 98.689 -14.089 84.593 
-14.099 112.777 -14.571 132.698 -0.151 118.946 0.321 99.024 
-6.322 153.256 12.738 147.439 22.101 129.847 3.041 135.666 
-6.324 153.263 7.747 167.374 27.675 167.403 13.604 153.293 
7.756 168.05 8.396 187.968 28.314 187.328 27.674 167.41 
29.23 167.424 28.314 187.331 41.743 202.054 42.658 182.147 
56.744 191.32 61.402 210.696 71.809 193.701 67.151 174.326 
61.406 210.694 81.328 211.143 95.732 197.373 75.811 196.924 
82.297 212.087 97.01 225.528 110.451 210.815 95.738 197.375 
97.124 196.005 110.453 210.819 130.354 211.869 117.025 197.055 
129.142 174.053 133.372 193.527 150.133 204.305 145.903 184.831 
151.034 184.385 150.132 204.292 164.846 190.854 165.748 170.946 
165.749 170.938 166.677 190.844 186.582 189.916 185.655 170.01 
165.766 168.85 185.659 170.012 200.547 156.768 180.654 155.605 
172.937 130.977 189.666 141.804 209.152 137.631 192.422 126.804 
197.301 102.765 196.006 122.651 209.151 137.628 210.446 117.742 
197.302 102.76 211.91 116.315 225.464 101.707 210.856 88.152 
197.127 81.512 195.979 101.407 210.858 88.151 212.007 68.256 
174.579 69.814 193.977 65.252 204.468 48.31 185.07 52.871 
171.602 31.7 184.593 46.812 204.463 48.312 191.473 33.2 
171.253 11.772 171.598 31.696 191.522 31.351 191.177 11.427 
158.027 -3.137 156.84 16.755 170.066 31.66 171.254 11.768 
127.611 5.16 133.25 24.272 142.778 6.771 137.139 -12.343 
102.31 -0.387 122.2 0.848 137.137 -12.342 117.247 -13.578 
88.456 -14.713 102.308 -0.386 116.634 -14.238 102.783 -28.564 
68.566 -15.95 81.756 -1.012 101.644 0.225 88.455 -14.713 
44.693 -5.383 52.689 12.871 71.25 20.123 63.254 1.87 
30.143 8.237 29.49 28.153 44.035 14.533 44.689 -5.384 
10.211 7.601 9.573 27.517 29.49 28.156 30.129 8.239 
-4.978 41.135 14.939 41.793 29.488 28.176 9.571 27.517 
