-37.316 333.967 -20.024 343.873 -25.247 324.641 -42.538 314.736 
151.711 350.63 168.944 360.638 188.205 355.529 170.973 345.521 
314.275 238.785 333.553 233.736 343.613 216.533 324.336 221.583 
350.354 44.73 360.365 27.5 355.26 8.237 345.249 25.468 
221.372 -127.896 238.629 -117.93 233.473 -137.179 216.216 -147.145 
8.057 -158.787 25.352 -148.887 44.581 -154.117 27.286 -164.016 
-147.374 -19.819 -128.128 -24.986 -118.173 -42.248 -137.419 -37.081 
-159.026 188.385 -149.101 171.106 -154.302 151.869 -164.227 169.148 
-42.548 314.539 -61.831 319.57 -56.801 338.851 -37.518 333.821 
151.462 350.681 141.475 367.925 158.718 377.913 168.706 360.669 
333.46 233.956 314.214 239.126 319.383 258.371 338.629 253.202 
360.403 27.72 350.433 44.974 367.687 54.945 377.657 37.69 
252.951 -142.192 233.69 -137.079 238.803 -117.818 258.064 -122.931 
37.565 -181.28 27.492 -164.085 44.687 -154.012 54.76 -171.207 
-123.11 -61.639 -142.372 -56.532 -137.265 -37.271 -118.003 -42.378 
-171.437 141.685 -181.5 158.885 -164.299 168.947 -154.237 151.747 
-173.094 202.65 -153.166 202.682 -139.053 188.613 -158.981 188.581 
-19.829 363.881 -5.721 349.807 -5.697 329.88 -19.804 343.954 
202.478 369.532 202.504 349.604 188.432 335.495 188.406 355.423 
343.73 216.329 363.658 216.361 349.591 202.248 329.662 202.216 
335.257 8.022 355.185 8.044 369.291 -6.032 349.363 -6.053 
201.899 -133.191 216.014 -147.258 216.048 -167.186 201.933 -153.119 
7.83 -138.765 7.861 -158.692 -6.208 -172.805 -6.239 -152.878 
-153.314 -5.5 -133.386 -5.47 -147.456 -19.582 -167.384 -19.612 
-154.95 118.635 -174.624 121.807 -171.453 141.481 -151.779 138.309 
-174.663 121.604 -175.669 101.702 -195.572 102.709 -194.565 122.611 
-66.532 291.615 -78.199 307.77 -62.045 319.437 -50.377 303.282 
-78.372 307.607 -93.159 294.247 -106.518 309.034 -91.732 322.392 
138.069 348.337 118.394 351.5 121.557 371.174 141.233 368.011 
122.326 391.05 121.308 371.148 101.406 372.165 102.424 392.067 
303.087 246.877 291.411 263.026 307.559 274.702 319.235 258.554 
322.217 288.259 307.444 274.886 294.07 289.658 308.843 303.031 
367.733 55.168 348.058 58.34 351.231 78.013 370.905 74.84 
391.812 93.966 390.809 74.063 370.907 75.066 371.91 94.969 
258.251 -122.785 246.584 -106.63 262.739 -94.963 274.407 -111.118 
302.741 -112.408 287.956 -125.77 274.594 -110.986 289.379 -97.625 
74.64 -174.421 54.966 -171.255 58.132 -151.58 77.806 -154.747 
94.743 -175.443 93.727 -195.344 73.826 -194.327 74.842 -174.426 
-111.346 -78.003 -123.022 -61.854 -106.873 -50.178 -95.197 -66.327 
-97.802 -92.897 -112.575 -106.272 -125.95 -91.5 -111.178 -78.125 
-164.489 29.84 -151.681 14.573 -153.419 -5.279 -166.227 9.988 
-164.524 30.071 -175.939 46.405 -172.462 66.027 -161.046 49.692 
-194.71 83.603 -174.931 86.029 -172.505 66.249 -192.285 63.823 
-174.925 86.253 -193.685 92.97 -175.67 101.486 -156.908 94.769 
-136.06 235.52 -137.794 215.667 -153.058 202.856 -151.323 222.709 
-135.971 235.715 -132.492 255.337 -116.157 266.752 -119.637 247.131 
-131.698 279.177 -119.43 294.882 -103.726 282.615 -115.993 266.91 
-84.827 276.094 -103.589 282.811 -112.107 300.826 -93.345 294.11 
9.742 362.702 29.593 360.95 14.317 348.153 -5.534 349.905 
29.794 361.005 46.132 372.413 65.752 368.928 49.414 357.519 
63.526 388.75 83.305 391.181 85.736 371.402 65.958 368.971 
94.456 353.437 85.945 371.456 92.669 390.216 101.179 372.197 
202.712 349.532 222.564 347.788 235.367 332.518 215.516 334.262 
246.963 316.056 235.545 332.388 255.167 328.913 266.585 312.58 
266.769 312.462 279.038 328.166 294.741 315.897 282.472 300.194 
275.898 281.281 282.617 300.041 300.634 308.555 293.914 289.795 
349.641 202.015 362.443 186.744 360.696 166.893 347.894 182.165 
368.706 130.708 357.295 147.045 360.778 166.666 372.189 150.329 
368.717 130.46 388.496 132.888 390.925 113.109 371.146 110.681 
371.928 95.203 353.165 101.917 371.18 110.437 389.943 103.723 
349.315 -6.254 347.559 -26.103 332.281 -38.898 334.037 -19.048 
312.307 -70.083 315.804 -50.464 332.149 -39.065 328.652 -58.684 
299.942 -85.982 312.222 -70.288 327.915 -82.568 315.636 -98.261 
308.283 -104.154 289.521 -97.439 281.003 -79.424 299.764 -86.139 
181.851 -151.416 201.701 -153.165 186.428 -165.965 166.577 -164.215 
130.396 -172.224 146.736 -160.817 166.356 -164.305 150.016 -175.712 
110.387 -174.666 130.166 -172.234 132.598 -192.012 112.819 -194.444 
103.459 -193.487 94.944 -175.47 101.663 -156.71 110.178 -174.727 
-39.103 -135.792 -19.251 -137.524 -6.438 -152.786 -26.29 -151.054 
-58.907 -132.178 -70.318 -115.841 -50.697 -119.324 -39.286 -135.661 
-98.481 -119.12 -86.198 -103.428 -70.506 -115.711 -82.788 -131.403 
-104.395 -111.831 -97.687 -93.066 -79.674 -84.541 -86.383 -103.306 
