-37.204 333.833 -19.983 343.861 -25.069 324.593 -42.29 314.566 
151.664 350.703 168.923 360.666 188.171 355.508 170.913 345.544 
314.329 238.853 333.593 233.755 343.61 216.527 324.346 221.626 
350.456 44.773 360.424 27.517 355.271 8.267 345.303 25.523 
221.502 -127.924 238.791 -118.014 233.573 -137.247 216.284 -147.157 
7.953 -158.781 25.223 -148.838 44.466 -154.019 27.196 -163.962 
-147.391 -19.773 -128.145 -24.941 -118.19 -42.203 -137.436 -37.035 
-159.08 188.293 -149.11 171.04 -154.26 151.789 -164.23 169.043 
-42.624 314.489 -61.864 319.678 -56.676 338.918 -37.435 333.729 
151.506 350.736 141.496 367.966 158.726 377.977 168.737 360.747 
333.465 233.942 314.212 239.087 319.357 258.339 338.61 253.194 
360.516 27.744 350.504 44.974 367.733 54.986 377.746 37.756 
253.046 -142.163 233.767 -137.116 238.813 -117.838 258.092 -122.884 
37.434 -181.257 27.422 -164.027 44.652 -154.015 54.664 -171.245 
-123.196 -61.57 -142.454 -56.449 -137.333 -37.191 -118.075 -42.312 
-171.467 141.571 -181.494 158.792 -164.273 168.819 -154.246 151.598 
-173.105 202.563 -153.177 202.607 -139.055 188.548 -158.983 188.504 
-19.815 363.935 -5.702 349.866 -5.67 329.939 -19.783 344.008 
202.442 369.596 202.478 349.668 188.413 335.552 188.377 355.48 
343.7 216.325 363.628 216.354 349.559 202.243 329.63 202.213 
335.285 7.995 355.213 8.031 369.329 -6.035 349.401 -6.071 
201.943 -133.174 216.058 -147.242 216.091 -167.169 201.977 -153.102 
7.711 -138.796 7.736 -158.723 -6.338 -172.831 -6.362 -152.904 
-153.337 -5.535 -133.409 -5.497 -147.472 -19.615 -167.4 -19.654 
-155.017 118.531 -174.695 121.679 -171.546 141.357 -151.869 138.209 
-174.684 121.458 -175.677 101.555 -195.58 102.548 -194.587 122.451 
-66.515 291.678 -78.192 307.825 -62.045 319.503 -50.367 303.356 
-78.386 307.681 -93.165 294.313 -106.533 309.092 -91.754 322.459 
138.12 348.307 118.446 351.476 121.615 371.15 141.289 367.98 
122.405 391.07 121.409 371.167 101.506 372.163 102.502 392.066 
303.086 246.853 291.408 263.001 307.556 274.679 319.232 258.531 
322.201 288.189 307.409 274.836 294.055 289.627 308.847 302.98 
367.746 55.241 348.071 58.412 351.242 78.085 370.916 74.915 
391.877 94.057 390.869 74.154 370.968 75.162 371.975 95.064 
258.287 -122.779 246.614 -106.628 262.765 -94.955 274.438 -111.106 
302.739 -112.388 287.954 -125.748 274.593 -110.962 289.379 -97.603 
74.577 -174.445 54.906 -171.26 58.091 -151.588 77.762 -154.773 
94.712 -175.498 93.697 -195.399 73.795 -194.384 74.811 -174.482 
-111.425 -77.894 -123.088 -61.735 -106.93 -50.072 -95.267 -66.231 
-97.908 -92.821 -112.699 -106.176 -126.053 -91.385 -111.263 -78.03 
-164.454 29.762 -151.646 14.496 -153.384 -5.356 -166.192 9.91 
-164.525 29.946 -175.951 46.273 -172.485 65.897 -161.059 49.57 
-194.706 83.452 -174.927 85.885 -172.495 66.106 -192.273 63.673 
-174.964 86.103 -193.727 92.813 -175.715 101.336 -156.951 94.626 
-136.086 235.488 -137.819 215.636 -153.083 202.825 -151.349 222.677 
-135.957 235.687 -132.476 255.308 -116.141 266.722 -119.622 247.101 
-131.71 279.203 -119.437 294.904 -103.737 282.631 -116.01 266.93 
-84.801 276.105 -103.564 282.819 -112.083 300.835 -93.32 294.12 
9.809 362.711 29.659 360.957 14.383 348.161 -5.468 349.915 
29.871 361.053 46.215 372.452 65.834 368.955 49.489 357.556 
63.637 388.746 83.417 391.164 85.836 371.384 66.056 368.965 
94.581 353.405 86.059 371.419 92.771 390.182 101.293 372.169 
202.658 349.549 222.509 347.804 235.312 332.533 215.461 334.278 
246.927 316.1 235.52 332.44 255.14 328.952 266.547 312.612 
266.721 312.447 278.987 328.153 294.692 315.888 282.426 300.182 
275.902 281.28 282.619 300.04 300.634 308.557 293.917 289.796 
349.665 202.047 362.467 186.775 360.72 166.925 347.919 182.197 
368.687 130.75 357.28 147.09 360.768 166.71 372.175 150.37 
368.771 130.543 388.55 132.968 390.975 113.188 371.196 110.763 
371.934 95.296 353.175 102.02 371.194 110.53 389.953 103.807 
349.274 -6.265 347.528 -26.115 332.256 -38.917 334.002 -19.067 
312.341 -70.149 315.824 -50.528 332.161 -39.118 328.677 -58.739 
299.925 -86.008 312.189 -70.302 327.895 -82.566 315.631 -98.272 
308.309 -104.197 289.548 -97.477 281.035 -79.461 299.795 -86.18 
181.905 -151.464 201.755 -153.208 186.486 -166.012 166.634 -164.268 
130.428 -172.223 146.768 -160.815 166.388 -164.302 150.048 -175.71 
110.418 -174.732 130.197 -172.307 132.622 -192.086 112.843 -194.511 
103.459 -193.479 94.944 -175.462 101.662 -156.702 110.177 -174.719 
-39.191 -135.756 -19.341 -137.525 -6.558 -152.812 -26.406 -151.042 
-59.002 -132.147 -70.383 -115.789 -50.769 -119.308 -39.388 -135.666 
-98.535 -119.066 -86.259 -103.37 -70.562 -115.647 -82.838 -131.343 
-104.49 -111.749 -97.754 -92.994 -79.729 -84.495 -86.466 -103.25 
