-37.257 333.722 -20.136 343.92 -25.031 324.603 -42.152 314.405 
151.637 350.562 168.885 360.543 188.139 355.404 170.89 345.423 
314.193 238.642 333.507 233.735 343.696 216.609 324.381 221.515 
350.151 44.925 360.272 27.759 355.291 8.464 345.17 25.63 
221.693 -127.716 239.068 -117.956 233.684 -137.143 216.309 -146.903 
8.221 -158.661 25.569 -148.855 44.77 -154.189 27.421 -163.995 
-147.338 -19.751 -128.114 -24.999 -118.232 -42.302 -137.456 -37.055 
-158.931 188.395 -148.953 171.146 -154.094 151.893 -164.072 169.142 
-42.329 314.25 -61.652 319.122 -56.78 338.444 -37.457 333.572 
151.363 350.722 141.435 368.0 158.712 377.929 168.641 360.651 
333.386 233.871 314.045 238.67 318.844 258.012 338.186 253.212 
360.356 27.963 350.236 45.13 367.403 55.25 377.523 38.083 
253.086 -142.261 233.865 -136.999 239.127 -117.778 258.348 -123.04 
37.588 -181.336 27.611 -164.087 44.86 -154.109 54.838 -171.359 
-123.053 -61.577 -142.335 -56.542 -137.299 -37.261 -118.018 -42.297 
-171.223 141.68 -181.29 158.878 -164.092 168.945 -154.025 151.747 
-173.131 202.465 -153.205 202.75 -138.914 188.861 -158.84 188.577 
-19.589 363.928 -5.72 349.62 -6.03 329.695 -19.899 344.003 
202.585 369.309 202.435 349.382 188.239 335.397 188.389 355.325 
343.76 216.428 363.684 216.071 349.345 202.235 329.419 202.591 
335.308 8.668 355.232 8.258 369.03 -6.12 349.106 -5.71 
201.718 -133.17 216.096 -146.968 216.507 -166.892 202.128 -153.094 
7.719 -138.66 8.024 -158.585 -5.85 -172.89 -6.155 -152.965 
-153.341 -5.474 -133.413 -5.347 -147.414 -19.527 -167.342 -19.654 
-154.764 118.635 -174.437 121.815 -171.257 141.488 -151.585 138.308 
-174.453 121.611 -175.827 101.73 -195.708 103.105 -194.333 122.985 
-66.102 291.141 -77.907 307.195 -61.854 319.001 -50.048 302.947 
-78.063 307.048 -93.6 294.569 -106.079 310.106 -90.542 322.584 
138.051 348.349 118.371 351.487 121.51 371.165 141.189 368.027 
121.758 391.146 121.296 371.223 101.373 371.685 101.835 391.608 
301.85 247.596 291.278 264.488 308.171 275.06 318.741 258.168 
321.848 289.565 308.026 275.211 293.671 289.032 307.493 303.386 
367.422 55.472 347.71 58.406 350.645 78.116 370.356 75.182 
392.098 93.385 390.244 73.543 370.404 75.397 372.258 95.239 
258.556 -122.938 246.812 -106.838 262.912 -95.094 274.655 -111.194 
302.978 -111.445 288.686 -125.331 274.799 -111.039 289.092 -97.153 
74.745 -174.42 55.05 -171.383 58.087 -151.688 77.781 -154.724 
94.869 -175.42 93.894 -195.323 73.991 -194.348 74.966 -174.445 
-111.3 -77.995 -122.924 -61.808 -106.737 -50.185 -95.113 -66.371 
-97.694 -92.887 -112.422 -106.311 -125.846 -91.583 -111.118 -78.159 
-164.507 29.851 -151.705 14.579 -153.451 -5.272 -166.253 10.0 
-164.542 30.082 -175.951 46.421 -172.465 66.041 -161.056 49.702 
-194.543 83.85 -174.739 86.068 -172.521 66.264 -192.325 64.046 
-174.751 86.297 -193.646 92.626 -175.81 101.512 -156.914 95.182 
-136.019 235.559 -137.832 215.714 -153.148 202.964 -151.333 222.809 
-135.889 235.736 -132.428 255.36 -116.104 266.791 -119.565 247.166 
-131.727 279.218 -119.475 294.935 -103.759 282.682 -116.011 266.966 
-84.667 276.707 -103.633 282.825 -112.717 300.561 -93.752 294.443 
9.727 362.584 29.583 360.893 14.346 348.049 -5.51 349.741 
29.81 360.907 46.095 372.392 65.731 368.998 49.447 357.513 
63.155 388.801 82.887 391.589 85.675 371.857 65.943 369.069 
93.319 353.34 85.902 371.836 93.737 390.159 101.153 371.663 
202.647 349.253 222.506 347.596 235.377 332.382 215.518 334.039 
247.067 315.98 235.586 332.269 255.222 328.869 266.702 312.58 
266.886 312.43 279.204 328.095 294.868 315.777 282.55 300.112 
275.108 281.555 282.73 299.967 301.138 307.596 293.516 289.185 
349.459 202.049 362.43 186.921 360.905 167.052 347.934 182.18 
368.581 130.81 357.299 147.237 360.937 166.83 372.219 150.403 
368.662 130.601 388.322 133.852 391.574 114.192 371.913 110.94 
372.228 95.462 353.654 102.682 371.893 110.711 390.467 103.491 
349.002 -5.9 347.326 -25.756 332.099 -38.612 333.776 -18.756 
312.464 -70.022 315.761 -50.369 331.989 -38.804 328.691 -58.457 
299.763 -85.668 312.334 -70.206 327.795 -82.777 315.224 -98.239 
307.927 -103.961 289.248 -97.017 280.951 -78.899 299.629 -85.843 
182.077 -151.426 201.926 -153.197 186.639 -165.98 166.79 -164.208 
130.61 -172.236 146.925 -160.792 166.552 -164.237 150.237 -175.68 
110.562 -174.401 130.379 -172.304 132.476 -192.121 112.659 -194.218 
103.887 -193.27 95.1 -175.384 101.533 -156.524 110.32 -174.41 
-38.983 -135.823 -19.133 -137.586 -6.345 -152.869 -26.194 -151.106 
-58.799 -132.244 -70.209 -115.907 -50.589 -119.39 -39.178 -135.727 
-98.362 -119.185 -86.086 -103.489 -70.388 -115.766 -82.665 -131.462 
-104.337 -111.821 -97.555 -93.083 -79.509 -84.629 -86.291 -103.367 
