-36.143 333.846 -18.739 343.553 -24.182 324.383 -41.586 314.676 
151.924 350.066 169.201 359.996 188.44 354.801 171.162 344.87 
313.871 238.849 333.156 233.828 343.243 216.642 323.958 221.662 
349.882 45.124 360.216 28.084 355.474 8.729 345.141 25.769 
221.137 -127.501 238.069 -116.992 233.527 -136.396 216.595 -146.904 
8.401 -157.893 25.851 -148.269 44.995 -153.803 27.545 -163.427 
-146.778 -19.142 -127.537 -24.326 -117.597 -41.597 -136.838 -36.413 
-158.033 188.819 -148.144 171.519 -153.386 152.292 -163.274 169.593 
-41.596 314.562 -60.819 319.818 -55.563 339.039 -36.34 333.783 
151.871 349.986 141.743 367.147 158.903 377.276 169.032 360.115 
333.031 234.024 313.762 239.107 318.844 258.376 338.113 253.293 
360.339 28.276 349.806 45.192 366.723 55.725 377.256 38.808 
253.087 -140.724 233.668 -136.249 238.143 -116.83 257.562 -121.305 
37.363 -180.947 27.724 -163.506 45.165 -153.866 54.804 -171.308 
-122.632 -61.023 -141.889 -55.894 -136.76 -36.639 -117.503 -41.768 
-170.578 142.15 -180.562 159.396 -163.316 169.38 -153.332 152.134 
-171.746 203.365 -151.822 202.97 -138.014 188.602 -157.938 188.998 
-18.531 363.549 -4.439 349.46 -4.437 329.533 -18.528 343.622 
202.684 368.856 202.731 348.928 188.674 334.804 188.627 354.732 
343.313 216.431 363.241 216.406 349.133 202.333 329.204 202.358 
335.453 9.002 355.375 8.518 369.119 -5.911 349.197 -5.427 
203.304 -131.928 216.393 -146.954 215.024 -166.835 201.934 -151.808 
7.927 -137.93 8.233 -157.854 -5.64 -172.16 -5.946 -152.236 
-152.809 -4.884 -132.881 -4.788 -146.904 -18.946 -166.832 -19.042 
-153.61 119.464 -173.351 122.187 -170.628 141.928 -150.887 139.205 
-173.376 121.968 -176.132 102.231 -195.868 104.987 -193.113 124.723 
-65.845 291.937 -77.295 308.245 -60.988 319.697 -49.536 303.388 
-77.441 308.108 -91.268 293.758 -105.618 307.586 -91.79 321.935 
135.26 348.258 116.348 354.54 122.63 373.451 141.542 367.169 
118.058 392.913 122.432 373.471 102.99 369.097 98.616 388.539 
300.959 249.576 291.957 267.355 309.736 276.357 318.737 258.578 
319.927 293.54 309.586 276.507 292.551 286.847 302.892 303.88 
366.765 55.94 347.656 61.598 353.314 80.705 372.422 75.047 
389.662 97.587 392.206 77.822 372.442 75.278 369.898 95.043 
257.74 -121.207 246.142 -105.003 262.347 -93.404 273.945 -109.609 
301.812 -114.458 285.446 -125.826 274.077 -109.459 290.444 -98.092 
74.765 -174.041 55.025 -171.322 57.743 -151.58 77.484 -154.299 
94.91 -174.21 94.789 -194.137 74.862 -194.017 74.983 -174.09 
-111.116 -77.562 -122.483 -61.193 -106.114 -49.827 -94.748 -66.196 
-97.706 -92.577 -112.548 -105.875 -125.845 -91.032 -111.003 -77.735 
-163.724 30.518 -150.996 15.185 -152.838 -4.658 -165.566 10.676 
-163.805 30.725 -175.172 47.093 -171.636 66.705 -160.269 50.337 
-193.666 84.49 -173.864 86.722 -171.633 66.919 -191.435 64.688 
-173.885 86.933 -193.222 91.747 -176.146 102.017 -156.808 97.204 
-134.8 235.84 -136.511 215.986 -151.761 203.158 -150.049 223.012 
-134.695 236.012 -131.283 255.646 -114.987 267.116 -118.4 247.483 
-130.709 279.379 -118.618 295.221 -102.777 283.131 -114.867 267.289 
-84.603 274.889 -102.663 283.312 -109.478 302.038 -91.417 293.615 
11.197 362.19 31.026 360.2 15.598 347.587 -4.231 349.577 
31.273 360.24 47.705 371.514 67.296 367.867 50.865 356.594 
65.394 387.771 85.207 389.903 87.34 370.09 67.526 367.957 
93.888 351.217 87.572 370.117 96.47 387.948 102.786 369.048 
202.906 348.827 222.719 346.685 235.213 331.16 215.4 333.303 
246.838 314.752 235.414 331.081 255.037 327.613 266.462 311.284 
266.634 311.138 279.306 326.518 294.685 313.846 282.013 298.467 
273.639 280.358 282.211 298.347 300.992 305.007 292.42 287.018 
349.231 202.143 361.649 186.558 359.41 166.757 346.992 182.343 
368.051 130.747 356.326 146.861 359.43 166.545 371.155 150.431 
368.133 130.534 387.904 133.028 390.399 113.257 370.628 110.763 
369.87 95.284 351.86 103.815 370.627 110.518 388.637 101.987 
349.074 -5.62 346.754 -25.411 331.119 -37.767 333.438 -17.975 
311.952 -69.461 314.966 -49.762 331.025 -37.965 328.011 -57.663 
300.267 -85.878 311.816 -69.639 328.055 -81.187 316.507 -97.426 
309.731 -103.544 290.601 -97.961 281.023 -80.487 300.152 -86.07 
181.867 -150.369 201.734 -151.917 186.592 -164.871 166.724 -163.324 
130.589 -171.541 146.849 -160.02 166.493 -163.371 150.233 -174.892 
110.647 -174.516 130.359 -171.596 133.279 -191.309 113.567 -194.229 
102.377 -192.771 95.15 -174.2 103.172 -155.959 110.398 -174.53 
-38.708 -135.001 -18.864 -136.832 -6.128 -152.158 -25.971 -150.327 
-58.52 -131.46 -69.967 -115.148 -50.339 -118.587 -38.891 -134.899 
-98.104 -118.603 -85.9 -102.85 -70.146 -115.055 -82.351 -130.808 
-103.884 -111.598 -97.552 -92.703 -79.713 -83.82 -86.046 -102.715 
