-5.73 250.81 8.853 264.392 8.145 244.476 -6.438 230.895 
115.843 265.146 129.978 279.193 149.906 279.131 135.77 265.084 
226.36 206.213 246.283 206.653 260.682 192.876 240.759 192.436 
265.97 87.589 280.814 74.293 281.908 54.395 267.064 67.691 
199.175 -42.344 212.045 -27.129 213.704 -46.987 200.834 -62.203 
55.195 -88.533 68.155 -73.396 88.024 -71.856 75.063 -86.994 
-67.718 3.513 -47.791 3.711 -33.562 -10.24 -53.488 -10.437 
-83.392 152.784 -70.028 138.003 -71.03 118.1 -84.394 132.882 
-10.772 231.524 -30.054 236.557 -25.021 255.838 -5.739 250.805 
112.701 269.25 102.755 286.517 120.021 296.465 129.969 279.197 
246.277 206.663 227.005 211.733 232.075 231.005 251.348 225.935 
280.812 74.302 270.434 91.314 287.447 101.692 297.824 84.68 
233.282 -50.718 213.707 -46.981 217.444 -27.407 237.019 -31.144 
87.233 -102.778 75.069 -86.994 90.854 -74.83 103.018 -90.614 
-37.372 -33.563 -56.99 -30.059 -53.486 -10.443 -33.868 -13.947 
-91.288 105.548 -101.505 122.657 -84.397 132.874 -74.179 115.766 
-103.053 156.025 -86.862 167.643 -67.199 164.41 -83.39 152.792 
-3.682 279.885 16.136 277.802 28.676 262.315 8.859 264.399 
151.317 299.01 164.383 283.963 162.983 264.085 149.917 279.132 
260.691 192.868 275.187 206.543 274.607 186.624 260.111 172.949 
267.78 40.331 281.908 54.385 301.836 54.333 287.708 40.279 
180.901 -62.11 200.829 -62.207 214.851 -76.366 194.924 -76.269 
43.295 -72.547 55.189 -88.534 52.295 -108.251 40.4 -92.263 
-80.045 12.505 -63.035 22.886 -67.722 3.517 -84.733 -6.864 
-92.592 77.39 -106.017 92.117 -91.29 105.542 -77.865 90.815 
-106.017 92.117 -119.446 106.841 -104.723 120.27 -91.294 105.546 
-53.251 220.539 -49.663 240.141 -30.062 236.554 -33.649 216.952 
-49.667 240.136 -46.081 259.739 -26.478 256.153 -30.065 236.551 
85.871 275.92 75.273 292.796 92.148 303.394 102.746 286.518 
102.755 286.525 92.146 303.394 109.016 314.003 119.624 297.133 
212.63 235.382 217.0 254.825 236.443 250.454 232.072 231.013 
232.075 231.018 236.443 250.46 255.886 246.094 251.518 226.652 
287.453 101.696 276.348 118.244 292.895 129.347 303.999 112.8 
298.665 85.132 287.496 101.636 303.999 112.804 315.168 96.3 
237.024 -31.143 240.548 -11.53 260.162 -15.053 256.638 -34.667 
234.995 -52.716 236.792 -32.87 256.638 -34.666 254.841 -54.512 
114.37 -106.996 103.022 -90.616 119.403 -79.267 130.751 -95.647 
102.423 -122.943 86.475 -110.995 98.424 -95.047 114.371 -106.996 
-38.79 -53.445 -37.371 -33.568 -17.494 -34.986 -18.913 -54.864 
-58.338 -57.309 -62.202 -37.759 -42.652 -33.896 -38.789 -53.446 
-101.473 42.455 -84.559 31.919 -80.049 12.507 -96.963 23.044 
-101.473 42.46 -114.868 57.214 -113.907 77.119 -100.512 62.364 
-141.822 81.013 -125.921 93.024 -113.909 77.123 -129.81 65.112 
-125.922 93.028 -139.352 107.749 -119.446 106.837 -106.015 92.116 
-80.228 203.869 -76.044 184.385 -86.863 167.65 -91.046 187.134 
-80.225 203.875 -78.766 223.749 -63.681 236.771 -65.14 216.897 
-83.424 239.455 -80.745 259.202 -60.998 256.523 -63.677 236.776 
-49.673 240.132 -60.996 256.531 -57.408 276.133 -46.084 259.734 
26.292 294.96 45.596 299.909 35.446 282.76 16.143 277.81 
45.605 299.913 61.029 312.529 80.857 310.543 65.433 297.927 
68.588 326.243 84.283 338.521 96.562 322.826 80.866 310.547 
92.132 303.403 96.57 322.831 113.445 333.431 109.007 314.003 
164.393 283.962 183.427 289.865 201.06 280.582 182.026 274.678 
213.603 265.087 201.069 280.579 220.886 278.488 233.421 262.995 
233.431 262.991 235.289 282.832 255.129 280.974 253.271 261.132 
236.438 250.478 253.281 261.127 272.72 256.748 255.877 246.099 
274.617 186.619 292.465 177.756 298.819 158.869 280.971 167.732 
310.212 123.844 297.266 138.994 298.824 158.861 311.77 143.711 
310.213 123.836 325.01 137.185 338.358 122.388 323.561 109.04 
315.166 96.305 304.001 112.811 323.567 109.035 334.733 92.529 
287.709 40.271 293.786 21.293 284.663 3.576 278.587 22.554 
269.594 -30.028 270.168 -10.109 284.659 3.569 284.085 -16.35 
269.407 -49.962 269.59 -30.036 289.517 -30.219 289.333 -50.145 
267.606 -69.814 254.844 -54.509 256.643 -34.663 269.405 -49.968 
175.697 -81.521 194.921 -76.273 185.039 -93.577 165.814 -98.825 
131.955 -113.311 145.882 -99.058 165.809 -98.827 151.882 -113.081 
117.206 -126.72 131.95 -113.314 145.356 -128.058 130.612 -141.464 
105.256 -142.672 102.425 -122.946 114.371 -106.997 117.202 -126.722 
3.997 -86.702 23.349 -81.944 40.396 -92.263 21.045 -97.021 
-15.934 -86.886 -30.155 -72.927 -10.229 -72.741 3.992 -86.701 
-52.791 -89.717 -49.873 -70.005 -30.159 -72.923 -33.077 -92.635 
-69.426 -73.871 -58.337 -57.313 -38.788 -53.446 -49.877 -70.004 
