-37.265 333.903 -20.016 343.883 -25.156 324.629 -42.405 314.649 
151.697 350.657 168.951 360.628 188.202 355.479 170.948 345.507 
314.469 239.005 333.708 233.811 343.64 216.534 324.401 221.728 
350.408 44.749 360.369 27.489 355.208 8.241 345.247 25.501 
221.413 -127.94 238.675 -117.982 233.51 -137.229 216.248 -147.187 
8.06 -158.794 25.323 -148.839 44.569 -154.007 27.305 -163.962 
-147.384 -19.84 -128.144 -25.028 -118.207 -42.301 -137.448 -37.113 
-159.037 188.375 -149.1 171.103 -154.287 151.862 -164.224 169.135 
-42.582 314.509 -61.842 319.625 -56.727 338.884 -37.467 333.769 
151.466 350.707 141.487 367.955 158.734 377.935 168.714 360.686 
333.619 234.055 314.332 239.07 319.347 258.356 338.633 253.342 
360.415 27.733 350.45 44.99 367.706 54.955 377.672 37.698 
252.954 -142.254 233.689 -137.154 238.789 -117.889 258.054 -122.99 
37.595 -181.231 27.555 -164.017 44.768 -153.977 54.808 -171.191 
-123.14 -61.603 -142.41 -56.525 -137.333 -37.256 -118.063 -42.334 
-171.465 141.665 -181.503 158.88 -164.288 168.918 -154.25 151.703 
-173.103 202.656 -153.176 202.699 -139.054 188.639 -158.982 188.595 
-19.842 363.892 -5.723 349.83 -5.681 329.903 -19.801 343.965 
202.485 369.539 202.529 349.611 188.471 335.489 188.426 355.417 
343.774 216.323 363.702 216.317 349.608 202.23 329.679 202.236 
335.203 7.912 355.131 8.013 369.293 -6.007 349.365 -6.108 
201.993 -133.185 216.081 -147.279 216.077 -167.207 201.989 -153.113 
7.8 -138.757 7.822 -158.684 -6.254 -172.791 -6.275 -152.864 
-153.295 -5.571 -133.367 -5.538 -147.435 -19.652 -167.363 -19.685 
-154.967 118.607 -174.643 121.764 -171.486 141.441 -151.81 138.284 
-174.682 121.545 -175.677 101.642 -195.58 102.637 -194.585 122.54 
-66.496 291.661 -78.188 307.797 -62.052 319.49 -50.359 303.354 
-78.359 307.639 -93.161 294.296 -106.504 309.098 -91.702 322.439 
138.062 348.319 118.392 351.511 121.584 371.181 141.255 367.988 
122.268 391.111 121.371 371.203 101.463 372.101 102.36 392.009 
302.991 246.914 291.367 263.1 307.554 274.724 319.177 258.538 
322.179 288.311 307.43 274.911 294.03 289.66 308.779 303.059 
367.752 55.201 348.079 58.387 351.265 78.058 370.937 74.872 
391.829 94.013 390.833 74.11 370.931 75.105 371.926 95.008 
258.206 -122.851 246.509 -106.718 262.643 -95.021 274.34 -111.155 
302.669 -112.546 287.847 -125.865 274.527 -111.043 289.349 -97.725 
74.708 -174.44 55.034 -171.277 58.198 -151.601 77.872 -154.765 
94.844 -175.444 93.84 -195.346 73.938 -194.342 74.942 -174.44 
-111.366 -77.914 -123.029 -61.756 -106.871 -50.093 -95.208 -66.252 
-97.887 -92.862 -112.676 -106.218 -126.032 -91.429 -111.243 -78.073 
-164.474 29.743 -151.665 14.477 -153.402 -5.375 -166.211 9.891 
-164.508 29.979 -175.924 46.314 -172.445 65.936 -161.03 49.601 
-194.718 83.522 -174.939 85.95 -172.51 66.171 -192.289 63.743 
-174.918 86.187 -193.673 92.919 -175.651 101.421 -156.895 94.689 
-136.041 235.548 -137.786 215.696 -153.057 202.894 -151.312 222.745 
-135.953 235.765 -132.462 255.384 -116.12 266.789 -119.612 247.171 
-131.667 279.223 -119.402 294.929 -103.696 282.664 -115.96 266.958 
-84.805 276.145 -103.571 282.853 -112.096 300.865 -93.331 294.157 
9.747 362.74 29.599 360.995 14.328 348.192 -5.524 349.938 
29.83 361.016 46.162 372.434 65.784 368.959 49.453 357.542 
63.651 388.826 83.44 391.175 85.789 371.386 66.001 369.037 
94.485 353.333 86.014 371.37 92.778 390.115 101.249 372.077 
202.719 349.534 222.569 347.766 235.354 332.48 215.505 334.248 
246.934 316.054 235.516 332.387 255.138 328.912 266.556 312.579 
266.734 312.497 278.989 328.211 294.703 315.957 282.447 300.243 
275.793 281.361 282.602 300.088 300.659 308.516 293.849 289.789 
349.652 201.999 362.456 186.73 360.713 166.879 347.909 182.149 
368.716 130.707 357.309 147.047 360.796 166.667 372.204 150.327 
368.717 130.478 388.499 132.876 390.898 113.094 371.115 110.695 
371.945 95.233 353.165 101.901 371.159 110.465 389.938 103.798 
349.272 -6.332 347.504 -26.18 332.218 -38.965 333.987 -19.117 
312.255 -70.185 315.754 -50.567 332.1 -39.17 328.601 -58.788 
299.845 -86.058 312.155 -70.388 327.825 -82.699 315.514 -98.368 
308.25 -104.203 289.469 -97.539 280.903 -79.547 299.683 -86.211 
181.944 -151.426 201.794 -153.165 186.528 -165.973 166.676 -164.233 
130.515 -172.235 146.849 -160.82 166.471 -164.298 150.136 -175.714 
110.518 -174.716 130.293 -172.252 132.756 -192.027 112.981 -194.491 
103.563 -193.509 95.064 -175.485 101.799 -156.731 110.298 -174.755 
-39.163 -135.761 -19.311 -137.501 -6.505 -152.769 -26.356 -151.029 
-58.978 -132.131 -70.379 -115.788 -50.761 -119.282 -39.359 -135.626 
-98.545 -119.105 -86.273 -103.405 -70.573 -115.678 -82.845 -131.378 
-104.433 -111.759 -97.717 -92.996 -79.702 -84.478 -86.418 -103.241 
