-37.253 333.891 -20.007 343.876 -25.141 324.621 -42.387 314.636 
151.689 350.735 168.952 360.691 188.198 355.524 170.935 345.569 
314.465 239.016 333.689 233.765 343.569 216.459 324.345 221.709 
350.462 44.817 360.446 27.571 355.31 8.316 345.326 25.563 
221.451 -127.921 238.729 -117.991 233.533 -137.23 216.255 -147.159 
8.119 -158.817 25.407 -148.906 44.64 -154.123 27.351 -164.034 
-147.436 -19.841 -128.193 -25.02 -118.249 -42.289 -137.491 -37.109 
-159.008 188.454 -149.106 171.161 -154.332 151.931 -164.234 169.223 
-42.567 314.502 -61.821 319.641 -56.683 338.894 -37.429 333.755 
151.546 350.714 141.477 367.909 158.671 377.98 168.742 360.784 
333.566 233.971 314.302 239.071 319.402 258.335 338.666 253.235 
360.494 27.747 350.432 44.948 367.633 55.01 377.695 37.809 
252.99 -142.186 233.712 -137.138 238.76 -117.86 258.038 -122.908 
37.637 -181.296 27.57 -164.098 44.768 -154.031 54.835 -171.228 
-123.111 -61.644 -142.385 -56.581 -137.322 -37.308 -118.048 -42.37 
-171.442 141.757 -181.521 158.948 -164.329 169.026 -154.251 151.835 
-173.05 202.726 -153.122 202.743 -139.018 188.665 -158.946 188.647 
-19.804 363.874 -5.717 349.779 -5.723 329.852 -19.809 343.947 
202.48 369.553 202.483 349.625 188.396 335.531 188.392 355.459 
343.681 216.255 363.609 216.33 349.572 202.186 329.644 202.11 
335.34 8.201 355.268 8.127 369.307 -6.016 349.379 -5.942 
201.935 -133.163 216.068 -147.212 216.128 -167.139 201.994 -153.091 
7.864 -138.812 7.912 -158.739 -6.145 -172.864 -6.193 -152.937 
-153.348 -5.515 -133.42 -5.481 -147.487 -19.596 -167.415 -19.63 
-155.007 118.666 -174.678 121.857 -171.487 141.528 -151.816 138.337 
-174.689 121.625 -175.712 101.724 -195.614 102.747 -194.591 122.649 
-66.546 291.704 -78.188 307.877 -62.016 319.519 -50.373 303.346 
-78.34 307.72 -93.092 294.323 -106.489 309.075 -91.738 322.471 
138.068 348.259 118.392 351.423 121.556 371.097 141.231 367.933 
122.389 391.044 121.33 371.144 101.43 372.204 102.49 392.104 
303.199 246.737 291.399 262.796 307.458 274.596 319.257 258.537 
322.202 288.024 307.311 274.783 294.068 289.673 308.96 302.915 
367.672 55.189 348.005 58.407 351.224 78.072 370.89 74.855 
391.749 93.994 390.782 74.089 370.878 75.056 371.846 94.961 
258.222 -122.797 246.598 -106.61 262.785 -94.986 274.409 -111.173 
302.727 -112.33 287.984 -125.737 274.577 -110.993 289.32 -97.587 
74.719 -174.431 55.045 -171.266 58.21 -151.591 77.884 -154.756 
94.824 -175.46 93.836 -195.363 73.933 -194.375 74.921 -174.472 
-111.322 -78.011 -122.991 -61.858 -106.838 -50.188 -95.168 -66.342 
-97.795 -92.943 -112.571 -106.314 -125.942 -91.537 -111.166 -78.167 
-164.526 29.812 -151.722 14.542 -153.465 -5.31 -166.269 9.96 
-164.546 30.038 -175.958 46.375 -172.475 65.996 -161.063 49.659 
-194.704 83.592 -174.923 86.008 -172.508 66.227 -192.288 63.812 
-174.948 86.252 -193.72 92.936 -175.72 101.484 -156.947 94.8 
-135.986 235.579 -137.74 215.728 -153.018 202.934 -151.262 222.784 
-135.903 235.789 -132.416 255.409 -116.076 266.817 -119.564 247.197 
-131.628 279.278 -119.351 294.975 -103.654 282.698 -115.93 267.001 
-84.786 276.144 -103.534 282.902 -112.011 300.936 -93.264 294.178 
9.74 362.683 29.591 360.933 14.318 348.134 -5.533 349.884 
29.808 360.966 46.151 372.367 65.77 368.872 49.427 357.471 
63.453 388.712 83.219 391.243 85.75 371.477 65.984 368.945 
94.458 353.428 85.979 371.461 92.735 390.209 101.214 372.175 
202.649 349.531 222.501 347.795 235.311 332.53 215.458 334.266 
246.859 316.055 235.473 332.41 255.088 328.896 266.474 312.541 
266.653 312.412 278.859 328.164 294.61 315.958 282.403 300.206 
275.929 281.247 282.566 300.036 300.545 308.63 293.908 289.84 
349.638 201.969 362.44 186.698 360.693 166.847 347.892 182.119 
368.706 130.676 357.296 147.014 360.781 166.635 372.191 150.297 
368.71 130.437 388.493 132.835 390.891 113.052 371.109 110.654 
371.883 95.185 353.135 101.94 371.168 110.42 389.916 103.665 
349.27 -6.135 347.536 -25.987 332.272 -38.798 334.006 -18.947 
312.352 -70.035 315.842 -50.416 332.183 -39.011 328.693 -58.631 
299.971 -85.95 312.198 -70.216 327.932 -82.443 315.705 -98.177 
308.252 -104.204 289.518 -97.411 281.075 -79.361 299.808 -86.154 
181.957 -151.441 201.808 -153.188 186.536 -165.99 166.685 -164.243 
130.514 -172.223 146.846 -160.805 166.468 -164.279 150.136 -175.698 
110.508 -174.72 130.284 -172.269 132.735 -192.046 112.958 -194.496 
103.538 -193.47 95.038 -175.445 101.773 -156.691 110.272 -174.715 
-39.045 -135.823 -19.192 -137.551 -6.377 -152.811 -26.229 -151.083 
-58.868 -132.239 -70.286 -115.907 -50.664 -119.381 -39.246 -135.714 
-98.435 -119.182 -86.163 -103.482 -70.463 -115.756 -82.735 -131.455 
-104.356 -111.871 -97.648 -93.106 -79.636 -84.581 -86.344 -103.346 
