-37.272 333.88 -20.025 343.864 -25.161 324.609 -42.407 314.625 
151.591 350.796 168.864 360.734 188.105 355.548 170.832 345.61 
314.341 238.748 333.615 233.685 343.663 216.476 324.389 221.539 
350.616 44.816 360.494 27.508 355.24 8.285 345.362 25.593 
221.459 -127.912 238.723 -117.958 233.554 -137.204 216.29 -147.157 
8.066 -158.784 25.365 -148.892 44.592 -154.129 27.293 -164.022 
-147.38 -19.817 -128.143 -25.018 -118.218 -42.297 -137.455 -37.097 
-159.048 188.451 -149.064 171.206 -154.199 151.951 -164.183 169.197 
-42.61 314.53 -61.871 319.639 -56.762 338.9 -37.5 333.79 
151.45 350.696 141.397 367.901 158.601 377.956 168.655 360.75 
333.485 233.87 314.244 239.055 319.429 258.297 338.67 253.111 
360.615 27.707 350.535 44.897 367.724 54.978 377.805 37.788 
253.018 -142.197 233.75 -137.108 238.838 -117.841 258.106 -122.929 
37.561 -181.329 27.48 -164.14 44.669 -154.058 54.751 -171.248 
-123.142 -61.643 -142.414 -56.572 -137.344 -37.301 -118.072 -42.372 
-171.492 141.746 -181.464 158.999 -164.211 168.972 -154.239 151.719 
-173.06 202.718 -153.132 202.752 -139.017 188.686 -158.945 188.651 
-19.844 363.912 -5.727 349.848 -5.689 329.921 -19.806 343.985 
202.355 369.546 202.395 349.618 188.333 335.498 188.293 355.426 
343.788 216.297 363.716 216.322 349.644 202.213 329.715 202.188 
335.241 8.038 355.169 8.077 369.287 -5.986 349.359 -6.025 
201.991 -133.206 216.1 -147.278 216.126 -167.206 202.016 -153.134 
7.84 -138.788 7.87 -158.715 -6.201 -172.827 -6.23 -152.9 
-153.352 -5.529 -133.424 -5.496 -147.492 -19.611 -167.42 -19.643 
-155.041 118.679 -174.715 121.85 -171.544 141.524 -151.87 138.353 
-174.698 121.63 -175.698 101.727 -195.601 102.726 -194.601 122.629 
-66.509 291.661 -78.192 307.804 -62.05 319.488 -50.366 303.345 
-78.371 307.696 -93.147 294.326 -106.517 309.103 -91.74 322.472 
138.037 348.298 118.363 351.466 121.531 371.14 141.205 367.971 
122.334 391.047 121.334 371.145 101.431 372.144 102.431 392.047 
303.141 246.792 291.462 262.938 307.608 274.617 319.287 258.471 
322.248 288.139 307.458 274.785 294.103 289.575 308.893 302.929 
367.76 55.205 348.086 58.382 351.264 78.054 370.937 74.878 
391.841 94.002 390.837 74.099 370.936 75.103 371.939 95.005 
258.268 -122.783 246.599 -106.629 262.754 -94.96 274.422 -111.114 
302.752 -112.42 287.963 -125.777 274.606 -110.988 289.395 -97.633 
74.643 -174.455 54.972 -171.273 58.154 -151.601 77.825 -154.783 
94.757 -175.463 93.735 -195.364 73.834 -194.341 74.857 -174.441 
-111.337 -77.973 -123.01 -61.822 -106.859 -50.149 -95.186 -66.301 
-97.844 -92.93 -112.623 -106.299 -125.991 -91.52 -111.213 -78.152 
-164.47 29.827 -151.676 14.549 -153.432 -5.302 -166.226 9.976 
-164.553 30.054 -175.952 46.4 -172.455 66.018 -161.056 49.673 
-194.691 83.613 -174.911 86.034 -172.49 66.254 -192.27 63.833 
-174.972 86.265 -193.733 92.983 -175.718 101.499 -156.956 94.782 
-136.039 235.616 -137.789 215.765 -153.063 202.966 -151.313 222.817 
-135.916 235.794 -132.43 255.414 -116.091 266.824 -119.577 247.204 
-131.671 279.276 -119.402 294.979 -103.698 282.71 -115.967 267.007 
-84.778 276.16 -103.541 282.876 -112.059 300.891 -93.297 294.175 
9.768 362.712 29.62 360.977 14.356 348.166 -5.496 349.901 
29.837 361.045 46.173 372.456 65.794 368.974 49.458 357.563 
63.589 388.75 83.368 391.177 85.795 371.398 66.016 368.971 
94.528 353.412 86.005 371.425 92.715 390.189 101.239 372.176 
202.637 349.525 222.489 347.791 235.3 332.527 215.448 334.261 
246.925 316.025 235.513 332.362 255.134 328.88 266.546 312.543 
266.761 312.405 279.024 328.113 294.732 315.85 282.468 300.142 
275.92 281.216 282.64 299.976 300.656 308.49 293.936 289.73 
349.701 202.01 362.496 186.732 360.741 166.883 347.946 182.16 
368.75 130.727 357.35 147.072 360.846 166.69 372.246 150.345 
368.753 130.486 388.534 132.907 390.954 113.126 371.174 110.706 
371.978 95.235 353.22 101.963 371.241 110.47 389.999 103.742 
349.285 -6.233 347.542 -26.083 332.272 -38.888 334.015 -19.037 
312.319 -70.092 315.8 -50.47 332.136 -39.058 328.655 -58.679 
299.953 -85.995 312.217 -70.289 327.923 -82.554 315.658 -98.26 
308.296 -104.17 289.535 -97.449 281.023 -79.432 299.782 -86.152 
181.934 -151.443 201.784 -153.193 186.51 -165.992 166.659 -164.241 
130.472 -172.256 146.811 -160.846 166.431 -164.331 150.093 -175.741 
110.444 -174.682 130.225 -172.264 132.643 -192.044 112.862 -194.462 
103.486 -193.484 94.975 -175.465 101.699 -156.707 110.209 -174.726 
-39.078 -135.812 -19.228 -137.564 -6.431 -152.84 -26.281 -151.087 
-58.889 -132.204 -70.303 -115.869 -50.682 -119.348 -39.268 -135.684 
-98.488 -119.192 -86.219 -103.49 -70.516 -115.76 -82.786 -131.462 
-104.381 -111.838 -97.673 -93.072 -79.662 -84.547 -86.37 -103.312 
