-37.136 333.857 -19.91 343.876 -25.006 324.611 -42.232 314.592 
151.671 350.562 168.907 360.566 188.167 355.452 170.932 345.448 
314.325 238.814 333.597 233.744 343.64 216.531 324.368 221.601 
350.446 44.85 360.397 27.585 355.226 8.34 345.274 25.605 
221.485 -127.881 238.729 -117.894 233.598 -137.149 216.353 -147.136 
8.111 -158.81 25.371 -148.849 44.619 -154.011 27.359 -163.971 
-147.384 -19.769 -128.154 -24.997 -118.253 -42.29 -137.483 -37.063 
-158.988 188.547 -149.023 171.291 -154.177 152.041 -164.143 169.297 
-42.507 314.488 -61.753 319.656 -56.585 338.902 -37.339 333.733 
151.454 350.684 141.482 367.936 158.733 377.91 168.706 360.657 
333.439 233.916 314.183 239.049 319.316 258.304 338.571 253.172 
360.43 27.806 350.44 45.048 367.682 55.039 377.672 37.796 
253.053 -142.133 233.785 -137.049 238.869 -117.78 258.137 -122.865 
37.613 -181.253 27.599 -164.024 44.828 -154.01 54.842 -171.239 
-123.153 -61.599 -142.433 -56.558 -137.392 -37.279 -118.112 -42.32 
-171.414 141.835 -181.413 159.072 -164.176 169.072 -154.176 151.834 
-172.978 202.806 -153.05 202.827 -138.944 188.752 -158.872 188.73 
-19.755 363.904 -5.624 349.854 -5.566 329.927 -19.697 343.977 
202.433 369.528 202.478 349.6 188.42 335.477 188.375 355.405 
343.678 216.327 363.606 216.333 349.52 202.237 329.591 202.231 
335.221 8.079 355.148 8.153 369.292 -5.886 349.364 -5.96 
202.085 -133.141 216.175 -147.232 216.174 -167.16 202.084 -153.069 
7.846 -138.777 7.888 -158.704 -6.174 -172.824 -6.216 -152.897 
-153.358 -5.479 -133.43 -5.451 -147.501 -19.562 -167.429 -19.59 
-154.992 118.76 -174.665 121.936 -171.49 141.61 -151.816 138.434 
-174.663 121.692 -175.674 101.79 -195.576 102.8 -194.565 122.703 
-66.439 291.693 -78.096 307.855 -61.936 319.513 -50.277 303.352 
-78.268 307.724 -93.078 294.39 -106.412 309.2 -91.602 322.533 
138.141 348.256 118.46 351.384 121.588 371.064 141.269 367.936 
122.461 391.013 121.397 371.113 101.498 372.177 102.562 392.077 
303.001 246.931 291.414 263.144 307.627 274.73 319.213 258.518 
322.162 288.346 307.469 274.884 294.006 289.575 308.699 303.037 
367.725 55.261 348.037 58.351 351.128 78.037 370.815 74.947 
391.805 93.949 390.701 74.052 370.804 75.156 371.909 95.054 
258.301 -122.719 246.651 -106.551 262.819 -94.901 274.469 -111.069 
302.792 -112.341 288.02 -125.716 274.645 -110.944 289.417 -97.57 
74.756 -174.473 55.082 -171.31 58.245 -151.635 77.919 -154.798 
94.918 -175.465 93.917 -195.367 74.015 -194.366 75.017 -174.464 
-111.334 -77.931 -123.0 -61.775 -106.844 -50.109 -95.178 -66.265 
-97.841 -92.899 -112.627 -106.259 -125.987 -91.473 -111.201 -78.113 
-164.49 29.876 -151.69 14.603 -153.439 -5.248 -166.239 10.025 
-164.574 30.094 -175.974 46.439 -172.477 66.057 -161.077 49.712 
-194.67 83.655 -174.889 86.071 -172.473 66.291 -192.254 63.875 
-174.956 86.31 -193.722 93.012 -175.714 101.544 -156.947 94.842 
-135.962 235.686 -137.714 215.835 -152.991 203.039 -151.237 222.89 
-135.815 235.856 -132.318 255.475 -115.972 266.874 -119.47 247.257 
-131.561 279.341 -119.288 295.041 -103.587 282.769 -115.86 267.068 
-84.659 276.239 -103.435 282.917 -111.989 300.915 -93.213 294.237 
9.84 362.748 29.691 360.994 14.415 348.198 -5.436 349.951 
29.892 361.011 46.243 372.401 65.86 368.892 49.509 357.503 
63.657 388.765 83.44 391.165 85.839 371.382 66.057 368.982 
94.617 353.359 86.063 371.357 92.74 390.133 101.295 372.135 
202.663 349.493 222.515 347.756 235.325 332.491 215.473 334.227 
246.941 316.061 235.514 332.388 255.139 328.923 266.565 312.597 
266.751 312.473 279.077 328.131 294.735 315.805 282.408 300.147 
275.812 281.266 282.583 300.007 300.622 308.472 293.851 289.731 
349.608 202.052 362.411 186.782 360.666 166.931 347.863 182.202 
368.629 130.744 357.226 147.088 360.72 166.707 372.122 150.364 
368.658 130.501 388.432 132.974 390.905 113.201 371.132 110.727 
371.928 95.265 353.162 101.97 371.172 110.499 389.939 103.794 
349.317 -6.159 347.575 -26.01 332.306 -38.815 334.048 -18.964 
312.344 -70.012 315.837 -50.392 332.178 -38.989 328.686 -58.608 
299.949 -85.896 312.247 -70.216 327.926 -82.514 315.628 -98.194 
308.335 -104.066 289.56 -97.388 281.006 -79.39 299.781 -86.068 
182.036 -151.403 201.887 -153.138 186.623 -165.948 166.771 -164.213 
130.623 -172.25 146.952 -160.826 166.575 -164.293 150.247 -175.718 
110.628 -174.668 130.409 -172.258 132.819 -192.04 113.037 -194.449 
103.712 -193.52 95.172 -175.515 101.864 -156.746 110.404 -174.751 
-39.097 -135.801 -19.245 -137.545 -6.443 -152.815 -26.293 -151.071 
-58.901 -132.173 -70.313 -115.837 -50.692 -119.318 -39.28 -135.654 
-98.486 -119.176 -86.222 -103.471 -70.515 -115.736 -82.779 -131.441 
-104.393 -111.801 -97.664 -93.043 -79.643 -84.537 -86.372 -103.295 
