-36.458 330.057 -18.606 338.913 -24.967 320.028 -42.819 311.172 
148.727 349.021 166.862 357.281 185.527 350.299 167.392 342.038 
311.457 240.317 329.982 232.973 337.888 214.68 319.363 222.024 
350.338 47.974 357.939 29.553 350.288 11.152 342.687 29.574 
222.852 -123.448 240.904 -115.005 234.109 -133.739 216.057 -142.181 
10.75 -156.155 28.279 -146.675 47.377 -152.367 29.848 -161.846 
-143.575 -19.281 -124.597 -25.357 -115.474 -43.073 -134.453 -36.997 
-155.197 186.16 -146.079 168.442 -152.16 149.465 -161.278 167.183 
-42.993 311.084 -61.864 317.489 -55.46 336.359 -36.589 329.954 
148.566 349.115 140.329 367.26 158.473 375.499 166.711 357.353 
329.913 233.107 311.384 240.443 318.721 258.971 337.249 251.635 
358.016 29.683 350.36 48.081 368.758 55.737 376.415 37.339 
252.911 -140.601 234.235 -133.65 241.186 -114.974 259.863 -121.925 
39.429 -179.465 30.003 -161.908 47.56 -152.481 56.987 -170.039 
-121.413 -62.163 -140.404 -56.122 -134.363 -37.132 -115.373 -43.173 
-169.939 140.179 -179.071 157.891 -161.359 167.023 -152.227 149.311 
-169.659 200.005 -149.74 200.579 -135.248 186.901 -155.168 186.326 
-18.937 358.881 -4.504 345.141 -4.013 325.22 -18.446 338.96 
199.428 364.696 199.918 344.774 186.179 330.341 185.689 350.263 
337.94 214.541 357.853 215.304 344.313 200.684 324.399 199.921 
330.356 9.795 350.247 11.012 365.172 -2.192 345.281 -3.409 
200.923 -129.073 215.905 -142.213 217.207 -162.098 202.225 -148.958 
10.961 -136.188 10.59 -156.112 -3.761 -169.938 -3.39 -150.015 
-149.319 -4.99 -129.392 -5.182 -143.618 -19.137 -163.546 -18.944 
-156.338 115.324 -175.484 120.853 -169.954 139.999 -150.809 134.469 
-175.518 120.69 -174.432 100.792 -194.331 99.706 -195.416 119.605 
-71.327 290.815 -79.967 308.771 -62.012 317.413 -53.37 299.457 
-80.087 308.667 -93.247 293.703 -108.211 306.863 -95.051 321.826 
136.148 347.753 116.63 351.773 120.65 371.29 140.169 367.27 
122.971 391.107 120.496 371.333 100.722 373.809 103.198 393.582 
302.503 247.429 290.832 263.582 306.985 275.252 318.655 259.1 
322.663 287.557 306.902 275.364 294.708 291.124 310.469 303.317 
368.776 55.891 349.246 59.857 353.213 79.385 372.742 75.419 
391.043 97.027 392.651 77.164 372.789 75.557 371.181 95.42 
259.997 -121.868 250.507 -104.345 268.03 -94.856 277.52 -112.379 
304.981 -105.596 294.635 -122.627 277.603 -112.281 287.95 -95.25 
76.469 -174.922 57.144 -170.057 62.009 -150.732 81.333 -155.596 
96.501 -176.327 95.115 -196.206 75.236 -194.82 76.622 -174.941 
-109.87 -78.602 -121.36 -62.32 -105.078 -50.831 -93.588 -67.112 
-97.154 -94.149 -112.595 -106.746 -125.193 -91.305 -109.752 -78.708 
-162.174 29.678 -148.627 15.063 -149.382 -4.85 -162.929 9.764 
-162.223 29.847 -174.472 45.566 -172.017 65.342 -159.769 49.623 
-194.793 82.182 -175.099 85.223 -172.057 65.529 -191.752 62.488 
-175.112 85.397 -193.158 93.849 -174.422 100.634 -156.375 92.182 
-134.206 234.146 -135.011 214.234 -149.66 200.724 -148.855 220.636 
-134.146 234.309 -131.825 254.101 -116.188 266.454 -118.51 246.663 
-132.047 278.543 -120.108 294.5 -104.152 282.562 -116.09 266.605 
-85.561 275.254 -104.045 282.701 -111.849 301.037 -93.365 293.59 
9.919 359.133 29.845 358.851 15.556 344.961 -4.37 345.242 
30.015 358.884 45.523 371.397 65.338 369.279 49.83 356.766 
62.94 389.112 82.703 391.67 85.261 371.907 65.498 369.349 
95.279 354.579 85.43 371.902 90.715 391.117 100.564 373.793 
200.065 344.692 219.992 344.893 234.225 330.946 214.298 330.744 
246.714 315.233 234.381 330.887 254.17 328.539 266.503 312.885 
266.62 312.778 278.904 328.47 294.595 316.187 282.311 300.495 
277.471 281.107 282.436 300.406 299.593 310.541 294.628 291.243 
344.387 200.558 358.685 186.678 358.98 166.753 344.682 180.634 
368.117 130.926 356.175 146.879 359.011 166.604 370.954 150.651 
368.176 130.78 388.021 132.584 389.825 112.738 369.979 110.934 
371.164 95.567 352.215 101.736 369.976 110.773 388.925 104.604 
345.214 -3.53 345.108 -23.456 330.942 -37.472 331.048 -17.545 
311.985 -69.189 314.894 -49.475 330.89 -37.592 327.981 -57.306 
299.493 -84.888 311.899 -69.294 327.493 -81.7 315.087 -97.294 
306.005 -103.81 288.047 -95.17 281.46 -76.363 299.417 -85.003 
182.193 -148.042 202.095 -149.037 187.319 -162.407 167.416 -161.413 
131.785 -171.293 147.483 -159.018 167.263 -161.438 151.565 -173.713 
111.843 -173.697 131.63 -171.335 133.992 -191.122 114.205 -193.484 
107.318 -193.143 96.656 -176.308 101.021 -156.864 111.683 -173.7 
-36.822 -134.2 -16.918 -135.177 -3.535 -149.941 -23.438 -148.965 
-56.736 -131.602 -68.914 -115.829 -49.15 -118.371 -36.971 -134.145 
-96.783 -120.657 -85.372 -104.32 -69.035 -115.731 -80.445 -132.068 
-103.321 -113.201 -97.063 -94.281 -79.26 -85.328 -85.518 -104.248 
