-37.258 333.867 -20.019 343.862 -25.141 324.604 -42.381 314.609 
151.668 350.799 168.962 360.702 188.192 355.476 170.898 345.574 
314.314 238.75 333.589 233.689 343.639 216.481 324.365 221.542 
350.389 44.815 360.413 27.592 355.322 8.325 345.298 25.548 
221.547 -127.884 238.838 -117.977 233.616 -137.209 216.325 -147.115 
8.033 -158.82 25.288 -148.851 44.538 -154.002 27.283 -163.972 
-147.387 -19.846 -128.137 -25.0 -118.171 -42.256 -137.42 -37.101 
-159.011 188.435 -149.06 171.17 -154.231 151.925 -164.182 169.19 
-42.628 314.498 -61.886 319.62 -56.765 338.878 -37.506 333.755 
151.549 350.713 141.506 367.923 158.716 377.968 168.76 360.757 
333.498 233.886 314.256 239.069 319.439 258.311 338.681 253.128 
360.421 27.823 350.456 45.08 367.712 55.046 377.678 37.789 
253.12 -142.146 233.839 -137.111 238.874 -117.829 258.156 -122.865 
37.542 -181.265 27.529 -164.036 44.758 -154.022 54.772 -171.251 
-123.157 -61.635 -142.418 -56.524 -137.307 -37.263 -118.046 -42.374 
-171.485 141.728 -181.483 158.966 -164.244 168.964 -154.247 151.726 
-173.081 202.722 -153.153 202.754 -139.04 188.686 -158.968 188.654 
-19.818 363.916 -5.709 349.844 -5.681 329.917 -19.791 343.989 
202.454 369.521 202.492 349.594 188.429 335.476 188.39 355.404 
343.76 216.307 363.688 216.318 349.606 202.219 329.677 202.208 
335.284 8.07 355.212 8.127 369.343 -5.924 349.415 -5.981 
202.007 -133.178 216.128 -147.24 216.17 -167.168 202.049 -153.106 
7.772 -138.803 7.804 -158.73 -6.264 -172.843 -6.296 -152.916 
-153.31 -5.558 -133.382 -5.522 -147.447 -19.639 -167.375 -19.675 
-154.984 118.65 -174.66 121.812 -171.499 141.487 -151.823 138.326 
-174.691 121.584 -175.689 101.681 -195.592 102.679 -194.594 122.582 
-66.576 291.638 -78.249 307.788 -62.1 319.462 -50.426 303.312 
-78.433 307.652 -93.216 294.288 -106.58 309.071 -91.797 322.433 
138.111 348.261 118.44 351.451 121.63 371.121 141.301 367.931 
122.41 391.064 121.427 371.161 101.523 372.144 102.507 392.048 
303.122 246.781 291.456 262.936 307.611 274.603 319.277 258.447 
322.306 288.118 307.501 274.78 294.162 289.584 308.967 302.922 
367.777 55.261 348.101 58.432 351.273 78.105 370.947 74.934 
391.847 94.028 390.827 74.126 370.926 75.146 371.946 95.048 
258.353 -122.707 246.685 -106.553 262.839 -94.885 274.508 -111.039 
302.822 -112.294 288.043 -125.662 274.675 -110.884 289.454 -97.517 
74.678 -174.461 55.003 -171.299 58.165 -151.624 77.839 -154.786 
94.796 -175.475 93.792 -195.376 73.89 -194.373 74.894 -174.471 
-111.39 -77.937 -123.055 -61.78 -106.898 -50.115 -95.233 -66.272 
-97.926 -92.884 -112.715 -106.24 -126.071 -91.451 -111.282 -78.095 
-164.48 29.77 -151.672 14.503 -153.412 -5.349 -166.219 9.918 
-164.507 30.009 -175.92 46.345 -172.439 65.966 -161.026 49.631 
-194.708 83.561 -174.928 85.983 -172.506 66.203 -192.286 63.781 
-174.924 86.221 -193.683 92.941 -175.667 101.455 -156.906 94.735 
-136.022 235.596 -137.771 215.745 -153.044 202.945 -151.295 222.796 
-135.955 235.808 -132.469 255.429 -116.129 266.837 -119.616 247.218 
-131.676 279.267 -119.403 294.968 -103.703 282.695 -115.975 266.994 
-84.835 276.146 -103.599 282.857 -112.121 300.871 -93.357 294.159 
9.8 362.703 29.651 360.953 14.377 348.154 -5.474 349.903 
29.872 361.03 46.213 372.433 65.832 368.941 49.491 357.538 
63.647 388.751 83.428 391.165 85.842 371.384 66.061 368.97 
94.571 353.377 86.072 371.402 92.807 390.157 101.306 372.132 
202.711 349.513 222.561 347.756 235.355 332.477 215.505 334.234 
246.954 315.984 235.557 332.331 255.175 328.831 266.572 312.484 
266.795 312.375 279.062 328.079 294.766 315.813 282.499 300.108 
275.969 281.167 282.667 299.935 300.673 308.47 293.975 289.703 
349.663 202.008 362.462 186.735 360.713 166.885 347.913 182.158 
368.714 130.711 357.31 147.053 360.801 166.673 372.206 150.331 
368.743 130.489 388.523 132.904 390.938 113.123 371.158 110.709 
371.957 95.261 353.193 101.972 371.207 110.494 389.97 103.783 
349.352 -6.191 347.608 -26.042 332.337 -38.845 334.081 -18.995 
312.376 -70.047 315.861 -50.427 332.198 -39.017 328.714 -58.638 
299.992 -85.926 312.259 -70.223 327.963 -82.489 315.696 -98.193 
308.367 -104.092 289.606 -97.376 281.089 -79.36 299.85 -86.076 
181.981 -151.44 201.832 -153.184 186.562 -165.988 166.711 -164.244 
130.527 -172.27 146.865 -160.86 166.486 -164.345 150.147 -175.755 
110.491 -174.706 130.27 -172.27 132.706 -192.049 112.927 -194.485 
103.536 -193.527 95.017 -175.512 101.732 -156.75 110.251 -174.765 
-39.16 -135.805 -19.309 -137.558 -6.513 -152.834 -26.363 -151.081 
-58.966 -132.168 -70.364 -115.822 -50.746 -119.32 -39.348 -135.667 
-98.552 -119.139 -86.279 -103.44 -70.579 -115.713 -82.852 -131.412 
-104.463 -111.778 -97.744 -93.017 -79.727 -84.502 -86.446 -103.263 
