-37.256 333.817 -20.04 343.854 -25.116 324.583 -42.332 314.546 
151.696 350.629 168.917 360.657 188.185 355.57 170.963 345.543 
314.299 238.735 333.571 233.663 343.611 216.449 324.34 221.521 
350.506 44.816 360.454 27.548 355.279 8.304 345.331 25.572 
221.518 -127.906 238.77 -117.932 233.624 -137.184 216.372 -147.158 
8.091 -158.83 25.348 -148.865 44.597 -154.021 27.34 -163.986 
-147.389 -19.791 -128.136 -24.931 -118.158 -42.18 -137.411 -37.039 
-159.087 188.355 -149.11 171.105 -154.253 151.853 -164.23 169.102 
-42.646 314.468 -61.893 319.631 -56.73 338.878 -37.483 333.715 
151.437 350.708 141.476 367.967 158.735 377.929 168.696 360.669 
333.489 233.889 314.249 239.082 319.443 258.321 338.682 253.128 
360.463 27.774 350.46 45.009 367.695 55.012 377.698 37.777 
253.116 -142.143 233.835 -137.105 238.873 -117.824 258.154 -122.862 
37.599 -181.23 27.581 -164.003 44.808 -153.985 54.826 -171.212 
-123.205 -61.641 -142.46 -56.506 -137.326 -37.252 -118.07 -42.386 
-171.494 141.646 -181.499 158.88 -164.265 168.885 -154.26 151.651 
-173.109 202.627 -153.181 202.654 -139.071 188.582 -158.999 188.555 
-19.893 363.902 -5.755 349.859 -5.687 329.932 -19.825 343.975 
202.456 369.568 202.475 349.64 188.398 335.536 188.379 355.464 
343.729 216.253 363.657 216.3 349.6 202.176 329.671 202.129 
335.253 8.058 355.181 8.091 369.296 -5.976 349.368 -6.01 
202.121 -133.123 216.175 -147.251 216.123 -167.179 202.069 -153.051 
7.85 -138.8 7.866 -158.727 -6.214 -172.829 -6.229 -152.902 
-153.379 -5.515 -133.451 -5.483 -147.519 -19.597 -167.447 -19.629 
-155.013 118.618 -174.692 121.762 -171.547 141.441 -151.869 138.296 
-174.689 121.554 -175.692 101.652 -195.595 102.655 -194.592 122.558 
-66.579 291.651 -78.237 307.812 -62.077 319.471 -50.418 303.31 
-78.433 307.678 -93.257 294.36 -106.575 309.184 -91.751 322.501 
138.194 348.34 118.504 351.409 121.573 371.099 141.263 368.03 
122.566 390.965 121.356 371.074 101.465 372.284 102.675 392.176 
303.112 246.874 291.472 263.05 307.647 274.689 319.286 258.514 
322.258 288.287 307.509 274.888 294.109 289.637 308.859 303.036 
367.761 55.219 348.063 58.243 351.087 77.939 370.785 74.916 
391.826 93.879 390.671 73.984 370.778 75.139 371.932 95.033 
258.316 -122.725 246.674 -106.552 262.846 -94.91 274.489 -111.082 
302.809 -112.362 288.044 -125.745 274.661 -110.98 289.426 -97.598 
74.728 -174.444 55.056 -171.27 58.23 -151.596 77.902 -154.77 
94.852 -175.456 93.842 -195.358 73.941 -194.348 74.95 -174.447 
-111.374 -77.953 -123.057 -61.81 -106.913 -50.127 -95.231 -66.271 
-97.895 -92.924 -112.679 -106.285 -126.041 -91.501 -111.256 -78.139 
-164.477 29.828 -151.672 14.559 -153.415 -5.293 -166.22 9.977 
-164.565 30.03 -175.982 46.363 -172.505 65.986 -161.088 49.652 
-194.719 83.556 -174.94 85.986 -172.51 66.207 -192.289 63.777 
-174.979 86.204 -193.735 92.934 -175.714 101.438 -156.957 94.707 
-136.09 235.513 -137.841 215.662 -153.117 202.865 -151.365 222.716 
-135.958 235.704 -132.469 255.324 -116.128 266.73 -119.618 247.111 
-131.751 279.181 -119.516 294.91 -103.786 282.674 -116.022 266.945 
-84.832 276.182 -103.614 282.844 -112.183 300.835 -93.402 294.173 
9.758 362.718 29.608 360.955 14.325 348.166 -5.524 349.928 
29.835 361.03 46.197 372.404 65.81 368.877 49.448 357.503 
63.51 388.68 83.277 391.204 85.801 371.437 66.034 368.912 
94.612 353.505 86.016 371.484 92.651 390.275 101.246 372.296 
202.687 349.572 222.539 347.833 235.347 332.566 215.495 334.305 
246.942 316.101 235.532 332.439 255.153 328.954 266.562 312.615 
266.756 312.485 279.11 328.122 294.746 315.769 282.392 300.132 
275.975 281.168 282.572 299.972 300.532 308.604 293.935 289.8 
349.64 201.956 362.437 186.681 360.685 166.831 347.888 182.106 
368.693 130.668 357.278 147.003 360.757 166.625 372.172 150.29 
368.707 130.46 388.474 132.984 390.998 113.217 371.231 110.693 
371.946 95.247 353.209 102.034 371.257 110.484 389.994 103.697 
349.289 -6.232 347.565 -26.084 332.308 -38.903 334.032 -19.051 
312.344 -70.111 315.839 -50.492 332.182 -39.091 328.687 -58.71 
299.917 -85.964 312.24 -70.304 327.899 -82.627 315.576 -98.287 
308.333 -104.09 289.548 -97.437 280.971 -79.451 299.754 -86.103 
181.996 -151.384 201.849 -153.094 186.602 -165.924 166.747 -164.213 
130.563 -172.227 146.889 -160.799 166.514 -164.263 150.188 -175.69 
110.543 -174.693 130.32 -172.248 132.764 -192.026 112.987 -194.47 
103.61 -193.477 95.073 -175.47 101.769 -156.702 110.306 -174.708 
-39.122 -135.829 -19.27 -137.57 -6.465 -152.838 -26.316 -151.097 
-58.934 -132.196 -70.346 -115.861 -50.725 -119.342 -39.313 -135.678 
-98.522 -119.193 -86.264 -103.483 -70.552 -115.741 -82.81 -131.452 
-104.438 -111.837 -97.729 -93.073 -79.717 -84.548 -86.426 -103.313 
