65.291 144.989 68.904 164.587 80.206 148.174 76.593 128.577 
103.369 134.986 106.96 154.588 123.359 165.91 119.768 146.308 
127.177 121.099 143.397 132.675 163.053 129.392 146.833 117.815 
134.899 94.666 154.61 91.737 166.476 75.727 146.765 78.657 
119.143 49.724 121.627 69.497 133.852 53.759 131.367 33.986 
76.045 28.468 77.714 48.326 92.935 61.188 91.267 41.33 
32.124 66.428 47.642 78.93 67.455 76.796 51.936 64.295 
30.28 124.396 49.919 121.024 61.422 104.751 41.783 108.124 
46.408 138.63 40.045 157.515 58.928 163.878 65.292 144.994 
89.13 163.509 98.045 181.331 115.867 172.417 106.952 154.595 
143.397 132.678 137.111 151.589 156.021 157.875 162.307 138.964 
154.611 91.74 163.518 109.566 181.344 100.658 172.437 82.832 
140.402 34.939 133.852 53.76 152.673 60.31 159.223 41.489 
82.775 23.305 91.27 41.331 109.296 32.837 100.801 14.81 
39.394 39.062 33.049 57.952 51.939 64.297 58.284 45.407 
14.926 99.594 24.092 117.288 41.787 108.123 32.621 90.428 
14.61 112.083 16.984 131.869 32.653 144.181 30.28 124.395 
49.16 167.291 65.035 179.337 84.777 176.63 68.903 164.584 
111.306 181.779 131.05 179.077 143.101 163.207 123.357 165.909 
163.052 129.39 165.653 149.148 177.785 133.339 175.184 113.581 
164.043 55.95 166.476 75.729 182.182 87.994 179.749 68.215 
116.123 21.151 131.366 33.987 151.221 32.285 135.978 19.449 
56.13 29.005 76.05 28.47 89.758 14.006 69.838 14.541 
17.808 61.164 18.616 81.075 32.124 66.425 31.317 46.513 
-4.501 79.174 -4.998 99.096 14.923 99.593 15.421 79.671 
-5.001 99.094 -5.502 119.016 14.419 119.518 14.921 99.596 
11.882 156.481 25.448 171.077 40.045 157.513 26.48 142.915 
25.451 171.077 38.851 185.826 53.6 172.426 40.2 157.678 
78.143 180.152 76.961 200.045 96.853 201.228 98.035 181.335 
98.035 181.331 96.854 201.224 116.747 202.404 117.928 182.511 
141.027 171.003 154.153 185.997 169.147 172.871 156.021 157.878 
156.019 157.876 169.146 172.868 184.139 159.742 171.012 144.749 
181.345 100.661 180.011 120.545 199.893 121.878 201.228 101.995 
182.688 80.764 181.342 100.647 201.224 101.993 202.57 82.11 
159.225 41.487 172.299 56.526 187.338 43.452 174.264 28.413 
146.148 26.449 159.222 41.489 174.261 28.415 161.188 13.376 
102.253 -5.065 100.803 14.809 120.678 16.259 122.128 -3.616 
82.377 -6.512 80.929 13.362 100.803 14.811 102.252 -5.064 
25.919 24.383 39.396 39.062 54.076 25.585 40.599 10.906 
11.239 37.862 24.718 52.54 39.395 39.061 25.916 24.383 
-18.845 64.712 0.215 70.528 17.805 61.163 -1.255 55.347 
-18.849 64.712 -19.095 84.639 -5.179 98.903 -4.933 78.976 
-33.36 98.564 -19.44 112.824 -5.18 98.905 -19.1 84.645 
-19.441 112.826 -19.943 132.746 -5.502 119.016 -5.0 99.094 
-10.042 156.877 8.651 149.969 16.983 131.867 -1.709 138.775 
-10.038 156.88 4.019 171.006 23.946 171.055 9.89 156.93 
4.029 171.603 4.574 191.523 24.495 190.978 23.949 171.057 
25.45 171.076 24.494 190.981 37.893 205.731 38.849 185.826 
55.445 196.803 61.015 215.936 70.606 198.468 65.036 179.335 
61.016 215.933 80.937 216.42 95.369 202.678 75.448 202.191 
81.927 217.395 96.64 230.836 110.08 216.122 95.367 202.682 
96.853 201.221 110.083 216.123 129.976 217.304 116.745 202.403 
131.057 179.077 136.12 198.351 153.329 208.399 148.266 189.125 
154.336 188.507 153.332 208.41 168.115 195.046 169.119 175.144 
169.121 175.139 170.072 195.045 189.977 194.093 189.025 174.188 
169.144 172.868 189.028 174.188 204.021 161.062 184.138 159.743 
177.783 133.34 194.961 143.442 214.249 138.439 197.072 128.337 
202.661 103.486 201.216 123.361 214.247 138.438 215.693 118.562 
202.665 103.489 217.261 117.055 230.828 102.459 216.231 88.892 
202.57 82.113 201.223 101.996 216.234 88.89 217.581 69.007 
179.747 68.213 198.911 62.751 208.6 45.337 189.436 50.799 
175.868 28.468 188.74 43.68 208.599 45.335 195.726 30.122 
175.653 8.54 175.867 28.466 195.793 28.251 195.578 8.325 
162.58 -6.502 161.188 13.377 174.261 28.417 175.652 8.539 
129.228 0.697 135.977 19.447 144.464 1.417 137.714 -17.333 
102.821 -5.57 122.704 -4.225 137.713 -17.334 117.831 -18.678 
89.224 -20.14 102.82 -5.571 117.389 -19.168 103.793 -33.737 
69.349 -21.59 82.378 -6.512 102.253 -5.063 89.223 -20.141 
41.538 -9.022 50.808 8.619 69.836 14.537 60.567 -3.103 
26.818 4.412 25.912 24.319 40.629 10.884 41.535 -9.024 
6.776 3.631 5.999 23.543 25.912 24.32 26.689 4.408 
-8.672 37.031 11.238 37.864 25.906 24.374 5.995 23.541 
