-37.246 333.836 -20.032 343.876 -25.105 324.605 -42.319 314.565 
151.65 350.582 168.871 360.61 188.139 355.523 170.918 345.495 
314.314 238.735 333.595 233.698 343.666 216.502 324.386 221.539 
350.363 44.777 360.345 27.529 355.208 8.275 345.225 25.523 
221.38 -127.947 238.634 -117.975 233.485 -137.226 216.232 -147.198 
8.085 -158.791 25.381 -148.892 44.609 -154.123 27.313 -164.022 
-147.397 -19.791 -128.147 -24.943 -118.178 -42.197 -137.428 -37.045 
-159.039 188.393 -149.123 171.108 -154.334 151.874 -164.25 169.159 
-42.59 314.448 -61.841 319.598 -56.692 338.848 -37.44 333.698 
151.401 350.72 141.449 367.984 158.713 377.936 168.665 360.672 
333.504 233.909 314.251 239.054 319.397 258.307 338.649 253.161 
360.396 27.75 350.45 45.018 367.718 54.964 377.664 37.696 
252.97 -142.226 233.704 -137.134 238.796 -117.867 258.062 -122.96 
37.611 -181.299 27.534 -164.107 44.726 -154.03 54.803 -171.222 
-123.187 -61.633 -142.446 -56.512 -137.326 -37.254 -118.067 -42.375 
-171.453 141.713 -181.531 158.904 -164.34 168.982 -154.262 151.79 
-173.089 202.65 -153.161 202.689 -139.043 188.625 -158.971 188.586 
-19.868 363.869 -5.734 349.823 -5.67 329.896 -19.805 343.942 
202.397 369.563 202.448 349.635 188.394 335.508 188.343 355.436 
343.801 216.319 363.729 216.307 349.63 202.224 329.701 202.236 
335.191 7.967 355.119 8.074 369.285 -5.942 349.357 -6.048 
201.973 -133.206 216.046 -147.316 216.02 -167.244 201.947 -153.134 
7.851 -138.762 7.882 -158.689 -6.187 -172.802 -6.218 -152.875 
-153.36 -5.498 -133.432 -5.469 -147.503 -19.58 -167.431 -19.609 
-155.016 118.677 -174.69 121.85 -171.517 141.524 -151.843 138.351 
-174.662 121.643 -175.671 101.74 -195.573 102.749 -194.564 122.652 
-66.503 291.67 -78.19 307.81 -62.052 319.498 -50.363 303.358 
-78.347 307.653 -93.157 294.32 -106.49 309.131 -91.68 322.463 
138.088 348.322 118.41 351.471 121.56 371.148 141.237 367.998 
122.329 391.096 121.352 371.192 101.447 372.169 102.425 392.073 
303.024 246.883 291.437 263.096 307.649 274.683 319.236 258.47 
322.218 288.322 307.516 274.871 294.064 289.572 308.766 303.023 
367.772 55.184 348.089 58.307 351.212 77.987 370.894 74.865 
391.863 93.927 390.801 74.027 370.902 75.09 371.965 94.989 
258.227 -122.803 246.557 -106.65 262.71 -94.98 274.38 -111.133 
302.708 -112.465 287.911 -125.813 274.563 -111.016 289.359 -97.669 
74.699 -174.443 55.027 -171.266 58.204 -151.593 77.876 -154.77 
94.817 -175.46 93.819 -195.362 73.917 -194.364 74.916 -174.462 
-111.364 -77.954 -123.043 -61.807 -106.896 -50.128 -95.218 -66.275 
-97.865 -92.91 -112.628 -106.295 -126.013 -91.531 -111.25 -78.146 
-164.468 29.854 -151.67 14.579 -153.422 -5.272 -166.22 10.003 
-164.555 30.079 -175.952 46.426 -172.453 66.044 -161.055 49.697 
-194.664 83.652 -174.883 86.065 -172.47 66.284 -192.251 63.871 
-174.957 86.288 -193.718 93.006 -175.702 101.522 -156.941 94.804 
-136.041 235.536 -137.772 215.684 -153.035 202.871 -151.303 222.724 
-135.929 235.745 -132.454 255.367 -116.122 266.785 -119.597 247.164 
-131.677 279.225 -119.419 294.938 -103.707 282.68 -115.965 266.968 
-84.794 276.196 -103.57 282.875 -112.123 300.873 -93.348 294.195 
9.736 362.729 29.588 360.992 14.323 348.183 -5.529 349.919 
29.806 361.024 46.141 372.437 65.762 368.957 49.427 357.543 
63.604 388.808 83.39 391.18 85.761 371.394 65.975 369.022 
94.512 353.365 85.993 371.38 92.708 390.143 101.227 372.128 
202.664 349.549 222.515 347.801 235.316 332.529 215.465 334.277 
246.94 316.068 235.509 332.392 255.134 328.933 266.565 312.609 
266.774 312.482 279.07 328.164 294.751 315.868 282.455 300.186 
275.833 281.289 282.632 300.02 300.684 308.458 293.885 289.727 
349.676 202.003 362.473 186.728 360.721 166.878 347.923 182.154 
368.713 130.704 357.317 147.051 360.818 166.669 372.215 150.321 
368.719 130.466 388.497 132.904 390.935 113.126 371.157 110.688 
371.981 95.222 353.207 101.905 371.208 110.454 389.982 103.771 
349.281 -6.266 347.53 -26.116 332.256 -38.915 334.006 -19.065 
312.276 -70.131 315.772 -50.513 332.116 -39.112 328.62 -58.731 
299.858 -86.004 312.175 -70.34 327.84 -82.657 315.523 -98.321 
308.273 -104.141 289.488 -97.49 280.908 -79.505 299.693 -86.155 
181.887 -151.437 201.738 -153.181 186.469 -165.985 166.617 -164.241 
130.458 -172.237 146.798 -160.83 166.418 -164.319 150.078 -175.725 
110.473 -174.691 130.252 -172.263 132.68 -192.042 112.901 -194.471 
103.528 -193.48 95.029 -175.456 101.765 -156.702 110.263 -174.726 
-39.079 -135.787 -19.226 -137.514 -6.411 -152.774 -26.263 -151.046 
-58.881 -132.181 -70.303 -115.852 -50.68 -119.321 -39.258 -135.651 
-98.472 -119.156 -86.2 -103.456 -70.499 -115.728 -82.771 -131.428 
-104.383 -111.816 -97.678 -93.05 -79.667 -84.523 -86.373 -103.289 
