-37.317 333.893 -20.06 343.858 -25.216 324.609 -42.473 314.644 
151.67 350.691 168.925 360.661 188.175 355.509 170.92 345.54 
314.39 238.886 333.642 233.738 343.614 216.484 324.363 221.633 
350.508 44.83 360.464 27.568 355.298 8.321 345.342 25.584 
221.38 -127.909 238.623 -117.919 233.494 -137.175 216.251 -147.166 
8.011 -158.761 25.288 -148.829 44.527 -154.021 27.251 -163.954 
-147.397 -19.768 -128.15 -24.931 -118.191 -42.191 -137.438 -37.028 
-159.032 188.394 -149.069 171.137 -154.227 151.889 -164.19 169.146 
-42.59 314.534 -61.861 319.609 -56.786 338.879 -37.515 333.804 
151.458 350.705 141.449 367.936 158.68 377.946 168.689 360.714 
333.544 233.949 314.284 239.065 319.4 258.325 338.66 253.21 
360.508 27.794 350.482 45.016 367.704 55.042 377.73 37.82 
252.957 -142.215 233.7 -137.086 238.83 -117.829 258.086 -122.958 
37.503 -181.23 27.48 -164.006 44.704 -153.983 54.727 -171.207 
-123.184 -61.615 -142.446 -56.505 -137.337 -37.244 -118.076 -42.354 
-171.461 141.678 -181.463 158.914 -164.228 168.916 -154.225 151.681 
-173.049 202.676 -153.121 202.709 -139.007 188.641 -158.935 188.609 
-19.893 363.865 -5.779 349.799 -5.745 329.872 -19.859 343.938 
202.445 369.542 202.48 349.614 188.414 335.499 188.379 355.427 
343.736 216.298 363.664 216.33 349.596 202.217 329.667 202.185 
335.27 8.075 355.198 8.102 369.308 -5.97 349.38 -5.997 
201.965 -133.224 216.077 -147.294 216.106 -167.222 201.994 -153.152 
7.772 -138.768 7.8 -158.695 -6.271 -172.806 -6.299 -152.879 
-153.366 -5.484 -133.438 -5.457 -147.51 -19.567 -167.438 -19.594 
-154.992 118.636 -174.669 121.787 -171.519 141.464 -151.841 138.314 
-174.663 121.581 -175.661 101.678 -195.564 102.676 -194.566 122.579 
-66.506 291.649 -78.178 307.8 -62.028 319.473 -50.355 303.322 
-78.362 307.693 -93.144 294.329 -106.509 309.111 -91.727 322.474 
138.049 348.28 118.374 351.445 121.538 371.119 141.213 367.954 
122.323 391.058 121.321 371.155 101.419 372.157 102.421 392.06 
303.081 246.838 291.419 262.997 307.578 274.659 319.239 258.5 
322.221 288.199 307.431 274.845 294.075 289.634 308.865 302.988 
367.776 55.248 348.099 58.41 351.262 78.084 370.937 74.922 
391.832 94.015 390.816 74.113 370.914 75.13 371.931 95.032 
258.252 -122.804 246.575 -106.656 262.723 -94.979 274.4 -111.127 
302.723 -112.416 287.942 -125.782 274.577 -111.001 289.358 -97.636 
74.634 -174.411 54.96 -171.243 58.129 -151.568 77.802 -154.736 
94.772 -175.442 93.762 -195.343 73.86 -194.333 74.87 -174.432 
-111.354 -77.941 -123.029 -61.791 -106.879 -50.116 -95.204 -66.267 
-97.87 -92.918 -112.657 -106.277 -126.016 -91.49 -111.229 -78.131 
-164.474 29.861 -151.675 14.587 -153.425 -5.264 -166.224 10.01 
-164.552 30.074 -175.952 46.42 -172.455 66.038 -161.055 49.693 
-194.676 83.615 -174.896 86.037 -172.474 66.257 -192.254 63.835 
-174.937 86.245 -193.698 92.961 -175.683 101.479 -156.921 94.762 
-136.038 235.58 -137.78 215.728 -153.049 202.924 -151.307 222.775 
-135.901 235.763 -132.417 255.384 -116.08 266.794 -119.564 247.174 
-131.668 279.271 -119.398 294.973 -103.696 282.703 -115.966 267.0 
-84.759 276.143 -103.523 282.854 -112.045 300.868 -93.281 294.156 
9.695 362.687 29.547 360.945 14.278 348.14 -5.574 349.882 
29.78 360.976 46.114 372.39 65.735 368.91 49.401 357.496 
63.534 388.748 83.313 391.172 85.737 371.392 65.957 368.968 
94.483 353.369 85.963 371.383 92.677 390.146 101.197 372.132 
202.679 349.569 222.53 347.816 235.327 332.541 215.476 334.293 
246.903 316.058 235.497 332.399 255.116 328.91 266.522 312.569 
266.729 312.465 279.004 328.163 294.702 315.888 282.426 300.19 
275.878 281.267 282.593 300.028 300.607 308.547 293.893 289.785 
349.655 201.995 362.457 186.723 360.71 166.873 347.908 182.145 
368.719 130.698 357.31 147.036 360.795 166.657 372.205 150.318 
368.735 130.473 388.514 132.899 390.941 113.12 371.161 110.694 
371.969 95.245 353.206 101.959 371.221 110.478 389.983 103.764 
349.29 -6.218 347.545 -26.069 332.273 -38.871 334.019 -19.021 
312.314 -70.097 315.8 -50.477 332.138 -39.068 328.652 -58.688 
299.911 -86.001 312.183 -70.301 327.883 -82.574 315.61 -98.273 
308.267 -104.186 289.504 -97.473 280.984 -79.459 299.747 -86.172 
181.928 -151.445 201.778 -153.198 186.503 -165.995 166.652 -164.242 
130.492 -172.251 146.832 -160.843 166.452 -164.331 150.112 -175.739 
110.486 -174.678 130.266 -172.254 132.69 -192.034 112.91 -194.458 
103.53 -193.472 95.014 -175.456 101.732 -156.695 110.248 -174.712 
-39.137 -135.772 -19.287 -137.53 -6.495 -152.808 -26.344 -151.051 
-58.931 -132.161 -70.326 -115.813 -50.709 -119.315 -39.314 -135.663 
-98.498 -119.151 -86.226 -103.452 -70.526 -115.725 -82.798 -131.424 
-104.399 -111.799 -97.68 -93.038 -79.662 -84.524 -86.382 -103.284 
