51.555 167.334 58.187 186.127 66.786 168.15 60.154 149.358 
106.292 161.087 112.555 180.005 130.361 188.954 124.098 170.035 
147.328 137.832 164.95 147.135 183.99 141.252 166.367 131.949 
161.105 92.548 180.252 87.023 189.884 69.578 170.737 75.103 
133.828 29.998 138.72 49.316 148.92 32.197 144.028 12.879 
69.754 4.246 73.633 23.793 90.197 34.872 86.318 15.326 
9.9 55.069 26.796 65.635 46.213 61.159 29.318 50.593 
7.369 132.562 26.268 126.245 35.165 108.413 16.266 114.73 
34.538 156.96 24.163 173.974 41.176 184.348 51.551 167.334 
93.162 184.604 97.763 203.993 117.152 199.394 112.552 180.004 
164.949 147.137 154.475 164.091 171.428 174.565 181.902 157.611 
180.253 87.025 184.673 106.456 204.104 102.036 199.684 82.605 
159.869 15.547 148.921 32.199 165.573 43.146 176.521 26.495 
82.563 -4.245 86.32 15.325 105.89 11.568 102.133 -8.002 
23.547 23.006 12.641 39.685 29.319 50.591 40.225 33.912 
-7.71 99.92 -3.124 119.313 16.269 114.728 11.683 95.335 
-8.974 121.162 -5.481 140.782 10.861 152.185 7.368 132.565 
38.781 190.65 55.701 201.175 75.109 196.653 58.188 186.128 
120.008 205.979 139.369 201.263 149.725 184.238 130.363 188.954 
183.992 141.25 188.483 160.665 199.036 143.762 194.545 124.346 
185.989 50.036 189.884 69.58 206.458 80.645 202.562 61.101 
128.257 0.696 144.027 12.878 163.793 10.341 148.023 -1.841 
49.845 5.151 69.751 4.245 83.187 -10.472 63.28 -9.566 
-4.618 50.389 -3.009 70.252 9.898 55.07 8.29 35.207 
-26.319 78.753 -27.596 98.64 -7.709 99.917 -6.432 80.03 
-27.598 98.639 -28.876 118.526 -8.989 119.804 -7.711 99.917 
-3.969 172.227 9.222 187.163 24.159 173.974 10.969 159.036 
9.225 187.162 22.408 202.106 37.352 188.922 24.168 173.98 
77.906 202.303 76.218 222.16 96.073 223.848 97.761 203.991 
97.761 203.994 96.072 223.85 115.929 225.539 117.617 205.683 
155.98 187.152 168.566 202.602 184.016 190.016 171.43 174.567 
171.428 174.563 184.014 190.013 199.464 177.429 186.879 161.979 
204.105 102.038 201.917 121.846 221.723 124.034 223.912 104.226 
206.291 82.23 204.104 102.038 223.91 104.225 226.098 84.417 
176.522 26.495 188.859 42.145 204.509 29.809 192.172 14.159 
164.187 10.841 176.521 26.493 192.173 14.159 179.839 -1.492 
104.564 -27.781 102.134 -8.002 121.914 -5.572 124.344 -25.351 
84.806 -30.366 82.22 -10.607 101.978 -8.021 104.564 -27.78 
11.124 7.424 23.547 23.004 39.128 10.58 26.704 -5.0 
-4.458 19.847 7.965 35.429 23.547 23.007 11.124 7.425 
-39.125 63.242 -19.211 63.963 -4.619 50.39 -24.534 49.67 
-39.127 63.244 -40.836 83.098 -28.006 98.346 -26.296 78.492 
-56.167 97.292 -42.614 111.901 -28.005 98.348 -41.558 83.739 
-42.616 111.902 -43.738 131.798 -28.876 118.524 -27.753 98.628 
-25.441 171.728 -9.053 160.389 -5.484 140.784 -21.871 152.123 
-25.442 171.73 -11.903 186.352 8.011 187.116 -5.529 172.496 
-11.914 187.084 -11.948 207.012 7.98 207.045 8.014 187.117 
9.225 187.159 7.98 207.048 21.163 221.992 22.408 202.103 
50.117 220.304 59.692 237.781 65.28 218.653 55.705 201.176 
59.694 237.785 79.595 238.796 94.383 225.439 74.482 224.427 
80.746 239.968 95.273 253.609 108.914 239.082 94.387 225.441 
96.07 223.851 108.917 239.084 128.774 240.771 115.926 225.538 
139.373 201.263 148.189 219.135 167.059 225.538 158.244 207.666 
168.712 205.678 167.062 225.538 182.272 212.662 183.921 192.802 
183.924 192.8 184.683 212.714 204.596 211.954 203.836 192.041 
184.014 190.017 203.838 192.039 219.286 179.452 199.462 177.43 
199.038 143.759 217.883 150.238 235.789 141.493 216.943 135.015 
225.618 106.103 223.374 125.904 235.789 141.492 238.033 121.69 
225.619 106.101 239.954 119.944 253.797 105.609 239.462 91.766 
226.097 84.419 223.913 104.227 239.463 91.765 241.648 71.957 
202.562 61.099 220.113 51.662 225.85 32.578 208.299 42.015 
193.89 14.291 206.083 30.053 225.849 32.576 213.656 16.814 
194.519 -5.626 193.887 14.291 213.804 14.923 214.436 -4.994 
182.186 -21.28 179.839 -1.491 192.173 14.16 194.519 -5.628 
136.757 -18.281 148.022 -1.844 151.68 -21.432 140.414 -37.87 
104.923 -28.059 124.7 -25.615 140.413 -37.871 120.635 -40.315 
92.423 -43.579 104.922 -28.059 120.442 -40.557 107.943 -56.078 
72.663 -46.167 84.806 -30.366 104.564 -27.779 92.422 -43.58 
29.864 -25.035 43.368 -10.38 63.278 -9.567 49.775 -24.221 
13.955 -13.032 11.194 6.703 27.101 -5.299 29.862 -25.035 
-7.163 -14.68 -8.677 5.19 11.194 6.704 12.708 -13.166 
-24.259 17.613 -4.457 19.846 11.125 7.423 -8.678 5.19 
