-37.324 333.935 -20.048 343.868 -25.24 324.629 -42.516 314.695 
151.711 350.635 168.942 360.645 188.205 355.538 170.973 345.528 
314.443 238.945 333.686 233.765 343.63 216.495 324.387 221.675 
350.431 44.784 360.424 27.543 355.298 8.285 345.305 25.527 
221.441 -127.952 238.677 -117.95 233.563 -137.21 216.327 -147.213 
8.139 -158.814 25.407 -148.867 44.651 -154.043 27.383 -163.99 
-147.378 -19.804 -128.148 -25.033 -118.248 -42.327 -137.478 -37.098 
-159.01 188.439 -149.046 171.182 -154.204 151.933 -164.167 169.19 
-42.574 314.53 -61.851 319.582 -56.8 338.858 -37.522 333.806 
151.483 350.729 141.491 367.97 158.731 377.962 168.724 360.721 
333.556 233.959 314.302 239.096 319.439 258.351 338.694 253.213 
360.504 27.76 350.5 44.995 367.735 54.999 377.739 37.764 
253.027 -142.148 233.754 -137.079 238.823 -117.807 258.096 -122.876 
37.63 -181.301 27.578 -164.094 44.785 -154.043 54.836 -171.25 
-123.154 -61.625 -142.44 -56.607 -137.422 -37.322 -118.136 -42.34 
-171.473 141.703 -181.485 158.932 -164.255 168.945 -154.243 151.715 
-173.055 202.737 -153.127 202.76 -139.02 188.685 -158.948 188.662 
-19.878 363.883 -5.754 349.825 -5.706 329.898 -19.83 343.956 
202.509 369.599 202.517 349.671 188.432 335.575 188.425 355.503 
343.707 216.282 363.635 216.341 349.587 202.208 329.658 202.15 
335.313 8.07 355.241 8.062 369.327 -6.035 349.399 -6.027 
202.052 -133.162 216.111 -147.285 216.066 -167.213 202.007 -153.09 
7.896 -138.848 7.921 -158.775 -6.151 -172.884 -6.177 -152.957 
-153.336 -5.525 -133.408 -5.495 -147.478 -19.607 -167.406 -19.638 
-154.991 118.608 -174.666 121.774 -171.5 141.449 -151.825 138.283 
-174.721 121.535 -175.737 101.633 -195.639 102.648 -194.624 122.55 
-66.568 291.643 -78.215 307.811 -62.048 319.46 -50.399 303.291 
-78.373 307.661 -93.178 294.322 -106.517 309.127 -91.712 322.465 
138.171 348.295 118.482 351.375 121.563 371.063 141.251 367.982 
122.528 390.986 121.336 371.093 101.444 372.285 102.635 392.177 
303.187 246.869 291.496 263.007 307.634 274.698 319.324 258.56 
322.265 288.218 307.471 274.868 294.12 289.661 308.915 303.011 
367.749 55.229 348.056 58.291 351.119 77.982 370.81 74.92 
391.869 93.923 390.758 74.026 370.862 75.137 371.973 95.034 
258.311 -122.775 246.688 -106.588 262.874 -94.965 274.498 -111.152 
302.799 -112.336 288.049 -125.736 274.649 -110.987 289.398 -97.588 
74.724 -174.418 55.051 -171.24 58.229 -151.567 77.901 -154.745 
94.822 -175.49 93.807 -195.391 73.906 -194.376 74.921 -174.475 
-111.345 -77.977 -123.013 -61.822 -106.858 -50.155 -95.19 -66.31 
-97.841 -92.959 -112.641 -106.303 -125.985 -91.503 -111.184 -78.159 
-164.484 29.789 -151.681 14.518 -153.426 -5.333 -166.229 9.938 
-164.534 29.989 -175.942 46.328 -172.455 65.949 -161.047 49.609 
-194.748 83.507 -174.968 85.929 -172.547 66.149 -192.327 63.727 
-174.949 86.16 -193.712 92.872 -175.699 101.394 -156.935 94.681 
-135.979 235.587 -137.732 215.736 -153.008 202.94 -151.255 222.791 
-135.899 235.792 -132.413 255.412 -116.074 266.821 -119.56 247.202 
-131.649 279.218 -119.408 294.943 -103.683 282.702 -115.924 266.977 
-84.794 276.191 -103.566 282.877 -112.113 300.879 -93.34 294.193 
9.735 362.711 29.585 360.951 14.305 348.159 -5.545 349.92 
29.812 361.002 46.173 372.379 65.786 368.855 49.426 357.478 
63.459 388.676 83.223 391.223 85.77 371.458 66.006 368.912 
94.563 353.481 85.993 371.472 92.656 390.253 101.225 372.262 
202.705 349.554 222.557 347.812 235.362 332.543 215.51 334.285 
246.967 316.118 235.571 332.466 255.189 328.964 266.585 312.616 
266.749 312.463 279.066 328.129 294.731 315.813 282.414 300.147 
276.012 281.213 282.609 300.017 300.569 308.649 293.973 289.845 
349.68 202.007 362.478 186.732 360.727 166.882 347.929 182.157 
368.704 130.698 357.29 147.033 360.77 166.655 372.184 150.319 
368.762 130.476 388.532 132.973 391.029 113.203 371.259 110.706 
371.949 95.25 353.211 102.034 371.258 110.486 389.995 103.702 
349.277 -6.221 347.557 -26.073 332.303 -38.896 334.022 -19.043 
312.384 -70.131 315.875 -50.512 332.216 -39.108 328.725 -58.727 
299.925 -85.968 312.222 -70.288 327.902 -82.584 315.606 -98.265 
308.348 -104.158 289.577 -97.468 281.036 -79.464 299.806 -86.154 
181.94 -151.437 201.791 -153.175 186.526 -165.983 166.674 -164.246 
130.488 -172.228 146.821 -160.81 166.444 -164.286 150.111 -175.703 
110.491 -174.732 130.265 -172.268 132.729 -192.043 112.955 -194.507 
103.535 -193.496 95.033 -175.473 101.766 -156.718 110.267 -174.741 
-39.017 -135.83 -19.165 -137.566 -6.356 -152.831 -26.207 -151.095 
-58.847 -132.275 -70.268 -115.946 -50.645 -119.416 -39.224 -135.746 
-98.415 -119.241 -86.156 -103.531 -70.445 -115.791 -82.704 -131.5 
-104.377 -111.898 -97.66 -93.136 -79.645 -84.619 -86.361 -103.381 
