-37.205 333.929 -19.948 343.894 -25.104 324.645 -42.361 314.68 
151.681 350.76 168.947 360.71 188.192 355.537 170.926 345.587 
314.351 238.792 333.61 233.672 343.608 216.433 324.349 221.553 
350.409 44.749 360.418 27.517 355.311 8.254 345.302 25.486 
221.477 -127.876 238.726 -117.897 233.585 -137.15 216.336 -147.129 
8.093 -158.834 25.366 -148.896 44.607 -154.083 27.334 -164.021 
-147.386 -19.806 -128.144 -24.989 -118.204 -42.26 -137.445 -37.077 
-159.093 188.376 -149.104 171.133 -154.233 151.877 -164.222 169.119 
-42.539 314.569 -61.797 319.694 -56.672 338.951 -37.414 333.826 
151.494 350.696 141.46 367.912 158.675 377.947 168.71 360.731 
333.515 233.881 314.264 239.032 319.415 258.283 338.666 253.132 
360.457 27.743 350.463 44.984 367.704 54.977 377.697 37.736 
253.053 -142.152 233.788 -137.054 238.886 -117.789 258.151 -122.888 
37.577 -181.291 27.547 -164.072 44.767 -154.042 54.796 -171.262 
-123.159 -61.637 -142.431 -56.565 -137.359 -37.294 -118.087 -42.366 
-171.504 141.652 -181.498 158.893 -164.258 168.887 -154.264 151.646 
-173.108 202.656 -153.18 202.689 -139.065 188.622 -158.993 188.589 
-19.78 363.945 -5.671 349.874 -5.643 329.947 -19.753 344.018 
202.475 369.526 202.5 349.598 188.428 335.489 188.403 355.417 
343.734 216.247 363.662 216.296 349.607 202.171 329.678 202.122 
335.281 8.066 355.209 8.074 369.306 -6.012 349.378 -6.02 
202.038 -133.173 216.148 -147.245 216.174 -167.173 202.064 -153.101 
7.849 -138.815 7.883 -158.742 -6.185 -172.857 -6.218 -152.93 
-153.359 -5.542 -133.431 -5.512 -147.501 -19.625 -167.429 -19.655 
-155.044 118.607 -174.721 121.761 -171.567 141.438 -151.89 138.284 
-174.723 121.553 -175.729 101.65 -195.632 102.656 -194.626 122.558 
-66.466 291.719 -78.133 307.873 -61.979 319.541 -50.312 303.386 
-78.316 307.724 -93.103 294.366 -106.461 309.153 -91.675 322.51 
138.089 348.317 118.415 351.493 121.591 371.165 141.264 367.989 
122.435 391.067 121.397 371.166 101.496 372.204 102.534 392.105 
303.124 246.755 291.434 262.893 307.572 274.584 319.262 258.445 
322.255 288.119 307.461 274.769 294.11 289.561 308.903 302.912 
367.786 55.206 348.112 58.385 351.291 78.056 370.964 74.878 
391.835 94.045 390.857 74.141 370.954 75.118 371.932 95.022 
258.328 -122.75 246.641 -106.609 262.782 -94.922 274.469 -111.063 
302.793 -112.37 288.006 -125.728 274.647 -110.941 289.435 -97.583 
74.677 -174.479 55.002 -171.319 58.162 -151.644 77.837 -154.804 
94.794 -175.475 93.79 -195.376 73.888 -194.373 74.892 -174.471 
-111.319 -77.962 -122.984 -61.806 -106.828 -50.14 -95.162 -66.297 
-97.849 -92.95 -112.644 -106.3 -125.994 -91.505 -111.199 -78.155 
-164.482 29.791 -151.682 14.517 -153.432 -5.334 -166.231 9.94 
-164.558 30.008 -175.972 46.343 -172.492 65.965 -161.078 49.63 
-194.743 83.539 -174.964 85.971 -172.532 66.193 -192.311 63.761 
-175.002 86.199 -193.765 92.908 -175.754 101.432 -156.989 94.723 
-136.089 235.573 -137.84 215.722 -153.116 202.925 -151.364 222.776 
-135.922 235.77 -132.429 255.389 -116.087 266.793 -119.58 247.174 
-131.668 279.286 -119.4 294.99 -103.695 282.723 -115.963 267.018 
-84.757 276.166 -103.514 282.897 -112.018 300.919 -93.261 294.188 
9.822 362.724 29.673 360.97 14.397 348.174 -5.454 349.927 
29.885 361.038 46.228 372.438 65.847 368.943 49.503 357.542 
63.636 388.767 83.416 391.196 85.844 371.417 66.065 368.988 
94.605 353.415 86.06 371.418 92.748 390.19 101.293 372.187 
202.723 349.496 222.575 347.756 235.382 332.489 215.53 334.228 
246.99 316.013 235.578 332.349 255.199 328.867 266.611 312.53 
266.799 312.395 279.08 328.089 294.773 315.809 282.492 300.115 
275.931 281.19 282.646 299.952 300.661 308.47 293.945 289.709 
349.681 201.968 362.476 186.691 360.721 166.841 347.926 182.118 
368.72 130.682 357.314 147.023 360.803 166.643 372.209 150.302 
368.752 130.471 388.532 132.899 390.96 113.12 371.181 110.692 
371.974 95.247 353.221 101.989 371.248 110.481 390.001 103.739 
349.289 -6.204 347.553 -26.055 332.289 -38.865 334.024 -19.014 
312.383 -70.095 315.852 -50.471 332.18 -39.048 328.711 -58.672 
299.971 -85.967 312.237 -70.263 327.941 -82.529 315.675 -98.233 
308.354 -104.143 289.588 -97.439 281.059 -79.43 299.825 -86.133 
181.987 -151.416 201.839 -153.15 186.576 -165.962 166.724 -164.228 
130.548 -172.263 146.886 -160.852 166.507 -164.335 150.169 -175.746 
110.515 -174.703 130.293 -172.265 132.731 -192.043 112.953 -194.481 
103.54 -193.531 95.028 -175.512 101.75 -156.753 110.262 -174.772 
-39.093 -135.824 -19.241 -137.559 -6.431 -152.823 -26.282 -151.088 
-58.908 -132.213 -70.327 -115.883 -50.705 -119.355 -39.285 -135.686 
-98.479 -119.198 -86.219 -103.488 -70.509 -115.749 -82.77 -131.458 
-104.396 -111.852 -97.682 -93.089 -79.668 -84.569 -86.382 -103.332 
