56.139 159.927 61.737 179.052 71.302 161.571 65.704 142.445 
105.405 152.351 110.746 171.549 128.098 181.348 122.757 162.149 
140.653 132.151 157.793 142.317 177.101 137.386 159.962 127.22 
152.341 93.188 171.726 88.57 182.168 71.598 162.783 76.215 
128.893 36.467 132.937 55.98 143.875 39.323 139.831 19.809 
71.736 12.182 74.788 31.875 90.87 43.642 87.819 23.949 
17.103 58.899 33.485 70.245 53.091 66.684 36.709 55.338 
14.964 129.936 34.162 124.597 43.963 107.246 24.764 112.585 
38.389 150.865 29.329 168.614 47.077 177.674 56.137 159.924 
91.752 177.598 97.797 196.586 116.786 190.542 110.741 171.553 
157.79 142.32 148.623 160.014 166.318 169.181 175.484 151.486 
171.725 88.571 177.646 107.599 196.674 101.678 190.753 82.65 
153.467 21.856 143.876 39.324 161.345 48.915 170.936 31.447 
82.521 4.738 87.821 23.948 107.031 18.648 101.731 -0.562 
28.644 28.333 19.174 45.867 36.707 55.337 46.177 37.803 
-0.39 99.865 5.827 118.798 24.76 112.581 18.543 93.648 
-1.122 118.184 1.942 137.875 18.032 149.632 14.968 129.941 
42.204 182.988 58.8 194.019 78.335 190.084 61.739 179.054 
117.146 197.995 136.662 193.965 147.613 177.316 128.096 181.347 
177.101 137.383 180.991 156.928 192.061 140.359 188.171 120.813 
178.764 51.964 182.166 71.6 198.456 83.078 195.054 63.443 
124.254 7.379 139.83 19.81 159.634 17.586 144.058 5.155 
51.817 12.822 71.733 12.185 85.367 -2.349 65.45 -1.712 
2.7 53.884 3.848 73.779 17.104 58.9 15.956 39.005 
-19.394 79.05 -20.299 98.957 -0.391 99.862 0.513 79.954 
-20.297 98.963 -21.197 118.87 -1.29 119.77 -0.39 99.863 
1.187 167.056 14.477 181.903 29.325 168.615 16.036 153.766 
14.479 181.9 27.765 196.753 42.618 183.466 29.331 168.615 
77.922 195.077 76.41 214.947 96.279 216.46 97.792 196.59 
97.803 196.587 96.279 216.457 116.149 217.98 117.673 198.111 
151.025 181.961 163.806 197.25 179.095 184.469 166.314 169.181 
166.322 169.178 179.096 184.472 194.391 171.699 181.617 156.405 
196.673 101.68 194.773 121.518 214.609 123.417 216.509 103.58 
198.576 81.843 196.674 101.68 216.51 103.581 218.412 83.744 
170.937 31.446 183.533 46.888 198.975 34.292 186.379 18.85 
158.342 16.003 170.937 31.445 186.38 18.85 173.785 3.409 
103.832 -20.379 101.733 -0.562 121.55 1.537 123.649 -18.279 
84.024 -22.55 81.853 -2.741 101.662 -0.571 103.832 -20.379 
15.824 13.076 28.645 28.332 43.901 15.511 31.08 0.255 
0.569 25.899 13.39 41.154 28.646 28.333 15.824 13.078 
-32.669 64.134 -12.863 66.333 2.698 53.884 -17.108 51.684 
-32.671 64.134 -33.785 84.031 -20.503 98.887 -19.39 78.99 
-48.666 97.937 -35.058 112.496 -20.5 98.888 -34.107 84.33 
-35.058 112.499 -35.814 132.412 -21.198 118.867 -20.442 98.954 
-20.498 167.074 -3.231 157.125 1.943 137.881 -15.323 147.83 
-20.494 167.075 -6.701 181.457 13.223 181.874 -0.57 167.492 
-6.701 182.021 -6.554 201.948 13.373 201.801 13.226 181.874 
14.471 181.905 13.374 201.803 26.668 216.648 27.765 196.75 
51.835 212.69 60.109 230.818 67.077 212.149 58.802 194.02 
60.112 230.817 80.025 231.573 94.641 218.027 74.728 217.271 
81.086 232.629 95.691 246.187 109.248 231.582 94.644 218.025 
96.278 216.457 109.25 231.584 129.12 233.107 116.148 217.98 
136.664 193.962 144.232 212.397 162.619 220.081 155.051 201.646 
163.998 200.196 162.618 220.076 177.651 206.995 179.03 187.114 
179.034 187.112 179.896 207.022 199.804 206.16 198.943 186.251 
179.098 184.477 198.946 186.252 214.236 173.473 194.388 171.698 
192.06 140.356 210.424 148.093 228.88 140.579 210.516 132.842 
218.153 105.352 216.221 125.186 228.879 140.577 230.812 120.743 
218.153 105.349 232.601 119.074 246.326 104.626 231.878 90.901 
218.412 83.746 216.51 103.583 231.881 90.901 233.783 71.064 
195.054 63.44 213.241 55.296 220.343 36.677 202.156 44.821 
188.065 18.954 200.533 34.5 220.341 36.676 207.873 21.13 
188.394 -0.972 188.065 18.952 207.989 19.281 208.318 -0.643 
175.8 -16.417 173.785 3.409 186.38 18.851 188.394 -0.973 
134.177 -12.152 144.056 5.154 149.308 -14.068 139.429 -31.375 
104.197 -20.673 124.03 -18.728 139.429 -31.377 119.596 -33.322 
91.361 -35.919 104.195 -20.674 119.44 -33.507 106.607 -48.753 
71.552 -38.092 84.024 -22.549 103.833 -20.379 91.361 -35.921 
33.351 -19.757 45.663 -4.087 65.448 -1.714 53.136 -17.383 
17.893 -7.178 15.86 12.645 31.315 0.066 33.348 -19.758 
-2.737 -8.529 -4.027 11.356 15.86 12.646 17.149 -7.239 
-19.283 24.178 0.571 25.898 15.825 13.076 -4.028 11.356 
