-37.258 333.93 -20.002 343.898 -25.155 324.648 -42.41 314.68 
151.632 350.651 168.872 360.646 188.13 355.523 170.89 345.528 
314.469 239.003 333.706 233.8 343.629 216.519 324.393 221.721 
350.603 44.839 360.482 27.532 355.23 8.309 345.351 25.616 
221.38 -127.943 238.631 -117.966 233.487 -137.219 216.236 -147.195 
8.091 -158.823 25.379 -148.912 44.612 -154.129 27.323 -164.04 
-147.429 -19.883 -128.18 -25.037 -118.212 -42.292 -137.462 -37.139 
-159.019 188.473 -149.116 171.181 -154.341 151.951 -164.244 169.243 
-42.548 314.547 -61.809 319.661 -56.695 338.921 -37.434 333.807 
151.411 350.744 141.412 367.981 158.647 377.981 168.648 360.745 
333.594 233.979 314.317 239.032 319.37 258.309 338.646 253.256 
360.598 27.718 350.532 44.916 367.731 54.982 377.797 37.784 
252.921 -142.215 233.664 -137.088 238.791 -117.831 258.048 -122.958 
37.59 -181.319 27.516 -164.125 44.71 -154.051 54.784 -171.244 
-123.144 -61.689 -142.409 -56.59 -137.309 -37.326 -118.045 -42.426 
-171.471 141.776 -181.517 158.986 -164.307 169.032 -154.261 151.821 
-173.095 202.758 -153.167 202.782 -139.059 188.709 -158.987 188.684 
-19.837 363.898 -5.729 349.825 -5.704 329.898 -19.812 343.971 
202.422 369.575 202.465 349.647 188.406 335.526 188.363 355.454 
343.697 216.323 363.625 216.344 349.549 202.238 329.62 202.217 
335.259 8.046 355.187 8.1 369.316 -5.953 349.388 -6.007 
201.92 -133.197 216.036 -147.263 216.073 -167.191 201.956 -153.125 
7.864 -138.817 7.9 -158.744 -6.166 -172.86 -6.202 -152.933 
-153.347 -5.57 -133.419 -5.532 -147.483 -19.65 -167.411 -19.688 
-154.991 118.704 -174.665 121.875 -171.495 141.549 -151.821 138.379 
-174.7 121.649 -175.7 101.746 -195.603 102.746 -194.603 122.649 
-66.509 291.719 -78.167 307.88 -62.006 319.539 -50.348 303.377 
-78.329 307.711 -93.119 294.356 -106.475 309.146 -91.685 322.5 
137.987 348.32 118.314 351.497 121.491 371.169 141.164 367.992 
122.236 391.133 121.267 371.228 101.362 372.197 102.331 392.102 
303.119 246.801 291.442 262.95 307.59 274.626 319.266 258.478 
322.262 288.106 307.45 274.776 294.119 289.588 308.932 302.917 
367.741 55.204 348.068 58.388 351.253 78.059 370.925 74.875 
391.836 93.988 390.824 74.086 370.922 75.098 371.934 95.0 
258.25 -122.852 246.59 -106.692 262.749 -95.032 274.41 -111.191 
302.717 -112.432 287.938 -125.799 274.57 -111.02 289.35 -97.653 
74.661 -174.443 54.987 -171.275 58.155 -151.601 77.828 -154.768 
94.771 -175.485 93.764 -195.387 73.863 -194.38 74.87 -174.478 
-111.355 -78.049 -123.044 -61.909 -106.904 -50.22 -95.216 -66.36 
-97.822 -92.973 -112.598 -106.343 -125.969 -91.567 -111.192 -78.196 
-164.526 29.773 -151.715 14.508 -153.451 -5.344 -166.261 9.921 
-164.561 30.028 -175.967 46.369 -172.478 65.989 -161.072 49.648 
-194.722 83.605 -174.942 86.024 -172.523 66.243 -192.303 63.824 
-174.951 86.275 -193.71 92.997 -175.693 101.509 -156.933 94.786 
-136.007 235.61 -137.769 215.76 -153.052 202.971 -151.289 222.821 
-135.949 235.831 -132.444 255.448 -116.094 266.841 -119.6 247.225 
-131.631 279.294 -119.352 294.989 -103.657 282.709 -115.936 267.014 
-84.781 276.19 -103.541 282.912 -112.053 300.931 -93.293 294.208 
9.725 362.714 29.577 360.971 14.308 348.166 -5.544 349.909 
29.779 361.012 46.112 372.428 65.734 368.95 49.401 357.535 
63.512 388.787 83.292 391.208 85.712 371.428 65.932 369.007 
94.43 353.406 85.919 371.424 92.641 390.184 101.153 372.165 
202.673 349.522 222.524 347.776 235.326 332.504 215.475 334.25 
246.953 316.047 235.546 332.388 255.166 328.9 266.573 312.559 
266.766 312.397 279.027 328.107 294.736 315.846 282.475 300.136 
275.969 281.207 282.658 299.978 300.66 308.523 293.972 289.752 
349.653 202.035 362.458 186.766 360.716 166.916 347.911 182.184 
368.667 130.713 357.258 147.052 360.744 166.672 372.153 150.333 
368.73 130.478 388.511 132.889 390.923 113.108 371.141 110.697 
371.9 95.224 353.14 101.944 371.157 110.458 389.918 103.739 
349.286 -6.204 347.532 -26.054 332.255 -38.849 334.009 -19.0 
312.341 -70.089 315.842 -50.472 332.189 -39.076 328.688 -58.694 
299.913 -85.977 312.193 -70.283 327.886 -82.563 315.607 -98.257 
308.303 -104.21 289.541 -97.493 281.024 -79.478 299.785 -86.194 
181.912 -151.459 201.762 -153.211 186.488 -166.008 166.637 -164.256 
130.457 -172.204 146.802 -160.803 166.421 -164.299 150.076 -175.7 
110.457 -174.701 130.237 -172.279 132.659 -192.059 112.879 -194.481 
103.507 -193.469 94.992 -175.452 101.71 -156.692 110.225 -174.708 
-39.052 -135.818 -19.2 -137.553 -6.39 -152.817 -26.241 -151.082 
-58.879 -132.239 -70.295 -115.906 -50.674 -119.382 -39.257 -135.716 
-98.45 -119.205 -86.185 -103.5 -70.479 -115.765 -82.744 -131.471 
-104.389 -111.905 -97.683 -93.139 -79.672 -84.613 -86.378 -103.378 
