-37.335 333.804 -20.098 343.805 -25.214 324.546 -42.451 314.544 
151.641 350.643 168.872 360.653 188.135 355.548 170.904 345.537 
314.45 239.08 333.673 233.829 343.554 216.523 324.331 221.774 
350.439 44.727 360.431 27.484 355.304 8.227 345.312 25.47 
221.418 -127.911 238.681 -117.955 233.514 -137.201 216.251 -147.157 
8.058 -158.783 25.358 -148.892 44.584 -154.131 27.284 -164.022 
-147.418 -19.68 -128.169 -24.837 -118.204 -42.093 -137.454 -36.937 
-159.069 188.411 -149.081 171.168 -154.212 151.912 -164.199 169.155 
-42.658 314.455 -61.913 319.587 -56.781 338.842 -37.525 333.709 
151.422 350.683 141.408 367.911 158.635 377.927 168.65 360.699 
333.642 234.057 314.361 239.093 319.397 258.374 338.678 253.338 
360.457 27.727 350.451 44.96 367.684 54.966 377.69 37.733 
253.001 -142.216 233.736 -137.118 238.834 -117.853 258.099 -122.951 
37.57 -181.323 27.494 -164.131 44.686 -154.054 54.762 -171.246 
-123.204 -61.549 -142.464 -56.432 -137.347 -37.173 -118.087 -42.29 
-171.482 141.72 -181.46 158.969 -164.21 168.948 -154.232 151.698 
-173.068 202.673 -153.14 202.695 -139.033 188.619 -158.961 188.598 
-19.957 363.859 -5.839 349.797 -5.798 329.87 -19.917 343.932 
202.405 369.556 202.434 349.628 188.364 335.517 188.335 355.445 
343.656 216.317 363.584 216.371 349.532 202.242 329.603 202.188 
335.268 8.042 355.196 8.026 369.276 -6.076 349.348 -6.06 
201.92 -133.224 216.062 -147.264 216.133 -167.192 201.992 -153.151 
7.812 -138.778 7.843 -158.705 -6.227 -172.818 -6.257 -152.891 
-153.403 -5.39 -133.475 -5.364 -147.547 -19.473 -167.475 -19.499 
-155.029 118.687 -174.704 121.854 -171.536 141.529 -151.861 138.361 
-174.694 121.662 -175.705 101.76 -195.608 102.771 -194.596 122.674 
-66.578 291.628 -78.233 307.792 -62.07 319.447 -50.415 303.284 
-78.394 307.657 -93.17 294.287 -106.541 309.063 -91.765 322.432 
138.073 348.304 118.391 351.425 121.511 371.106 141.194 367.985 
122.398 391.001 121.289 371.104 101.392 372.212 102.501 392.11 
303.105 246.882 291.439 263.038 307.596 274.704 319.26 258.547 
322.227 288.263 307.466 274.877 294.078 289.637 308.839 303.023 
367.74 55.207 348.059 58.336 351.188 78.016 370.869 74.887 
391.82 93.974 390.768 74.074 370.869 75.126 371.921 95.027 
258.277 -122.782 246.624 -106.616 262.789 -94.963 274.442 -111.128 
302.786 -112.401 288.025 -125.788 274.637 -111.027 289.399 -97.641 
74.667 -174.445 54.993 -171.281 58.157 -151.605 77.832 -154.77 
94.788 -175.463 93.78 -195.365 73.879 -194.356 74.887 -174.455 
-111.38 -77.905 -123.06 -61.759 -106.914 -50.079 -95.234 -66.225 
-97.886 -92.891 -112.665 -106.259 -126.033 -91.479 -111.254 -78.112 
-164.479 29.963 -151.693 14.678 -153.46 -5.172 -166.246 10.113 
-164.577 30.167 -175.969 46.518 -172.462 66.135 -161.07 49.783 
-194.695 83.71 -174.916 86.134 -172.491 66.355 -192.271 63.93 
-174.967 86.334 -193.727 93.055 -175.71 101.568 -156.95 94.848 
-136.053 235.551 -137.801 215.7 -153.074 202.9 -151.325 222.751 
-135.914 235.73 -132.433 255.352 -116.097 266.764 -119.579 247.144 
-131.673 279.243 -119.393 294.938 -103.698 282.658 -115.978 266.963 
-84.782 276.116 -103.548 282.821 -112.076 300.832 -93.31 294.126 
9.662 362.653 29.514 360.915 14.248 348.107 -5.604 349.845 
29.746 361.008 46.085 372.415 65.705 368.928 49.366 357.521 
63.471 388.705 83.245 391.175 85.716 371.401 65.942 368.931 
94.53 353.459 85.941 371.441 92.584 390.229 101.172 372.247 
202.651 349.548 222.505 347.827 235.326 332.571 215.472 334.293 
246.924 316.092 235.509 332.426 255.131 328.948 266.546 312.613 
266.748 312.495 279.063 328.162 294.729 315.848 282.414 300.18 
275.896 281.233 282.583 300.005 300.585 308.55 293.898 289.779 
349.606 202.02 362.41 186.75 360.666 166.899 347.862 182.169 
368.675 130.723 357.267 147.063 360.755 166.683 372.163 150.343 
368.695 130.493 388.469 132.963 390.94 113.189 371.166 110.719 
371.94 95.257 353.19 102.006 371.221 110.492 389.971 103.742 
349.274 -6.277 347.53 -26.127 332.261 -38.932 334.004 -19.081 
312.297 -70.137 315.788 -50.517 332.129 -39.113 328.638 -58.733 
299.949 -86.053 312.191 -70.33 327.914 -82.573 315.671 -98.296 
308.261 -104.232 289.515 -97.471 281.042 -79.435 299.787 -86.196 
181.926 -151.461 201.776 -153.206 186.506 -166.009 166.655 -164.263 
130.476 -172.242 146.817 -160.835 166.436 -164.324 150.096 -175.73 
110.472 -174.708 130.25 -172.269 132.689 -192.047 112.911 -194.486 
103.529 -193.489 95.01 -175.474 101.724 -156.712 110.243 -174.727 
-39.137 -135.822 -19.285 -137.557 -6.475 -152.821 -26.327 -151.086 
-58.93 -132.197 -70.347 -115.864 -50.725 -119.34 -39.308 -135.673 
-98.526 -119.202 -86.265 -103.493 -70.556 -115.754 -82.816 -131.463 
-104.415 -111.832 -97.717 -93.064 -79.71 -84.529 -86.408 -103.297 
