-19.81 279.072 -3.744 290.863 -6.767 271.166 -22.833 259.375 
122.679 297.986 138.532 310.06 158.28 307.389 142.427 295.314 
253.659 225.95 273.486 223.942 286.085 208.503 266.259 210.511 
299.284 83.204 312.515 68.302 311.334 48.409 298.102 63.311 
216.779 -67.688 231.174 -53.907 230.74 -73.83 216.344 -87.611 
45.07 -115.622 59.551 -101.932 79.471 -102.491 64.989 -116.181 
-94.432 -6.884 -74.577 -8.582 -61.739 -23.822 -81.594 -22.124 
-110.498 163.711 -98.467 147.825 -101.193 128.085 -113.223 143.97 
-24.273 259.642 -43.697 264.094 -39.245 283.517 -19.821 279.065 
122.284 298.505 110.728 314.739 126.961 326.296 138.518 310.062 
273.476 223.953 253.737 226.691 256.475 246.43 276.214 243.692 
312.516 68.316 300.246 84.019 315.949 96.288 328.218 80.586 
250.541 -76.129 230.747 -73.823 233.053 -54.029 252.847 -56.335 
76.345 -132.565 64.999 -116.183 81.381 -104.837 92.727 -121.219 
-68.858 -47.274 -87.795 -41.069 -81.591 -22.132 -62.654 -28.337 
-122.114 117.213 -131.041 135.029 -113.225 143.956 -104.298 126.14 
-127.702 173.769 -108.429 178.834 -91.219 168.786 -110.493 163.722 
-10.285 309.687 7.655 301.014 14.209 282.195 -3.731 290.869 
165.961 325.779 173.544 307.35 165.876 288.957 158.293 307.386 
286.092 208.492 304.248 216.708 297.221 198.061 279.064 189.845 
293.21 40.103 311.331 48.394 330.007 41.442 311.886 33.152 
198.075 -79.638 216.335 -87.617 223.605 -106.172 205.345 -98.193 
39.855 -96.386 45.061 -115.621 35.14 -132.904 29.934 -113.669 
-103.409 5.459 -84.033 10.12 -94.438 -6.876 -113.813 -11.537 
-109.586 91.959 -128.473 98.313 -122.119 117.201 -103.231 110.847 
-128.473 98.301 -147.738 103.397 -142.643 122.662 -123.377 117.566 
-57.255 239.378 -62.836 258.508 -43.707 264.09 -38.125 244.96 
-62.84 258.503 -68.623 277.573 -49.553 283.356 -43.77 264.287 
99.709 298.134 83.098 309.144 94.107 325.754 110.718 314.744 
110.789 314.857 94.103 325.753 105.0 342.438 121.685 331.542 
236.898 242.708 233.164 262.283 252.739 266.017 256.472 246.442 
256.773 246.508 252.734 266.021 272.247 270.062 276.286 250.548 
315.953 96.299 299.198 107.089 309.987 123.842 326.742 113.053 
334.34 85.924 316.972 95.695 326.742 113.062 344.11 103.292 
252.854 -56.331 248.311 -36.928 267.714 -32.386 272.257 -51.789 
263.956 -78.715 254.643 -61.098 272.26 -51.785 281.572 -69.402 
110.024 -131.13 92.734 -121.223 102.641 -103.932 119.931 -113.839 
111.131 -151.025 91.234 -152.126 90.133 -132.23 110.029 -131.128 
-60.552 -65.395 -68.854 -47.279 -50.738 -38.978 -42.436 -57.094 
-72.893 -81.043 -88.538 -68.7 -76.196 -53.055 -60.551 -65.398 
-123.411 36.385 -107.009 25.068 -103.414 5.467 -119.816 16.784 
-123.414 36.394 -138.279 49.667 -139.405 69.563 -124.54 56.29 
-165.162 81.018 -146.562 88.171 -139.409 69.572 -158.008 62.419 
-146.565 88.181 -165.508 94.366 -147.74 103.388 -128.796 97.202 
-99.323 214.524 -96.485 194.799 -108.426 178.845 -111.263 198.57 
-99.32 214.535 -100.479 234.429 -87.231 249.316 -86.073 229.423 
-106.025 255.926 -99.423 274.729 -80.62 268.127 -87.222 249.324 
-63.236 258.384 -80.615 268.136 -86.008 287.32 -68.629 277.568 
19.902 316.752 39.676 319.224 27.442 303.494 7.667 301.022 
39.689 319.229 52.513 334.482 72.366 336.199 59.543 320.947 
63.123 353.851 80.769 363.109 90.027 345.463 72.381 336.205 
93.859 325.908 90.041 345.467 101.172 361.996 104.99 342.438 
173.557 307.349 193.289 310.135 209.212 298.153 189.479 295.366 
224.835 285.762 209.224 298.149 229.021 300.428 244.632 288.041 
244.646 288.037 249.838 307.277 269.077 302.085 263.885 282.845 
252.654 266.383 263.896 282.836 283.48 286.521 272.238 270.068 
297.228 198.054 313.457 186.489 316.755 166.837 300.526 178.401 
335.915 135.379 319.825 147.136 316.761 166.827 332.851 155.07 
335.922 135.367 352.888 145.819 363.34 128.852 346.374 118.4 
344.11 103.303 327.036 113.579 346.375 118.386 363.449 108.11 
311.886 33.137 315.626 13.564 304.43 -2.922 300.69 16.651 
297.081 -39.016 293.281 -19.454 304.426 -2.935 308.226 -22.497 
292.073 -58.316 297.079 -39.028 316.367 -44.034 311.362 -63.322 
300.19 -76.524 281.579 -69.398 273.459 -51.201 292.069 -58.326 
185.851 -102.371 205.336 -98.2 194.508 -114.928 175.021 -119.099 
144.291 -139.405 155.447 -122.893 175.012 -119.105 163.856 -135.618 
125.852 -146.991 144.282 -139.412 151.861 -157.842 133.431 -165.421 
123.361 -166.767 111.136 -151.03 113.619 -131.258 125.844 -146.995 
-6.36 -107.416 13.079 -103.027 29.926 -113.669 10.488 -118.057 
-26.146 -109.858 -41.858 -97.602 -22.082 -95.157 -6.368 -107.413 
-68.574 -106.592 -59.717 -88.742 -41.865 -97.599 -50.722 -115.45 
-75.588 -100.795 -72.894 -81.05 -57.027 -68.994 -59.721 -88.739 
