-37.299 333.89 -20.044 343.859 -25.196 324.609 -42.452 314.64 
151.742 350.501 168.936 360.576 188.217 355.542 171.024 345.468 
314.335 239.009 333.58 233.836 343.53 216.571 324.286 221.743 
350.362 44.801 360.404 27.587 355.333 8.316 345.291 25.529 
221.528 -127.958 238.783 -117.987 233.632 -137.238 216.378 -147.209 
8.079 -158.799 25.372 -148.898 44.602 -154.124 27.309 -164.026 
-147.437 -19.801 -128.192 -24.97 -118.239 -42.234 -137.485 -37.064 
-158.998 188.423 -149.078 171.141 -154.285 151.905 -164.204 169.188 
-42.558 314.511 -61.836 319.56 -56.787 338.837 -37.509 333.788 
151.451 350.638 141.46 367.88 158.701 377.872 168.692 360.63 
333.466 234.004 314.229 239.205 319.43 258.442 338.667 253.241 
360.499 27.8 350.408 44.984 367.593 55.074 377.683 37.89 
253.101 -142.106 233.807 -137.117 238.796 -117.824 258.089 -122.812 
37.574 -181.316 27.506 -164.118 44.704 -154.051 54.771 -171.248 
-123.184 -61.626 -142.448 -56.523 -137.345 -37.261 -118.082 -42.364 
-171.472 141.753 -181.513 158.967 -164.3 169.007 -154.259 151.794 
-173.06 202.7 -153.132 202.715 -139.03 188.635 -158.958 188.619 
-19.833 363.902 -5.747 349.806 -5.754 329.879 -19.839 343.975 
202.53 369.519 202.524 349.591 188.43 335.505 188.436 355.433 
343.606 216.386 363.534 216.501 349.526 202.329 329.597 202.213 
335.348 8.23 355.276 8.102 369.276 -6.079 349.349 -5.951 
202.17 -133.084 216.175 -147.26 216.053 -167.188 202.048 -153.011 
7.85 -138.808 7.88 -158.735 -6.19 -172.847 -6.22 -152.92 
-153.359 -5.487 -133.431 -5.463 -147.504 -19.571 -167.432 -19.596 
-154.954 118.714 -174.63 121.877 -171.467 141.553 -151.791 138.39 
-174.68 121.686 -175.648 101.781 -195.553 102.749 -194.585 122.654 
-66.556 291.595 -78.19 307.773 -62.013 319.408 -50.378 303.23 
-78.385 307.65 -93.158 294.276 -106.533 309.049 -91.76 322.422 
138.006 348.277 118.339 351.492 121.554 371.158 141.221 367.943 
122.321 391.051 121.317 371.149 101.414 372.153 102.419 392.056 
303.365 246.655 291.406 262.595 307.346 274.554 319.304 258.614 
322.23 287.82 307.226 274.707 294.111 289.71 309.116 302.823 
367.629 55.324 347.979 58.646 351.302 78.294 370.951 74.972 
391.769 94.257 390.912 74.347 371.003 75.204 371.86 95.114 
258.26 -122.696 246.68 -106.478 262.898 -94.898 274.478 -111.116 
302.801 -112.241 288.101 -125.694 274.647 -110.994 289.348 -97.541 
74.67 -174.441 54.996 -171.28 58.156 -151.604 77.831 -154.765 
94.807 -175.451 93.81 -195.353 73.908 -194.355 74.905 -174.453 
-111.386 -77.973 -123.069 -61.829 -106.926 -50.146 -95.242 -66.289 
-97.846 -92.907 -112.612 -106.289 -125.994 -91.524 -111.228 -78.141 
-164.529 29.845 -151.726 14.574 -153.47 -5.277 -166.274 9.993 
-164.554 30.091 -175.943 46.445 -172.432 66.061 -161.044 49.708 
-194.712 83.652 -174.934 86.084 -172.502 66.305 -192.281 63.873 
-174.928 86.329 -193.666 93.109 -175.622 101.565 -156.883 94.784 
-136.028 235.549 -137.769 215.697 -153.037 202.891 -151.296 222.743 
-135.912 235.725 -132.44 255.348 -116.109 266.769 -119.582 247.147 
-131.744 279.162 -119.538 294.914 -103.786 282.707 -115.992 266.955 
-84.897 276.031 -103.619 282.859 -112.029 300.925 -93.307 294.097 
9.729 362.685 29.582 360.958 14.323 348.141 -5.53 349.868 
29.782 361.049 46.116 372.463 65.738 368.984 49.404 357.57 
63.42 388.752 83.185 391.292 85.725 371.527 65.96 368.987 
94.278 353.489 85.941 371.589 92.845 390.283 101.182 372.183 
202.745 349.505 222.595 347.743 235.385 332.461 215.535 334.223 
246.933 315.955 235.558 332.317 255.171 328.791 266.546 312.429 
266.733 312.337 278.773 328.217 294.652 316.178 282.612 300.298 
275.885 281.435 282.737 300.147 300.813 308.534 293.961 289.822 
349.633 202.123 362.45 186.865 360.725 167.012 347.907 182.271 
368.702 130.826 357.285 147.159 360.762 166.781 372.178 150.448 
368.786 130.617 388.584 132.885 390.852 113.087 371.054 110.819 
371.824 95.349 353.04 102.004 371.028 110.58 389.812 103.925 
349.224 -6.151 347.539 -26.007 332.308 -38.856 333.992 -19.001 
312.361 -70.086 315.858 -50.468 332.203 -39.069 328.706 -58.687 
299.915 -85.939 312.207 -70.256 327.891 -82.548 315.598 -98.232 
308.264 -104.143 289.512 -97.399 281.022 -79.372 299.773 -86.115 
181.993 -151.384 201.845 -153.115 186.584 -165.929 166.731 -164.198 
130.545 -172.188 146.863 -160.749 166.49 -164.2 150.172 -175.638 
110.526 -174.659 130.308 -172.255 132.713 -192.037 112.931 -194.441 
103.585 -193.428 95.047 -175.422 101.741 -156.654 110.279 -174.659 
-39.069 -135.809 -19.216 -137.541 -6.404 -152.803 -26.255 -151.071 
-58.898 -132.242 -70.31 -115.906 -50.69 -119.388 -39.277 -135.724 
-98.462 -119.161 -86.184 -103.466 -70.488 -115.744 -82.766 -131.439 
-104.403 -111.859 -97.697 -93.093 -79.686 -84.566 -86.392 -103.332 
