48.476 172.246 55.784 190.786 63.726 172.509 56.418 153.97 
106.852 166.921 113.733 185.623 131.823 193.982 124.942 175.28 
151.781 141.624 169.701 150.341 188.536 143.832 170.616 135.116 
166.954 92.151 185.917 86.024 194.993 68.284 176.031 74.411 
137.15 25.747 142.61 44.913 152.301 27.5 146.841 8.335 
68.52 -0.978 72.972 18.446 89.855 29.033 85.403 9.609 
5.242 52.45 22.484 62.44 41.74 57.312 24.497 47.322 
2.325 134.198 20.992 127.225 29.262 109.094 10.595 116.067 
32.015 161.011 20.781 177.471 37.241 188.704 48.474 172.244 
94.134 189.251 97.762 208.844 117.357 205.218 113.729 185.623 
169.7 150.342 158.387 166.748 174.792 178.061 186.106 161.656 
185.919 86.026 189.336 105.659 208.969 102.241 205.551 82.608 
164.096 11.438 152.303 27.501 168.366 39.295 180.16 23.232 
82.662 -10.13 85.404 9.608 105.142 6.866 102.4 -12.872 
20.242 19.461 8.441 35.518 24.498 47.319 36.299 31.261 
-12.51 99.926 -9.027 119.547 10.594 116.064 7.111 96.443 
-14.215 123.085 -10.381 142.64 6.158 153.757 2.324 134.201 
36.48 195.724 53.622 205.884 72.928 200.947 55.786 190.787 
121.883 211.25 141.126 206.068 151.068 188.798 131.825 193.981 
188.537 143.829 193.442 163.144 203.631 146.02 198.726 126.704 
190.746 48.811 194.992 68.281 211.762 79.046 207.516 59.576 
130.914 -3.645 146.839 8.334 166.571 5.543 150.646 -6.436 
48.631 0.204 68.523 -0.978 81.753 -15.879 61.861 -14.698 
-9.372 48.08 -7.341 67.905 5.241 52.452 3.211 32.627 
-30.833 78.509 -32.379 98.377 -12.512 99.924 -10.965 80.056 
-32.382 98.377 -33.93 118.244 -14.062 119.793 -12.514 99.925 
-7.339 175.569 5.769 190.578 20.779 177.471 7.671 162.461 
5.772 190.577 18.877 205.589 33.889 192.484 20.784 177.473 
77.915 207.039 76.109 226.885 95.954 228.691 97.76 208.845 
97.76 208.846 95.954 228.692 115.8 230.498 117.606 210.652 
159.24 190.521 171.698 206.074 187.251 193.616 174.793 178.064 
174.794 178.06 187.249 193.615 202.805 181.161 190.349 165.606 
208.971 102.241 206.592 122.027 226.376 124.405 228.755 104.62 
211.35 82.452 208.969 102.237 228.753 104.618 231.134 84.833 
180.161 23.231 192.316 39.023 208.107 26.869 195.953 11.077 
168.008 7.434 180.159 23.228 195.953 11.076 183.802 -4.717 
105.059 -32.623 102.401 -12.874 122.151 -10.216 124.809 -29.965 
85.343 -35.51 82.454 -15.794 102.17 -12.905 105.059 -32.621 
8.103 3.655 20.242 19.459 36.046 7.32 23.907 -8.484 
-7.702 15.792 4.435 31.598 20.241 19.462 8.104 3.656 
-43.261 62.485 -23.334 62.302 -9.373 48.082 -29.3 48.265 
-43.262 62.487 -45.419 82.298 -32.937 97.831 -30.779 78.021 
-61.097 96.765 -47.55 111.38 -32.936 97.833 -46.483 83.218 
-47.551 111.382 -49.021 131.254 -33.929 118.242 -32.459 98.368 
-28.655 174.61 -12.897 162.411 -10.382 142.643 -26.139 154.843 
-28.654 174.612 -15.347 189.446 4.552 190.526 -8.755 175.693 
-15.374 190.396 -15.504 210.324 4.423 210.454 4.554 190.527 
5.772 190.574 4.423 210.456 17.528 225.469 18.877 205.587 
48.979 225.265 59.398 242.252 64.043 222.874 53.624 205.886 
59.4 242.253 79.288 243.494 94.229 230.307 74.341 229.066 
80.535 244.782 95.011 258.478 108.707 244.002 94.231 230.306 
95.953 228.692 108.709 244.003 128.554 245.81 115.799 230.499 
141.128 206.067 150.76 223.513 169.906 229.038 160.275 211.592 
171.782 209.197 169.909 229.037 185.262 216.333 187.136 196.493 
187.137 196.491 187.821 216.407 207.736 215.723 207.052 195.807 
187.248 193.617 207.055 195.807 222.608 183.35 202.802 181.161 
203.634 146.018 222.754 151.634 240.244 142.086 221.124 136.47 
230.502 106.575 228.019 126.347 240.245 142.084 242.728 122.311 
230.501 106.572 244.757 120.496 258.681 106.24 244.425 92.316 
231.134 84.835 228.752 104.62 244.427 92.314 246.809 72.529 
207.515 59.573 224.592 49.303 229.405 29.966 212.328 40.236 
197.703 11.232 209.674 27.163 229.403 29.964 217.433 14.032 
198.529 -8.68 197.702 11.23 217.612 12.057 218.439 -7.853 
186.377 -24.476 183.802 -4.715 195.953 11.078 198.529 -8.682 
138.531 -22.26 150.645 -6.437 153.268 -26.191 141.154 -42.014 
105.469 -32.931 125.192 -30.083 141.153 -42.015 121.429 -44.863 
93.162 -48.605 105.467 -32.93 121.142 -45.236 108.836 -60.91 
73.444 -51.496 85.343 -35.51 105.059 -32.62 93.161 -48.606 
27.729 -28.515 41.933 -14.538 61.859 -14.698 47.656 -28.675 
11.501 -16.947 8.207 2.706 24.433 -8.861 27.727 -28.514 
-10.006 -18.799 -11.653 1.06 8.206 2.707 9.854 -17.152 
-27.46 13.197 -7.701 15.791 8.104 3.654 -11.654 1.06 
