-37.262 333.99 -19.98 343.914 -25.183 324.677 -42.465 314.754 
151.692 350.543 168.926 360.547 188.187 355.434 170.952 345.43 
314.369 238.845 333.64 233.77 343.678 216.555 324.408 221.63 
350.516 44.831 360.44 27.55 355.237 8.314 345.313 25.595 
221.461 -127.891 238.756 -117.991 233.528 -137.22 216.233 -147.12 
8.076 -158.787 25.33 -148.815 44.581 -153.965 27.327 -163.936 
-147.448 -19.723 -128.203 -24.895 -118.253 -42.16 -137.498 -36.988 
-158.972 188.471 -149.035 171.198 -154.221 151.958 -164.159 169.23 
-42.497 314.571 -61.769 319.64 -56.701 338.912 -37.428 333.843 
151.478 350.631 141.501 367.88 158.749 377.859 168.728 360.609 
333.503 233.942 314.243 239.058 319.359 258.318 338.619 253.202 
360.564 27.743 350.44 44.908 367.605 55.031 377.729 37.867 
253.024 -142.196 233.742 -137.162 238.776 -117.881 258.057 -122.914 
37.57 -181.249 27.551 -164.023 44.777 -154.004 54.796 -171.23 
-123.169 -61.556 -142.434 -56.455 -137.334 -37.192 -118.07 -42.292 
-171.446 141.787 -181.471 159.01 -164.248 169.034 -154.224 151.812 
-173.049 202.747 -153.121 202.773 -139.011 188.701 -158.939 188.675 
-19.708 363.911 -5.652 349.786 -5.7 329.859 -19.756 343.984 
202.434 369.503 202.487 349.575 188.435 335.446 188.382 355.374 
343.73 216.344 363.658 216.369 349.586 202.26 329.657 202.235 
335.237 8.153 355.165 8.111 369.226 -6.01 349.298 -5.968 
201.889 -133.196 216.046 -147.221 216.139 -167.149 201.982 -153.124 
7.84 -138.78 7.852 -158.707 -6.231 -172.806 -6.242 -152.879 
-153.368 -5.405 -133.44 -5.371 -147.507 -19.486 -167.435 -19.52 
-154.94 118.732 -174.614 121.903 -171.442 141.577 -151.768 138.405 
-174.65 121.699 -175.693 101.799 -195.594 102.842 -194.551 122.742 
-66.486 291.724 -78.138 307.89 -61.973 319.542 -50.321 303.376 
-78.285 307.724 -92.998 294.283 -106.439 308.996 -91.726 322.436 
137.956 348.264 118.31 351.607 121.653 371.251 141.298 367.908 
122.209 391.198 121.455 371.284 101.542 372.038 102.296 391.952 
303.155 246.779 291.422 262.886 307.529 274.619 319.261 258.512 
322.205 288.069 307.37 274.765 294.064 289.598 308.899 302.903 
367.639 55.263 348.004 58.673 351.415 78.306 371.049 74.896 
391.773 94.242 390.995 74.329 371.083 75.107 371.861 95.02 
258.251 -122.786 246.629 -106.598 262.817 -94.976 274.439 -111.164 
302.744 -112.318 288.001 -125.725 274.594 -110.982 289.337 -97.576 
74.706 -174.425 55.032 -171.254 58.204 -151.58 77.877 -154.751 
94.828 -175.495 93.826 -195.397 73.924 -194.395 74.926 -174.493 
-111.389 -77.947 -123.061 -61.796 -106.91 -50.123 -95.237 -66.274 
-97.854 -92.883 -112.635 -106.248 -126.001 -91.467 -111.22 -78.102 
-164.504 29.934 -151.71 14.655 -153.468 -5.195 -166.261 10.083 
-164.535 30.157 -175.941 46.499 -172.451 66.118 -161.045 49.777 
-194.666 83.735 -174.882 86.131 -172.486 66.348 -192.269 63.952 
-174.9 86.357 -193.678 93.027 -175.684 101.589 -156.906 94.918 
-135.995 235.607 -137.736 215.755 -153.005 202.95 -151.263 222.802 
-135.898 235.805 -132.425 255.427 -116.093 266.847 -119.567 247.225 
-131.608 279.359 -119.28 295.016 -103.623 282.688 -115.951 267.031 
-84.754 276.074 -103.48 282.888 -111.903 300.948 -93.177 294.134 
9.813 362.713 29.667 360.99 14.41 348.17 -5.443 349.893 
29.901 361.024 46.222 372.457 65.847 369.0 49.526 357.567 
63.805 388.852 83.603 391.123 85.874 371.326 66.076 369.055 
94.566 353.28 86.098 371.319 92.865 390.063 101.333 372.024 
202.669 349.475 222.521 347.737 235.33 332.471 215.478 334.209 
246.944 316.041 235.534 332.379 255.154 328.895 266.565 312.557 
266.745 312.41 278.926 328.182 294.697 316.002 282.516 300.23 
275.846 281.395 282.709 300.103 300.79 308.479 293.927 289.771 
349.687 202.055 362.506 186.799 360.783 166.946 347.964 182.203 
368.68 130.735 357.288 147.086 360.794 166.703 372.187 150.352 
368.734 130.495 388.53 132.78 390.815 112.984 371.019 110.699 
371.838 95.234 353.042 101.856 371.015 110.464 389.811 103.842 
349.207 -6.162 347.468 -26.013 332.201 -38.82 333.94 -18.969 
312.294 -70.044 315.783 -50.424 332.123 -39.018 328.634 -58.638 
299.984 -85.999 312.152 -70.218 327.932 -82.386 315.765 -98.166 
308.246 -104.292 289.535 -97.436 281.153 -79.357 299.863 -86.213 
181.933 -151.456 201.784 -153.205 186.511 -166.005 166.66 -164.256 
130.48 -172.209 146.823 -160.807 166.442 -164.3 150.099 -175.703 
110.491 -174.695 130.27 -172.265 132.7 -192.044 112.921 -194.474 
103.593 -193.452 95.043 -175.452 101.725 -156.679 110.275 -174.679 
-39.105 -135.766 -19.253 -137.506 -6.447 -152.773 -26.298 -151.034 
-58.934 -132.166 -70.345 -115.83 -50.725 -119.312 -39.313 -135.649 
-98.51 -119.127 -86.246 -103.421 -70.54 -115.686 -82.804 -131.392 
-104.441 -111.811 -97.727 -93.048 -79.712 -84.529 -86.426 -103.292 
