-37.194 333.897 -19.943 343.873 -25.087 324.621 -42.338 314.645 
151.579 350.745 168.848 360.69 188.091 355.511 170.822 345.566 
314.465 238.98 333.698 233.767 343.613 216.481 324.379 221.694 
350.488 44.73 360.416 27.451 355.219 8.213 345.29 25.492 
221.351 -127.891 238.602 -117.916 233.458 -137.168 216.206 -147.144 
8.058 -158.805 25.317 -148.842 44.565 -154.001 27.306 -163.964 
-147.331 -19.815 -128.084 -24.977 -118.124 -42.236 -137.371 -37.074 
-159.03 188.35 -149.126 171.058 -154.35 151.827 -164.254 169.119 
-42.508 314.507 -61.766 319.632 -56.641 338.889 -37.384 333.764 
151.466 350.701 141.407 367.903 158.607 377.963 168.668 360.761 
333.55 233.971 314.271 239.018 319.318 258.296 338.596 253.25 
360.506 27.679 350.485 44.904 367.71 54.925 377.731 37.7 
252.913 -142.231 233.658 -137.097 238.793 -117.842 258.048 -122.976 
37.551 -181.226 27.538 -163.997 44.766 -153.983 54.78 -171.212 
-123.113 -61.648 -142.377 -56.548 -137.277 -37.284 -118.013 -42.384 
-171.453 141.645 -181.528 158.838 -164.335 168.913 -154.26 151.719 
-173.107 202.638 -153.179 202.664 -139.069 188.591 -158.997 188.565 
-19.76 363.89 -5.651 349.818 -5.624 329.891 -19.733 343.963 
202.331 369.568 202.374 349.64 188.314 335.519 188.272 355.447 
343.694 216.256 363.622 216.286 349.553 202.174 329.624 202.144 
335.253 7.939 355.18 7.972 369.295 -6.095 349.367 -6.129 
201.925 -133.195 216.035 -147.267 216.063 -167.195 201.952 -153.123 
7.826 -138.79 7.855 -158.717 -6.216 -172.829 -6.245 -152.902 
-153.314 -5.544 -133.386 -5.515 -147.456 -19.627 -167.384 -19.656 
-154.98 118.569 -174.652 121.756 -171.465 141.427 -151.794 138.241 
-174.654 121.542 -175.678 101.64 -195.58 102.664 -194.555 122.566 
-66.459 291.685 -78.121 307.842 -61.965 319.506 -50.301 303.349 
-78.298 307.68 -93.085 294.322 -106.444 309.109 -91.656 322.466 
138.045 348.254 118.371 351.425 121.542 371.098 141.216 367.927 
122.361 391.061 121.37 371.158 101.466 372.149 102.458 392.052 
303.051 246.837 291.364 262.978 307.504 274.665 319.191 258.524 
322.127 288.178 307.326 274.835 293.983 289.635 308.783 302.978 
367.706 55.16 348.032 58.338 351.21 78.01 370.883 74.833 
391.822 93.952 390.82 74.049 370.918 75.051 371.92 94.954 
258.191 -122.821 246.527 -106.663 262.685 -95.0 274.349 -111.158 
302.673 -112.467 287.888 -125.829 274.527 -111.044 289.311 -97.684 
74.681 -174.442 55.007 -171.274 58.175 -151.6 77.849 -154.768 
94.804 -175.447 93.79 -195.348 73.889 -194.334 74.902 -174.433 
-111.285 -77.972 -122.957 -61.82 -106.805 -50.148 -95.134 -66.3 
-97.809 -92.961 -112.603 -106.312 -125.954 -91.518 -111.16 -78.167 
-164.416 29.799 -151.612 14.529 -153.355 -5.323 -166.159 9.947 
-164.506 30.001 -175.916 46.339 -172.43 65.96 -161.021 49.621 
-194.664 83.529 -174.885 85.961 -172.454 66.182 -192.233 63.75 
-174.924 86.185 -193.684 92.904 -175.668 101.419 -156.907 94.699 
-136.031 235.501 -137.785 215.65 -153.063 202.855 -151.307 222.706 
-135.957 235.728 -132.463 255.347 -116.12 266.749 -119.614 247.131 
-131.642 279.212 -119.366 294.911 -103.668 282.635 -115.943 266.937 
-84.759 276.131 -103.519 282.852 -112.031 300.871 -93.271 294.149 
9.817 362.714 29.669 360.966 14.396 348.165 -5.455 349.913 
29.888 361.0 46.225 372.41 65.846 368.925 49.508 357.516 
63.639 388.768 83.419 391.189 85.84 371.409 66.06 368.988 
94.574 353.361 86.046 371.372 92.751 390.138 101.279 372.127 
202.545 349.532 222.397 347.802 235.212 332.542 215.36 334.271 
246.824 316.102 235.404 332.434 255.027 328.961 266.447 312.63 
266.623 312.465 278.884 328.175 294.592 315.915 282.331 300.205 
275.828 281.293 282.531 300.059 300.54 308.59 293.837 289.824 
349.651 201.962 362.454 186.691 360.708 166.84 347.906 182.111 
368.668 130.652 357.263 146.994 360.754 166.613 372.159 150.271 
368.728 130.429 388.508 132.85 390.928 113.07 371.148 110.649 
371.897 95.181 353.139 101.909 371.16 110.415 389.918 103.687 
349.245 -6.33 347.482 -26.179 332.2 -38.969 333.963 -19.12 
312.251 -70.178 315.756 -50.561 332.105 -39.169 328.6 -58.786 
299.852 -86.056 312.126 -70.357 327.824 -82.631 315.551 -98.329 
308.206 -104.24 289.449 -97.511 280.945 -79.49 299.701 -86.219 
181.895 -151.426 201.744 -153.18 186.469 -165.976 166.618 -164.221 
130.461 -172.222 146.801 -160.814 166.421 -164.3 150.082 -175.709 
110.467 -174.666 130.248 -172.248 132.666 -192.028 112.886 -194.447 
103.538 -193.477 95.019 -175.462 101.734 -156.7 110.253 -174.715 
-39.093 -135.795 -19.242 -137.553 -6.45 -152.832 -26.3 -151.074 
-58.889 -132.197 -70.298 -115.859 -50.678 -119.343 -39.269 -135.682 
-98.459 -119.204 -86.187 -103.505 -70.487 -115.777 -82.759 -131.477 
-104.349 -111.849 -97.625 -93.089 -79.606 -84.579 -86.329 -103.339 
