-37.209 333.934 -19.969 343.93 -25.092 324.672 -42.331 314.676 
151.696 350.605 168.942 360.591 188.197 355.458 170.952 345.472 
314.291 238.8 333.557 233.705 343.577 216.479 324.311 221.574 
350.416 44.814 360.405 27.57 355.275 8.314 345.286 25.558 
221.558 -127.864 238.84 -117.942 233.636 -137.178 216.354 -147.1 
8.048 -158.798 25.34 -148.892 44.571 -154.115 27.279 -164.02 
-147.383 -19.735 -128.139 -24.909 -118.19 -42.175 -137.435 -37.001 
-159.0 188.387 -149.029 171.134 -154.179 151.883 -164.149 169.137 
-42.533 314.541 -61.787 319.678 -56.651 338.932 -37.396 333.794 
151.539 350.69 141.527 367.919 158.756 377.933 168.769 360.703 
333.453 233.907 314.204 239.062 319.359 258.312 338.609 253.156 
360.437 27.8 350.445 45.041 367.687 55.034 377.679 37.792 
253.086 -142.127 233.808 -137.077 238.858 -117.799 258.136 -122.849 
37.568 -181.261 27.505 -164.061 44.705 -153.998 54.768 -171.198 
-123.191 -61.588 -142.454 -56.481 -137.346 -37.219 -118.084 -42.327 
-171.488 141.693 -181.478 158.936 -164.235 168.925 -154.245 151.682 
-173.05 202.675 -153.122 202.707 -139.009 188.639 -158.937 188.607 
-19.782 363.918 -5.672 349.848 -5.642 329.921 -19.753 343.991 
202.461 369.534 202.489 349.606 188.419 335.496 188.391 355.424 
343.689 216.287 363.617 216.326 349.555 202.208 329.626 202.169 
335.25 8.097 355.178 8.12 369.285 -5.955 349.357 -5.978 
202.056 -133.122 216.171 -147.189 216.205 -167.117 202.09 -153.05 
7.813 -138.778 7.844 -158.705 -6.226 -172.817 -6.256 -152.89 
-153.374 -5.486 -133.446 -5.455 -147.514 -19.568 -167.442 -19.6 
-154.979 118.645 -174.656 121.799 -171.502 141.476 -151.825 138.322 
-174.71 121.591 -175.703 101.688 -195.606 102.68 -194.614 122.583 
-66.485 291.754 -78.156 307.905 -62.006 319.578 -50.333 303.427 
-78.31 307.724 -93.092 294.36 -106.456 309.143 -91.673 322.505 
138.153 348.256 118.477 351.414 121.635 371.089 141.311 367.931 
122.45 391.039 121.435 371.136 101.532 372.151 102.547 392.053 
303.068 246.803 291.389 262.949 307.535 274.629 319.213 258.482 
322.194 288.176 307.417 274.808 294.048 289.585 308.825 302.953 
367.737 55.255 348.063 58.435 351.245 78.107 370.917 74.926 
391.8 94.036 390.803 74.133 370.901 75.13 371.898 95.033 
258.294 -122.734 246.619 -106.585 262.768 -94.91 274.443 -111.06 
302.759 -112.367 287.974 -125.728 274.613 -110.943 289.397 -97.583 
74.668 -174.435 54.995 -171.265 58.164 -151.591 77.838 -154.76 
94.814 -175.435 93.799 -195.336 73.898 -194.321 74.913 -174.42 
-111.362 -77.907 -123.026 -61.749 -106.869 -50.085 -95.205 -66.243 
-97.872 -92.873 -112.654 -106.238 -126.019 -91.457 -111.238 -78.092 
-164.478 29.833 -151.675 14.561 -153.421 -5.29 -166.223 9.981 
-164.543 30.043 -175.95 46.384 -172.462 66.004 -161.055 49.663 
-194.714 83.586 -174.934 86.008 -172.513 66.228 -192.293 63.806 
-174.931 86.236 -193.692 92.952 -175.678 101.47 -156.916 94.753 
-136.003 235.563 -137.75 215.712 -153.022 202.91 -151.275 222.762 
-135.903 235.778 -132.412 255.397 -116.07 266.802 -119.561 247.183 
-131.63 279.266 -119.362 294.97 -103.658 282.702 -115.926 266.998 
-84.76 276.183 -103.52 282.906 -112.031 300.924 -93.271 294.202 
9.806 362.722 29.657 360.971 14.383 348.173 -5.468 349.924 
29.876 361.014 46.217 372.418 65.836 368.928 49.495 357.523 
63.643 388.74 83.422 391.168 85.85 371.389 66.07 368.961 
94.609 353.382 86.085 371.395 92.795 390.159 101.319 372.146 
202.663 349.482 222.516 347.745 235.325 332.48 215.473 334.217 
246.929 316.019 235.51 332.35 255.132 328.877 266.552 312.546 
266.739 312.418 279.009 328.121 294.711 315.852 282.441 300.149 
275.861 281.226 282.593 299.982 300.615 308.484 293.883 289.729 
349.626 201.991 362.42 186.713 360.664 166.864 347.87 182.142 
368.666 130.692 357.262 147.035 360.755 166.654 372.158 150.311 
368.698 130.471 388.478 132.892 390.899 113.112 371.119 110.691 
371.912 95.243 353.155 101.974 371.178 110.477 389.934 103.745 
349.298 -6.19 347.555 -26.041 332.286 -38.846 334.028 -18.995 
312.336 -70.058 315.818 -50.437 332.154 -39.025 328.672 -58.646 
299.944 -85.949 312.222 -70.254 327.917 -82.532 315.639 -98.227 
308.311 -104.118 289.544 -97.415 281.014 -79.406 299.78 -86.108 
182.022 -151.368 201.873 -153.105 186.609 -165.914 166.756 -164.177 
130.579 -172.201 146.912 -160.783 166.534 -164.259 150.201 -175.677 
110.558 -174.652 130.336 -172.216 132.772 -191.994 112.994 -194.43 
103.589 -193.461 95.072 -175.445 101.789 -156.684 110.306 -174.7 
-39.107 -135.777 -19.256 -137.529 -6.459 -152.804 -26.309 -151.052 
-58.919 -132.167 -70.323 -115.827 -50.704 -119.316 -39.299 -135.658 
-98.498 -119.123 -86.22 -103.428 -70.524 -115.707 -82.802 -131.402 
-104.414 -111.777 -97.691 -93.017 -79.673 -84.506 -86.395 -103.266 
