-37.306 333.847 -20.07 343.849 -25.185 324.589 -42.421 314.587 
151.698 350.495 168.896 360.564 188.175 355.523 170.978 345.454 
314.414 238.866 333.671 233.74 343.664 216.498 324.406 221.624 
350.333 44.7 360.347 27.471 355.245 8.207 345.231 25.437 
221.429 -127.942 238.705 -118.008 233.514 -137.247 216.239 -147.181 
8.12 -158.795 25.388 -148.848 44.631 -154.023 27.364 -163.971 
-147.421 -19.789 -128.184 -24.989 -118.259 -42.269 -137.496 -37.068 
-159.02 188.425 -149.068 171.16 -154.24 151.915 -164.191 169.18 
-42.631 314.485 -61.891 319.6 -56.777 338.859 -37.516 333.744 
151.423 350.708 141.484 367.979 158.754 377.919 168.695 360.648 
333.551 233.931 314.295 239.062 319.426 258.318 338.682 253.187 
360.458 27.708 350.472 44.954 367.717 54.939 377.703 37.694 
252.941 -142.242 233.672 -137.159 238.754 -117.89 258.023 -122.973 
37.62 -181.278 27.595 -164.055 44.818 -154.031 54.843 -171.253 
-123.137 -61.589 -142.416 -56.541 -137.368 -37.264 -118.09 -42.312 
-171.453 141.706 -181.483 158.926 -164.263 168.956 -154.233 151.736 
-173.103 202.716 -153.175 202.748 -139.061 188.68 -158.989 188.648 
-19.876 363.864 -5.763 349.797 -5.73 329.87 -19.844 343.937 
202.457 369.593 202.484 349.665 188.414 335.555 188.386 355.483 
343.741 216.287 363.669 216.337 349.615 202.211 329.686 202.161 
335.233 7.957 355.161 7.967 369.259 -6.116 349.331 -6.126 
201.976 -133.194 216.081 -147.272 216.1 -167.2 201.995 -153.122 
7.857 -138.816 7.887 -158.743 -6.182 -172.856 -6.213 -152.929 
-153.353 -5.492 -133.425 -5.464 -147.496 -19.575 -167.424 -19.603 
-154.982 118.621 -174.655 121.799 -171.477 141.472 -151.804 138.294 
-174.68 121.573 -175.694 101.671 -195.596 102.684 -194.582 122.587 
-66.545 291.657 -78.234 307.795 -62.097 319.485 -50.407 303.347 
-78.419 307.655 -93.196 294.284 -106.566 309.06 -91.79 322.43 
138.098 348.304 118.425 351.477 121.598 371.15 141.272 367.976 
122.418 391.109 121.404 371.206 101.502 372.221 102.516 392.123 
303.179 246.811 291.478 262.941 307.608 274.642 319.308 258.512 
322.266 288.156 307.463 274.816 294.122 289.619 308.926 302.958 
367.737 55.2 348.063 58.381 351.245 78.053 370.918 74.871 
391.86 94.053 390.896 74.148 370.992 75.113 371.957 95.017 
258.171 -122.864 246.498 -106.712 262.65 -95.04 274.322 -111.192 
302.624 -112.512 287.827 -125.86 274.479 -111.063 289.276 -97.717 
74.774 -174.421 55.1 -171.262 58.259 -151.586 77.934 -154.745 
94.915 -175.498 93.907 -195.4 74.006 -194.393 75.013 -174.491 
-111.357 -77.95 -123.02 -61.792 -106.863 -50.128 -95.199 -66.286 
-97.846 -92.901 -112.639 -106.254 -125.992 -91.461 -111.199 -78.108 
-164.494 29.832 -151.69 14.562 -153.434 -5.29 -166.238 9.98 
-164.531 30.042 -175.942 46.38 -172.457 66.001 -161.047 49.663 
-194.709 83.567 -174.93 85.994 -172.503 66.214 -192.282 63.787 
-174.937 86.216 -193.699 92.93 -175.685 101.45 -156.922 94.735 
-136.041 235.583 -137.777 215.731 -153.042 202.921 -151.305 222.773 
-135.966 235.783 -132.495 255.406 -116.164 266.827 -119.636 247.205 
-131.72 279.231 -119.461 294.943 -103.75 282.684 -116.008 266.972 
-84.858 276.128 -103.618 282.853 -112.127 300.872 -93.368 294.148 
9.742 362.687 29.594 360.95 14.328 348.141 -5.524 349.879 
29.845 361.008 46.18 372.42 65.801 368.94 49.466 357.527 
63.61 388.774 83.389 391.205 85.82 371.426 66.041 368.995 
94.602 353.418 86.054 371.42 92.739 390.193 101.287 372.192 
202.672 349.548 222.524 347.806 235.33 332.538 215.478 334.279 
246.962 316.111 235.55 332.448 255.171 328.965 266.583 312.628 
266.764 312.458 279.039 328.156 294.737 315.881 282.461 300.183 
275.956 281.271 282.659 300.036 300.669 308.566 293.965 289.8 
349.708 202.011 362.509 186.739 360.763 166.889 347.961 182.161 
368.723 130.715 357.31 147.051 360.791 166.673 372.204 150.337 
368.791 130.497 388.57 132.923 390.996 113.143 371.216 110.717 
371.92 95.248 353.167 101.989 371.194 110.483 389.947 103.742 
349.213 -6.335 347.464 -26.185 332.19 -38.985 333.94 -19.135 
312.242 -70.213 315.727 -50.593 332.065 -39.184 328.58 -58.804 
299.824 -86.09 312.103 -70.395 327.797 -82.674 315.518 -98.369 
308.197 -104.265 289.431 -97.559 280.905 -79.549 299.67 -86.254 
181.964 -151.443 201.815 -153.186 186.546 -165.991 166.695 -164.248 
130.55 -172.237 146.887 -160.825 166.508 -164.307 150.171 -175.719 
110.577 -174.729 130.356 -172.296 132.788 -192.075 113.009 -194.507 
103.641 -193.47 95.129 -175.452 101.852 -156.693 110.363 -174.711 
-39.067 -135.798 -19.215 -137.54 -6.411 -152.809 -26.262 -151.067 
-58.908 -132.212 -70.314 -115.872 -50.695 -119.36 -39.288 -135.7 
-98.472 -119.148 -86.204 -103.445 -70.5 -115.713 -82.768 -131.416 
-104.42 -111.833 -97.701 -93.071 -79.684 -84.557 -86.403 -103.318 
