54.608 162.397 60.558 181.416 69.799 163.761 63.85 144.742 
105.698 155.266 111.347 174.376 128.854 183.895 123.205 164.784 
142.873 134.059 160.18 143.938 179.403 138.685 162.096 128.806 
155.255 92.964 174.568 88.05 184.749 70.92 165.437 75.834 
130.532 34.298 134.855 53.751 145.553 36.938 141.23 17.485 
71.06 9.519 74.379 29.169 90.619 40.716 87.301 21.066 
14.674 57.634 31.226 68.732 50.776 64.876 34.225 53.778 
12.433 130.83 31.538 125.165 41.041 107.649 21.937 113.315 
37.09 152.896 27.591 170.415 45.109 179.912 54.608 162.394 
92.208 179.941 97.773 199.076 116.907 193.512 111.343 174.377 
160.178 143.937 150.57 161.395 168.028 171.003 177.636 153.545 
174.569 88.052 179.987 107.23 199.164 101.811 193.746 82.634 
155.611 19.734 145.555 36.939 162.76 46.995 172.816 29.79 
82.522 1.72 87.302 21.066 106.648 16.285 101.867 -3.061 
26.927 26.557 16.967 43.817 34.226 53.777 44.187 36.517 
-2.847 99.89 2.833 118.991 21.934 113.311 16.254 94.21 
-3.736 119.186 -0.539 138.856 15.63 150.504 12.433 130.834 
41.064 185.547 57.768 196.412 77.262 192.285 60.558 181.419 
118.103 200.669 137.57 196.411 148.325 179.635 128.857 183.893 
179.404 138.683 183.493 158.187 194.393 141.506 190.305 122.001 
181.183 51.315 184.749 70.922 201.135 82.264 197.569 62.657 
125.592 5.132 141.228 17.485 161.021 15.164 145.384 2.81 
51.144 10.232 71.058 9.521 84.638 -5.063 64.723 -4.353 
0.237 52.713 1.514 72.6 14.673 57.635 13.396 37.748 
-21.723 78.963 -22.747 98.864 -2.845 99.888 -1.822 79.986 
-22.749 98.868 -23.768 118.77 -3.866 119.789 -2.847 99.888 
-0.546 168.802 12.717 183.674 27.59 170.412 14.327 155.539 
12.721 183.672 25.975 198.552 40.856 185.298 27.601 170.418 
77.904 197.501 76.331 217.367 96.196 218.94 97.769 199.075 
97.777 199.073 96.199 218.939 116.064 220.517 117.642 200.651 
152.684 183.721 165.402 199.062 180.744 186.344 168.026 171.004 
168.03 171.003 180.744 186.347 196.089 173.635 183.375 158.29 
199.167 101.813 197.172 121.641 216.999 123.635 218.994 103.807 
201.163 81.985 199.168 101.813 218.995 103.808 220.989 83.98 
172.817 29.791 185.328 45.302 200.839 32.79 188.328 17.28 
160.307 14.277 172.817 29.789 188.329 17.279 175.819 1.768 
104.077 -22.866 101.869 -3.062 121.674 -0.853 123.882 -20.658 
84.283 -25.167 81.981 -5.373 101.775 -3.071 104.077 -22.865 
14.234 11.193 26.927 26.555 42.289 13.863 29.597 -1.5 
-1.128 23.886 11.564 39.249 26.927 26.557 14.235 11.194 
-34.854 63.876 -14.998 65.562 0.235 52.714 -19.621 51.027 
-34.857 63.877 -36.157 83.762 -23.016 98.743 -21.715 78.857 
-51.179 97.746 -37.595 112.327 -23.014 98.744 -36.597 84.163 
-37.595 112.329 -38.453 132.238 -23.769 118.768 -22.91 98.858 
-22.161 168.666 -5.178 158.24 -0.542 138.859 -17.525 149.286 
-22.162 168.668 -8.44 183.118 11.481 183.633 -2.241 169.184 
-8.445 183.72 -8.36 203.648 11.568 203.563 11.483 183.635 
12.721 183.67 11.567 203.565 24.819 218.448 25.972 198.553 
51.257 215.251 59.973 233.172 66.482 214.337 57.766 196.416 
59.973 233.175 79.882 234.005 94.548 220.513 74.638 219.683 
80.963 235.096 95.543 248.679 109.127 234.099 94.547 220.515 
96.196 218.939 109.128 234.101 128.993 235.678 116.061 220.516 
137.57 196.413 145.558 214.67 164.116 221.931 156.127 203.674 
165.579 202.059 164.118 221.934 179.204 208.914 180.665 189.039 
180.668 189.04 181.499 208.951 201.409 208.12 200.578 188.209 
180.742 186.348 200.582 188.212 215.929 175.502 196.089 173.638 
194.393 141.503 212.927 148.824 231.209 140.896 212.675 133.575 
220.658 105.615 218.627 125.44 231.209 140.893 233.24 121.069 
220.66 105.613 235.072 119.376 248.835 104.964 234.423 91.201 
220.989 83.982 218.994 103.81 234.425 91.2 236.42 71.372 
197.568 62.655 215.553 54.075 222.204 35.29 204.219 43.87 
190.024 17.391 202.407 33.004 222.202 35.288 209.819 19.675 
190.453 -2.533 190.022 17.39 209.944 17.82 210.375 -2.102 
177.943 -18.046 175.82 1.769 188.329 17.28 190.453 -2.534 
135.026 -14.215 145.382 2.809 150.098 -16.551 139.742 -33.577 
104.428 -23.145 124.245 -21.048 139.741 -33.578 119.923 -35.675 
91.71 -38.488 104.426 -23.145 119.769 -35.861 107.053 -51.204 
71.915 -40.792 84.284 -25.167 104.077 -22.864 91.709 -38.489 
32.149 -21.524 44.879 -6.192 64.721 -4.354 51.991 -19.685 
16.545 -9.126 14.279 10.672 29.881 -1.725 32.146 -21.523 
-4.234 -10.575 -5.602 9.305 14.279 10.673 15.647 -9.207 
-20.965 21.998 -1.127 23.885 14.235 11.192 -5.603 9.305 
