-37.279 333.905 -19.954 343.753 -25.24 324.539 -42.565 314.691 
151.729 350.569 168.955 360.588 188.22 355.492 170.994 345.473 
314.47 239.042 333.683 233.754 343.53 216.428 324.317 221.716 
350.357 44.7 360.421 27.5 355.376 8.222 345.312 25.422 
221.553 -127.679 238.955 -117.969 233.516 -137.14 216.114 -146.85 
8.174 -158.719 25.465 -148.813 44.697 -154.036 27.405 -163.942 
-147.336 -19.732 -128.095 -24.919 -118.158 -42.192 -137.398 -37.005 
-158.993 188.475 -149.024 171.22 -154.175 151.97 -164.145 169.224 
-42.761 314.601 -61.981 319.866 -56.716 339.085 -37.496 333.82 
151.642 350.476 141.454 367.601 158.579 377.79 168.768 360.664 
333.626 233.979 314.377 239.136 319.534 258.385 338.783 253.228 
360.451 27.737 350.292 44.881 367.436 55.04 377.595 37.896 
252.919 -142.395 233.724 -137.041 239.078 -117.846 258.273 -123.2 
37.578 -181.265 27.614 -164.007 44.872 -154.043 54.836 -171.301 
-123.184 -61.602 -142.439 -56.467 -137.304 -37.213 -118.049 -42.348 
-171.372 141.779 -181.38 159.011 -164.147 169.019 -154.14 151.787 
-173.025 202.686 -153.097 202.739 -138.968 188.687 -158.896 188.633 
-19.992 363.804 -5.733 349.884 -5.492 329.959 -19.751 343.878 
202.357 369.638 202.543 349.711 188.586 335.488 188.399 355.415 
343.647 216.258 363.572 216.604 349.729 202.271 329.803 201.925 
335.343 8.115 355.27 8.021 369.295 -6.136 349.367 -6.042 
201.47 -133.272 215.932 -146.981 216.465 -166.902 202.002 -153.193 
7.761 -138.696 7.968 -158.622 -5.975 -172.858 -6.182 -152.932 
-153.341 -5.472 -133.414 -5.403 -147.456 -19.542 -167.384 -19.611 
-154.903 118.747 -174.581 121.891 -171.437 141.569 -151.759 138.425 
-174.569 121.672 -175.574 101.769 -195.476 102.774 -194.471 122.677 
-65.936 291.78 -78.007 307.635 -62.153 319.707 -50.081 303.852 
-78.196 307.508 -93.008 294.176 -106.339 308.988 -91.527 322.318 
137.513 348.09 117.942 351.846 121.698 371.416 141.269 367.66 
122.344 391.322 121.496 371.412 101.586 372.26 102.434 392.17 
303.581 246.367 291.413 262.149 307.196 274.317 319.362 258.535 
322.329 287.327 307.085 274.493 294.25 289.736 309.494 302.57 
367.507 55.27 347.957 59.136 351.823 78.684 371.373 74.819 
391.423 94.854 391.301 74.926 371.375 75.049 371.497 94.976 
258.434 -123.048 246.312 -107.231 262.129 -95.11 274.251 -110.927 
302.52 -112.946 287.397 -125.923 274.42 -110.799 289.543 -97.823 
74.74 -174.414 55.049 -171.357 58.107 -151.665 77.798 -154.722 
94.85 -175.509 93.786 -195.407 73.888 -194.344 74.952 -174.445 
-111.349 -77.921 -123.035 -61.78 -106.893 -50.094 -95.207 -66.235 
-97.853 -92.907 -112.639 -106.267 -125.999 -91.481 -111.213 -78.121 
-164.449 29.867 -151.65 14.593 -153.4 -5.258 -166.199 10.016 
-164.543 30.072 -175.962 46.404 -172.488 66.026 -161.069 49.694 
-194.668 83.674 -174.883 86.051 -172.505 66.266 -192.291 63.889 
-174.943 86.298 -193.657 93.146 -175.583 101.537 -156.868 94.69 
-135.9 235.526 -137.713 215.68 -153.028 202.93 -151.214 222.776 
-135.777 235.703 -132.32 255.329 -115.998 266.762 -119.455 247.137 
-131.836 278.894 -119.891 294.845 -103.939 282.9 -115.884 266.948 
-85.255 275.695 -103.774 283.056 -111.663 301.355 -93.144 293.994 
9.809 362.709 29.656 360.911 14.351 348.149 -5.496 349.946 
29.886 361.01 46.216 372.43 65.839 368.958 49.509 357.538 
64.149 388.811 83.982 390.754 85.924 370.921 66.091 368.979 
95.347 353.299 86.164 370.985 92.176 389.984 101.36 372.299 
202.722 349.598 222.562 347.725 235.266 332.371 215.426 334.245 
246.889 315.919 235.453 332.238 255.079 328.785 266.516 312.466 
266.697 312.318 279.024 327.976 294.681 315.65 282.354 299.992 
276.295 280.913 282.536 299.838 300.33 308.807 294.089 289.883 
349.774 202.071 362.429 186.677 360.494 166.845 347.838 182.238 
368.82 130.751 357.253 146.978 360.548 166.631 372.115 150.404 
368.851 130.523 388.705 132.227 390.409 112.373 370.555 110.669 
371.521 95.212 352.675 101.688 370.58 110.435 389.427 103.959 
349.299 -6.257 347.574 -26.109 332.315 -38.927 334.041 -19.075 
312.195 -70.038 315.784 -50.437 332.182 -39.115 328.593 -58.717 
299.693 -85.854 312.067 -70.235 327.686 -82.609 315.312 -98.228 
308.667 -103.744 289.689 -97.666 280.567 -79.949 299.545 -86.027 
181.937 -151.459 201.785 -153.234 186.496 -166.014 166.647 -164.239 
130.501 -172.281 146.834 -160.863 166.456 -164.338 150.123 -175.756 
110.493 -174.469 130.298 -172.261 132.506 -192.066 112.701 -194.274 
103.924 -193.381 95.064 -175.532 101.42 -156.645 110.28 -174.495 
-39.049 -135.833 -19.197 -137.576 -6.393 -152.845 -26.244 -151.103 
-58.843 -132.201 -70.245 -115.859 -50.626 -119.352 -39.224 -135.696 
-98.433 -119.161 -86.151 -103.469 -70.458 -115.752 -82.74 -131.444 
-104.313 -111.843 -97.651 -93.062 -79.66 -84.492 -86.322 -103.274 
