-37.317 333.901 -20.045 343.841 -25.23 324.599 -42.502 314.66 
151.702 350.575 168.917 360.612 188.188 355.537 170.972 345.499 
314.322 238.782 333.589 233.695 343.616 216.473 324.349 221.56 
350.338 44.781 360.378 27.567 355.305 8.296 345.265 25.51 
221.412 -127.902 238.668 -117.935 233.514 -137.184 216.257 -147.151 
8.08 -158.818 25.337 -148.854 44.586 -154.011 27.328 -163.975 
-147.386 -19.853 -128.143 -25.031 -118.198 -42.299 -137.441 -37.121 
-159.011 188.435 -149.05 171.176 -154.211 151.928 -164.171 169.187 
-42.582 314.547 -61.855 319.614 -56.788 338.886 -37.515 333.819 
151.419 350.676 141.46 367.936 158.719 377.896 168.679 360.636 
333.486 233.897 314.237 239.056 319.396 258.305 338.645 253.146 
360.407 27.79 350.458 45.056 367.724 55.005 377.673 37.739 
252.978 -142.19 233.718 -137.071 238.837 -117.812 258.096 -122.931 
37.568 -181.243 27.554 -164.014 44.783 -154.001 54.797 -171.23 
-123.094 -61.651 -142.369 -56.594 -137.312 -37.319 -118.037 -42.377 
-171.423 141.696 -181.436 158.925 -164.207 168.938 -154.194 151.709 
-173.018 202.715 -153.09 202.743 -138.98 188.672 -158.908 188.644 
-19.896 363.879 -5.788 349.806 -5.762 329.879 -19.87 343.952 
202.457 369.529 202.483 349.601 188.412 335.491 188.385 355.419 
343.741 216.282 363.668 216.315 349.602 202.201 329.673 202.168 
335.282 8.066 355.21 8.096 369.322 -5.974 349.394 -6.004 
201.96 -133.206 216.07 -147.277 216.098 -167.205 201.988 -153.134 
7.851 -138.801 7.878 -158.727 -6.195 -172.837 -6.221 -152.91 
-153.316 -5.552 -133.388 -5.52 -147.456 -19.634 -167.384 -19.665 
-155.006 118.613 -174.68 121.786 -171.507 141.46 -151.833 138.287 
-174.656 121.56 -175.675 101.658 -195.577 102.677 -194.557 122.579 
-66.503 291.648 -78.17 307.802 -62.017 319.471 -50.349 303.317 
-78.344 307.691 -93.13 294.332 -106.49 309.118 -91.704 322.476 
138.06 348.328 118.385 351.495 121.553 371.169 141.227 368.002 
122.333 391.059 121.318 371.156 101.416 372.171 102.431 392.073 
303.094 246.806 291.421 262.956 307.571 274.63 319.244 258.479 
322.211 288.172 307.427 274.81 294.064 289.593 308.848 302.955 
367.784 55.217 348.109 58.391 351.283 78.063 370.957 74.89 
391.835 94.009 390.841 74.106 370.939 75.099 371.932 95.003 
258.265 -122.772 246.603 -106.613 262.762 -94.951 274.424 -111.109 
302.749 -112.405 287.96 -125.762 274.603 -110.974 289.391 -97.618 
74.695 -174.456 55.021 -171.295 58.182 -151.619 77.857 -154.781 
94.815 -175.457 93.802 -195.358 73.901 -194.346 74.913 -174.445 
-111.308 -78.016 -122.994 -61.874 -106.853 -50.188 -95.166 -66.329 
-97.8 -92.977 -112.591 -106.331 -125.945 -91.54 -111.154 -78.186 
-164.459 29.794 -151.655 14.524 -153.399 -5.328 -166.203 9.942 
-164.523 30.03 -175.936 46.365 -172.456 65.987 -161.042 49.651 
-194.697 83.573 -174.918 85.999 -172.492 66.219 -192.271 63.793 
-174.97 86.214 -193.732 92.929 -175.717 101.447 -156.955 94.731 
-135.996 235.611 -137.739 215.759 -153.009 202.955 -151.265 222.807 
-135.866 235.794 -132.38 255.415 -116.041 266.824 -119.528 247.204 
-131.628 279.278 -119.361 294.984 -103.656 282.718 -115.922 267.012 
-84.745 276.153 -103.506 282.872 -112.021 300.889 -93.26 294.17 
9.692 362.661 29.543 360.915 14.271 348.113 -5.58 349.859 
29.744 360.997 46.081 372.406 65.702 368.921 49.364 357.512 
63.496 388.735 83.275 391.165 85.705 371.386 65.926 368.956 
94.458 353.417 85.944 371.434 92.664 390.195 101.178 372.177 
202.692 349.521 222.543 347.775 235.346 332.504 215.494 334.25 
246.931 316.029 235.52 332.366 255.141 328.882 266.551 312.545 
266.736 312.421 279.005 328.124 294.707 315.855 282.438 300.152 
275.878 281.238 282.603 299.996 300.622 308.505 293.897 289.747 
349.664 201.976 362.467 186.705 360.722 166.855 347.919 182.125 
368.727 130.683 357.318 147.023 360.805 166.643 372.213 150.304 
368.74 130.46 388.52 132.887 390.946 113.107 371.167 110.681 
371.959 95.219 353.198 101.939 371.216 110.453 389.977 103.733 
349.324 -6.221 347.571 -26.071 332.295 -38.868 334.048 -19.018 
312.32 -70.079 315.818 -50.461 332.162 -39.061 328.665 -58.68 
299.933 -85.977 312.211 -70.282 327.906 -82.56 315.627 -98.255 
308.284 -104.158 289.524 -97.437 281.012 -79.419 299.772 -86.14 
181.919 -151.45 201.769 -153.201 186.495 -165.999 166.644 -164.248 
130.465 -172.25 146.809 -160.849 166.428 -164.343 150.083 -175.745 
110.459 -174.693 130.238 -172.264 132.668 -192.043 112.889 -194.472 
103.533 -193.511 95.017 -175.494 101.736 -156.734 110.251 -174.751 
-39.077 -135.807 -19.227 -137.563 -6.433 -152.84 -26.282 -151.085 
-58.889 -132.199 -70.302 -115.864 -50.681 -119.344 -39.268 -135.68 
-98.463 -119.229 -86.214 -103.511 -70.496 -115.761 -82.745 -131.479 
-104.367 -111.891 -97.659 -93.126 -79.646 -84.601 -86.355 -103.366 
