-18.246 275.107 -2.353 287.129 -5.091 267.391 -20.984 255.369 
121.366 293.699 137.022 306.029 156.81 303.677 141.154 291.347 
249.791 223.649 269.646 221.949 282.484 206.707 262.629 208.407 
294.915 84.227 308.369 69.526 307.488 49.618 294.034 64.319 
214.912 -64.011 229.088 -50.005 228.968 -69.932 214.793 -83.939 
46.993 -112.239 61.235 -98.301 81.162 -98.516 66.919 -112.454 
-90.65 -5.943 -70.769 -7.309 -57.678 -22.333 -77.559 -20.966 
-106.958 161.885 -94.718 146.16 -97.183 126.385 -109.422 142.11 
-22.461 255.621 -41.941 259.823 -37.74 279.302 -18.26 275.1 
120.806 294.429 109.205 310.631 125.405 322.233 137.008 306.032 
269.638 221.962 249.905 224.745 252.688 244.478 272.421 241.695 
308.372 69.538 296.145 85.274 311.88 97.501 324.107 81.765 
248.785 -72.097 228.976 -69.924 231.149 -50.115 250.958 -52.288 
78.753 -128.496 66.928 -112.456 82.968 -100.631 94.793 -116.671 
-63.983 -45.674 -83.118 -40.109 -77.554 -20.975 -58.418 -26.54 
-117.756 115.176 -127.052 132.802 -109.426 142.099 -100.13 124.472 
-124.593 171.174 -105.561 177.084 -87.925 167.807 -106.956 161.896 
-9.754 305.635 8.566 297.795 15.977 279.298 -2.343 287.138 
163.662 322.394 172.062 304.323 165.225 285.606 156.825 303.677 
282.494 206.697 300.25 215.744 294.093 196.792 276.336 187.744 
289.797 40.434 307.489 49.606 326.484 43.582 308.792 34.41 
196.122 -76.956 214.784 -83.945 223.039 -102.083 204.377 -95.095 
41.039 -93.218 46.984 -112.238 37.738 -129.891 31.793 -110.871 
-100.005 6.115 -80.784 11.377 -90.654 -5.934 -109.875 -11.197 
-107.006 89.117 -125.408 96.766 -117.759 115.167 -99.357 107.519 
-125.407 96.762 -144.075 103.736 -137.101 122.404 -118.433 115.43 
-57.278 236.168 -61.438 255.656 -41.951 259.818 -37.79 240.329 
-61.439 255.656 -65.664 275.13 -46.19 279.356 -41.965 259.882 
97.073 294.817 81.256 306.94 93.378 322.756 109.195 310.633 
109.217 310.665 93.376 322.756 105.467 338.597 121.308 326.506 
232.906 242.039 230.458 261.816 250.235 264.264 252.682 244.487 
252.82 244.507 250.233 264.265 269.991 266.854 272.579 247.096 
311.882 97.51 295.838 109.333 307.66 125.374 323.703 113.552 
329.044 85.888 312.537 97.052 323.701 113.558 340.208 102.394 
250.966 -52.286 247.662 -32.634 267.314 -29.329 270.618 -48.981 
259.63 -74.931 252.149 -56.461 270.619 -48.98 278.099 -67.45 
111.371 -127.742 94.8 -116.674 105.869 -100.102 122.44 -111.17 
110.083 -147.626 90.198 -146.333 91.491 -126.448 111.376 -127.741 
-56.902 -64.309 -63.981 -45.681 -45.353 -38.603 -38.274 -57.231 
-71.064 -78.329 -85.081 -64.165 -70.917 -50.147 -56.9 -64.311 
-120.155 36.944 -103.699 25.705 -100.01 6.122 -116.466 17.36 
-120.159 36.952 -134.958 50.298 -135.985 70.199 -121.186 56.853 
-162.222 80.503 -143.957 88.472 -135.988 70.207 -154.253 62.238 
-143.958 88.479 -162.427 95.962 -144.077 103.73 -125.607 96.247 
-96.566 212.801 -93.668 193.085 -105.56 177.094 -108.458 196.811 
-96.565 212.81 -97.6 232.71 -84.26 247.515 -83.225 227.614 
-103.267 253.499 -97.292 272.51 -78.281 266.534 -84.256 247.523 
-61.612 255.615 -78.277 266.542 -82.333 286.053 -65.669 275.125 
20.683 313.63 40.437 316.262 28.33 300.433 8.576 297.802 
40.447 316.268 53.473 331.349 73.347 332.802 60.322 317.722 
63.583 350.172 80.949 359.948 90.724 342.583 73.359 332.807 
93.28 322.821 90.737 342.586 102.914 358.36 105.458 338.596 
172.077 304.32 191.772 307.354 207.844 295.573 188.149 292.539 
223.228 282.885 207.859 295.571 227.696 297.468 243.065 284.782 
243.078 284.773 247.711 304.155 267.092 299.522 262.459 280.14 
250.206 264.431 262.473 280.135 282.251 282.567 269.984 266.862 
294.101 196.78 310.47 185.415 314.009 165.805 297.64 177.17 
332.495 133.945 316.659 146.043 314.016 165.795 329.852 153.697 
332.499 133.933 349.125 144.92 360.111 128.294 343.485 117.308 
340.209 102.402 323.871 113.812 343.491 117.297 359.83 105.887 
308.793 34.399 312.668 14.852 301.586 -1.71 297.711 17.836 
293.575 -37.662 290.135 -18.034 301.581 -1.722 305.022 -21.351 
289.376 -57.155 293.573 -37.675 313.053 -41.872 308.856 -61.352 
296.149 -75.906 278.106 -67.447 271.329 -48.708 289.372 -57.166 
184.88 -99.253 204.37 -95.102 193.524 -111.819 174.033 -115.97 
143.079 -135.933 154.417 -119.545 174.022 -115.975 162.684 -132.363 
124.979 -144.297 143.07 -135.94 151.427 -154.031 133.336 -162.388 
121.55 -163.931 110.088 -147.629 113.51 -127.998 124.972 -144.3 
-4.495 -104.588 14.947 -100.215 31.786 -110.871 12.344 -115.243 
-24.282 -107.013 -39.984 -94.744 -20.206 -92.316 -4.503 -104.586 
-66.498 -104.317 -58.034 -86.277 -39.993 -94.742 -48.457 -112.782 
-74.134 -98.025 -71.063 -78.335 -54.97 -66.584 -58.04 -86.274 
