83.043 114.679 83.179 134.606 97.174 120.419 97.038 100.492 
98.69 100.737 98.831 120.665 113.021 134.656 112.88 114.728 
100.115 99.629 114.297 113.629 134.225 113.5 120.043 99.501 
100.482 97.988 120.409 97.835 134.391 83.635 114.464 83.789 
99.431 76.497 99.56 96.425 113.559 82.243 113.43 62.315 
83.607 61.904 83.695 81.832 97.847 95.861 97.76 75.933 
61.952 83.076 76.111 97.099 96.037 97.004 81.879 82.98 
61.879 113.418 81.805 113.294 95.808 99.115 75.882 99.24 
63.071 114.413 62.797 134.339 82.722 134.614 82.996 114.688 
84.518 134.593 98.45 148.84 112.699 134.91 98.767 120.661 
114.236 113.705 114.045 133.632 133.972 133.823 134.163 113.896 
120.371 97.908 134.325 112.135 148.552 98.182 134.599 83.955 
113.781 62.349 113.562 82.276 133.488 82.495 133.708 62.569 
83.857 61.72 97.788 75.97 112.038 62.04 98.108 47.79 
62.197 62.834 61.973 82.761 81.899 82.985 82.123 63.058 
47.663 98.804 61.56 113.086 75.842 99.189 61.945 84.907 
47.794 99.457 47.902 119.385 62.069 133.4 61.961 113.472 
63.308 134.71 77.473 148.725 97.4 148.62 83.235 134.604 
99.08 148.728 119.008 148.629 133.029 134.469 113.101 134.568 
134.244 113.378 134.324 133.306 148.359 119.159 148.279 99.231 
134.28 63.605 134.381 83.533 148.543 97.552 148.442 77.624 
99.208 48.266 113.384 62.272 133.312 62.151 119.136 48.145 
63.586 62.029 83.513 61.944 97.544 47.793 77.617 47.878 
47.825 77.43 47.916 97.358 61.942 83.202 61.851 63.274 
27.874 78.609 27.695 98.536 47.622 98.716 47.802 78.788 
27.698 98.634 27.628 118.562 47.555 118.633 47.626 98.705 
34.548 134.229 48.592 148.366 62.73 134.323 48.686 120.185 
48.548 148.414 62.58 162.564 76.73 148.533 62.698 134.383 
78.522 148.753 78.414 168.681 98.34 168.789 98.449 148.861 
98.444 148.84 98.404 168.768 118.332 168.809 118.372 148.881 
119.877 147.957 133.926 162.089 148.059 148.04 134.009 133.909 
133.95 133.776 147.989 147.918 162.132 133.88 148.093 119.738 
148.599 98.204 148.52 118.133 168.447 118.211 168.526 98.283 
148.601 78.253 148.544 98.181 168.471 98.237 168.528 78.309 
133.723 62.641 147.775 76.771 161.905 62.718 147.852 48.589 
119.725 48.43 133.764 62.573 147.907 48.534 133.868 34.392 
98.244 27.805 98.126 47.732 118.053 47.85 118.172 27.924 
78.29 27.752 78.164 47.679 98.091 47.804 98.216 27.878 
48.182 48.592 62.204 62.753 76.364 48.731 62.343 34.571 
34.018 62.679 48.013 76.866 62.199 62.871 48.205 48.685 
13.492 64.256 27.906 78.016 47.828 77.554 33.414 63.794 
13.557 64.232 13.441 84.159 27.45 98.332 27.566 78.404 
-0.627 98.642 13.582 112.614 27.554 98.405 13.345 84.433 
13.555 112.636 13.479 132.563 27.623 118.527 27.699 98.599 
14.2 134.101 34.125 133.785 47.99 119.472 28.065 119.789 
14.315 134.082 28.298 148.28 48.225 148.432 34.242 134.235 
28.365 148.476 28.436 168.404 48.364 168.333 48.293 148.405 
48.488 148.388 48.417 168.316 62.457 182.457 62.528 162.53 
63.587 162.965 63.813 182.892 77.743 168.642 77.517 148.715 
63.895 182.812 83.822 182.917 97.987 168.9 78.06 168.795 
84.061 182.991 98.204 197.03 112.243 182.887 98.1 168.848 
98.347 168.763 112.398 182.895 132.326 182.951 118.275 168.82 
119.082 148.56 119.265 168.487 133.485 182.448 133.302 162.52 
133.627 162.384 133.535 182.312 147.691 168.285 147.782 148.358 
147.792 148.317 147.855 168.245 167.781 168.183 167.719 148.255 
147.957 147.978 167.884 148.026 182.009 133.97 162.082 133.922 
148.355 118.991 162.562 132.964 182.489 132.798 168.281 118.825 
168.525 98.604 168.44 118.532 182.471 132.683 182.556 112.755 
168.525 98.528 182.672 112.563 196.706 98.415 182.559 84.381 
168.529 78.357 168.465 98.285 182.601 84.24 182.666 64.312 
148.348 77.527 168.274 77.319 182.217 63.081 162.291 63.29 
148.21 48.721 162.214 62.898 182.14 63.022 168.137 48.844 
148.063 28.739 148.144 48.666 168.071 48.585 167.99 28.658 
134.039 14.496 133.934 34.424 147.95 48.588 148.055 28.661 
118.81 28.217 119.098 48.142 132.984 33.85 132.696 13.924 
98.547 27.767 118.474 27.913 132.668 13.925 112.74 13.779 
84.313 13.766 98.533 27.727 112.494 13.507 98.274 -0.454 
64.325 13.571 78.322 27.755 98.249 27.887 84.252 13.703 
62.773 14.232 63.165 34.156 77.531 47.966 77.138 28.043 
48.563 28.232 48.387 48.158 62.602 34.193 62.778 14.265 
28.087 28.598 28.412 48.523 48.338 48.198 48.013 28.273 
14.133 62.51 34.061 62.639 48.243 48.64 28.315 48.511 
