-12.71 263.032 2.589 275.801 0.801 255.954 -14.498 243.184 
118.075 279.981 133.03 293.152 152.918 291.89 137.963 278.719 
238.072 215.661 257.989 214.998 271.604 200.447 251.687 201.109 
280.969 86.485 295.119 72.454 295.203 52.526 281.053 66.558 
208.022 -53.059 221.547 -38.423 222.333 -58.335 208.808 -72.971 
51.95 -101.145 65.54 -86.57 85.456 -85.874 71.865 -100.449 
-79.21 -2.072 -59.29 -2.629 -45.599 -17.108 -65.519 -16.551 
-95.692 156.893 -82.895 141.618 -84.647 121.768 -97.444 137.043 
-16.812 243.525 -36.315 247.615 -32.225 267.118 -12.722 263.028 
116.527 281.97 105.341 298.461 121.831 309.648 133.018 293.157 
257.983 215.009 238.368 218.527 241.886 238.142 261.501 234.624 
295.121 72.463 283.483 88.64 299.66 100.277 311.298 84.101 
242.115 -60.807 222.342 -58.331 224.818 -38.557 244.592 -41.034 
84.43 -115.923 71.873 -100.449 87.347 -87.892 99.904 -103.366 
-49.988 -40.074 -69.512 -36.079 -65.517 -16.556 -45.993 -20.552 
-104.454 109.736 -114.6 126.888 -97.448 137.034 -87.302 119.882 
-114.527 163.407 -96.609 172.129 -77.772 165.626 -95.69 156.904 
-7.453 293.017 11.82 287.956 21.871 270.749 2.597 275.81 
157.084 311.381 167.928 294.662 163.775 275.172 152.931 291.892 
271.615 200.44 287.887 211.944 284.517 192.305 268.244 180.8 
279.129 40.738 295.204 52.516 314.899 49.477 298.824 37.7 
189.204 -69.365 208.801 -72.978 220.103 -89.391 200.506 -85.778 
43.2 -83.237 51.941 -101.145 45.46 -119.989 36.718 -102.082 
-89.966 8.753 -71.529 16.319 -79.216 -2.067 -97.652 -9.632 
-99.731 81.945 -115.985 93.475 -104.456 109.729 -88.202 98.199 
-115.985 93.474 -132.262 104.972 -120.764 121.248 -104.487 109.75 
-56.241 227.671 -56.249 247.598 -36.322 247.608 -36.313 227.68 
-56.252 247.592 -56.265 267.52 -36.337 267.533 -36.325 247.606 
90.415 285.252 77.203 300.17 92.12 313.382 105.333 298.464 
105.331 298.464 92.119 313.382 107.038 326.594 120.25 311.676 
221.992 239.392 223.236 259.281 243.125 258.037 241.88 238.149 
241.889 238.15 243.124 258.039 263.012 256.806 261.778 236.917 
299.661 100.285 286.024 114.818 300.556 128.453 314.192 113.921 
313.587 85.749 299.802 100.14 314.192 113.924 327.977 99.534 
244.598 -41.03 244.936 -21.105 264.861 -21.443 264.523 -41.368 
247.128 -63.539 244.74 -43.755 264.524 -41.367 266.911 -61.151 
113.887 -117.57 99.908 -103.369 114.11 -89.389 128.089 -103.591 
106.415 -136.043 87.942 -128.571 95.415 -110.098 113.888 -117.57 
-47.208 -59.812 -49.986 -40.079 -30.253 -37.301 -27.475 -57.034 
-65.089 -68.604 -73.88 -50.721 -55.996 -41.93 -47.205 -59.813 
-110.618 39.248 -93.98 28.28 -89.971 8.759 -106.609 19.727 
-110.622 39.254 -124.961 53.094 -125.313 73.019 -110.975 59.179 
-152.677 79.779 -135.62 90.083 -125.316 73.026 -142.372 62.722 
-135.623 90.089 -151.901 101.584 -132.263 104.967 -115.984 93.472 
-88.354 208.026 -85.049 188.374 -96.608 172.142 -99.913 191.794 
-88.349 208.037 -88.524 227.964 -74.556 242.178 -74.383 222.252 
-94.036 246.373 -89.849 265.856 -70.366 261.67 -74.552 242.186 
-56.273 247.587 -70.363 261.679 -70.36 281.607 -56.271 267.514 
23.229 304.309 42.847 307.806 31.448 291.461 11.829 287.964 
42.856 307.809 56.874 321.973 76.801 322.076 62.784 307.913 
65.627 338.572 82.119 349.758 93.305 333.266 76.813 322.08 
92.113 313.378 93.317 333.269 108.234 346.484 107.03 326.592 
167.94 294.659 187.422 298.854 204.163 288.045 184.682 283.85 
218.416 274.102 204.174 288.042 224.101 288.255 238.342 274.316 
238.353 274.311 241.426 294.001 261.114 290.928 258.041 271.238 
243.117 258.041 258.051 271.234 277.94 270.003 263.006 256.811 
284.523 192.294 301.53 181.908 306.212 162.539 289.205 172.925 
321.733 129.137 307.06 142.62 306.218 162.53 320.892 149.046 
321.735 129.125 337.351 141.505 349.731 125.889 334.115 113.509 
327.978 99.541 314.2 113.939 334.123 113.5 347.901 99.103 
298.822 37.689 303.514 18.323 293.137 1.31 288.445 20.677 
282.131 -33.838 280.356 -13.99 293.135 1.3 294.91 -18.549 
280.229 -53.684 282.128 -33.848 301.964 -35.747 300.065 -55.583 
282.568 -73.483 266.918 -61.147 264.575 -41.358 280.225 -53.694 
181.066 -90.196 200.499 -85.784 189.878 -102.645 170.445 -107.057 
138.25 -124.948 150.639 -109.34 170.437 -107.064 158.047 -122.672 
121.677 -136.031 138.241 -124.951 149.321 -141.514 132.757 -152.594 
114.059 -154.45 106.419 -136.045 114.031 -117.629 121.671 -136.034 
0.414 -95.892 19.845 -91.469 36.711 -102.082 17.281 -106.504 
-19.446 -97.612 -34.701 -84.791 -14.848 -83.069 0.407 -95.89 
-59.726 -97.762 -53.704 -78.767 -34.708 -84.789 -40.73 -103.785 
-71.657 -87.424 -65.089 -68.609 -47.141 -59.95 -53.709 -78.765 
