-37.273 333.904 -20.044 343.919 -25.145 324.655 -42.374 314.64 
151.675 350.564 168.896 360.59 188.164 355.503 170.942 345.476 
314.405 238.873 333.66 233.737 343.643 216.49 324.389 221.626 
350.604 44.852 360.506 27.558 355.28 8.328 345.378 25.622 
221.476 -127.944 238.745 -118.0 233.566 -137.243 216.296 -147.187 
8.071 -158.807 25.342 -148.864 44.584 -154.046 27.314 -163.988 
-147.412 -19.749 -128.187 -24.996 -118.304 -42.3 -137.529 -37.052 
-159.004 188.475 -149.006 171.237 -154.126 151.979 -164.124 169.216 
-42.582 314.526 -61.835 319.67 -56.691 338.922 -37.439 333.778 
151.414 350.691 141.438 367.941 158.688 377.918 168.664 360.667 
333.525 233.927 314.268 239.054 319.395 258.311 338.652 253.184 
360.57 27.759 350.501 44.956 367.697 55.025 377.767 37.829 
253.041 -142.187 233.771 -137.108 238.849 -117.838 258.119 -122.917 
37.543 -181.285 27.521 -164.06 44.746 -154.039 54.767 -171.263 
-123.198 -61.587 -142.484 -56.568 -137.465 -37.283 -118.179 -42.303 
-171.504 141.773 -181.461 159.035 -164.199 168.991 -154.242 151.729 
-173.057 202.771 -153.129 202.806 -139.013 188.74 -158.941 188.705 
-19.868 363.897 -5.764 349.821 -5.744 329.894 -19.848 343.97 
202.451 369.558 202.489 349.63 188.426 335.512 188.388 355.44 
343.713 216.267 363.641 216.302 349.576 202.186 329.647 202.15 
335.282 8.096 355.21 8.135 369.328 -5.928 349.4 -5.967 
201.974 -133.191 216.071 -147.276 216.079 -167.204 201.982 -153.119 
7.815 -138.831 7.856 -158.758 -6.206 -172.877 -6.247 -152.95 
-153.37 -5.466 -133.443 -5.434 -147.51 -19.548 -167.438 -19.581 
-155.014 118.701 -174.688 121.869 -171.521 141.544 -151.846 138.376 
-174.72 121.642 -175.725 101.739 -195.628 102.744 -194.623 122.647 
-66.471 291.744 -78.161 307.882 -62.024 319.573 -50.333 303.435 
-78.31 307.735 -93.09 294.369 -106.457 309.148 -91.677 322.514 
137.99 348.316 118.321 351.519 121.525 371.187 141.193 367.984 
122.224 391.126 121.286 371.22 101.38 372.158 102.318 392.064 
303.172 246.798 291.451 262.915 307.568 274.635 319.287 258.519 
322.246 288.083 307.398 274.794 294.107 289.641 308.956 302.93 
367.74 55.233 348.073 58.455 351.295 78.119 370.961 74.898 
391.837 94.07 390.897 74.164 370.993 75.104 371.932 95.009 
258.343 -122.814 246.651 -106.677 262.789 -94.985 274.48 -111.123 
302.767 -112.39 287.966 -125.733 274.623 -110.931 289.425 -97.59 
74.656 -174.456 54.983 -171.288 58.151 -151.614 77.825 -154.782 
94.768 -175.474 93.781 -195.376 73.878 -194.389 74.866 -174.486 
-111.393 -77.94 -123.055 -61.781 -106.897 -50.119 -95.234 -66.277 
-97.873 -92.894 -112.658 -106.254 -126.018 -91.468 -111.233 -78.108 
-164.502 29.858 -151.71 14.579 -153.468 -5.271 -166.261 10.008 
-164.563 30.072 -175.957 46.422 -172.453 66.039 -161.059 49.689 
-194.727 83.616 -174.946 86.033 -172.53 66.252 -192.31 63.835 
-174.944 86.271 -193.705 92.987 -175.69 101.505 -156.928 94.788 
-135.989 235.647 -137.74 215.796 -153.016 202.998 -151.264 222.849 
-135.896 235.848 -132.405 255.468 -116.063 266.872 -119.555 247.253 
-131.623 279.305 -119.363 295.016 -103.652 282.756 -115.912 267.045 
-84.764 276.203 -103.518 282.943 -112.012 300.97 -93.259 294.23 
9.686 362.725 29.538 360.989 14.274 348.179 -5.578 349.914 
29.758 361.0 46.084 372.425 65.708 368.96 49.382 357.534 
63.495 388.797 83.275 391.222 85.7 371.443 65.921 369.017 
94.416 353.403 85.921 371.43 92.662 390.183 101.156 372.157 
202.679 349.505 222.53 347.758 235.332 332.486 215.48 334.233 
246.952 316.058 235.546 332.399 255.166 328.91 266.572 312.568 
266.731 312.402 278.968 328.13 294.696 315.893 282.458 300.165 
275.982 281.265 282.651 300.043 300.644 308.606 293.976 289.828 
349.69 201.976 362.49 186.703 360.742 166.853 347.941 182.126 
368.714 130.663 357.301 147.0 360.783 166.621 372.195 150.284 
368.787 130.45 388.571 132.837 390.959 113.053 371.174 110.666 
371.914 95.215 353.156 101.942 371.176 110.449 389.935 103.722 
349.294 -6.154 347.547 -26.004 332.275 -38.806 334.022 -18.955 
312.369 -70.044 315.85 -50.423 332.186 -39.011 328.704 -58.632 
299.938 -85.917 312.222 -70.227 327.913 -82.51 315.629 -98.201 
308.376 -104.133 289.605 -97.442 281.065 -79.438 299.835 -86.129 
181.91 -151.457 201.76 -153.197 186.494 -166.004 166.642 -164.264 
130.453 -172.246 146.791 -160.836 166.412 -164.321 150.074 -175.731 
110.44 -174.693 130.222 -172.284 132.63 -192.066 112.849 -194.474 
103.52 -193.474 94.981 -175.469 101.676 -156.7 110.214 -174.706 
-39.086 -135.817 -19.234 -137.553 -6.425 -152.818 -26.276 -151.082 
-58.926 -132.255 -70.339 -115.92 -50.718 -119.4 -39.305 -135.737 
-98.467 -119.163 -86.198 -103.462 -70.495 -115.732 -82.765 -131.434 
-104.411 -111.829 -97.699 -93.065 -79.685 -84.543 -86.397 -103.307 
