-37.369 333.853 -20.118 343.829 -25.262 324.576 -42.513 314.6 
151.644 350.583 168.86 360.619 188.13 355.542 170.914 345.506 
314.457 238.88 333.707 233.728 343.676 216.473 324.426 221.625 
350.556 44.784 360.474 27.499 355.265 8.264 345.347 25.549 
221.455 -127.939 238.758 -118.055 233.512 -137.28 216.209 -147.164 
8.039 -158.778 25.307 -148.832 44.55 -154.009 27.282 -163.956 
-147.404 -19.744 -128.171 -24.96 -118.26 -42.247 -137.493 -37.032 
-158.991 188.366 -149.049 171.096 -154.231 151.854 -164.173 169.124 
-42.663 314.454 -61.927 319.555 -56.826 338.818 -37.562 333.717 
151.396 350.724 141.391 367.957 158.623 377.963 168.629 360.73 
333.559 233.919 314.31 239.076 319.467 258.325 338.716 253.168 
360.59 27.692 350.49 44.87 367.669 54.97 377.769 37.792 
252.988 -142.265 233.713 -137.206 238.772 -117.931 258.048 -122.99 
37.511 -181.267 27.5 -164.036 44.731 -154.025 54.742 -171.256 
-123.146 -61.556 -142.426 -56.518 -137.389 -37.238 -118.108 -42.277 
-171.435 141.697 -181.466 158.917 -164.247 168.947 -154.216 151.728 
-173.063 202.623 -153.135 202.653 -139.023 188.583 -158.951 188.553 
-19.89 363.834 -5.806 349.737 -5.814 329.81 -19.898 343.907 
202.454 369.578 202.471 349.65 188.392 335.547 188.376 355.475 
343.732 216.243 363.659 216.305 349.613 202.17 329.685 202.108 
335.28 8.109 355.208 8.05 369.258 -6.082 349.33 -6.024 
201.849 -133.214 216.011 -147.233 216.113 -167.161 201.95 -153.142 
7.777 -138.801 7.821 -158.728 -6.239 -172.85 -6.283 -152.923 
-153.341 -5.448 -133.413 -5.413 -147.479 -19.529 -167.407 -19.564 
-154.94 118.646 -174.613 121.83 -171.429 141.502 -151.757 138.318 
-174.645 121.631 -175.659 101.729 -195.562 102.743 -194.548 122.645 
-66.617 291.623 -78.284 307.778 -62.131 319.446 -50.463 303.291 
-78.431 307.604 -93.168 294.19 -106.582 308.927 -91.845 322.34 
137.939 348.306 118.27 351.511 121.475 371.179 141.144 367.973 
122.202 391.138 121.263 371.233 101.357 372.171 102.296 392.077 
303.306 246.731 291.502 262.787 307.557 274.591 319.36 258.535 
322.313 287.984 307.41 274.756 294.181 289.658 309.084 302.886 
367.696 55.192 348.04 58.478 351.327 78.132 370.982 74.846 
391.79 94.073 390.89 74.165 370.983 75.065 371.883 94.973 
258.231 -122.889 246.571 -106.728 262.732 -95.069 274.391 -111.23 
302.676 -112.462 287.905 -125.839 274.528 -111.068 289.299 -97.692 
74.654 -174.436 54.979 -171.276 58.139 -151.6 77.814 -154.76 
94.783 -175.476 93.785 -195.378 73.883 -194.38 74.881 -174.478 
-111.374 -77.902 -123.029 -61.737 -106.865 -50.083 -95.21 -66.247 
-97.879 -92.862 -112.668 -106.218 -126.024 -91.429 -111.235 -78.073 
-164.451 29.888 -151.652 14.613 -153.403 -5.238 -166.202 10.037 
-164.497 30.105 -175.897 46.45 -172.4 66.069 -161.0 49.723 
-194.632 83.648 -174.852 86.068 -172.432 66.288 -192.212 63.868 
-174.879 86.286 -193.645 92.988 -175.636 101.519 -156.869 94.817 
-136.043 235.493 -137.78 215.641 -153.046 202.832 -151.308 222.685 
-135.956 235.692 -132.482 255.315 -116.151 266.734 -119.625 247.112 
-131.715 279.196 -119.43 294.887 -103.739 282.602 -116.025 266.911 
-84.885 276.012 -103.626 282.787 -112.088 300.829 -93.347 294.054 
9.656 362.647 29.509 360.922 14.251 348.104 -5.602 349.829 
29.727 360.961 46.047 372.395 65.673 368.939 49.353 357.505 
63.421 388.764 83.193 391.245 85.674 371.472 65.902 368.991 
94.35 353.417 85.907 371.468 92.702 390.202 101.144 372.151 
202.687 349.515 222.539 347.774 235.345 332.506 215.493 334.247 
246.949 316.029 235.561 332.383 255.177 328.872 266.565 312.518 
266.758 312.376 278.928 328.156 294.707 315.987 282.538 300.207 
276.029 281.283 282.719 300.053 300.722 308.596 294.032 289.826 
349.708 201.965 362.51 186.694 360.764 166.844 347.962 182.115 
368.709 130.664 357.3 147.003 360.787 166.623 372.195 150.284 
368.755 130.443 388.543 132.793 390.893 113.004 371.104 110.655 
371.869 95.196 353.109 101.919 371.128 110.43 389.887 103.707 
349.229 -6.23 347.469 -26.079 332.189 -38.87 333.949 -19.021 
312.272 -70.113 315.769 -50.495 332.114 -39.096 328.616 -58.714 
299.906 -86.066 312.124 -70.324 327.866 -82.542 315.648 -98.284 
308.213 -104.354 289.485 -97.544 281.059 -79.486 299.786 -86.296 
181.902 -151.469 201.752 -153.223 186.476 -166.019 166.625 -164.264 
130.455 -172.213 146.796 -160.807 166.415 -164.295 150.075 -175.702 
110.472 -174.677 130.255 -172.279 132.653 -192.062 112.87 -194.46 
103.55 -193.446 95.014 -175.439 101.71 -156.671 110.246 -174.677 
-39.129 -135.764 -19.278 -137.514 -6.48 -152.789 -26.33 -151.038 
-58.974 -132.184 -70.373 -115.84 -50.755 -119.335 -39.355 -135.68 
-98.517 -119.11 -86.245 -103.41 -70.544 -115.682 -82.816 -131.382 
-104.451 -111.786 -97.726 -93.027 -79.706 -84.519 -86.432 -103.277 
