-37.308 333.801 -20.043 343.753 -25.214 324.508 -42.479 314.555 
151.705 350.749 168.975 360.693 188.218 355.512 170.948 345.569 
314.333 238.891 333.6 233.801 343.624 216.578 324.357 221.668 
350.447 45.012 360.336 27.711 355.094 8.485 345.205 25.786 
221.408 -127.871 238.626 -117.838 233.545 -137.107 216.327 -147.14 
8.122 -158.741 25.4 -148.81 44.639 -154.005 27.361 -163.936 
-147.364 -19.777 -128.127 -24.976 -118.2 -42.255 -137.438 -37.055 
-158.972 188.46 -149.008 171.203 -154.166 151.954 -164.13 169.212 
-42.719 314.482 -61.957 319.678 -56.761 338.916 -37.523 333.719 
151.445 350.83 141.572 368.14 158.881 378.014 168.754 360.704 
333.443 233.974 314.2 239.154 319.38 258.397 338.623 253.217 
360.424 27.918 350.659 45.289 368.03 55.054 377.795 37.683 
253.037 -141.978 233.744 -136.985 238.737 -117.693 258.03 -122.686 
37.603 -181.256 27.608 -164.017 44.848 -154.022 54.843 -171.261 
-123.134 -61.607 -142.403 -56.522 -137.318 -37.255 -118.05 -42.34 
-171.408 141.761 -181.425 158.988 -164.198 169.005 -154.181 151.778 
-173.017 202.752 -153.089 202.76 -138.992 188.675 -158.92 188.667 
-19.896 363.808 -5.771 349.752 -5.722 329.825 -19.847 343.881 
202.532 369.448 202.455 349.52 188.31 335.484 188.388 355.412 
343.702 216.347 363.63 216.217 349.448 202.218 329.52 202.349 
335.121 7.885 355.045 8.265 369.402 -5.555 349.478 -5.934 
202.052 -133.116 216.126 -147.224 216.102 -167.152 202.028 -153.044 
7.747 -138.748 7.879 -158.674 -6.118 -172.859 -6.25 -152.932 
-153.318 -5.486 -133.39 -5.451 -147.456 -19.567 -167.384 -19.602 
-154.917 118.686 -174.59 121.865 -171.411 141.538 -151.738 138.359 
-174.634 121.647 -175.551 101.74 -195.457 102.657 -194.541 122.564 
-66.834 291.763 -78.364 308.015 -62.113 319.547 -50.582 303.294 
-78.498 307.876 -93.11 294.326 -106.66 308.939 -92.048 322.487 
138.821 348.431 119.054 350.962 121.585 370.727 141.351 368.196 
122.799 390.614 121.365 370.737 101.489 372.172 102.923 392.048 
303.011 247.066 291.48 263.319 307.733 274.849 319.263 258.596 
322.166 288.544 307.562 274.986 294.003 289.588 308.607 303.147 
368.042 55.266 348.263 57.706 350.703 77.483 370.481 75.043 
392.054 93.411 390.367 73.555 370.512 75.242 372.199 95.098 
258.235 -122.562 246.691 -106.319 262.935 -94.775 274.478 -111.019 
302.788 -112.399 287.956 -125.707 274.648 -110.875 289.48 -97.567 
74.771 -174.394 55.088 -171.284 58.199 -151.6 77.881 -154.71 
94.892 -175.543 93.788 -195.44 73.892 -194.336 74.996 -174.44 
-111.326 -77.931 -123.005 -61.785 -106.859 -50.106 -95.179 -66.252 
-97.837 -92.887 -112.639 -106.229 -125.981 -91.427 -111.179 -78.085 
-164.453 29.844 -151.653 14.571 -153.402 -5.28 -166.202 9.993 
-164.493 30.072 -175.911 46.404 -172.437 66.027 -161.018 49.695 
-194.743 83.573 -174.968 86.033 -172.508 66.257 -192.284 63.798 
-174.96 86.274 -193.629 93.243 -175.5 101.517 -156.831 94.547 
-135.947 235.591 -137.712 215.741 -152.996 202.954 -151.23 222.804 
-135.854 235.787 -132.374 255.409 -116.038 266.823 -119.519 247.202 
-131.386 279.535 -118.843 295.021 -103.357 282.478 -115.9 266.992 
-84.34 276.398 -103.255 282.673 -112.193 300.484 -93.278 294.209 
9.733 362.604 29.584 360.855 14.311 348.055 -5.54 349.804 
29.81 360.916 46.152 372.32 65.771 368.828 49.43 357.424 
63.122 388.58 82.837 391.479 85.736 371.763 66.02 368.864 
94.109 353.57 86.003 371.775 93.144 390.38 101.25 372.175 
202.649 349.471 222.503 347.755 235.328 332.503 215.474 334.219 
246.894 316.033 235.514 332.392 255.128 328.871 266.508 312.512 
266.703 312.396 278.877 328.173 294.654 315.999 282.479 300.222 
275.741 281.407 282.659 300.095 300.764 308.418 293.847 289.73 
349.564 202.01 362.37 186.742 360.629 166.891 347.823 182.159 
368.58 130.703 357.18 147.048 360.677 166.666 372.077 150.321 
368.629 130.481 388.345 133.381 391.245 113.666 371.529 110.766 
372.19 95.307 353.473 102.149 371.546 110.545 390.263 103.703 
349.346 -6.121 347.602 -25.971 332.331 -38.775 334.076 -18.924 
312.308 -69.955 315.857 -50.346 332.232 -38.99 328.683 -58.6 
300.149 -86.045 312.141 -70.13 328.056 -82.122 316.064 -98.036 
308.346 -104.324 289.65 -97.428 281.306 -79.332 300.002 -86.228 
181.982 -151.408 201.833 -153.138 186.574 -165.953 166.721 -164.224 
130.551 -172.187 146.889 -160.777 166.509 -164.261 150.171 -175.671 
110.564 -174.633 130.351 -172.27 132.715 -192.057 112.928 -194.42 
103.799 -193.433 95.114 -175.498 101.654 -156.675 110.339 -174.61 
-39.096 -135.763 -19.247 -137.53 -6.462 -152.815 -26.31 -151.048 
-58.939 -132.178 -70.337 -115.833 -50.72 -119.331 -39.321 -135.677 
-98.471 -119.119 -86.208 -103.412 -70.5 -115.676 -82.764 -131.383 
-104.428 -111.806 -97.694 -93.05 -79.67 -84.549 -86.404 -103.305 
