-13.733 265.057 1.672 277.698 -0.282 257.866 -15.688 245.225 
118.554 282.353 133.636 295.378 153.511 293.924 138.428 280.899 
240.033 217.109 259.943 216.265 273.425 201.59 253.515 202.434 
283.384 86.197 297.417 72.048 297.334 52.12 283.301 66.27 
209.316 -54.875 222.948 -40.339 223.587 -60.257 209.955 -74.792 
51.23 -103.104 64.924 -88.627 84.844 -88.072 71.15 -102.55 
-81.125 -2.839 -61.209 -3.519 -47.608 -18.082 -67.524 -17.402 
-97.643 157.681 -84.937 142.331 -86.806 122.491 -99.513 137.841 
-17.775 245.537 -37.291 249.569 -33.26 269.084 -13.744 265.052 
117.221 284.068 105.906 300.471 122.308 311.787 133.624 295.384 
259.935 216.275 240.287 219.607 243.62 239.255 263.267 235.922 
297.416 72.059 285.631 88.128 301.7 99.913 313.485 83.844 
243.383 -62.606 223.594 -60.252 225.948 -40.463 245.737 -42.817 
83.672 -118.062 71.159 -102.552 86.668 -90.04 99.181 -105.549 
-52.237 -41.086 -71.717 -36.886 -67.517 -17.407 -48.037 -21.606 
-106.678 110.575 -116.723 127.785 -99.513 137.831 -89.467 120.621 
-116.293 164.699 -98.146 172.935 -79.492 165.926 -97.638 157.691 
-7.931 295.159 11.209 289.613 20.822 272.158 1.682 277.704 
158.138 313.311 168.583 296.34 163.97 276.954 153.524 293.925 
273.435 201.582 289.98 212.689 286.136 193.137 269.59 182.029 
280.961 40.752 297.336 52.11 316.945 48.563 300.571 37.205 
190.469 -70.598 209.948 -74.8 220.751 -91.546 201.272 -87.344 
42.99 -84.958 51.221 -103.105 44.209 -121.758 35.978 -103.611 
-91.625 8.234 -73.019 15.37 -81.129 -2.832 -99.736 -9.968 
-100.919 82.978 -117.593 93.891 -106.68 110.565 -90.006 99.653 
-117.592 93.881 -134.307 104.731 -123.458 121.446 -106.742 110.597 
-56.545 228.977 -57.215 248.893 -37.3 249.565 -36.628 229.649 
-57.217 248.891 -57.89 268.807 -37.974 269.48 -37.302 249.565 
91.382 286.819 77.727 301.333 92.241 314.987 105.896 300.473 
105.89 300.471 92.235 314.986 106.75 328.641 120.404 314.126 
223.699 239.92 224.358 259.837 244.275 259.179 243.616 239.263 
243.623 239.264 244.275 259.18 264.191 258.529 263.539 238.613 
301.704 99.92 287.648 114.048 301.775 128.102 315.83 113.975 
316.127 85.797 301.888 99.739 315.83 113.977 330.069 100.034 
245.745 -42.814 245.5 -22.888 265.426 -22.643 265.671 -42.569 
249.179 -65.413 246.003 -45.74 265.676 -42.564 268.851 -62.236 
113.62 -119.293 99.188 -105.553 112.929 -91.12 127.361 -104.861 
107.057 -138.105 88.244 -131.536 94.813 -112.723 113.626 -119.292 
-48.715 -60.706 -52.235 -41.092 -32.621 -37.571 -29.101 -57.186 
-66.149 -70.358 -75.8 -52.923 -58.366 -43.272 -48.714 -60.706 
-112.181 38.792 -95.578 27.772 -91.63 8.239 -108.233 19.259 
-112.183 38.799 -126.628 52.527 -127.135 72.448 -112.69 58.72 
-154.353 79.772 -137.086 89.721 -127.137 72.455 -144.404 62.505 
-137.09 89.727 -153.8 100.582 -134.309 104.723 -117.597 93.868 
-89.718 208.789 -86.509 189.121 -98.148 172.946 -101.356 192.614 
-89.712 208.795 -90.087 228.719 -76.263 243.073 -75.889 223.149 
-95.679 247.545 -91.212 266.966 -71.791 262.499 -76.258 243.078 
-57.241 248.888 -71.788 262.507 -72.445 282.424 -57.897 268.805 
22.773 305.857 42.423 309.169 30.87 292.933 11.22 289.62 
42.435 309.174 56.249 323.535 76.173 323.922 62.359 309.561 
65.213 340.56 81.849 351.532 92.82 334.896 76.184 323.925 
92.229 314.983 92.833 334.901 107.345 348.559 106.74 328.64 
168.596 296.337 188.127 300.296 204.737 289.286 185.206 285.326 
219.22 275.584 204.748 289.284 224.668 289.83 239.14 276.13 
239.148 276.123 242.462 295.774 262.111 292.46 258.798 272.81 
244.269 259.18 258.809 272.807 278.726 272.162 264.186 258.535 
286.143 193.126 303.024 182.537 307.473 163.113 290.592 173.702 
323.584 129.987 308.675 143.21 307.482 163.102 322.392 149.879 
323.588 129.974 339.364 142.149 351.539 126.373 335.763 114.198 
330.068 100.042 315.843 113.998 335.769 114.188 349.995 100.232 
300.568 37.194 305.08 17.785 294.547 0.869 290.034 20.278 
284.134 -34.46 282.024 -14.645 294.544 0.859 296.654 -18.957 
281.876 -54.268 284.128 -34.469 303.927 -36.72 301.676 -56.52 
284.965 -73.965 268.858 -62.23 265.767 -42.545 281.873 -54.278 
181.812 -91.678 201.263 -87.349 190.571 -104.164 171.119 -108.493 
139.178 -126.835 151.347 -111.054 171.111 -108.5 158.941 -124.281 
122.307 -137.46 139.168 -126.838 149.79 -143.699 132.929 -154.321 
115.461 -156.181 107.063 -138.109 113.903 -119.393 122.301 -137.465 
-0.319 -97.373 19.118 -92.975 35.97 -103.609 16.534 -108.007 
-20.162 -99.277 -35.536 -86.599 -15.701 -84.692 -0.326 -97.371 
-60.905 -98.884 -54.369 -80.059 -35.543 -86.596 -42.079 -105.42 
-71.964 -89.423 -66.148 -70.363 -48.559 -60.997 -54.374 -80.058 
