-37.236 333.938 -19.975 343.896 -25.139 324.649 -42.4 314.691 
151.63 350.71 168.893 360.664 188.139 355.496 170.876 345.541 
314.323 238.76 333.603 233.721 343.672 216.524 324.392 221.564 
350.516 44.768 360.438 27.485 355.233 8.249 345.311 25.532 
221.511 -127.91 238.808 -118.013 233.575 -137.242 216.279 -147.138 
8.0 -158.793 25.277 -148.861 44.516 -154.054 27.24 -163.986 
-147.41 -19.776 -128.177 -24.994 -118.267 -42.282 -137.5 -37.065 
-158.981 188.417 -149.017 171.16 -154.174 151.911 -164.138 169.168 
-42.546 314.557 -61.807 319.669 -56.695 338.929 -37.434 333.817 
151.43 350.687 141.437 367.928 158.677 377.922 168.671 360.681 
333.459 233.911 314.197 239.021 319.307 258.283 338.569 253.173 
360.503 27.712 350.476 44.933 367.698 54.96 377.724 37.738 
252.998 -142.212 233.734 -137.112 238.834 -117.847 258.098 -122.948 
37.5 -181.267 27.466 -164.05 44.684 -154.016 54.718 -171.233 
-123.135 -61.597 -142.415 -56.555 -137.372 -37.276 -118.093 -42.319 
-171.434 141.716 -181.452 158.942 -164.226 168.96 -154.208 151.734 
-173.045 202.703 -153.117 202.741 -138.999 188.678 -158.927 188.639 
-19.752 363.891 -5.664 349.799 -5.666 329.872 -19.754 343.964 
202.366 369.525 202.442 349.597 188.405 335.453 188.33 355.381 
343.76 216.303 363.688 216.281 349.582 202.205 329.653 202.227 
335.233 7.964 355.161 8.027 369.296 -6.02 349.368 -6.083 
201.875 -133.212 216.075 -147.193 216.229 -167.12 202.029 -153.139 
7.74 -138.821 7.774 -158.748 -6.293 -172.863 -6.327 -152.936 
-153.358 -5.463 -133.43 -5.431 -147.498 -19.545 -167.426 -19.577 
-154.956 118.641 -174.626 121.835 -171.432 141.505 -151.761 138.311 
-174.675 121.64 -175.723 101.74 -195.623 102.788 -194.575 122.688 
-66.454 291.721 -78.145 307.858 -62.009 319.55 -50.317 303.413 
-78.309 307.711 -93.046 294.298 -106.46 309.035 -91.722 322.447 
137.936 348.336 118.282 351.627 121.573 371.281 141.228 367.989 
122.167 391.192 121.384 371.28 101.472 372.062 102.254 391.975 
302.962 246.901 291.379 263.117 307.594 274.7 319.176 258.484 
322.156 288.303 307.439 274.868 294.003 289.584 308.72 303.019 
367.723 55.188 348.069 58.489 351.371 78.14 371.023 74.84 
391.854 94.079 390.969 74.17 371.062 75.055 371.946 94.963 
258.287 -122.856 246.587 -106.725 262.718 -95.025 274.418 -111.156 
302.699 -112.463 287.895 -125.804 274.555 -111.0 289.359 -97.661 
74.628 -174.43 54.955 -171.255 58.13 -151.582 77.803 -154.756 
94.77 -175.445 93.781 -195.347 73.878 -194.357 74.868 -174.455 
-111.356 -77.952 -123.028 -61.8 -106.876 -50.128 -95.204 -66.28 
-97.865 -92.905 -112.664 -106.251 -126.01 -91.452 -111.211 -78.106 
-164.489 29.887 -151.695 14.609 -153.453 -5.242 -166.246 10.037 
-164.538 30.116 -175.933 46.465 -172.431 66.082 -161.035 49.734 
-194.682 83.671 -174.901 86.085 -172.487 66.304 -192.268 63.89 
-174.905 86.306 -193.683 92.974 -175.69 101.538 -156.911 94.869 
-135.994 235.605 -137.729 215.752 -152.994 202.942 -151.258 222.795 
-135.896 235.822 -132.429 255.446 -116.101 266.871 -119.569 247.248 
-131.591 279.369 -119.259 295.023 -103.605 282.692 -115.936 267.037 
-84.722 276.138 -103.475 282.878 -111.97 300.905 -93.216 294.165 
9.81 362.711 29.662 360.977 14.398 348.166 -5.454 349.9 
29.893 361.013 46.216 372.443 65.841 368.984 49.518 357.554 
63.831 388.845 83.634 391.071 85.859 371.268 66.056 369.042 
94.615 353.281 86.063 371.28 92.743 390.055 101.295 372.056 
202.665 349.541 222.518 347.808 235.33 332.545 215.477 334.278 
246.936 316.072 235.505 332.396 255.13 328.936 266.561 312.612 
266.754 312.496 279.051 328.178 294.732 315.882 282.435 300.2 
275.785 281.317 282.6 300.042 300.659 308.465 293.844 289.739 
349.709 201.992 362.51 186.72 360.763 166.869 347.962 182.142 
368.667 130.651 357.284 147.008 360.801 166.622 372.184 150.266 
368.757 130.428 388.544 132.794 390.909 113.007 371.123 110.641 
371.912 95.18 353.127 101.832 371.114 110.411 389.899 103.758 
349.263 -6.288 347.483 -26.136 332.189 -38.911 333.97 -19.064 
312.273 -70.149 315.756 -50.528 332.092 -39.117 328.61 -58.738 
299.937 -86.082 312.132 -70.322 327.891 -82.517 315.696 -98.277 
308.264 -104.325 289.53 -97.531 281.088 -79.481 299.821 -86.274 
181.98 -151.484 201.83 -153.244 186.55 -166.036 166.7 -164.276 
130.497 -172.2 146.844 -160.802 166.462 -164.301 150.116 -175.699 
110.491 -174.724 130.265 -172.25 132.738 -192.023 112.965 -194.497 
103.49 -193.473 95.013 -175.438 101.771 -156.692 110.248 -174.727 
-39.155 -135.777 -19.305 -137.541 -6.518 -152.824 -26.367 -151.06 
-58.987 -132.207 -70.387 -115.863 -50.769 -119.359 -39.369 -135.704 
-98.521 -119.139 -86.253 -103.436 -70.55 -115.705 -82.818 -131.408 
-104.46 -111.834 -97.737 -93.074 -79.719 -84.562 -86.441 -103.322 
