-37.305 333.924 -20.007 343.818 -25.242 324.59 -42.54 314.696 
151.707 350.784 168.992 360.701 188.227 355.491 170.942 345.574 
314.375 238.837 333.638 233.734 343.651 216.504 324.388 221.607 
350.318 44.743 360.338 27.517 355.243 8.252 345.223 25.478 
221.387 -127.931 238.654 -117.981 233.48 -137.226 216.214 -147.175 
8.064 -158.776 25.336 -148.835 44.577 -154.019 27.306 -163.959 
-147.308 -19.873 -128.05 -24.995 -118.054 -42.233 -137.312 -37.112 
-159.045 188.37 -149.092 171.106 -154.262 151.861 -164.215 169.124 
-42.565 314.554 -61.847 319.586 -56.816 338.867 -37.534 333.836 
151.596 350.697 141.54 367.9 158.743 377.957 168.8 360.754 
333.488 233.903 314.235 239.048 319.381 258.3 338.633 253.155 
360.454 27.741 350.475 44.99 367.724 54.969 377.703 37.72 
252.931 -142.186 233.666 -137.09 238.762 -117.824 258.027 -122.921 
37.539 -181.236 27.503 -164.021 44.718 -153.984 54.755 -171.2 
-123.105 -61.707 -142.36 -56.572 -137.225 -37.318 -117.97 -42.453 
-171.429 141.648 -181.478 158.856 -164.269 168.905 -154.221 151.697 
-173.073 202.638 -153.145 202.674 -139.029 188.608 -158.957 188.572 
-19.842 363.88 -5.727 349.815 -5.691 329.888 -19.806 343.954 
202.481 369.525 202.518 349.597 188.454 335.48 188.417 355.408 
343.727 216.299 363.655 216.321 349.58 202.215 329.651 202.193 
335.258 7.996 355.185 8.025 369.297 -6.046 349.369 -6.075 
201.891 -133.189 216.0 -147.262 216.025 -167.19 201.916 -153.117 
7.854 -138.763 7.886 -158.69 -6.182 -172.804 -6.214 -152.877 
-153.286 -5.612 -133.358 -5.579 -147.426 -19.693 -167.354 -19.726 
-154.975 118.595 -174.651 121.756 -171.49 141.432 -151.814 138.271 
-174.658 121.539 -175.664 101.637 -195.567 102.643 -194.561 122.546 
-66.515 291.595 -78.183 307.748 -62.03 319.418 -50.361 303.264 
-78.386 307.634 -93.173 294.274 -106.532 309.06 -91.746 322.419 
138.196 348.318 118.519 351.475 121.677 371.15 141.353 367.993 
122.468 391.026 121.448 371.124 101.546 372.143 102.566 392.045 
303.09 246.834 291.442 263.003 307.611 274.651 319.258 258.482 
322.217 288.177 307.455 274.792 294.069 289.553 308.831 302.938 
367.744 55.216 348.066 58.367 351.216 78.043 370.894 74.893 
391.883 93.992 390.851 74.09 370.951 75.122 371.982 95.023 
258.219 -122.808 246.547 -106.657 262.698 -94.984 274.37 -111.136 
302.673 -112.422 287.883 -125.777 274.528 -110.987 289.318 -97.633 
74.637 -174.393 54.964 -171.223 58.134 -151.549 77.807 -154.719 
94.739 -175.459 93.724 -195.36 73.823 -194.345 74.838 -174.444 
-111.274 -78.008 -122.961 -61.866 -106.82 -50.18 -95.133 -66.321 
-97.797 -92.958 -112.577 -106.324 -125.943 -91.544 -111.163 -78.178 
-164.415 29.725 -151.603 14.462 -153.335 -5.39 -166.148 9.873 
-164.511 29.955 -175.931 46.286 -172.458 65.909 -161.038 49.577 
-194.681 83.499 -174.903 85.936 -172.466 66.158 -192.244 63.721 
-174.945 86.177 -193.708 92.887 -175.696 101.411 -156.932 94.7 
-136.053 235.531 -137.792 215.679 -153.06 202.873 -151.32 222.724 
-135.931 235.709 -132.451 255.331 -116.116 266.745 -119.596 247.124 
-131.7 279.208 -119.426 294.907 -103.727 282.633 -116.001 266.934 
-84.798 276.087 -103.563 282.794 -112.089 300.806 -93.324 294.098 
9.771 362.683 29.622 360.93 14.347 348.133 -5.504 349.885 
29.841 361.021 46.185 372.422 65.803 368.928 49.46 357.526 
63.619 388.742 83.398 391.171 85.827 371.392 66.048 368.963 
94.57 353.422 86.073 371.448 92.811 390.202 101.307 372.176 
202.696 349.473 222.547 347.732 235.353 332.463 215.502 334.204 
246.952 316.002 235.541 332.339 255.162 328.855 266.573 312.518 
266.748 312.369 279.022 328.069 294.721 315.795 282.447 300.096 
275.898 281.202 282.627 299.958 300.647 308.464 293.918 289.707 
349.685 202.022 362.488 186.751 360.743 166.901 347.94 182.171 
368.707 130.719 357.299 147.059 360.787 166.679 372.195 150.34 
368.773 130.497 388.551 132.931 390.985 113.152 371.207 110.718 
371.962 95.253 353.193 101.951 371.2 110.486 389.969 103.789 
349.23 -6.258 347.49 -26.109 332.221 -38.915 333.962 -19.064 
312.296 -70.153 315.778 -50.532 332.114 -39.121 328.632 -58.742 
299.879 -86.021 312.14 -70.313 327.849 -82.574 315.588 -98.282 
308.243 -104.221 289.487 -97.489 280.985 -79.467 299.741 -86.198 
181.86 -151.458 201.709 -153.215 186.432 -166.009 166.581 -164.252 
130.394 -172.203 146.74 -160.804 166.358 -164.302 150.012 -175.701 
110.401 -174.688 130.182 -172.275 132.595 -192.056 112.814 -194.469 
103.459 -193.436 94.946 -175.418 101.665 -156.659 110.179 -174.676 
-39.06 -135.81 -19.208 -137.547 -6.399 -152.813 -26.251 -151.076 
-58.851 -132.209 -70.269 -115.877 -50.647 -119.351 -39.228 -135.683 
-98.437 -119.201 -86.174 -103.495 -70.466 -115.758 -82.729 -131.465 
-104.347 -111.856 -97.637 -93.092 -79.623 -84.569 -86.334 -103.333 
