-37.163 333.688 -20.016 343.842 -24.96 324.537 -42.107 314.383 
151.436 351.015 168.782 360.825 187.984 355.496 170.638 345.686 
314.182 239.006 333.439 233.88 343.431 216.638 324.174 221.764 
350.862 45.252 360.51 27.816 355.002 8.664 345.354 26.101 
221.347 -127.935 238.441 -117.693 233.596 -137.023 216.501 -147.265 
8.264 -158.838 25.53 -148.889 44.775 -154.062 27.509 -164.012 
-147.282 -19.886 -128.035 -25.05 -118.077 -42.31 -137.324 -37.147 
-159.025 188.318 -148.963 171.119 -154.009 151.841 -164.072 169.04 
-42.353 314.281 -61.65 319.255 -56.676 338.552 -37.379 333.578 
151.295 350.953 141.368 368.231 158.645 378.16 168.574 360.881 
333.38 234.089 314.108 239.158 319.177 258.431 338.45 253.361 
360.625 28.014 350.782 45.341 368.11 55.184 377.952 37.857 
253.109 -141.786 233.786 -136.911 238.662 -117.588 257.984 -122.464 
37.843 -181.232 27.731 -164.061 44.902 -153.948 55.015 -171.12 
-122.973 -61.673 -142.254 -56.637 -137.218 -37.357 -117.937 -42.393 
-171.19 141.532 -181.303 158.703 -164.132 168.816 -154.019 151.645 
-173.13 202.563 -153.203 202.657 -139.045 188.633 -158.973 188.539 
-19.686 363.885 -5.684 349.707 -5.807 329.781 -19.809 343.959 
202.4 369.385 202.22 349.458 188.004 335.494 188.184 355.421 
343.527 216.443 363.453 216.161 349.165 202.271 329.238 202.552 
335.004 8.138 354.929 8.456 369.244 -5.407 349.318 -5.726 
202.516 -132.986 216.312 -147.366 215.9 -167.29 202.104 -152.91 
8.07 -138.827 8.05 -158.754 -6.055 -172.831 -6.035 -152.904 
-153.252 -5.585 -133.324 -5.54 -147.384 -19.663 -167.312 -19.707 
-155.085 118.202 -174.706 121.684 -171.225 141.305 -151.603 137.824 
-174.711 121.474 -175.862 101.58 -195.757 102.731 -194.606 122.625 
-67.372 291.491 -78.423 308.072 -61.842 319.125 -50.79 302.543 
-78.584 307.926 -93.311 294.501 -106.736 309.228 -92.009 322.652 
139.305 348.448 119.463 350.302 121.317 370.142 141.159 368.288 
123.167 389.963 121.116 370.141 101.294 372.191 103.344 392.014 
303.047 246.727 291.158 262.72 307.15 274.609 319.038 258.617 
321.94 288.044 307.032 274.821 293.808 289.727 308.715 302.951 
368.128 55.412 348.29 57.318 350.197 77.154 370.033 75.248 
392.285 92.783 389.822 73.008 370.048 75.471 372.511 95.247 
258.162 -122.328 247.054 -105.783 263.599 -94.675 274.707 -111.22 
303.06 -111.296 288.86 -125.277 274.878 -111.078 289.078 -97.097 
74.9 -174.333 55.225 -171.175 58.384 -151.499 78.059 -154.657 
95.001 -175.513 93.816 -195.404 73.924 -194.22 75.109 -174.328 
-111.156 -77.997 -122.84 -61.854 -106.697 -50.17 -95.013 -66.314 
-97.738 -93.015 -112.572 -106.321 -125.878 -91.487 -111.044 -78.181 
-164.391 29.765 -151.587 14.495 -153.329 -5.356 -166.134 9.913 
-164.464 29.986 -175.824 46.359 -172.28 65.969 -160.92 49.596 
-194.395 83.673 -174.602 85.981 -172.293 66.187 -192.087 63.879 
-174.649 86.182 -193.615 92.293 -175.883 101.384 -156.915 95.272 
-136.029 235.496 -137.797 215.647 -153.083 202.862 -151.314 222.711 
-135.946 235.732 -132.44 255.348 -116.09 266.741 -119.596 247.125 
-131.312 279.562 -118.671 294.967 -103.266 282.325 -115.907 266.92 
-84.048 276.817 -103.135 282.543 -112.583 300.089 -93.495 294.363 
9.754 362.611 29.611 360.936 14.386 348.08 -5.472 349.755 
29.802 361.025 46.134 372.442 65.756 368.966 49.424 357.549 
62.753 388.631 82.421 391.842 85.632 372.175 65.964 368.964 
93.454 353.809 85.839 372.224 93.476 390.63 101.091 372.215 
202.412 349.369 222.28 347.829 235.24 332.691 215.372 334.231 
246.801 316.222 235.412 332.575 255.028 329.065 266.417 312.713 
266.611 312.616 278.341 328.726 294.45 316.996 282.72 300.887 
275.194 282.301 282.861 300.694 301.288 308.279 293.621 289.886 
349.217 202.038 362.235 186.95 360.77 167.077 347.753 182.165 
368.36 130.808 357.126 147.268 360.82 166.85 372.055 150.39 
368.382 130.587 388.053 133.774 391.24 114.103 371.569 110.916 
372.5 95.468 353.667 101.982 371.59 110.693 390.423 104.179 
349.285 -5.939 347.45 -25.781 332.122 -38.515 333.956 -18.673 
312.468 -69.935 315.762 -50.281 331.987 -38.713 328.694 -58.367 
300.152 -85.908 312.384 -70.177 328.115 -82.409 315.883 -98.14 
307.657 -104.471 289.22 -96.909 281.531 -78.525 299.967 -86.087 
182.04 -151.335 201.9 -152.972 186.7 -165.858 166.84 -164.221 
130.663 -172.148 147.029 -160.778 166.641 -164.311 150.275 -175.681 
110.654 -174.528 130.44 -172.154 132.813 -191.94 113.027 -194.313 
103.98 -193.433 95.215 -175.536 101.672 -156.685 110.437 -174.581 
-38.926 -135.862 -19.071 -137.576 -6.245 -152.826 -26.099 -151.113 
-58.733 -132.247 -70.149 -115.915 -50.528 -119.39 -39.111 -135.724 
-98.323 -119.245 -86.06 -103.538 -70.352 -115.801 -82.615 -131.508 
-104.195 -111.946 -97.558 -93.156 -79.578 -84.563 -86.215 -103.353 
