-37.306 333.868 -20.07 343.871 -25.185 324.611 -42.42 314.608 
151.725 350.55 168.946 360.578 188.214 355.492 170.993 345.464 
314.448 238.826 333.699 233.677 343.671 216.423 324.42 221.572 
350.403 44.765 360.376 27.512 355.229 8.26 345.256 25.513 
221.449 -127.86 238.687 -117.86 233.569 -137.119 216.332 -147.119 
8.061 -158.828 25.319 -148.863 44.567 -154.021 27.309 -163.985 
-147.369 -19.835 -128.142 -25.072 -118.25 -42.37 -137.477 -37.133 
-159.058 188.417 -149.125 171.142 -154.317 151.902 -164.25 169.177 
-42.636 314.496 -61.894 319.621 -56.77 338.877 -37.512 333.753 
151.445 350.687 141.496 367.953 158.76 377.903 168.711 360.638 
333.606 233.877 314.342 238.977 319.442 258.241 338.706 253.142 
360.473 27.744 350.478 44.984 367.718 54.979 377.713 37.739 
253.028 -142.131 233.767 -137.018 238.88 -117.757 258.141 -122.871 
37.554 -181.242 27.545 -164.01 44.777 -154.001 54.786 -171.233 
-123.154 -61.652 -142.434 -56.613 -137.396 -37.333 -118.115 -42.372 
-171.456 141.711 -181.505 158.92 -164.296 168.968 -154.248 151.76 
-173.09 202.669 -153.162 202.699 -139.049 188.63 -158.977 188.599 
-19.897 363.916 -5.789 349.843 -5.764 329.916 -19.872 343.989 
202.496 369.508 202.534 349.58 188.47 335.462 188.433 355.39 
343.781 216.241 363.709 216.247 349.624 202.151 329.695 202.145 
335.249 7.956 355.177 8.034 369.323 -6.002 349.395 -6.08 
202.032 -133.151 216.131 -147.235 216.141 -167.163 202.043 -153.079 
7.821 -138.79 7.86 -158.717 -6.203 -172.835 -6.242 -152.908 
-153.341 -5.559 -133.413 -5.523 -147.479 -19.639 -167.407 -19.676 
-154.993 118.654 -174.666 121.832 -171.489 141.505 -151.816 138.327 
-174.679 121.626 -175.69 101.723 -195.593 102.735 -194.581 122.637 
-66.536 291.643 -78.222 307.784 -62.083 319.471 -50.395 303.331 
-78.393 307.649 -93.182 294.292 -106.539 309.081 -91.75 322.437 
138.081 348.351 118.41 351.542 121.601 371.212 141.272 368.02 
122.307 391.117 121.375 371.211 101.468 372.144 102.401 392.05 
303.146 246.742 291.476 262.895 307.629 274.565 319.298 258.412 
322.321 288.083 307.511 274.749 294.177 289.558 308.986 302.891 
367.734 55.221 348.061 58.407 351.248 78.078 370.919 74.892 
391.857 94.032 390.869 74.128 370.966 75.117 371.954 95.02 
258.316 -122.736 246.642 -106.585 262.793 -94.911 274.467 -111.062 
302.787 -112.343 288.005 -125.708 274.64 -110.926 289.422 -97.562 
74.687 -174.47 55.011 -171.317 58.164 -151.64 77.84 -154.793 
94.81 -175.458 93.805 -195.36 73.904 -194.355 74.908 -174.453 
-111.36 -77.991 -123.028 -61.836 -106.874 -50.168 -95.206 -66.322 
-97.839 -92.935 -112.628 -106.292 -125.984 -91.503 -111.195 -78.146 
-164.456 29.812 -151.654 14.54 -153.401 -5.311 -166.203 9.961 
-164.556 30.056 -175.962 46.398 -172.472 66.017 -161.066 49.676 
-194.696 83.627 -174.916 86.048 -172.495 66.268 -192.275 63.847 
-174.972 86.278 -193.735 92.988 -175.723 101.512 -156.959 94.802 
-136.086 235.562 -137.826 215.711 -153.094 202.904 -151.353 222.756 
-135.934 235.735 -132.456 255.357 -116.121 266.772 -119.6 247.151 
-131.708 279.234 -119.444 294.941 -103.737 282.677 -116.001 266.97 
-84.804 276.112 -103.566 282.829 -112.083 300.845 -93.321 294.128 
9.706 362.712 29.557 360.964 14.284 348.163 -5.567 349.912 
29.773 361.064 46.107 372.479 65.729 369.001 49.395 357.586 
63.568 388.784 83.35 391.19 85.756 371.408 65.974 369.002 
94.466 353.441 85.996 371.479 92.762 390.224 101.232 372.186 
202.76 349.492 222.61 347.728 235.398 332.445 215.549 334.209 
246.997 315.961 235.593 332.303 255.212 328.812 266.617 312.47 
266.822 312.358 279.064 328.082 294.787 315.841 282.545 300.116 
275.986 281.181 282.701 299.942 300.716 308.461 294.0 289.699 
349.693 201.956 362.491 186.681 360.74 166.831 347.942 182.106 
368.704 130.672 357.302 147.016 360.795 166.635 372.198 150.291 
368.768 130.476 388.551 132.869 390.944 113.086 371.161 110.693 
371.918 95.241 353.15 101.939 371.157 110.474 389.926 103.776 
349.262 -6.231 347.522 -26.082 332.254 -38.889 333.995 -19.038 
312.376 -70.099 315.853 -50.478 332.186 -39.062 328.709 -58.684 
299.945 -85.921 312.235 -70.235 327.921 -82.526 315.63 -98.211 
308.365 -104.08 289.586 -97.411 281.025 -79.417 299.803 -86.086 
181.959 -151.404 201.81 -153.144 186.543 -165.951 166.692 -164.211 
130.507 -172.23 146.843 -160.817 166.464 -164.297 150.128 -175.711 
110.485 -174.691 130.263 -172.252 132.702 -192.03 112.924 -194.469 
103.541 -193.502 95.019 -175.489 101.731 -156.726 110.253 -174.74 
-39.101 -135.821 -19.25 -137.573 -6.454 -152.848 -26.304 -151.096 
-58.891 -132.203 -70.295 -115.862 -50.676 -119.352 -39.271 -135.694 
-98.457 -119.18 -86.184 -103.481 -70.484 -115.755 -82.757 -131.454 
-104.394 -111.847 -97.661 -93.09 -79.638 -84.588 -86.371 -103.345 
