-37.37 333.922 -20.085 343.84 -25.294 324.606 -42.578 314.687 
151.673 350.808 168.97 360.705 188.199 355.472 170.902 345.575 
314.464 238.921 333.707 233.742 343.651 216.472 324.409 221.652 
350.503 44.758 360.462 27.497 355.299 8.25 345.34 25.511 
221.351 -127.903 238.586 -117.899 233.473 -137.16 216.238 -147.164 
8.026 -158.845 25.305 -148.917 44.543 -154.115 27.264 -164.043 
-147.368 -19.836 -128.135 -25.052 -118.224 -42.339 -137.457 -37.123 
-159.057 188.327 -149.155 171.034 -154.38 151.804 -164.283 169.096 
-42.594 314.539 -61.877 319.57 -56.846 338.852 -37.563 333.821 
151.581 350.729 141.509 367.923 158.702 377.997 168.776 360.802 
333.6 233.96 314.334 239.054 319.428 258.32 338.694 253.226 
360.501 27.721 350.487 44.95 367.717 54.963 377.73 37.734 
252.938 -142.223 233.689 -137.065 238.847 -117.816 258.096 -122.974 
37.529 -181.288 27.488 -164.075 44.701 -154.034 54.742 -171.248 
-123.143 -61.633 -142.424 -56.597 -137.389 -37.317 -118.108 -42.353 
-171.485 141.628 -181.584 158.807 -164.405 168.906 -154.306 151.727 
-173.078 202.601 -153.15 202.636 -139.035 188.569 -158.963 188.535 
-19.921 363.853 -5.807 349.785 -5.774 329.858 -19.888 343.926 
202.463 369.503 202.491 349.575 188.421 335.464 188.393 355.392 
343.77 216.266 363.698 216.286 349.623 202.181 329.694 202.16 
335.274 8.019 355.202 8.038 369.306 -6.04 349.378 -6.059 
201.933 -133.226 216.046 -147.295 216.077 -167.223 201.964 -153.154 
7.799 -138.82 7.827 -158.747 -6.244 -172.858 -6.272 -152.931 
-153.31 -5.567 -133.382 -5.532 -147.448 -19.648 -167.376 -19.683 
-155.015 118.569 -174.689 121.736 -171.521 141.411 -151.847 138.243 
-174.68 121.523 -175.686 101.621 -195.588 102.626 -194.583 122.529 
-66.539 291.629 -78.211 307.78 -62.062 319.453 -50.388 303.303 
-78.396 307.681 -93.178 294.316 -106.542 309.099 -91.76 322.462 
138.126 348.297 118.451 351.466 121.62 371.139 141.295 367.97 
122.39 391.041 121.373 371.139 101.471 372.157 102.488 392.059 
303.106 246.834 291.442 262.992 307.6 274.655 319.262 258.498 
322.249 288.224 307.475 274.853 294.102 289.627 308.877 302.998 
367.786 55.181 348.11 58.349 351.28 78.023 370.954 74.854 
391.861 93.966 390.846 74.064 370.945 75.078 371.959 94.98 
258.249 -122.816 246.578 -106.664 262.731 -94.993 274.402 -111.145 
302.727 -112.444 287.947 -125.811 274.581 -111.03 289.361 -97.665 
74.625 -174.468 54.952 -171.3 58.119 -151.625 77.793 -154.793 
94.742 -175.466 93.734 -195.367 73.833 -194.36 74.84 -174.459 
-111.355 -77.954 -123.027 -61.802 -106.875 -50.13 -95.203 -66.283 
-97.872 -92.922 -112.663 -106.277 -126.018 -91.487 -111.227 -78.132 
-164.43 29.751 -151.619 14.487 -153.353 -5.366 -166.164 9.898 
-164.509 29.944 -175.925 46.279 -172.446 65.9 -161.031 49.566 
-194.664 83.481 -174.885 85.915 -172.452 66.136 -192.231 63.703 
-174.958 86.157 -193.718 92.875 -175.702 101.391 -156.941 94.672 
-136.063 235.527 -137.799 215.675 -153.064 202.865 -151.328 222.718 
-135.922 235.738 -132.447 255.36 -116.114 266.778 -119.59 247.156 
-131.718 279.268 -119.45 294.972 -103.746 282.704 -116.014 267.0 
-84.791 276.131 -103.554 282.843 -112.076 300.857 -93.312 294.145 
9.684 362.631 29.536 360.889 14.267 348.084 -5.585 349.826 
29.751 360.991 46.086 372.404 65.707 368.923 49.372 357.511 
63.522 388.699 83.3 391.131 85.733 371.352 65.954 368.92 
94.485 353.4 85.977 371.42 92.703 390.178 101.211 372.158 
202.687 349.497 222.538 347.747 235.337 332.473 215.486 334.223 
246.928 316.01 235.52 332.35 255.14 328.863 266.548 312.523 
266.753 312.431 279.03 328.128 294.726 315.851 282.449 300.154 
275.89 281.233 282.61 299.993 300.627 308.507 293.907 289.747 
349.702 201.964 362.492 186.682 360.73 166.833 347.94 182.115 
368.722 130.662 357.321 147.006 360.816 166.625 372.217 150.281 
368.75 130.439 388.53 132.862 390.953 113.083 371.173 110.659 
371.981 95.205 353.217 101.918 371.231 110.439 389.995 103.726 
349.287 -6.281 347.532 -26.13 332.255 -38.926 334.01 -19.076 
312.287 -70.142 315.784 -50.523 332.128 -39.124 328.632 -58.742 
299.893 -86.027 312.174 -70.333 327.867 -82.613 315.587 -98.307 
308.257 -104.2 289.493 -97.487 280.973 -79.473 299.736 -86.185 
181.893 -151.455 201.743 -153.211 186.466 -166.005 166.615 -164.249 
130.442 -172.251 146.783 -160.845 166.403 -164.335 150.062 -175.741 
110.43 -174.69 130.211 -172.272 132.628 -192.052 112.848 -194.47 
103.485 -193.499 94.967 -175.483 101.682 -156.722 110.2 -174.737 
-39.121 -135.842 -19.271 -137.595 -6.474 -152.87 -26.324 -151.118 
-58.911 -132.216 -70.321 -115.879 -50.701 -119.362 -39.291 -135.7 
-98.497 -119.199 -86.227 -103.497 -70.525 -115.768 -82.795 -131.469 
-104.411 -111.834 -97.691 -93.073 -79.674 -84.559 -86.393 -103.32 
