-37.235 333.931 -19.968 343.881 -25.142 324.637 -42.408 314.687 
151.659 350.547 168.877 360.579 188.146 355.498 170.928 345.466 
314.302 238.801 333.571 233.719 343.603 216.501 324.334 221.582 
350.369 44.829 360.378 27.597 355.271 8.334 345.262 25.566 
221.397 -127.854 238.633 -117.852 233.518 -137.112 216.282 -147.114 
8.077 -158.793 25.354 -148.861 44.593 -154.055 27.316 -163.987 
-147.338 -19.822 -128.092 -24.99 -118.138 -42.253 -137.384 -37.085 
-158.99 188.491 -149.055 171.217 -154.244 151.977 -164.179 169.251 
-42.516 314.56 -61.779 319.668 -56.671 338.93 -37.409 333.822 
151.398 350.636 141.441 367.897 158.701 377.856 168.659 360.595 
333.466 233.914 314.219 239.078 319.383 258.325 338.631 253.161 
360.406 27.84 350.433 45.093 367.687 55.065 377.659 37.812 
253.004 -142.159 233.745 -137.04 238.864 -117.781 258.123 -122.9 
37.522 -181.228 27.495 -164.006 44.717 -153.98 54.744 -171.201 
-123.103 -61.691 -142.368 -56.596 -137.273 -37.331 -118.008 -42.427 
-171.456 141.771 -181.471 158.999 -164.242 169.014 -154.228 151.785 
-173.005 202.787 -153.077 202.817 -138.964 188.747 -158.892 188.717 
-19.807 363.871 -5.691 349.806 -5.653 329.879 -19.77 343.944 
202.399 369.497 202.437 349.569 188.373 335.452 188.336 355.38 
343.704 216.316 363.632 216.335 349.556 202.23 329.627 202.211 
335.248 8.082 355.176 8.108 369.285 -5.965 349.357 -5.991 
201.962 -133.159 216.076 -147.226 216.109 -167.154 201.995 -153.087 
7.881 -138.803 7.914 -158.73 -6.154 -172.844 -6.187 -152.917 
-153.328 -5.53 -133.4 -5.489 -147.462 -19.609 -167.39 -19.65 
-154.995 118.685 -174.669 121.851 -171.504 141.526 -151.829 138.36 
-174.69 121.616 -175.685 101.713 -195.588 102.707 -194.594 122.61 
-66.42 291.735 -78.083 307.892 -61.927 319.556 -50.263 303.399 
-78.237 307.798 -93.024 294.44 -106.383 309.227 -91.595 322.585 
138.074 348.286 118.398 351.445 121.557 371.12 141.233 367.961 
122.347 391.03 121.35 371.127 101.447 372.124 102.444 392.027 
303.081 246.828 291.417 262.985 307.575 274.649 319.238 258.492 
322.235 288.183 307.455 274.818 294.089 289.597 308.869 302.962 
367.749 55.289 348.073 58.455 351.24 78.128 370.915 74.963 
391.822 94.042 390.79 74.14 370.89 75.172 371.922 95.073 
258.293 -122.742 246.613 -106.596 262.759 -94.916 274.439 -111.062 
302.779 -112.392 287.993 -125.753 274.633 -110.967 289.418 -97.608 
74.6 -174.433 54.928 -171.256 58.105 -151.583 77.777 -154.76 
94.716 -175.42 93.717 -195.322 73.815 -194.323 74.814 -174.421 
-111.26 -78.05 -122.941 -61.905 -106.796 -50.224 -95.115 -66.369 
-97.752 -93.032 -112.532 -106.399 -125.898 -91.619 -111.118 -78.252 
-164.451 29.82 -151.636 14.559 -153.366 -5.294 -166.181 9.967 
-164.539 30.043 -175.956 46.376 -172.479 65.998 -161.062 49.665 
-194.696 83.591 -174.916 86.014 -172.493 66.234 -192.272 63.811 
-174.954 86.25 -193.716 92.964 -175.702 101.484 -156.939 94.77 
-135.953 235.679 -137.718 215.829 -153.002 203.042 -151.236 222.891 
-135.812 235.861 -132.305 255.478 -115.953 266.869 -119.461 247.254 
-131.55 279.374 -119.27 295.069 -103.575 282.789 -115.855 267.094 
-84.622 276.24 -103.384 282.957 -111.901 300.973 -93.139 294.256 
9.773 362.694 29.625 360.949 14.354 348.146 -5.497 349.891 
29.843 360.983 46.182 372.39 65.802 368.903 49.463 357.496 
63.587 388.729 83.366 391.158 85.795 371.379 66.016 368.95 
94.521 353.366 86.007 371.383 92.727 390.144 101.241 372.127 
202.666 349.511 222.518 347.766 235.321 332.496 215.469 334.241 
246.913 316.009 235.504 332.348 255.125 328.862 266.534 312.523 
266.742 312.407 279.016 328.106 294.714 315.833 282.44 300.133 
275.904 281.201 282.61 299.965 300.621 308.492 293.914 289.728 
349.636 202.033 362.431 186.756 360.675 166.906 347.88 182.184 
368.656 130.739 357.255 147.083 360.75 166.702 372.151 150.357 
368.703 130.518 388.483 132.939 390.903 113.159 371.123 110.738 
371.929 95.286 353.166 101.998 371.179 110.52 389.943 103.808 
349.271 -6.217 347.526 -26.068 332.255 -38.87 334.0 -19.02 
312.315 -70.091 315.797 -50.47 332.133 -39.058 328.65 -58.679 
299.943 -85.987 312.209 -70.283 327.914 -82.549 315.648 -98.253 
308.305 -104.15 289.543 -97.435 281.026 -79.42 299.787 -86.135 
181.91 -151.403 201.761 -153.14 186.496 -165.949 166.644 -164.212 
130.449 -172.206 146.79 -160.799 166.41 -164.288 150.069 -175.694 
110.425 -174.649 130.205 -172.228 132.626 -192.008 112.846 -194.429 
103.462 -193.455 94.949 -175.437 101.67 -156.677 110.183 -174.695 
-39.011 -135.838 -19.159 -137.58 -6.355 -152.849 -26.205 -151.107 
-58.799 -132.259 -70.224 -115.933 -50.601 -119.398 -39.174 -135.725 
-98.385 -119.28 -86.117 -103.577 -70.413 -115.845 -82.681 -131.548 
-104.266 -111.938 -97.566 -93.17 -79.557 -84.637 -86.257 -103.404 
