-3.072 246.731 11.248 260.589 10.921 240.664 -3.399 226.806 
115.306 260.025 129.159 274.351 149.084 274.686 135.231 260.36 
222.458 202.847 242.37 203.65 257.017 190.138 237.106 189.335 
260.817 87.802 275.884 74.758 277.314 54.882 262.248 67.925 
195.916 -38.804 208.554 -23.397 210.512 -43.228 197.874 -58.636 
55.957 -84.063 68.679 -68.725 88.521 -66.876 75.798 -82.214 
-63.871 5.711 -43.949 6.195 -29.521 -7.55 -49.443 -8.033 
-79.071 151.635 -65.5 137.044 -66.221 117.129 -79.793 131.72 
-8.629 227.588 -27.769 233.137 -22.221 252.276 -3.081 246.727 
111.568 264.97 102.187 282.551 119.767 291.933 129.149 274.352 
242.362 203.659 223.265 209.354 228.96 228.451 248.057 222.756 
275.885 74.767 266.047 92.097 283.377 101.935 293.215 84.605 
229.972 -47.535 210.517 -43.222 214.831 -23.766 234.286 -28.08 
87.6 -98.274 75.804 -82.213 91.865 -70.417 103.661 -86.479 
-33.51 -31.285 -53.099 -27.627 -49.441 -8.038 -29.852 -11.697 
-86.999 104.468 -97.019 121.694 -79.793 131.713 -69.774 114.488 
-98.888 153.734 -83.395 166.268 -63.577 164.176 -79.07 151.642 
-2.039 275.441 17.857 274.343 31.151 259.499 11.254 260.596 
149.606 294.605 163.329 280.155 162.817 260.234 149.093 274.684 
257.025 190.129 270.898 204.434 271.204 184.509 257.33 170.203 
263.869 40.166 277.316 54.873 297.223 55.764 283.776 41.057 
177.968 -59.67 197.869 -58.64 212.669 -71.985 192.768 -73.014 
43.034 -68.891 55.951 -84.065 54.355 -103.929 41.438 -88.755 
-76.707 13.958 -60.339 25.325 -63.876 5.714 -80.244 -5.653 
-90.14 76.456 -102.575 92.029 -87.002 104.463 -74.568 88.89 
-102.574 92.025 -115.012 107.595 -99.443 120.033 -87.004 104.464 
-51.799 218.4 -47.154 237.778 -27.775 233.134 -32.42 213.755 
-47.157 237.775 -42.521 257.156 -23.14 252.52 -27.776 233.14 
84.814 272.778 75.038 290.143 92.403 299.919 102.179 282.554 
102.178 282.554 92.402 299.92 109.767 309.696 119.543 292.33 
209.746 233.755 215.043 252.965 234.254 247.669 228.957 228.459 
228.997 228.449 234.251 247.671 253.473 242.419 248.22 223.197 
283.379 101.942 273.099 119.015 290.171 129.293 300.451 112.221 
293.779 84.844 283.425 101.871 300.451 112.225 310.805 95.198 
234.294 -28.076 238.759 -8.655 258.18 -13.12 253.715 -32.541 
231.023 -49.245 234.016 -29.544 253.718 -32.537 250.724 -52.238 
114.205 -103.394 103.666 -86.482 120.579 -75.942 131.118 -92.854 
101.061 -118.365 86.088 -105.215 99.238 -90.243 114.21 -103.392 
-36.169 -51.041 -33.509 -31.292 -13.76 -33.951 -16.419 -53.701 
-55.959 -53.322 -58.242 -33.526 -38.445 -31.243 -36.162 -51.039 
-98.5 43.645 -81.458 33.315 -76.712 13.961 -93.753 24.29 
-98.501 43.65 -111.466 58.785 -109.931 78.653 -96.967 63.519 
-137.939 81.785 -122.373 94.227 -109.931 78.661 -125.497 66.219 
-122.378 94.234 -134.817 109.801 -115.013 107.59 -102.573 92.021 
-77.528 202.627 -72.933 183.236 -83.397 166.276 -87.99 185.667 
-77.526 202.633 -75.375 222.445 -59.845 234.933 -61.997 215.122 
-79.641 237.19 -77.391 256.991 -57.59 254.741 -59.84 234.94 
-47.159 237.769 -57.587 254.751 -52.953 274.132 -42.525 257.15 
27.476 291.806 46.617 297.353 37.005 279.897 17.865 274.349 
46.625 297.357 62.551 309.334 82.282 306.542 66.356 294.565 
69.725 322.01 85.192 334.576 97.758 319.109 82.291 306.544 
92.392 299.925 97.764 319.115 115.133 328.885 109.76 309.696 
163.338 280.158 182.156 286.719 200.1 278.052 181.283 271.492 
211.972 262.039 200.106 278.05 219.817 275.119 231.683 259.109 
231.69 259.103 233.235 278.971 253.102 277.426 251.557 257.558 
234.251 247.699 251.569 257.556 270.785 252.282 253.467 242.424 
271.212 184.504 289.353 176.257 296.348 157.598 278.207 165.846 
306.222 122.117 293.94 137.81 296.352 157.591 308.634 141.898 
306.224 122.107 320.807 135.688 334.388 121.105 319.805 107.524 
310.805 95.207 300.451 112.234 319.812 107.515 330.166 90.488 
283.779 41.049 290.412 22.259 281.815 4.281 275.182 23.071 
265.304 -28.638 266.743 -8.762 281.814 4.274 280.375 -15.602 
265.538 -48.571 265.302 -28.645 285.228 -28.41 285.464 -48.335 
262.548 -68.281 250.729 -52.236 253.718 -32.534 265.536 -48.579 
173.651 -78.658 192.764 -73.019 183.237 -90.521 164.124 -96.161 
129.717 -109.294 144.199 -95.604 164.118 -96.164 149.637 -109.854 
115.509 -123.274 129.711 -109.296 143.69 -123.499 129.487 -137.477 
102.359 -138.253 101.065 -118.368 114.211 -103.392 115.505 -123.277 
4.981 -83.556 24.285 -78.607 41.433 -88.756 22.13 -93.706 
-14.945 -83.099 -28.71 -68.69 -8.788 -69.145 4.977 -83.554 
-50.573 -86.478 -48.54 -66.655 -28.716 -68.688 -30.749 -88.511 
-68.34 -68.94 -55.958 -53.326 -36.162 -51.04 -48.544 -66.655 
