-37.189 333.961 -19.901 343.874 -25.116 324.64 -42.403 314.727 
151.769 350.327 168.947 360.429 188.236 355.425 171.058 345.323 
314.383 238.89 333.639 233.757 343.625 216.512 324.37 221.645 
350.164 44.733 360.354 27.607 355.449 8.292 345.26 25.418 
221.61 -127.701 239.043 -118.046 233.543 -137.199 216.11 -146.854 
8.028 -158.702 25.334 -148.822 44.558 -154.072 27.252 -163.953 
-147.343 -19.743 -128.1 -24.925 -118.158 -42.194 -137.4 -37.013 
-158.951 188.43 -148.981 171.177 -154.13 151.927 -164.101 169.18 
-42.589 314.593 -61.83 319.781 -56.642 339.02 -37.401 333.832 
151.534 350.424 141.441 367.605 158.622 377.7 168.716 360.518 
333.501 233.923 314.259 239.108 319.444 258.349 338.686 253.164 
360.446 27.833 350.245 44.951 367.363 55.153 377.565 38.034 
252.963 -142.414 233.762 -137.083 239.092 -117.881 258.294 -123.212 
37.464 -181.216 27.49 -163.964 44.741 -153.99 54.716 -171.242 
-123.2 -61.561 -142.457 -56.432 -137.328 -37.176 -118.071 -42.305 
-171.316 141.701 -181.381 158.9 -164.182 168.965 -154.117 151.766 
-173.062 202.676 -153.134 202.764 -138.981 188.736 -158.908 188.648 
-19.83 363.889 -5.638 349.9 -5.494 329.973 -19.686 343.962 
202.422 369.594 202.612 349.666 188.657 335.442 188.467 355.369 
343.691 216.299 363.617 216.594 349.737 202.296 329.81 202.001 
335.471 8.312 355.397 8.059 369.308 -6.21 349.382 -5.957 
201.424 -133.237 215.892 -146.941 216.431 -166.862 201.964 -153.158 
7.671 -138.663 7.824 -158.59 -6.158 -172.789 -6.312 -152.862 
-153.292 -5.507 -133.364 -5.432 -147.401 -19.576 -167.329 -19.652 
-154.867 118.587 -174.536 121.794 -171.329 141.462 -151.661 138.256 
-174.587 121.568 -175.655 101.668 -195.554 102.737 -194.486 122.636 
-65.796 291.713 -77.886 307.553 -62.046 319.644 -49.955 303.803 
-78.063 307.39 -93.022 294.223 -106.188 309.182 -91.229 322.347 
137.19 348.094 117.671 352.112 121.689 371.63 141.208 367.612 
121.988 391.596 121.48 371.674 101.559 372.182 102.067 392.104 
303.305 246.672 291.464 262.701 307.492 274.542 319.332 258.513 
322.366 287.78 307.354 274.676 294.249 289.687 309.26 302.791 
367.376 55.386 347.864 59.442 351.921 78.952 371.432 74.895 
391.412 95.024 391.398 75.096 371.471 75.111 371.485 95.039 
258.509 -123.084 246.385 -107.268 262.201 -95.145 274.325 -110.96 
302.629 -112.705 287.625 -125.82 274.51 -110.816 289.514 -97.702 
74.635 -174.389 54.946 -171.319 58.016 -151.629 77.705 -154.699 
94.765 -175.484 93.648 -195.38 73.752 -194.263 74.869 -174.367 
-111.374 -77.836 -123.061 -61.696 -106.921 -50.008 -95.233 -66.149 
-97.914 -92.819 -112.716 -106.161 -126.059 -91.359 -111.256 -78.017 
-164.465 29.78 -151.646 14.523 -153.369 -5.33 -166.189 9.927 
-164.489 29.988 -175.917 46.314 -172.454 65.938 -161.026 49.613 
-194.616 83.638 -174.823 85.956 -172.505 66.164 -192.298 63.846 
-174.82 86.203 -193.614 92.825 -175.642 101.433 -156.847 94.811 
-135.884 235.545 -137.703 215.7 -153.022 202.955 -151.202 222.799 
-135.812 235.754 -132.352 255.379 -116.028 266.809 -119.489 247.185 
-131.855 278.869 -119.956 294.855 -103.971 282.955 -115.87 266.97 
-85.35 275.764 -103.856 283.158 -111.713 301.471 -93.208 294.077 
9.869 362.762 29.715 360.963 14.41 348.202 -5.437 350.001 
29.931 361.0 46.267 372.412 65.888 368.931 49.553 357.519 
64.281 388.85 84.126 390.661 85.937 370.816 66.092 369.005 
95.365 353.137 86.156 370.809 92.14 389.818 101.349 372.146 
202.817 349.559 222.657 347.688 235.363 332.337 215.523 334.207 
247.006 315.924 235.567 332.242 255.194 328.792 266.633 312.474 
266.811 312.349 279.314 327.866 294.831 315.363 282.327 299.846 
276.352 280.77 282.503 299.724 300.254 308.779 294.104 289.824 
349.847 202.098 362.532 186.729 360.634 166.892 347.949 182.261 
368.824 130.76 357.306 147.022 360.661 166.665 372.179 150.403 
368.883 130.548 388.733 132.306 390.492 112.456 370.642 110.698 
371.469 95.254 352.672 101.872 370.643 110.484 389.44 103.866 
349.243 -6.154 347.535 -26.008 332.288 -38.839 333.996 -18.986 
312.35 -70.07 315.851 -50.452 332.198 -39.056 328.697 -58.674 
299.714 -85.765 312.191 -70.228 327.728 -82.705 315.251 -98.242 
308.653 -103.677 289.687 -97.558 280.605 -79.821 299.569 -85.94 
181.908 -151.488 201.757 -153.249 186.477 -166.04 166.627 -164.278 
130.433 -172.172 146.798 -160.801 166.411 -164.333 150.045 -175.704 
110.422 -174.48 130.22 -172.21 132.49 -192.008 112.693 -194.278 
103.781 -193.398 94.989 -175.515 101.417 -156.653 110.209 -174.536 
-39.172 -135.74 -19.322 -137.505 -6.536 -152.79 -26.385 -151.024 
-58.97 -132.083 -70.346 -115.722 -50.733 -119.247 -39.357 -135.608 
-98.525 -119.035 -86.244 -103.342 -70.55 -115.624 -82.831 -131.317 
-104.418 -111.712 -97.724 -92.941 -79.719 -84.402 -86.412 -103.172 
