-37.334 333.905 -20.087 343.889 -25.222 324.635 -42.468 314.65 
151.661 350.571 168.887 360.589 188.152 355.493 170.925 345.474 
314.512 238.978 333.744 233.758 343.652 216.468 324.42 221.688 
350.375 44.819 360.398 27.595 355.305 8.329 345.283 25.553 
221.51 -127.904 238.785 -117.969 233.595 -137.209 216.321 -147.144 
8.09 -158.806 25.384 -148.905 44.614 -154.133 27.32 -164.034 
-147.457 -19.795 -128.216 -24.982 -118.279 -42.255 -137.52 -37.068 
-158.986 188.438 -149.013 171.186 -154.159 151.935 -164.133 169.186 
-42.643 314.504 -61.907 319.607 -56.805 338.87 -37.541 333.767 
151.413 350.694 141.442 367.947 158.695 377.919 168.666 360.665 
333.587 233.938 314.326 239.05 319.438 258.312 338.699 253.199 
360.473 27.795 350.488 45.04 367.734 55.025 377.719 37.78 
253.068 -142.141 233.794 -137.077 238.858 -117.803 258.132 -122.867 
37.602 -181.32 27.513 -164.135 44.699 -154.046 54.787 -171.232 
-123.179 -61.576 -142.449 -56.496 -137.37 -37.227 -118.1 -42.307 
-171.461 141.744 -181.45 158.988 -164.206 168.976 -154.218 151.732 
-173.061 202.707 -153.133 202.747 -139.014 188.684 -158.942 188.644 
-19.873 363.887 -5.771 349.809 -5.752 329.882 -19.855 343.96 
202.46 369.551 202.48 349.623 188.405 335.517 188.384 355.445 
343.729 216.244 363.657 216.286 349.597 202.165 329.668 202.122 
335.348 8.12 355.276 8.122 369.368 -5.967 349.44 -5.969 
201.969 -133.146 216.087 -147.21 216.125 -167.138 202.007 -153.074 
7.86 -138.8 7.894 -158.727 -6.173 -172.842 -6.207 -152.915 
-153.374 -5.5 -133.446 -5.47 -147.516 -19.582 -167.444 -19.612 
-154.984 118.676 -174.657 121.852 -171.481 141.525 -151.808 138.349 
-174.69 121.63 -175.691 101.728 -195.594 102.729 -194.593 122.632 
-66.561 291.67 -78.252 307.806 -62.116 319.499 -50.424 303.362 
-78.401 307.654 -93.17 294.276 -106.548 309.045 -91.779 322.422 
138.021 348.298 118.351 351.494 121.548 371.163 141.218 367.967 
122.316 391.105 121.331 371.201 101.428 372.186 102.412 392.089 
303.211 246.79 291.485 262.902 307.597 274.629 319.322 258.517 
322.276 288.045 307.417 274.766 294.138 289.624 308.997 302.902 
367.723 55.238 348.056 58.46 351.279 78.125 370.945 74.903 
391.81 94.062 390.867 74.156 370.962 75.099 371.905 95.005 
258.341 -122.769 246.642 -106.638 262.774 -94.938 274.473 -111.07 
302.78 -112.367 287.983 -125.715 274.635 -110.918 289.432 -97.571 
74.671 -174.441 54.998 -171.27 58.168 -151.596 77.841 -154.766 
94.776 -175.475 93.781 -195.377 73.879 -194.381 74.874 -174.479 
-111.419 -77.929 -123.084 -61.772 -106.927 -50.107 -95.262 -66.263 
-97.885 -92.857 -112.665 -106.224 -126.032 -91.443 -111.252 -78.077 
-164.534 29.819 -151.732 14.547 -153.48 -5.304 -166.281 9.968 
-164.55 30.048 -175.96 46.386 -172.475 66.007 -161.065 49.669 
-194.734 83.59 -174.954 86.018 -172.527 66.239 -192.306 63.811 
-174.948 86.259 -193.707 92.983 -175.689 101.493 -156.929 94.77 
-136.015 235.583 -137.757 215.731 -153.026 202.926 -151.284 222.778 
-135.94 235.781 -132.46 255.402 -116.125 266.816 -119.605 247.196 
-131.685 279.228 -119.426 294.938 -103.715 282.679 -115.975 266.968 
-84.845 276.124 -103.599 282.865 -112.093 300.891 -93.34 294.151 
9.706 362.71 29.559 360.973 14.293 348.164 -5.559 349.901 
29.787 360.995 46.117 372.414 65.74 368.941 49.409 357.522 
63.52 388.771 83.297 391.216 85.742 371.438 65.964 368.994 
94.494 353.411 85.972 371.425 92.684 390.189 101.206 372.175 
202.681 349.507 222.531 347.747 235.322 332.466 215.472 334.226 
246.925 316.032 235.54 332.388 255.155 328.873 266.54 312.517 
266.727 312.38 278.987 328.09 294.697 315.831 282.437 300.12 
275.987 281.222 282.647 300.003 300.636 308.576 293.976 289.794 
349.707 201.966 362.494 186.681 360.728 166.833 347.941 182.117 
368.684 130.646 357.281 146.989 360.774 166.608 372.177 150.265 
368.744 130.425 388.527 132.821 390.923 113.038 371.14 110.642 
371.883 95.197 353.133 101.947 371.164 110.432 389.914 103.682 
349.329 -6.156 347.586 -26.006 332.317 -38.811 334.06 -18.96 
312.417 -70.058 315.891 -50.435 332.223 -39.017 328.748 -58.639 
300.006 -85.942 312.263 -70.231 327.975 -82.488 315.718 -98.2 
308.374 -104.151 289.614 -97.429 281.102 -79.412 299.861 -86.133 
181.934 -151.436 201.785 -153.169 186.523 -165.981 166.67 -164.248 
130.471 -172.217 146.805 -160.801 166.427 -164.278 150.093 -175.694 
110.456 -174.702 130.236 -172.282 132.656 -192.062 112.876 -194.482 
103.516 -193.46 94.992 -175.447 101.701 -156.684 110.225 -174.696 
-39.061 -135.802 -19.209 -137.531 -6.394 -152.791 -26.246 -151.062 
-58.898 -132.205 -70.305 -115.865 -50.685 -119.353 -39.278 -135.693 
-98.478 -119.131 -86.205 -103.432 -70.505 -115.705 -82.778 -131.405 
-104.434 -111.803 -97.72 -93.04 -79.705 -84.521 -86.419 -103.284 
