-37.257 333.897 -19.974 343.819 -25.178 324.583 -42.46 314.66 
151.633 350.87 168.94 360.749 188.163 355.498 170.857 345.618 
314.304 238.853 333.575 233.779 343.614 216.565 324.343 221.639 
350.401 44.911 360.357 27.648 355.19 8.402 345.234 25.665 
221.441 -127.81 238.725 -117.89 233.518 -137.125 216.234 -147.045 
8.012 -158.784 25.261 -148.804 44.514 -153.943 27.266 -163.924 
-147.393 -19.784 -128.144 -24.937 -118.176 -42.192 -137.426 -37.039 
-159.01 188.43 -149.029 171.183 -154.167 151.929 -164.148 169.176 
-42.614 314.535 -61.864 319.688 -56.711 338.938 -37.461 333.784 
151.517 350.829 141.481 368.045 158.695 378.082 168.732 360.866 
333.45 233.951 314.193 239.08 319.323 258.337 338.579 253.208 
360.443 27.869 350.574 45.181 367.887 55.05 377.756 37.737 
252.944 -142.194 233.708 -136.985 238.917 -117.75 258.153 -122.959 
37.516 -181.23 27.489 -164.009 44.71 -153.982 54.737 -171.204 
-123.132 -61.608 -142.394 -56.5 -137.287 -37.239 -118.024 -42.347 
-171.406 141.696 -181.417 158.927 -164.186 168.937 -154.175 151.706 
-173.037 202.697 -153.109 202.746 -138.983 188.69 -158.911 188.641 
-19.897 363.862 -5.724 349.855 -5.605 329.928 -19.779 343.935 
202.455 369.54 202.469 349.612 188.389 335.511 188.375 355.439 
343.692 216.37 363.62 216.346 349.514 202.272 329.585 202.295 
335.215 7.916 355.142 8.168 369.41 -5.743 349.484 -5.996 
201.772 -133.2 216.029 -147.123 216.265 -167.049 202.008 -153.126 
7.778 -138.823 7.786 -158.75 -6.3 -172.846 -6.307 -152.919 
-153.316 -5.485 -133.388 -5.451 -147.455 -19.566 -167.383 -19.599 
-154.968 118.622 -174.642 121.792 -171.471 141.466 -151.797 138.296 
-174.631 121.558 -175.729 101.66 -195.627 102.758 -194.529 122.656 
-66.432 291.702 -78.155 307.816 -62.042 319.54 -50.318 303.426 
-78.327 307.688 -93.149 294.368 -106.469 309.19 -91.647 322.509 
138.327 348.327 118.612 351.234 121.519 370.948 141.234 368.041 
122.574 390.909 121.316 371.021 101.428 372.279 102.686 392.167 
302.932 247.042 291.45 263.329 307.737 274.811 319.218 258.524 
322.205 288.488 307.586 274.947 294.043 289.564 308.662 303.106 
367.9 55.28 348.167 58.066 350.953 77.797 370.685 75.012 
391.956 93.759 390.604 73.877 370.723 75.229 372.075 95.111 
258.358 -122.839 246.546 -106.789 262.595 -94.977 274.408 -111.027 
302.698 -112.537 287.796 -125.767 274.566 -110.866 289.467 -97.636 
74.646 -174.415 54.976 -171.222 58.17 -151.551 77.839 -154.744 
94.787 -175.503 93.738 -195.402 73.838 -194.353 74.887 -174.454 
-111.34 -77.968 -123.007 -61.813 -106.852 -50.145 -95.185 -66.3 
-97.839 -92.92 -112.637 -106.267 -125.984 -91.469 -111.186 -78.122 
-164.47 29.821 -151.674 14.545 -153.427 -5.306 -166.224 9.97 
-164.492 30.02 -175.898 46.36 -172.409 65.98 -161.003 49.639 
-194.658 83.535 -174.879 85.962 -172.451 66.183 -192.23 63.755 
-174.921 86.19 -193.717 92.809 -175.746 101.42 -156.95 94.801 
-135.989 235.604 -137.751 215.754 -153.033 202.964 -151.27 222.814 
-135.849 235.782 -132.33 255.397 -115.972 266.778 -119.491 247.164 
-131.545 279.279 -119.244 294.957 -103.566 282.656 -115.867 266.978 
-84.573 276.276 -103.403 282.802 -112.103 300.73 -93.273 294.204 
9.797 362.685 29.643 360.881 14.334 348.124 -5.512 349.928 
29.851 360.968 46.205 372.353 65.82 368.839 49.466 357.454 
63.453 388.636 83.212 391.219 85.795 371.459 66.035 368.876 
94.541 353.478 86.0 371.483 92.692 390.253 101.233 372.249 
202.658 349.485 222.51 347.738 235.311 332.466 215.46 334.213 
246.945 316.026 235.52 332.354 255.144 328.887 266.569 312.559 
266.743 312.4 279.154 327.992 294.745 315.583 282.335 299.991 
275.987 281.041 282.523 299.866 300.455 308.555 293.919 289.731 
349.612 202.08 362.389 186.787 360.611 166.94 347.834 182.232 
368.65 130.779 357.208 147.095 360.654 166.723 372.096 150.407 
368.719 130.558 388.465 133.242 391.149 113.496 371.403 110.812 
372.052 95.335 353.337 102.183 371.412 110.574 390.127 103.726 
349.354 -6.197 347.556 -26.043 332.251 -38.805 334.049 -18.959 
312.381 -70.082 315.837 -50.456 332.158 -39.023 328.702 -58.648 
299.941 -85.944 312.222 -70.251 327.915 -82.531 315.635 -98.224 
308.451 -104.096 289.647 -97.499 281.016 -79.539 299.819 -86.135 
181.967 -151.482 201.816 -153.235 186.541 -166.032 166.69 -164.278 
130.5 -172.213 146.847 -160.816 166.465 -164.316 150.117 -175.713 
110.495 -174.653 130.282 -172.285 132.65 -192.071 112.864 -194.44 
103.643 -193.448 95.03 -175.478 101.646 -156.681 110.259 -174.651 
-39.128 -135.771 -19.277 -137.524 -6.482 -152.8 -26.332 -151.047 
-58.949 -132.208 -70.352 -115.867 -50.734 -119.357 -39.329 -135.699 
-98.49 -119.158 -86.226 -103.452 -70.519 -115.716 -82.783 -131.422 
-104.43 -111.844 -97.708 -93.084 -79.691 -84.571 -86.412 -103.331 
