-37.191 333.924 -19.976 343.962 -25.051 324.692 -42.266 314.654 
151.663 350.618 168.908 360.604 188.164 355.472 170.918 345.485 
314.395 238.605 333.673 233.56 343.738 216.36 324.46 221.405 
350.362 44.697 360.424 27.496 355.375 8.218 345.314 25.42 
221.389 -128.07 238.602 -118.028 233.531 -137.3 216.318 -147.341 
8.102 -158.782 25.367 -148.829 44.612 -153.999 27.347 -163.952 
-147.362 -19.737 -128.124 -24.934 -118.196 -42.212 -137.434 -37.015 
-159.012 188.396 -149.054 171.136 -154.219 151.889 -164.176 169.15 
-42.437 314.528 -61.718 319.567 -56.68 338.846 -37.399 333.808 
151.469 350.624 141.435 367.84 158.65 377.876 168.686 360.66 
333.589 233.782 314.331 238.904 319.452 258.163 338.711 253.041 
360.439 27.71 350.323 44.88 367.492 54.995 377.608 37.826 
252.964 -142.161 233.673 -137.164 238.67 -117.873 257.961 -122.87 
37.584 -181.25 27.594 -164.007 44.836 -154.017 54.827 -171.259 
-123.202 -61.587 -142.464 -56.478 -137.355 -37.217 -118.093 -42.326 
-171.463 141.683 -181.451 158.927 -164.207 168.915 -154.219 151.671 
-173.01 202.691 -153.082 202.704 -138.981 188.623 -158.909 188.609 
-19.674 364.015 -5.658 349.85 -5.762 329.924 -19.778 344.088 
202.399 369.541 202.502 349.613 188.485 335.449 188.382 355.377 
343.847 216.158 363.775 216.198 349.714 202.079 329.785 202.038 
335.347 8.256 355.274 8.035 369.208 -6.211 349.282 -5.99 
202.208 -133.126 216.117 -147.398 215.86 -167.324 201.952 -153.053 
7.794 -138.734 7.886 -158.66 -6.139 -172.816 -6.232 -152.89 
-153.339 -5.492 -133.411 -5.461 -147.48 -19.574 -167.408 -19.604 
-155.048 118.602 -174.719 121.789 -171.533 141.46 -151.861 138.273 
-174.723 121.558 -175.617 101.65 -195.525 102.544 -194.631 122.452 
-66.51 291.613 -78.101 307.822 -61.892 319.415 -50.3 303.205 
-78.274 307.679 -93.054 294.313 -106.42 309.093 -91.64 322.458 
137.618 348.303 118.019 351.911 121.627 371.509 141.226 367.901 
121.993 391.435 121.429 371.515 101.509 372.079 102.073 391.999 
303.101 246.72 291.481 262.909 307.67 274.529 319.289 258.34 
322.329 288.08 307.537 274.728 294.184 289.52 308.976 302.872 
367.571 55.195 347.984 58.868 351.658 78.454 371.245 74.78 
391.695 94.343 391.138 74.423 371.219 74.98 371.776 94.9 
258.145 -122.764 246.65 -106.486 262.929 -94.991 274.423 -111.27 
302.741 -112.184 288.114 -125.718 274.58 -111.091 289.207 -97.558 
74.746 -174.457 55.065 -171.334 58.189 -151.652 77.87 -154.775 
94.865 -175.482 93.842 -195.383 73.942 -194.36 74.964 -174.46 
-111.367 -77.889 -123.029 -61.731 -106.871 -50.068 -95.208 -66.226 
-97.868 -92.849 -112.646 -106.218 -126.015 -91.44 -111.237 -78.071 
-164.449 29.824 -151.647 14.552 -153.393 -5.299 -166.195 9.973 
-164.522 30.018 -175.944 46.348 -172.475 65.971 -161.052 49.642 
-194.729 83.509 -174.953 85.966 -172.496 66.191 -192.272 63.733 
-174.993 86.188 -193.706 93.037 -175.631 101.427 -156.917 94.577 
-136.0 235.584 -137.746 215.733 -153.019 202.932 -151.271 222.783 
-135.859 235.781 -132.412 255.408 -116.095 266.848 -119.543 247.222 
-131.707 279.323 -119.449 295.035 -103.737 282.778 -115.994 267.066 
-84.891 276.011 -103.571 282.952 -111.872 301.068 -93.192 294.128 
9.808 362.75 29.665 361.06 14.43 348.215 -5.427 349.904 
29.88 361.163 46.218 372.572 65.838 369.088 49.501 357.678 
64.022 388.904 83.845 390.942 85.884 371.119 66.061 369.08 
94.851 353.268 86.093 371.167 92.557 390.018 101.315 372.118 
202.719 349.518 222.573 347.8 235.397 332.546 215.543 334.264 
247.011 316.074 235.6 332.412 255.221 328.929 266.632 312.591 
266.85 312.449 279.223 328.071 294.844 315.698 282.471 300.077 
275.999 281.12 282.669 299.898 300.663 308.46 293.993 289.683 
349.765 201.863 362.601 186.62 360.899 166.766 348.063 182.009 
368.723 130.562 357.391 146.954 360.97 166.558 372.302 150.166 
368.752 130.351 388.559 132.539 390.747 112.732 370.94 110.544 
371.789 95.105 352.997 101.737 370.974 110.335 389.766 103.704 
349.199 -6.2 347.513 -26.055 332.281 -38.904 333.966 -19.048 
312.31 -70.112 315.816 -50.495 332.166 -39.104 328.66 -58.721 
299.866 -85.982 312.152 -70.293 327.841 -82.579 315.555 -98.268 
308.083 -104.276 289.382 -97.393 281.025 -79.303 299.726 -86.185 
181.9 -151.459 201.753 -153.166 186.507 -165.998 166.653 -164.29 
130.454 -172.213 146.8 -160.815 166.418 -164.314 150.072 -175.712 
110.475 -174.734 130.25 -172.279 132.706 -192.055 112.93 -194.51 
103.592 -193.495 95.055 -175.489 101.75 -156.72 110.287 -174.727 
-39.103 -135.764 -19.252 -137.513 -6.454 -152.787 -26.304 -151.037 
-58.921 -132.13 -70.321 -115.786 -50.703 -119.282 -39.302 -135.626 
-98.501 -119.08 -86.223 -103.385 -70.527 -115.663 -82.805 -131.358 
-104.415 -111.737 -97.687 -92.979 -79.667 -84.473 -86.394 -103.231 
