-37.317 333.846 -20.109 343.898 -25.169 324.623 -42.376 314.572 
151.619 350.662 168.868 360.641 188.121 355.5 170.872 345.521 
314.492 239.033 333.729 233.831 343.653 216.549 324.416 221.751 
350.241 44.68 360.359 27.512 355.374 8.218 345.256 25.386 
221.399 -127.984 238.633 -117.979 233.521 -137.24 216.287 -147.245 
8.074 -158.808 25.332 -148.843 44.581 -154.0 27.323 -163.964 
-147.384 -19.743 -128.161 -24.994 -118.28 -42.299 -137.504 -37.048 
-158.99 188.423 -149.019 171.169 -154.169 151.919 -164.14 169.172 
-42.556 314.43 -61.837 319.466 -56.8 338.746 -37.519 333.71 
151.517 350.577 141.375 367.73 158.527 377.874 168.67 360.72 
333.575 233.984 314.314 239.096 319.425 258.357 338.686 253.245 
360.447 27.739 350.317 44.9 367.479 55.03 377.608 37.868 
252.985 -142.218 233.717 -137.131 238.804 -117.863 258.072 -122.95 
37.553 -181.233 27.543 -164.002 44.774 -153.992 54.784 -171.223 
-123.143 -61.595 -142.425 -56.562 -137.393 -37.281 -118.111 -42.314 
-171.461 141.738 -181.424 158.996 -164.166 168.96 -154.203 151.702 
-173.001 202.69 -153.073 202.718 -138.962 188.647 -158.89 188.619 
-19.852 363.88 -5.764 349.787 -5.767 329.86 -19.855 343.953 
202.348 369.571 202.434 349.643 188.406 335.491 188.319 355.419 
343.714 216.335 363.642 216.478 349.653 202.286 329.724 202.144 
335.405 8.233 355.331 7.993 369.252 -6.266 349.325 -6.027 
202.117 -133.149 216.099 -147.348 215.946 -167.275 201.964 -153.076 
7.83 -138.781 7.889 -158.708 -6.16 -172.841 -6.219 -152.914 
-153.358 -5.442 -133.43 -5.41 -147.498 -19.524 -167.426 -19.556 
-155.016 118.692 -174.689 121.867 -171.515 141.541 -151.841 138.366 
-174.698 121.662 -175.659 101.757 -195.564 102.718 -194.603 122.623 
-66.492 291.535 -78.178 307.675 -62.039 319.362 -50.351 303.222 
-78.329 307.545 -93.179 294.256 -106.468 309.106 -91.618 322.394 
137.638 348.176 118.027 351.714 121.565 371.325 141.177 367.786 
122.117 391.276 121.367 371.362 101.453 372.112 102.203 392.026 
303.365 246.604 291.422 262.557 307.374 274.5 319.316 258.548 
322.226 287.725 307.201 274.635 294.111 289.659 309.136 302.749 
367.51 55.27 347.923 58.948 351.601 78.532 371.187 74.855 
391.671 94.475 391.133 74.554 371.213 75.092 371.751 95.013 
258.252 -122.809 246.611 -106.635 262.785 -94.994 274.426 -111.168 
302.782 -112.22 288.107 -125.703 274.625 -111.028 289.3 -97.547 
74.68 -174.458 55.009 -171.276 58.191 -151.603 77.863 -154.786 
94.804 -175.505 93.746 -195.404 73.847 -194.346 74.905 -174.447 
-111.308 -77.956 -122.987 -61.81 -106.841 -50.13 -95.161 -66.276 
-97.784 -92.917 -112.557 -106.292 -125.932 -91.519 -111.159 -78.144 
-164.462 29.908 -151.665 14.632 -153.418 -5.219 -166.215 10.057 
-164.548 30.117 -175.943 46.465 -172.441 66.082 -161.046 49.734 
-194.679 83.625 -174.904 86.085 -172.444 66.31 -192.219 63.85 
-174.945 86.307 -193.701 93.036 -175.68 101.541 -156.923 94.811 
-135.992 235.588 -137.738 215.736 -153.01 202.935 -151.263 222.786 
-135.846 235.77 -132.388 255.396 -116.065 266.828 -119.524 247.203 
-131.8 279.133 -119.699 294.966 -103.866 282.864 -115.967 267.031 
-85.065 275.977 -103.718 282.99 -111.949 301.139 -93.296 294.126 
9.71 362.737 29.566 361.045 14.33 348.202 -5.526 349.893 
29.811 361.063 46.13 372.499 65.756 369.047 49.438 357.61 
63.798 388.911 83.605 391.096 85.79 371.288 65.982 369.104 
94.645 353.314 86.015 371.276 92.613 390.08 101.244 372.118 
202.625 349.52 222.476 347.767 235.273 332.492 215.422 334.245 
246.899 316.051 235.483 332.385 255.104 328.907 266.52 312.573 
266.72 312.424 278.877 328.214 294.666 316.057 282.509 300.267 
275.892 281.414 282.719 300.135 300.784 308.546 293.957 289.825 
349.773 202.097 362.585 186.834 360.852 166.983 348.04 182.246 
368.766 130.785 357.374 147.136 360.881 166.753 372.273 150.402 
368.812 130.551 388.635 132.594 390.679 112.772 370.856 110.728 
371.753 95.256 352.932 101.804 370.871 110.483 389.692 103.935 
349.194 -6.208 347.497 -26.063 332.256 -38.902 333.954 -19.047 
312.389 -70.147 315.846 -50.522 332.168 -39.09 328.71 -58.715 
299.836 -85.883 312.271 -70.312 327.842 -82.746 315.408 -98.318 
308.231 -104.037 289.455 -97.359 280.902 -79.362 299.677 -86.039 
181.906 -151.431 201.759 -153.145 186.509 -165.972 166.655 -164.257 
130.494 -172.267 146.836 -160.862 166.456 -164.352 150.114 -175.757 
110.48 -174.592 130.273 -172.272 132.592 -192.064 112.8 -194.384 
103.69 -193.48 95.032 -175.531 101.601 -156.718 110.259 -174.667 
-39.078 -135.829 -19.227 -137.58 -6.43 -152.855 -26.28 -151.104 
-58.873 -132.198 -70.285 -115.862 -50.664 -119.343 -39.251 -135.679 
-98.455 -119.165 -86.181 -103.467 -70.482 -115.743 -82.757 -131.44 
-104.344 -111.829 -97.631 -93.065 -79.617 -84.544 -86.33 -103.307 
