59.194 154.96 64.073 174.282 74.285 157.17 69.406 137.848 
104.75 146.555 109.497 165.909 126.54 176.237 121.792 156.883 
136.188 128.42 153.009 139.106 172.459 134.767 155.638 124.082 
146.509 93.648 166.025 89.618 176.975 72.968 157.459 76.998 
125.622 40.843 129.12 60.461 140.519 44.116 137.021 24.497 
73.125 17.546 75.664 37.312 91.436 49.492 88.897 29.727 
22.051 61.394 38.107 73.196 57.806 70.189 41.749 58.386 
20.021 128.076 39.389 123.389 49.77 106.378 30.402 111.066 
41.023 146.764 32.83 164.93 50.995 173.123 59.188 154.957 
90.836 172.913 97.843 191.567 116.498 184.562 109.492 165.907 
153.008 139.109 144.755 157.248 162.894 165.5 171.147 147.361 
166.027 89.62 172.949 108.306 191.636 101.384 184.713 82.697 
149.147 26.151 140.522 44.115 158.486 52.741 167.112 34.776 
82.556 10.834 88.899 29.725 107.79 23.382 101.447 4.491 
32.159 31.883 23.704 49.928 41.748 58.383 50.204 40.337 
4.585 99.767 11.847 118.324 30.404 111.062 23.142 92.504 
4.07 116.137 6.902 135.863 22.852 147.809 20.02 128.083 
44.465 177.84 60.848 189.185 80.454 185.624 64.072 174.279 
115.21 192.63 134.813 189.047 146.141 172.653 126.538 176.236 
172.458 134.766 175.929 154.389 187.351 138.06 183.88 118.436 
173.892 53.281 176.974 72.97 193.075 84.712 189.993 65.024 
121.559 11.926 137.021 24.497 156.843 22.454 141.382 9.882 
53.208 18.094 73.127 17.548 86.827 3.076 66.907 3.622 
7.694 56.248 8.658 76.152 22.051 61.396 21.087 41.492 
-14.652 79.163 -15.336 99.079 4.58 99.764 5.265 79.848 
-15.331 99.082 -16.012 118.998 3.904 119.68 4.586 99.764 
4.678 163.519 18.047 178.296 32.825 164.929 19.457 150.15 
18.044 178.298 31.389 193.098 46.189 179.753 32.844 164.954 
77.962 190.163 76.555 210.041 96.433 211.448 97.839 191.57 
97.847 191.566 96.433 211.444 116.31 212.858 117.725 192.98 
147.701 178.396 160.598 193.587 175.789 180.69 162.891 165.5 
162.894 165.501 175.791 180.691 190.982 167.794 178.085 152.604 
191.637 101.386 189.923 121.242 209.777 122.954 211.49 103.1 
193.353 81.532 191.639 101.387 211.492 103.101 213.206 83.247 
167.114 34.775 179.873 50.082 195.18 37.322 182.421 22.015 
154.354 19.468 167.115 34.774 182.421 22.013 169.66 6.708 
103.332 -15.349 101.448 4.489 121.286 6.373 123.17 -13.465 
83.495 -17.266 81.579 2.569 101.414 4.485 103.33 -15.35 
19.087 16.838 32.158 31.88 47.2 18.809 34.129 3.767 
4.039 29.905 17.106 44.95 32.152 31.883 19.085 16.838 
-28.19 64.52 -8.536 67.815 7.691 56.248 -11.962 52.952 
-28.194 64.521 -28.957 84.434 -15.415 99.054 -14.652 79.141 
-43.586 98.237 -29.911 112.732 -15.416 99.057 -29.091 84.562 
-29.915 112.735 -30.528 132.653 -16.01 119.003 -15.398 99.084 
-17.117 163.773 0.675 154.797 6.908 135.869 -10.883 144.846 
-17.112 163.774 -3.196 178.038 16.731 178.283 2.815 164.021 
-3.192 178.571 -2.906 198.497 17.02 198.21 16.734 178.284 
18.033 178.31 17.021 198.212 30.377 213.001 31.39 193.098 
52.989 207.495 60.376 226.003 68.24 207.692 60.852 189.184 
60.38 226.003 80.297 226.632 94.826 212.992 74.909 212.363 
81.326 227.645 95.98 241.149 109.485 226.495 94.831 212.991 
96.432 211.442 109.486 226.498 129.364 227.914 116.309 212.857 
134.809 189.046 141.543 207.802 159.567 216.302 152.832 197.547 
160.803 196.418 159.569 216.307 174.506 203.116 175.74 183.227 
175.742 183.224 176.656 203.131 196.562 202.218 195.648 182.311 
175.789 180.69 195.65 182.311 210.84 169.414 190.98 167.793 
187.351 138.058 205.351 146.61 224.125 139.93 206.125 131.378 
213.082 104.798 211.328 124.648 224.125 139.925 225.879 120.074 
213.083 104.792 227.596 118.448 241.252 103.936 226.739 90.279 
213.205 83.25 211.49 103.104 226.741 90.278 228.456 70.424 
189.991 65.027 208.549 57.768 216.539 39.512 197.981 46.771 
184.09 22.102 196.708 37.526 216.536 39.51 203.918 24.086 
184.22 2.173 184.089 22.099 204.015 22.231 204.147 2.304 
171.46 -13.137 169.66 6.71 182.421 22.015 184.221 2.169 
132.498 -7.957 141.381 9.88 147.714 -9.014 138.83 -26.852 
103.74 -15.694 123.597 -14.006 138.831 -26.853 118.974 -28.541 
90.66 -30.729 103.739 -15.693 118.774 -28.772 105.695 -43.808 
70.825 -32.645 83.496 -17.265 103.331 -15.35 90.659 -30.73 
35.89 -16.224 47.287 0.123 66.904 3.622 55.508 -12.724 
20.708 -3.314 19.105 16.549 34.284 3.638 35.888 -16.225 
0.32 -4.458 -0.792 15.438 19.105 16.55 20.217 -3.345 
-15.839 28.505 4.04 29.904 19.086 16.837 -0.793 15.438 
