81.53 117.21 82.018 137.132 95.76 122.7 95.272 102.778 
98.994 103.517 99.48 123.439 113.911 137.181 113.425 117.259 
102.294 101.639 116.729 115.377 136.651 114.884 122.216 101.146 
103.38 98.022 123.302 97.537 137.046 83.108 117.124 83.593 
101.305 74.47 101.659 94.395 115.497 80.055 115.143 60.13 
83.138 59.177 83.347 79.104 97.584 93.047 97.376 73.12 
59.58 81.648 73.843 95.565 93.768 95.321 79.506 81.404 
59.345 114.373 79.267 113.949 93.055 99.561 73.133 99.985 
61.624 116.414 60.8 136.325 80.71 137.148 81.534 117.237 
84.86 137.036 98.426 151.633 113.023 138.069 99.458 123.471 
116.676 115.373 115.987 135.289 135.903 135.978 136.592 116.062 
123.267 97.564 136.871 112.126 151.432 98.522 137.828 83.96 
116.191 60.156 115.496 80.072 135.412 80.767 136.107 60.851 
83.76 58.603 97.393 73.138 111.928 59.506 98.295 44.971 
60.203 60.86 59.592 80.779 79.509 81.39 80.121 61.472 
44.94 98.944 58.51 113.537 73.104 99.967 59.534 85.374 
45.051 100.558 45.408 120.483 59.749 134.319 59.392 114.394 
62.123 137.481 76.46 151.321 96.383 150.971 82.047 137.131 
100.102 151.462 120.027 151.128 133.88 136.803 113.955 137.138 
136.645 114.819 136.961 134.745 150.827 120.433 150.511 100.507 
136.767 63.166 137.101 83.091 151.426 96.944 151.092 77.019 
100.827 46.235 115.144 60.096 135.069 59.773 120.752 45.912 
63.175 59.44 83.101 59.217 97.033 44.969 77.107 45.192 
45.419 76.065 45.684 95.991 59.587 81.714 59.322 61.788 
25.258 78.841 25.016 98.767 44.942 99.01 45.185 79.083 
25.075 98.762 24.78 118.688 44.705 118.983 45.001 99.057 
32.635 136.162 46.622 150.355 60.816 136.368 46.829 122.175 
46.669 150.36 60.529 164.679 74.847 150.818 60.987 136.501 
78.478 151.431 78.258 171.357 98.184 171.578 98.404 151.651 
98.441 151.614 98.198 171.541 118.125 171.784 118.368 151.857 
121.612 149.939 135.547 164.185 149.793 150.251 135.859 136.006 
135.904 135.895 149.802 150.175 164.084 136.278 150.185 121.998 
151.43 98.552 151.176 118.48 171.102 118.732 171.355 98.806 
151.642 78.626 151.428 98.553 171.354 98.767 171.568 78.84 
136.105 60.889 150.062 75.113 164.286 61.156 150.329 46.932 
122.144 46.554 136.067 60.81 150.324 46.886 136.4 32.631 
98.598 25.019 98.314 44.944 118.24 45.228 118.524 25.303 
78.653 24.763 78.361 44.688 98.285 44.98 98.578 25.056 
46.271 46.626 60.241 60.836 74.451 46.866 60.481 32.655 
31.997 60.566 45.889 74.853 60.177 60.962 46.285 46.674 
10.612 64.13 25.532 77.34 45.423 76.13 30.503 62.921 
10.647 64.155 10.541 84.083 24.557 98.249 24.663 78.321 
-3.612 98.906 10.77 112.7 24.564 98.318 10.182 84.524 
10.743 112.714 10.576 132.64 24.784 118.669 24.952 98.742 
12.122 136.164 32.029 135.249 45.458 120.526 25.551 121.441 
12.181 136.144 26.152 150.354 46.079 150.522 32.108 136.314 
26.194 150.806 26.477 170.732 46.403 170.449 46.12 150.523 
46.62 150.481 46.416 170.408 60.361 184.643 60.566 164.716 
62.909 165.902 63.63 185.817 77.202 171.225 76.48 151.31 
63.663 185.767 83.589 185.994 97.84 172.065 77.914 171.837 
83.966 186.273 98.232 200.187 112.146 185.921 97.88 172.007 
98.227 171.613 112.181 185.84 132.108 186.032 118.154 171.806 
120.062 151.088 120.679 171.007 135.199 184.655 134.583 164.736 
135.441 164.652 135.22 184.578 149.467 170.645 149.688 150.718 
149.683 150.695 149.938 170.621 169.864 170.365 169.608 150.439 
149.834 150.257 169.761 150.444 183.983 136.487 164.057 136.3 
150.822 120.344 165.337 133.998 185.254 133.389 170.74 119.735 
171.596 99.137 171.314 119.063 185.204 133.352 185.486 113.426 
171.629 99.173 185.899 113.081 199.808 98.811 185.538 84.902 
171.567 78.865 171.36 98.792 185.596 84.849 185.804 64.922 
151.041 76.969 170.956 76.284 184.554 61.716 164.638 62.402 
150.771 46.956 164.578 61.325 184.501 61.723 170.694 47.353 
150.6 27.029 150.823 46.955 170.749 46.732 170.526 26.806 
136.702 12.712 136.439 32.638 150.343 46.913 150.606 26.988 
119.92 25.984 120.74 45.894 134.239 31.236 133.419 11.325 
99.102 24.64 119.025 25.081 133.425 11.306 113.502 10.865 
84.743 10.795 99.071 24.646 112.921 10.318 98.594 -3.532 
64.786 10.47 78.67 24.766 98.595 25.056 84.711 10.761 
61.126 12.045 62.219 31.943 77.062 45.239 75.969 25.342 
46.755 25.867 46.354 45.79 60.726 31.987 61.127 12.063 
25.886 26.452 26.432 46.371 46.353 45.825 45.806 25.906 
12.082 60.24 32.008 60.536 46.307 46.656 26.381 46.36 
