-37.313 333.797 -20.088 343.818 -25.182 324.552 -42.408 314.532 
151.684 350.507 168.871 360.595 188.156 355.575 170.969 345.488 
314.46 239.168 333.677 233.892 343.534 216.573 324.318 221.849 
350.403 44.852 360.459 27.647 355.404 8.371 345.348 25.576 
221.522 -127.831 238.805 -117.909 233.6 -137.145 216.317 -147.067 
8.131 -158.836 25.411 -148.911 44.648 -154.112 27.368 -164.037 
-147.39 -19.852 -128.145 -25.022 -118.192 -42.285 -137.437 -37.116 
-159.007 188.386 -149.018 171.144 -154.148 151.887 -164.137 169.13 
-42.676 314.462 -61.922 319.628 -56.756 338.874 -37.51 333.708 
151.44 350.546 141.365 367.738 158.556 377.814 168.633 360.622 
333.545 234.041 314.299 239.209 319.467 258.456 338.713 253.287 
360.488 27.866 350.381 45.041 367.555 55.148 377.662 37.974 
253.046 -142.245 233.81 -137.04 239.015 -117.803 258.252 -123.009 
37.683 -181.319 27.576 -164.144 44.751 -154.038 54.858 -171.213 
-123.161 -61.677 -142.427 -56.584 -137.334 -37.319 -118.068 -42.412 
-171.483 141.694 -181.444 158.954 -164.184 168.914 -154.223 151.655 
-173.043 202.664 -153.115 202.705 -138.995 188.643 -158.923 188.602 
-20.031 363.881 -5.859 349.872 -5.743 329.946 -19.915 343.954 
202.421 369.583 202.464 349.655 188.405 335.534 188.361 355.462 
343.589 216.368 363.516 216.572 349.571 202.337 329.643 202.133 
335.381 8.279 355.309 8.163 369.318 -6.009 349.39 -5.893 
201.961 -133.185 216.133 -147.194 216.248 -167.122 202.076 -153.113 
7.923 -138.843 7.913 -158.77 -6.186 -172.854 -6.175 -152.927 
-153.368 -5.576 -133.441 -5.541 -147.507 -19.657 -167.435 -19.692 
-155.023 118.669 -174.7 121.822 -171.547 141.499 -151.87 138.346 
-174.683 121.605 -175.763 101.706 -195.662 102.786 -194.582 122.685 
-66.389 291.619 -78.16 307.698 -62.081 319.47 -50.31 303.39 
-78.327 307.57 -93.218 294.326 -106.461 309.217 -91.571 322.459 
137.853 348.152 118.197 351.437 121.482 371.091 141.137 367.806 
122.352 390.98 121.255 371.082 101.357 372.18 102.455 392.077 
303.615 246.428 291.415 262.185 307.172 274.385 319.371 258.628 
322.216 287.435 307.025 274.538 294.128 289.728 309.319 302.625 
367.581 55.351 347.953 58.8 351.402 78.426 371.029 74.977 
391.698 94.352 390.967 74.437 371.053 75.169 371.784 95.083 
258.427 -122.854 246.597 -106.817 262.633 -94.987 274.463 -111.023 
302.783 -112.345 287.984 -125.691 274.638 -110.892 289.436 -97.547 
74.755 -174.458 55.089 -171.246 58.302 -151.578 77.968 -154.791 
94.879 -175.446 93.891 -195.348 73.989 -194.36 74.977 -174.458 
-111.332 -77.986 -123.014 -61.841 -106.869 -50.159 -95.187 -66.304 
-97.85 -92.945 -112.635 -106.306 -125.996 -91.521 -111.211 -78.16 
-164.475 29.775 -151.677 14.501 -153.429 -5.35 -166.227 9.925 
-164.563 29.99 -175.956 46.341 -172.451 65.958 -161.058 49.607 
-194.664 83.551 -174.885 85.982 -172.454 66.203 -192.232 63.772 
-174.938 86.236 -193.752 92.803 -175.805 101.463 -156.99 94.896 
-135.986 235.558 -137.743 215.708 -153.021 202.914 -151.264 222.764 
-135.878 235.743 -132.375 255.36 -116.027 266.755 -119.53 247.139 
-131.804 278.967 -119.777 294.857 -103.887 282.83 -115.914 266.94 
-85.075 276.033 -103.745 283.003 -112.018 301.132 -93.348 294.163 
9.649 362.708 29.5 360.956 14.224 348.158 -5.626 349.911 
29.706 361.054 46.023 372.491 65.65 369.04 49.332 357.603 
63.444 388.831 83.223 391.262 85.653 371.483 65.875 369.052 
94.328 353.469 85.89 371.523 92.689 390.255 101.127 372.202 
202.682 349.574 222.528 347.777 235.291 332.472 215.444 334.27 
246.894 316.005 235.474 332.336 255.097 328.863 266.517 312.532 
266.7 312.403 278.654 328.348 294.598 316.395 282.644 300.45 
275.833 281.622 282.811 300.287 300.944 308.552 293.966 289.887 
349.686 202.128 362.456 186.83 360.668 166.983 347.898 182.281 
368.75 130.804 357.287 147.106 360.708 166.737 372.171 150.436 
368.811 130.568 388.635 132.605 390.672 112.782 370.848 110.745 
371.756 95.288 352.922 101.799 370.844 110.512 389.678 104.001 
349.326 -6.11 347.584 -25.961 332.316 -38.767 334.057 -18.916 
312.446 -70.035 315.879 -50.405 332.187 -38.953 328.753 -58.583 
299.836 -85.763 312.331 -70.24 327.854 -82.735 315.359 -98.258 
308.429 -103.838 289.579 -97.374 280.822 -79.474 299.671 -85.938 
182.006 -151.418 201.858 -153.152 186.595 -165.964 166.743 -164.23 
130.582 -172.295 146.907 -160.865 166.532 -164.326 150.207 -175.756 
110.553 -174.624 130.343 -172.29 132.677 -192.081 112.886 -194.414 
103.691 -193.455 95.095 -175.477 101.729 -156.686 110.325 -174.665 
-39.043 -135.839 -19.191 -137.582 -6.388 -152.851 -26.238 -151.108 
-58.859 -132.222 -70.264 -115.881 -50.645 -119.37 -39.239 -135.711 
-98.456 -119.197 -86.186 -103.496 -70.484 -115.767 -82.754 -131.468 
-104.373 -111.839 -97.661 -93.076 -79.647 -84.555 -86.359 -103.318 
