-37.105 333.737 -19.89 343.775 -24.965 324.504 -42.18 314.466 
151.316 350.849 168.688 360.612 187.876 355.231 170.503 345.469 
313.894 239.43 333.071 234.012 342.8 216.62 323.623 222.038 
351.114 45.655 360.476 28.063 354.655 9.004 345.294 26.596 
221.725 -127.44 238.918 -117.364 233.885 -136.646 216.692 -146.721 
8.546 -158.646 25.883 -148.819 45.09 -154.13 27.753 -163.956 
-147.097 -19.88 -127.855 -25.063 -117.914 -42.333 -137.156 -37.15 
-158.637 188.25 -148.853 170.891 -154.211 151.697 -163.994 169.056 
-42.199 314.274 -61.51 319.197 -56.588 338.506 -37.277 333.584 
151.106 350.825 141.29 368.166 158.63 377.984 168.448 360.643 
332.995 234.224 313.833 239.693 319.302 258.856 338.465 253.386 
360.544 28.248 351.021 45.753 368.525 55.277 378.049 37.772 
253.341 -141.526 234.054 -136.51 239.071 -117.223 258.357 -122.24 
37.859 -181.326 27.986 -164.016 45.296 -154.143 55.169 -171.453 
-122.848 -61.71 -142.114 -56.619 -137.023 -37.353 -117.756 -42.445 
-171.546 141.66 -181.409 158.975 -164.094 168.839 -154.231 151.523 
-172.916 202.348 -152.991 202.671 -138.674 188.81 -158.599 188.487 
-19.756 363.766 -5.6 349.741 -5.507 329.815 -19.663 343.84 
202.205 369.2 202.178 349.272 188.068 335.2 188.096 355.128 
342.938 216.445 362.866 216.518 348.828 202.376 328.899 202.302 
334.67 8.057 354.583 8.827 369.208 -4.709 349.295 -5.479 
202.207 -132.882 216.484 -146.785 216.749 -166.711 202.472 -152.809 
8.113 -138.655 8.333 -158.581 -5.602 -172.826 -5.822 -152.9 
-153.116 -5.61 -133.189 -5.444 -147.162 -19.652 -167.09 -19.817 
-154.229 119.199 -174.006 121.649 -171.556 141.426 -151.779 138.976 
-174.05 121.423 -175.736 101.566 -195.593 103.252 -193.906 123.109 
-68.023 291.618 -78.594 308.51 -61.704 319.083 -51.131 302.191 
-78.758 308.357 -93.038 294.458 -106.937 308.739 -92.656 322.637 
140.214 348.313 120.303 349.152 121.142 369.061 141.053 368.222 
125.221 388.521 120.917 369.063 101.459 373.367 105.763 392.824 
304.632 245.363 290.981 259.88 305.498 273.532 319.148 259.015 
322.261 284.308 305.383 273.715 294.788 290.592 311.666 301.185 
368.589 55.465 348.699 56.71 349.944 76.598 369.833 75.353 
392.177 92.749 389.588 72.99 369.83 75.578 372.419 95.337 
258.52 -122.114 247.652 -105.411 264.355 -94.542 275.224 -111.245 
303.504 -109.366 290.309 -124.301 275.375 -111.107 288.569 -96.173 
75.144 -174.26 55.409 -171.499 58.171 -151.763 77.905 -154.524 
95.295 -174.8 94.769 -194.72 74.849 -194.194 75.375 -174.274 
-110.959 -77.995 -122.747 -61.928 -106.679 -50.14 -94.892 -66.208 
-97.562 -93.053 -112.467 -106.28 -125.694 -91.376 -110.79 -78.148 
-164.363 29.695 -151.52 14.458 -153.213 -5.398 -166.056 9.84 
-164.393 29.918 -175.795 46.263 -172.299 65.881 -160.898 49.537 
-194.307 83.769 -174.494 85.909 -172.353 66.097 -192.166 63.956 
-174.488 86.135 -193.455 92.247 -175.722 101.337 -156.754 95.225 
-135.848 235.524 -137.59 215.672 -152.859 202.867 -151.116 222.719 
-135.75 235.734 -132.028 255.311 -115.552 266.523 -119.275 246.947 
-130.921 279.215 -118.41 294.726 -102.899 282.215 -115.41 266.704 
-83.618 276.827 -102.751 282.401 -112.338 299.871 -93.206 294.297 
9.857 362.67 29.709 360.929 14.441 348.123 -5.411 349.864 
29.929 360.961 46.325 372.287 65.927 368.702 49.532 357.376 
63.333 388.484 83.062 391.292 85.87 371.563 66.141 368.755 
95.82 354.19 86.091 371.582 91.509 390.759 101.238 373.368 
202.408 349.202 222.283 347.739 235.301 332.652 215.427 334.114 
246.718 316.046 235.488 332.509 255.07 328.808 266.299 312.346 
266.51 312.234 278.202 328.372 294.338 316.681 282.646 300.543 
277.067 281.288 282.804 300.372 300.354 309.81 294.617 290.726 
348.88 202.164 362.017 187.18 360.712 167.296 347.574 182.28 
367.998 130.978 356.923 147.545 360.806 167.09 371.881 150.524 
368.03 130.735 387.812 133.143 390.219 113.361 370.437 110.954 
372.446 95.583 353.209 100.784 370.489 110.709 389.727 105.508 
349.192 -5.659 347.397 -25.505 332.095 -38.27 333.889 -18.424 
312.506 -69.703 315.763 -50.043 331.967 -38.445 328.71 -58.105 
299.933 -85.423 312.399 -69.877 327.945 -82.342 315.479 -97.889 
306.863 -104.192 288.69 -96.016 281.62 -77.385 299.793 -85.56 
182.426 -151.196 202.278 -152.932 187.014 -165.742 167.161 -164.006 
130.956 -171.924 147.302 -160.524 166.92 -164.021 150.575 -175.421 
110.996 -174.768 130.73 -171.992 133.506 -191.726 113.772 -194.502 
103.185 -193.195 95.517 -174.801 103.101 -156.374 110.769 -174.767 
-38.653 -135.76 -18.803 -137.519 -6.013 -152.8 -25.862 -151.04 
-58.486 -132.206 -69.907 -115.877 -50.284 -119.347 -38.863 -135.677 
-98.036 -119.232 -85.818 -103.49 -70.075 -115.709 -82.294 -131.451 
-103.953 -112.077 -97.432 -93.246 -79.505 -84.542 -86.027 -103.373 
