-34.797 325.094 -16.696 333.429 -23.602 314.736 -41.703 306.401 
144.289 343.643 162.181 352.417 181.037 345.97 163.145 337.196 
302.933 240.768 321.836 234.46 330.743 216.634 311.84 222.941 
344.66 54.268 353.178 36.252 346.464 17.49 337.945 35.505 
223.457 -116.697 241.791 -108.887 234.349 -127.373 216.015 -135.183 
15.324 -150.722 33.522 -142.6 52.132 -149.724 33.935 -157.847 
-137.611 -18.189 -118.788 -24.733 -110.107 -42.67 -128.929 -36.125 
-149.993 183.371 -141.481 165.354 -148.203 146.594 -156.715 164.611 
-42.307 306.572 -60.799 314.001 -53.37 332.491 -34.878 325.062 
143.772 344.64 135.973 362.977 154.31 370.777 162.11 352.44 
321.809 234.536 303.276 241.86 310.599 260.393 329.133 253.07 
353.196 36.337 345.891 54.877 364.431 62.183 371.737 43.642 
252.375 -135.957 234.411 -127.33 243.038 -109.366 261.002 -117.993 
42.006 -176.15 34.018 -157.893 52.275 -149.905 60.262 -168.162 
-116.91 -61.719 -135.652 -54.945 -128.878 -36.205 -110.137 -42.979 
-166.38 138.051 -174.817 156.104 -156.764 164.542 -148.326 146.489 
-164.785 196.764 -144.886 197.829 -130.061 184.512 -149.961 183.446 
-17.13 353.401 -2.686 339.673 -2.179 319.752 -16.623 333.48 
194.642 360.561 195.407 340.647 181.868 326.026 181.103 345.939 
330.777 216.564 350.674 217.678 337.393 202.822 317.495 201.708 
326.557 15.897 346.427 17.415 361.55 4.438 341.68 2.92 
200.276 -122.875 215.932 -135.205 218.284 -154.994 202.628 -142.664 
13.318 -130.87 15.236 -150.704 2.567 -166.086 0.649 -146.252 
-144.285 -4.371 -124.39 -3.216 -137.641 -18.1 -157.536 -19.254 
-155.356 112.025 -173.84 119.473 -166.392 137.957 -147.908 130.508 
-173.874 119.385 -173.568 99.46 -193.494 99.153 -193.8 119.079 
-66.11 286.263 -77.332 302.729 -60.866 313.952 -49.643 297.486 
-77.401 302.694 -95.571 294.51 -103.755 312.68 -85.585 320.863 
134.369 343.14 114.501 344.677 116.037 364.544 135.906 363.008 
127.36 380.904 115.971 364.551 99.619 375.94 111.008 392.293 
295.541 247.365 282.446 262.386 297.467 275.481 310.561 260.46 
317.048 279.048 297.432 275.542 293.924 295.158 313.54 298.664 
364.468 62.253 344.649 64.346 346.743 84.162 366.561 82.069 
392.279 93.665 385.183 75.043 366.562 82.138 373.658 100.76 
261.067 -117.967 250.305 -101.195 267.078 -90.434 277.839 -107.206 
305.993 -105.075 292.982 -120.169 277.888 -107.159 290.898 -92.065 
79.059 -175.014 60.344 -168.172 67.187 -149.455 85.902 -156.298 
98.837 -172.07 101.792 -191.777 82.085 -194.731 79.131 -175.024 
-108.223 -79.752 -116.881 -61.804 -98.933 -53.146 -90.274 -71.094 
-94.612 -94.419 -109.227 -107.966 -122.774 -93.351 -108.159 -79.804 
-159.055 29.462 -144.705 15.635 -144.335 -4.29 -158.685 9.537 
-159.085 29.558 -172.203 44.559 -170.87 64.443 -157.753 49.441 
-194.374 80.139 -174.838 84.071 -170.905 64.536 -190.441 60.603 
-174.846 84.169 -192.549 93.316 -173.563 99.367 -155.859 90.219 
-131.817 232.34 -131.203 212.422 -144.855 197.905 -145.467 217.823 
-131.777 232.411 -131.056 252.325 -116.463 265.897 -117.186 245.983 
-132.481 277.778 -120.679 293.835 -104.622 282.033 -116.424 265.976 
-85.173 277.496 -104.563 282.097 -115.02 299.06 -95.63 294.46 
10.558 354.661 30.445 355.936 17.285 340.972 -2.602 339.697 
30.514 355.976 45.028 369.631 64.946 369.024 50.433 355.369 
61.537 388.647 81.158 392.129 84.64 372.508 65.019 369.026 
96.289 356.306 84.703 372.52 87.976 392.177 99.562 375.963 
195.479 340.629 215.344 342.207 230.507 329.276 210.642 327.698 
244.396 314.889 230.573 329.243 250.497 328.868 264.32 314.513 
264.387 314.483 275.614 330.948 292.077 319.721 280.851 303.257 
277.736 283.529 280.895 303.204 297.04 314.884 293.881 295.209 
337.42 202.75 352.735 190.0 354.55 170.156 339.234 182.906 
367.44 135.584 353.866 150.174 354.585 170.089 368.159 155.499 
367.451 135.511 387.137 138.609 390.234 118.923 370.549 115.826 
373.665 100.826 354.086 104.54 370.557 115.758 390.135 112.044 
341.659 2.842 343.506 -16.999 330.781 -32.336 328.935 -12.494 
313.831 -65.113 315.519 -45.257 330.752 -32.41 329.065 -52.266 
301.393 -80.788 313.787 -65.184 329.39 -77.578 316.996 -93.182 
309.624 -98.983 290.952 -92.018 282.676 -73.891 301.346 -80.856 
182.651 -143.738 202.552 -142.72 189.2 -157.512 169.298 -158.53 
134.092 -169.612 149.362 -156.808 169.213 -158.551 153.944 -171.355 
114.244 -172.128 134.016 -169.638 136.506 -189.409 116.734 -191.899 
106.461 -190.509 98.912 -172.067 106.615 -153.689 114.164 -172.131 
-33.873 -133.186 -13.955 -132.564 0.568 -146.209 -19.349 -146.83 
-53.811 -131.412 -66.612 -116.14 -46.762 -117.887 -33.96 -133.159 
-94.627 -119.741 -82.484 -103.941 -66.683 -116.085 -78.826 -131.885 
-99.913 -113.682 -94.562 -94.486 -77.204 -84.696 -82.556 -103.892 
