-37.282 333.909 -20.045 343.91 -25.162 324.65 -42.399 314.649 
151.687 350.606 168.923 360.609 188.183 355.495 170.948 345.492 
314.333 238.8 333.607 233.737 343.655 216.529 324.382 221.591 
350.3 44.827 360.36 27.624 355.308 8.347 345.249 25.55 
221.481 -127.929 238.762 -118.005 233.56 -137.242 216.279 -147.166 
8.069 -158.796 25.347 -148.866 44.585 -154.061 27.307 -163.991 
-147.385 -19.809 -128.14 -24.983 -118.192 -42.249 -137.436 -37.075 
-159.032 188.458 -149.048 171.213 -154.183 151.958 -164.167 169.203 
-42.586 314.516 -61.841 319.653 -56.704 338.907 -37.45 333.77 
151.464 350.7 141.482 367.946 158.728 377.929 168.711 360.683 
333.451 233.922 314.209 239.106 319.393 258.348 338.635 253.164 
360.44 27.843 350.492 45.11 367.758 55.058 377.707 37.791 
253.051 -142.17 233.778 -137.106 238.842 -117.832 258.116 -122.896 
37.511 -181.247 27.489 -164.022 44.713 -154.0 54.735 -171.225 
-123.134 -61.66 -142.397 -56.553 -137.29 -37.292 -118.027 -42.399 
-171.526 141.763 -181.502 159.014 -164.251 168.99 -154.275 151.739 
-173.077 202.734 -153.149 202.766 -139.036 188.697 -158.964 188.665 
-19.86 363.894 -5.747 349.826 -5.714 329.899 -19.827 343.967 
202.466 369.551 202.494 349.623 188.425 335.512 188.396 355.44 
343.737 216.301 363.664 216.323 349.591 202.216 329.662 202.194 
335.336 8.09 355.264 8.114 369.372 -5.96 349.444 -5.984 
201.923 -133.181 216.038 -147.248 216.072 -167.176 201.957 -153.109 
7.866 -138.807 7.897 -158.733 -6.172 -172.846 -6.203 -152.919 
-153.346 -5.49 -133.418 -5.458 -147.486 -19.572 -167.414 -19.604 
-155.034 118.688 -174.708 121.859 -171.537 141.533 -151.863 138.362 
-174.756 121.641 -175.755 101.738 -195.658 102.736 -194.659 122.639 
-66.512 291.73 -78.186 307.879 -62.037 319.554 -50.363 303.404 
-78.329 307.727 -93.11 294.361 -106.476 309.142 -91.695 322.507 
138.099 348.3 118.423 351.461 121.584 371.136 141.26 367.975 
122.374 391.071 121.364 371.169 101.461 372.179 102.471 392.081 
303.118 246.889 291.456 263.048 307.614 274.71 319.276 258.552 
322.218 288.218 307.443 274.847 294.071 289.621 308.846 302.992 
367.761 55.284 348.084 58.448 351.249 78.122 370.924 74.959 
391.876 94.051 390.858 74.149 370.957 75.167 371.976 95.069 
258.334 -122.769 246.659 -106.62 262.808 -94.945 274.484 -111.094 
302.798 -112.347 288.016 -125.712 274.651 -110.931 289.433 -97.567 
74.601 -174.424 54.929 -171.247 58.107 -151.574 77.779 -154.751 
94.713 -175.452 93.709 -195.354 73.807 -194.35 74.811 -174.448 
-111.333 -78.03 -123.01 -61.882 -106.862 -50.205 -95.185 -66.352 
-97.786 -92.976 -112.566 -106.343 -125.933 -91.564 -111.154 -78.196 
-164.497 29.859 -151.7 14.583 -153.452 -5.267 -166.249 10.008 
-164.55 30.082 -175.946 46.43 -172.445 66.048 -161.049 49.7 
-194.74 83.615 -174.961 86.044 -172.532 66.265 -192.311 63.836 
-174.959 86.282 -193.719 93.001 -175.703 101.516 -156.942 94.796 
-136.011 235.607 -137.762 215.756 -153.037 202.959 -151.285 222.81 
-135.899 235.815 -132.414 255.435 -116.075 266.844 -119.561 247.225 
-131.627 279.301 -119.356 295.003 -103.654 282.731 -115.925 267.03 
-84.75 276.206 -103.513 282.92 -112.033 300.934 -93.27 294.221 
9.726 362.743 29.577 361.0 14.308 348.195 -5.544 349.939 
29.808 361.021 46.143 372.434 65.764 368.953 49.429 357.54 
63.556 388.781 83.335 391.213 85.767 371.435 65.989 369.002 
94.51 353.415 86.0 371.434 92.724 390.193 101.234 372.174 
202.682 349.51 222.532 347.757 235.33 332.482 215.479 334.234 
246.945 316.057 235.539 332.398 255.159 328.909 266.565 312.568 
266.742 312.423 279.021 328.119 294.715 315.84 282.436 300.145 
275.913 281.269 282.631 300.029 300.647 308.544 293.928 289.784 
349.699 202.015 362.495 186.738 360.741 166.889 347.945 182.165 
368.698 130.716 357.29 147.056 360.776 166.676 372.185 150.337 
368.76 130.507 388.539 132.935 390.967 113.156 371.187 110.728 
371.946 95.275 353.181 101.983 371.193 110.509 389.958 103.801 
349.312 -6.185 347.569 -26.035 332.3 -38.84 334.042 -18.989 
312.398 -70.087 315.88 -50.466 332.216 -39.054 328.734 -58.675 
299.97 -85.943 312.243 -70.244 327.942 -82.517 315.669 -98.216 
308.371 -104.135 289.605 -97.427 281.08 -79.416 299.844 -86.123 
181.879 -151.462 201.729 -153.211 186.456 -166.011 166.605 -164.261 
130.408 -172.217 146.749 -160.811 166.369 -164.301 150.028 -175.707 
110.4 -174.699 130.181 -172.286 132.594 -192.067 112.813 -194.48 
103.449 -193.45 94.932 -175.434 101.648 -156.673 110.165 -174.689 
-39.044 -135.835 -19.193 -137.578 -6.39 -152.848 -26.24 -151.105 
-58.862 -132.256 -70.275 -115.922 -50.655 -119.401 -39.241 -135.736 
-98.418 -119.215 -86.151 -103.512 -70.446 -115.779 -82.713 -131.483 
-104.366 -111.931 -97.652 -93.168 -79.637 -84.649 -86.351 -103.412 
