5.68 234.505 19.184 249.16 19.997 229.249 6.493 214.594 
113.991 244.381 127.026 259.454 146.902 260.896 133.867 245.822 
210.754 192.568 230.603 194.339 245.89 181.555 226.042 179.785 
245.148 88.326 260.829 76.027 263.221 56.244 247.54 68.542 
185.684 -28.133 197.559 -12.13 200.479 -31.842 188.604 -47.846 
57.727 -70.157 69.562 -54.124 89.267 -51.155 77.433 -67.188 
-52.336 13.203 -32.468 14.744 -17.33 1.785 -37.198 0.244 
-65.517 148.845 -51.247 134.937 -50.991 115.011 -65.261 128.919 
-1.794 216.025 -20.27 223.493 -12.802 241.968 5.674 234.499 
108.529 252.026 101.098 270.516 119.587 277.948 127.019 259.458 
230.598 194.343 212.212 202.028 219.897 220.415 238.283 212.73 
260.829 76.035 252.81 94.278 271.053 102.297 279.072 84.053 
219.397 -38.109 200.482 -31.838 206.753 -12.923 225.668 -19.194 
87.553 -84.356 77.438 -67.186 94.607 -57.071 104.723 -74.24 
-22.887 -24.039 -42.181 -19.052 -37.195 0.241 -17.901 -4.746 
-74.312 102.224 -83.132 120.094 -65.263 128.914 -56.443 111.044 
-85.405 147.576 -72.244 162.54 -52.358 163.815 -65.519 148.851 
3.948 262.0 23.803 263.699 39.044 250.862 19.189 249.163 
144.953 280.727 160.36 268.088 162.318 248.257 146.911 260.896 
245.895 181.548 257.934 197.428 260.651 177.688 248.612 161.806 
251.793 39.912 263.222 56.237 282.846 59.699 271.417 43.374 
169.105 -51.98 188.6 -47.852 205.305 -58.718 185.809 -62.847 
42.068 -57.828 57.722 -70.158 60.073 -89.947 44.418 -77.616 
-66.482 18.917 -52.517 33.133 -52.34 13.206 -66.305 -1.009 
-82.223 75.17 -91.794 92.649 -74.314 102.22 -64.744 84.74 
-91.791 92.65 -101.366 110.127 -83.889 119.702 -74.314 102.225 
-46.148 212.319 -38.797 230.84 -20.275 223.491 -27.625 204.969 
-38.799 230.839 -31.457 249.364 -12.931 242.022 -20.274 223.497 
82.6 263.091 75.174 281.584 93.666 289.009 101.092 270.517 
101.153 270.539 93.665 289.007 112.132 296.495 119.621 278.028 
201.493 228.064 209.139 246.467 227.542 238.821 219.896 220.42 
219.957 220.389 227.539 238.817 245.968 231.236 238.385 212.808 
271.054 102.302 263.104 120.577 281.378 128.525 289.327 110.251 
279.254 83.934 271.131 102.131 289.328 110.254 297.45 92.056 
225.672 -19.192 232.61 -0.511 251.291 -7.45 244.353 -26.13 
219.357 -39.143 225.349 -20.137 244.355 -26.13 238.362 -45.134 
113.127 -92.312 104.728 -74.242 122.799 -65.842 131.198 -83.912 
97.188 -104.265 85.234 -88.322 101.177 -76.368 113.131 -92.311 
-28.622 -43.128 -22.887 -24.043 -3.802 -29.778 -9.537 -48.862 
-48.44 -41.065 -46.381 -21.244 -26.56 -23.304 -28.619 -43.125 
-89.723 47.484 -72.189 38.014 -66.487 18.919 -84.021 28.389 
-89.724 47.487 -101.076 63.866 -97.522 83.474 -86.17 67.096 
-125.672 84.838 -110.918 98.233 -97.523 83.479 -112.277 70.084 
-110.92 98.235 -120.494 115.712 -101.366 110.125 -91.791 92.647 
-69.324 199.252 -63.182 180.294 -72.245 162.547 -78.386 181.505 
-69.321 199.258 -64.831 218.673 -47.927 229.227 -52.418 209.813 
-67.815 230.447 -66.6 250.338 -46.709 249.123 -47.924 229.232 
-38.801 230.836 -46.709 249.127 -39.366 267.653 -31.458 249.361 
31.491 282.091 49.927 289.659 42.242 271.272 23.807 263.704 
49.933 289.662 67.276 299.474 86.479 294.148 69.135 284.336 
73.282 309.072 88.205 322.278 101.412 307.355 86.488 294.149 
93.656 289.007 101.42 307.36 119.888 314.847 112.124 296.495 
160.368 268.086 178.311 276.757 197.129 270.201 179.187 261.53 
206.851 252.8 197.136 270.2 216.309 264.766 226.024 247.366 
226.029 247.361 226.895 267.27 246.804 266.403 245.937 246.494 
227.543 238.847 245.946 246.491 264.363 238.883 245.961 231.24 
260.658 177.682 279.603 171.502 288.628 153.736 269.684 159.916 
293.878 117.283 283.707 134.42 288.632 153.729 298.803 136.593 
293.881 117.277 308.01 131.33 322.063 117.202 307.935 103.148 
297.454 92.063 289.324 110.257 307.938 103.141 316.068 84.947 
271.417 43.367 279.894 25.333 273.137 6.586 264.659 24.62 
252.459 -23.887 256.488 -4.371 273.136 6.58 269.107 -12.936 
253.559 -43.791 252.457 -23.895 272.353 -22.792 273.456 -42.689 
247.567 -62.805 238.364 -45.13 244.356 -26.125 253.558 -43.799 
167.18 -69.934 185.806 -62.852 177.644 -81.03 159.018 -88.113 
123.246 -96.862 139.318 -85.081 159.013 -88.115 142.941 -99.896 
110.318 -112.033 123.242 -96.865 138.41 -109.788 125.487 -124.957 
94.373 -123.992 97.191 -104.265 113.132 -92.309 110.314 -112.036 
7.769 -74.025 26.837 -68.231 44.415 -77.618 25.348 -83.411 
-11.996 -71.459 -24.155 -55.672 -4.394 -58.236 7.766 -74.024 
-44.07 -75.613 -44.086 -55.686 -24.158 -55.67 -24.142 -75.597 
-63.911 -53.628 -48.439 -41.067 -28.618 -43.126 -44.09 -55.686 
