-37.338 333.819 -20.094 343.806 -25.225 324.551 -42.47 314.563 
151.667 350.778 168.954 360.692 188.187 355.479 170.9 345.565 
314.401 238.983 333.653 233.841 343.631 216.591 324.378 221.733 
350.373 44.778 360.353 27.529 355.214 8.276 345.234 25.524 
221.396 -127.967 238.668 -118.026 233.484 -137.268 216.213 -147.208 
8.0 -158.797 25.266 -148.846 44.51 -154.018 27.245 -163.969 
-147.425 -19.742 -128.189 -24.949 -118.27 -42.232 -137.506 -37.025 
-159.036 188.432 -149.076 171.173 -154.237 151.925 -164.197 169.184 
-42.637 314.438 -61.897 319.554 -56.781 338.813 -37.521 333.697 
151.526 350.693 141.473 367.898 158.677 377.952 168.731 360.747 
333.5 234.02 314.236 239.121 319.337 258.385 338.601 253.284 
360.426 27.753 350.426 44.99 367.662 54.99 377.663 37.754 
252.926 -142.249 233.66 -137.154 238.754 -117.889 258.02 -122.983 
37.526 -181.23 27.505 -164.006 44.73 -153.984 54.751 -171.209 
-123.184 -61.557 -142.46 -56.499 -137.402 -37.225 -118.127 -42.282 
-171.445 141.712 -181.458 158.942 -164.228 168.955 -154.215 151.725 
-173.047 202.669 -153.119 202.703 -139.005 188.635 -158.933 188.602 
-19.916 363.818 -5.802 349.751 -5.768 329.824 -19.882 343.891 
202.469 369.525 202.493 349.597 188.42 335.489 188.396 355.417 
343.681 216.36 363.609 216.402 349.549 202.281 329.62 202.239 
335.238 8.034 355.166 8.05 369.269 -6.03 349.341 -6.046 
201.923 -133.215 216.031 -147.29 216.054 -167.218 201.947 -153.143 
7.745 -138.754 7.78 -158.681 -6.287 -172.796 -6.321 -152.869 
-153.372 -5.461 -133.444 -5.431 -147.514 -19.543 -167.442 -19.572 
-154.999 118.646 -174.674 121.808 -171.512 141.484 -151.837 138.322 
-174.664 121.585 -175.668 101.682 -195.571 102.687 -194.566 122.589 
-66.552 291.616 -78.231 307.762 -62.086 319.442 -50.406 303.295 
-78.38 307.618 -93.163 294.255 -106.526 309.038 -91.743 322.4 
138.079 348.259 118.403 351.421 121.565 371.095 141.24 367.934 
122.37 391.017 121.337 371.116 101.435 372.149 102.468 392.05 
303.095 246.922 291.425 263.075 307.577 274.745 319.247 258.592 
322.187 288.259 307.422 274.877 294.039 289.641 308.803 303.023 
367.685 55.22 348.01 58.387 351.178 78.061 370.853 74.894 
391.783 94.012 390.783 74.109 370.881 75.108 371.881 95.011 
258.211 -122.875 246.536 -106.725 262.686 -95.05 274.361 -111.2 
302.671 -112.461 287.888 -125.824 274.525 -111.042 289.307 -97.679 
74.671 -174.464 54.996 -171.303 58.157 -151.627 77.832 -154.788 
94.811 -175.447 93.82 -195.35 73.918 -194.359 74.908 -174.456 
-111.392 -77.884 -123.054 -61.725 -106.896 -50.063 -95.233 -66.221 
-97.917 -92.834 -112.701 -106.197 -126.063 -91.414 -111.28 -78.051 
-164.486 29.868 -151.691 14.591 -153.446 -5.26 -166.241 10.018 
-164.548 30.069 -175.948 46.414 -172.451 66.032 -161.051 49.687 
-194.673 83.597 -174.893 86.019 -172.471 66.239 -192.251 63.817 
-174.96 86.227 -193.721 92.943 -175.706 101.461 -156.945 94.744 
-136.04 235.555 -137.772 215.703 -153.036 202.891 -151.302 222.743 
-135.925 235.742 -132.449 255.364 -116.115 266.781 -119.592 247.16 
-131.676 279.207 -119.413 294.916 -103.705 282.653 -115.968 266.944 
-84.808 276.117 -103.571 282.831 -112.091 300.845 -93.328 294.132 
9.676 362.667 29.527 360.917 14.254 348.118 -5.598 349.867 
29.763 360.947 46.102 372.354 65.722 368.866 49.383 357.459 
63.518 388.734 83.297 391.166 85.729 371.387 65.95 368.955 
94.488 353.366 85.974 371.383 92.694 390.144 101.208 372.127 
202.686 349.505 222.537 347.758 235.339 332.487 215.488 334.233 
246.951 316.063 235.537 332.399 255.159 328.918 266.572 312.582 
266.743 312.448 279.017 328.147 294.716 315.873 282.441 300.174 
275.884 281.3 282.621 300.053 300.646 308.551 293.908 289.797 
349.639 202.07 362.445 186.802 360.704 166.951 347.898 182.219 
368.664 130.754 357.251 147.089 360.731 166.711 372.145 150.375 
368.696 130.503 388.475 132.936 390.907 113.157 371.129 110.725 
371.879 95.239 353.116 101.955 371.131 110.473 389.894 103.758 
349.228 -6.244 347.483 -26.094 332.212 -38.897 333.957 -19.047 
312.299 -70.14 315.788 -50.52 332.128 -39.115 328.639 -58.735 
299.865 -86.02 312.143 -70.325 327.838 -82.603 315.56 -98.298 
308.25 -104.235 289.486 -97.524 280.965 -79.511 299.728 -86.222 
181.904 -151.452 201.755 -153.197 186.485 -166.0 166.634 -164.255 
130.483 -172.253 146.821 -160.843 166.441 -164.327 150.103 -175.737 
110.489 -174.688 130.267 -172.255 132.701 -192.033 112.922 -194.466 
103.557 -193.499 95.032 -175.487 101.74 -156.723 110.265 -174.735 
-39.205 -135.77 -19.354 -137.52 -6.555 -152.793 -26.405 -151.044 
-59.012 -132.115 -70.397 -115.761 -50.783 -119.274 -39.397 -135.629 
-98.574 -119.072 -86.296 -103.377 -70.6 -115.656 -82.878 -131.351 
-104.471 -111.718 -97.745 -92.959 -79.725 -84.451 -86.451 -103.21 
