29.404 200.735 40.492 217.294 44.36 197.745 33.272 181.186 
109.606 202.064 120.107 219.001 139.509 223.55 129.007 206.614 
178.196 164.77 197.488 169.76 214.659 159.645 195.366 154.656 
201.983 90.373 219.457 80.791 225.037 61.661 207.563 71.243 
157.72 1.462 166.49 19.357 172.942 0.502 164.172 -17.392 
62.529 -31.37 70.511 -13.11 89.066 -5.843 81.084 -24.102 
-20.746 35.865 -1.771 41.953 15.95 32.84 -3.025 26.752 
-27.489 141.895 -10.757 131.072 -6.578 111.587 -23.31 122.41 
17.187 184.988 1.44 197.2 13.652 212.947 29.399 200.734 
100.309 216.702 98.011 236.497 117.805 238.796 120.104 219.001 
197.487 169.765 181.873 182.147 194.255 197.761 209.869 185.379 
219.457 80.795 216.988 100.569 236.762 103.039 239.231 83.264 
188.866 -11.478 172.943 0.504 184.926 16.427 200.849 4.445 
84.248 -43.777 81.086 -24.101 100.762 -20.94 103.923 -40.615 
1.63 -1.044 -14.594 10.529 -3.022 26.751 13.202 15.179 
-40.052 99.736 -43.017 119.442 -23.311 122.406 -20.347 102.7 
-45.603 133.59 -38.67 152.273 -20.558 160.582 -27.49 141.899 
22.191 225.174 40.704 232.546 59.008 224.668 40.495 217.296 
132.441 242.182 150.616 234.008 157.687 215.378 139.513 223.552 
214.663 159.643 222.333 178.036 229.915 159.608 222.245 141.215 
218.207 42.936 225.037 61.657 243.104 70.066 236.274 51.344 
146.853 -27.256 164.17 -17.394 183.388 -22.666 166.072 -32.527 
43.112 -26.883 62.527 -31.372 73.082 -48.274 53.667 -43.786 
-35.951 34.646 -29.824 53.608 -20.748 35.867 -26.876 16.905 
-56.015 76.503 -59.649 96.097 -40.056 99.732 -36.421 80.138 
-59.646 96.096 -63.303 115.685 -43.714 119.342 -40.057 99.753 
-26.523 193.672 -14.308 209.415 1.437 197.201 -10.779 181.456 
-14.306 209.414 -2.09 225.159 13.654 212.943 1.439 197.199 
78.288 233.64 75.43 253.362 95.151 256.22 98.009 236.498 
98.008 236.499 95.151 256.222 114.873 259.079 117.73 239.357 
177.968 209.249 189.453 225.535 205.738 214.049 194.253 197.765 
194.258 197.764 205.737 214.052 222.026 202.575 210.548 186.286 
236.763 103.041 232.997 122.611 252.565 126.376 256.331 106.807 
240.53 83.469 236.761 103.038 256.328 106.806 260.097 87.238 
200.851 4.445 211.668 21.181 228.404 10.364 217.587 -6.372 
190.073 -12.466 200.784 4.339 217.588 -6.372 206.877 -23.176 
108.441 -60.024 103.926 -40.616 123.335 -36.1 127.851 -55.508 
89.293 -65.536 83.78 -46.387 102.929 -40.874 108.442 -60.023 
-8.639 -18.123 1.632 -1.046 18.709 -11.317 8.438 -28.394 
-26.088 -8.502 -16.467 8.95 0.984 -0.671 -8.636 -18.122 
-65.225 56.986 -45.963 51.879 -35.954 34.646 -55.216 39.754 
-65.225 56.988 -71.018 76.055 -61.631 93.634 -55.839 74.566 
-89.803 92.907 -76.081 107.358 -61.631 93.636 -75.352 79.185 
-76.083 107.359 -79.742 126.947 -63.303 115.684 -59.644 96.095 
-46.954 188.155 -35.382 171.932 -38.672 152.278 -50.243 168.502 
-46.953 188.158 -36.232 204.956 -16.773 209.253 -27.494 192.456 
-36.698 209.222 -36.731 229.15 -16.803 229.182 -16.77 209.254 
-14.306 209.414 -16.801 229.185 -4.586 244.929 -2.09 225.158 
41.783 252.449 56.615 265.758 55.538 245.859 40.706 232.55 
56.618 265.76 76.183 269.543 92.693 258.384 73.128 254.6 
78.895 272.758 93.27 286.559 107.071 272.185 92.696 258.383 
95.149 256.221 107.073 272.187 126.795 275.045 114.871 259.078 
150.62 234.01 164.668 248.144 184.596 248.206 170.548 234.071 
188.732 228.712 184.599 248.206 201.306 237.344 205.44 217.85 
205.443 217.848 205.834 237.772 225.757 237.381 225.366 217.456 
205.735 214.052 225.37 217.455 241.66 205.978 222.025 202.576 
229.919 159.608 249.845 159.866 264.117 145.959 244.191 145.701 
258.561 109.556 253.801 128.907 264.119 145.956 268.878 126.605 
258.561 109.553 272.473 123.821 286.741 109.909 272.829 95.641 
260.098 87.24 256.329 106.809 272.831 95.637 276.6 76.069 
236.276 51.342 249.875 36.776 249.192 16.86 235.593 31.426 
220.294 -5.96 230.019 11.434 249.194 16.857 239.469 -0.537 
221.898 -25.824 220.291 -5.962 240.154 -4.355 241.76 -24.218 
211.188 -42.632 206.878 -23.175 217.589 -6.371 221.898 -25.827 
150.115 -44.467 166.071 -32.53 163.229 -52.254 147.272 -64.191 
110.557 -61.368 129.499 -55.177 147.271 -64.192 128.329 -70.384 
98.802 -77.461 110.555 -61.368 126.648 -73.12 114.896 -89.213 
79.652 -82.975 89.295 -65.536 108.444 -60.024 98.801 -77.463 
17.152 -48.543 34.424 -38.602 53.664 -43.787 36.393 -53.727 
-0.98 -40.271 -7.952 -21.604 10.178 -29.874 17.15 -48.542 
-25.715 -43.482 -27.774 -23.661 -7.953 -21.602 -5.893 -41.422 
-45.23 -14.042 -26.087 -8.503 -8.635 -18.122 -27.777 -23.661 
