-37.26 333.997 -19.969 343.903 -25.191 324.672 -42.482 314.766 
151.671 350.668 168.925 360.639 188.176 355.49 170.922 345.518 
314.46 239.054 333.689 233.821 343.585 216.524 324.357 221.757 
350.435 44.811 360.411 27.559 355.266 8.307 345.291 25.559 
221.474 -127.944 238.777 -118.057 233.533 -137.282 216.23 -147.169 
8.145 -158.82 25.388 -148.831 44.644 -153.96 27.401 -163.949 
-147.388 -19.8 -128.152 -25.005 -118.23 -42.286 -137.466 -37.082 
-159.019 188.382 -149.029 171.139 -154.158 151.883 -164.148 169.125 
-42.48 314.651 -61.762 319.686 -56.727 338.966 -37.445 333.931 
151.474 350.687 141.469 367.92 158.701 377.927 168.708 360.693 
333.657 234.062 314.369 239.07 319.377 258.359 338.665 253.351 
360.433 27.778 350.449 45.024 367.695 55.008 377.679 37.761 
253.033 -142.278 233.753 -137.237 238.794 -117.957 258.074 -122.998 
37.616 -181.249 27.618 -164.011 44.857 -154.014 54.854 -171.252 
-123.154 -61.593 -142.429 -56.531 -137.367 -37.258 -118.093 -42.32 
-171.467 141.676 -181.46 158.917 -164.219 168.91 -154.226 151.669 
-173.081 202.678 -153.153 202.701 -139.046 188.626 -158.974 188.603 
-19.834 363.922 -5.716 349.859 -5.677 329.932 -19.794 343.995 
202.438 369.523 202.478 349.595 188.417 335.476 188.376 355.404 
343.699 216.309 363.627 216.315 349.541 202.22 329.612 202.213 
335.248 8.046 355.176 8.11 369.312 -5.937 349.384 -6.0 
201.921 -133.195 216.037 -147.261 216.072 -167.189 201.956 -153.123 
7.896 -138.826 7.914 -158.753 -6.163 -172.858 -6.182 -152.931 
-153.316 -5.522 -133.388 -5.494 -147.46 -19.604 -167.388 -19.632 
-154.972 118.62 -174.648 121.774 -171.494 141.451 -151.817 138.297 
-174.69 121.559 -175.689 101.656 -195.592 102.655 -194.593 122.558 
-66.442 291.765 -78.095 307.929 -61.931 319.583 -50.278 303.418 
-78.251 307.761 -93.045 294.41 -106.396 309.204 -91.602 322.554 
138.083 348.297 118.406 351.454 121.562 371.129 141.239 367.973 
122.309 391.053 121.33 371.149 101.426 372.128 102.405 392.032 
303.06 246.897 291.425 263.076 307.604 274.71 319.237 258.532 
322.223 288.286 307.468 274.893 294.074 289.647 308.828 303.04 
367.756 55.22 348.078 58.369 351.228 78.045 370.905 74.896 
391.838 93.964 390.79 74.063 370.89 75.111 371.938 95.012 
258.244 -122.842 246.596 -106.673 262.765 -95.025 274.413 -111.194 
302.742 -112.447 287.961 -125.811 274.596 -111.03 289.378 -97.666 
74.732 -174.447 55.057 -171.287 58.216 -151.611 77.891 -154.771 
94.823 -175.454 93.812 -195.355 73.911 -194.344 74.921 -174.443 
-111.394 -77.929 -123.051 -61.767 -106.888 -50.11 -95.232 -66.272 
-97.872 -92.85 -112.664 -106.203 -126.017 -91.41 -111.225 -78.057 
-164.503 29.793 -151.69 14.531 -153.422 -5.322 -166.235 9.941 
-164.533 30.017 -175.948 46.352 -172.469 65.973 -161.054 49.638 
-194.728 83.534 -174.95 85.97 -172.514 66.192 -192.292 63.756 
-174.94 86.2 -193.703 92.911 -175.69 101.434 -156.926 94.723 
-135.995 235.548 -137.748 215.697 -153.024 202.901 -151.27 222.752 
-135.907 235.784 -132.41 255.402 -116.065 266.802 -119.562 247.185 
-131.595 279.289 -119.313 294.982 -103.62 282.699 -115.902 267.006 
-84.708 276.222 -103.474 282.926 -112.003 300.937 -93.236 294.232 
9.748 362.696 29.6 360.954 14.332 348.148 -5.52 349.89 
29.788 361.037 46.123 372.449 65.744 368.968 49.409 357.556 
63.546 388.748 83.327 391.163 85.741 371.382 65.96 368.968 
94.448 353.396 85.965 371.428 92.718 390.177 101.2 372.145 
202.68 349.525 222.531 347.777 235.332 332.505 215.48 334.253 
246.917 316.043 235.504 332.379 255.125 328.898 266.538 312.562 
266.739 312.472 279.002 328.179 294.709 315.916 282.446 300.209 
275.841 281.285 282.594 300.034 300.625 308.516 293.872 289.768 
349.62 201.985 362.428 186.718 360.69 166.867 347.882 182.134 
368.715 130.69 357.308 147.031 360.797 166.651 372.204 150.31 
368.718 130.466 388.497 132.891 390.923 113.112 371.143 110.686 
371.963 95.231 353.19 101.916 371.192 110.463 389.965 103.778 
349.32 -6.212 347.566 -26.062 332.289 -38.857 334.043 -19.008 
312.32 -70.062 315.82 -50.444 332.166 -39.048 328.666 -58.666 
299.935 -85.966 312.215 -70.273 327.908 -82.553 315.628 -98.246 
308.276 -104.161 289.513 -97.446 280.996 -79.431 299.757 -86.146 
181.902 -151.456 201.752 -153.214 186.474 -166.007 166.623 -164.249 
130.45 -172.246 146.793 -160.842 166.412 -164.334 150.07 -175.738 
110.454 -174.688 130.232 -172.253 132.667 -192.032 112.889 -194.467 
103.524 -193.499 95.016 -175.479 101.741 -156.721 110.25 -174.741 
-39.065 -135.801 -19.213 -137.546 -6.411 -152.817 -26.262 -151.072 
-58.916 -132.191 -70.32 -115.85 -50.701 -119.339 -39.296 -135.681 
-98.5 -119.108 -86.225 -103.41 -70.527 -115.686 -82.802 -131.383 
-104.445 -111.782 -97.728 -93.02 -79.711 -84.504 -86.429 -103.266 
