-37.269 333.911 -20.016 343.883 -25.165 324.632 -42.418 314.66 
151.676 350.617 168.91 360.622 188.171 355.511 170.937 345.506 
314.407 238.863 333.666 233.744 343.665 216.505 324.406 221.625 
350.37 44.809 360.39 27.583 355.294 8.318 345.275 25.544 
221.473 -127.961 238.766 -118.058 233.54 -137.289 216.247 -147.192 
8.01 -158.809 25.251 -148.815 44.509 -153.94 27.268 -163.934 
-147.431 -19.766 -128.196 -24.972 -118.276 -42.255 -137.511 -37.049 
-159.02 188.379 -149.046 171.127 -154.193 151.876 -164.166 169.127 
-42.583 314.534 -61.848 319.632 -56.751 338.896 -37.486 333.799 
151.413 350.675 141.446 367.93 158.7 377.898 168.668 360.643 
333.578 233.953 314.317 239.069 319.433 258.329 338.693 253.213 
360.431 27.809 350.445 45.055 367.691 55.04 377.676 37.794 
253.039 -142.235 233.76 -137.188 238.807 -117.91 258.086 -122.956 
37.499 -181.225 27.52 -163.977 44.769 -153.997 54.748 -171.246 
-123.198 -61.563 -142.471 -56.497 -137.405 -37.224 -118.132 -42.291 
-171.463 141.682 -181.453 158.924 -164.211 168.915 -154.22 151.673 
-173.059 202.645 -153.131 202.678 -139.017 188.61 -158.945 188.577 
-19.828 363.917 -5.722 349.841 -5.701 329.914 -19.806 343.99 
202.447 369.521 202.486 349.593 188.423 335.475 188.384 355.403 
343.788 216.322 363.716 216.349 349.644 202.239 329.715 202.213 
335.267 8.051 355.195 8.109 369.326 -5.941 349.398 -5.999 
201.924 -133.236 216.042 -147.3 216.08 -167.228 201.962 -153.164 
7.743 -138.779 7.768 -158.706 -6.305 -172.815 -6.33 -152.888 
-153.375 -5.507 -133.447 -5.475 -147.516 -19.588 -167.444 -19.62 
-154.982 118.639 -174.659 121.793 -171.504 141.47 -151.827 138.315 
-174.668 121.582 -175.667 101.679 -195.57 102.677 -194.571 122.58 
-66.519 291.67 -78.194 307.819 -62.046 319.495 -50.37 303.345 
-78.388 307.686 -93.17 294.322 -106.534 309.104 -91.752 322.467 
138.029 348.324 118.359 351.517 121.552 371.187 141.222 367.994 
122.304 391.075 121.328 371.171 101.424 372.146 102.4 392.051 
303.147 246.81 291.457 262.949 307.596 274.638 319.285 258.5 
322.277 288.143 307.461 274.817 294.134 289.633 308.951 302.958 
367.752 55.254 348.077 58.429 351.252 78.101 370.926 74.927 
391.826 94.066 390.843 74.163 370.94 75.146 371.924 95.05 
258.288 -122.8 246.621 -106.644 262.777 -94.977 274.444 -111.132 
302.802 -112.398 288.028 -125.771 274.654 -110.997 289.428 -97.625 
74.65 -174.492 54.976 -171.326 58.142 -151.651 77.816 -154.817 
94.782 -175.469 93.783 -195.371 73.881 -194.371 74.88 -174.469 
-111.411 -77.885 -123.071 -61.724 -106.91 -50.065 -95.25 -66.225 
-97.935 -92.847 -112.731 -106.196 -126.08 -91.4 -111.284 -78.051 
-164.464 29.814 -151.659 14.545 -153.403 -5.307 -166.207 9.963 
-164.548 30.011 -175.958 46.35 -172.472 65.97 -161.063 49.632 
-194.668 83.558 -174.888 85.986 -172.46 66.207 -192.24 63.779 
-174.932 86.22 -193.693 92.936 -175.678 101.454 -156.916 94.737 
-136.052 235.542 -137.791 215.69 -153.059 202.884 -151.318 222.736 
-135.922 235.723 -132.44 255.344 -116.103 266.756 -119.586 247.136 
-131.716 279.24 -119.446 294.942 -103.744 282.672 -116.014 266.97 
-84.8 276.113 -103.561 282.833 -112.076 300.85 -93.315 294.13 
9.761 362.705 29.612 360.955 14.338 348.156 -5.513 349.905 
29.809 361.033 46.148 372.44 65.768 368.953 49.43 357.546 
63.567 388.746 83.349 391.159 85.761 371.378 65.98 368.965 
94.487 353.407 85.974 371.425 92.695 390.185 101.208 372.167 
202.711 349.529 222.562 347.777 235.36 332.503 215.509 334.254 
246.953 316.024 235.549 332.366 255.168 328.875 266.573 312.532 
266.771 312.419 279.032 328.128 294.741 315.867 282.479 300.158 
275.962 281.233 282.647 300.005 300.648 308.553 293.963 289.781 
349.674 202.026 362.485 186.762 360.751 166.91 347.94 182.174 
368.765 130.753 357.345 147.085 360.818 166.708 372.238 150.376 
368.767 130.532 388.547 132.95 390.965 113.17 371.185 110.752 
371.947 95.28 353.185 101.998 371.201 110.514 389.963 103.796 
349.328 -6.211 347.587 -26.062 332.318 -38.868 334.06 -19.017 
312.363 -70.07 315.85 -50.45 332.189 -39.043 328.702 -58.663 
299.996 -85.971 312.274 -70.276 327.969 -82.555 315.691 -98.249 
308.346 -104.135 289.579 -97.433 281.048 -79.424 299.815 -86.126 
181.89 -151.477 201.74 -153.221 186.471 -166.025 166.62 -164.28 
130.452 -172.276 146.791 -160.867 166.411 -164.353 150.072 -175.762 
110.452 -174.711 130.232 -172.287 132.656 -192.067 112.876 -194.491 
103.529 -193.532 95.003 -175.52 101.711 -156.756 110.237 -174.768 
-39.209 -135.749 -19.36 -137.519 -6.578 -152.806 -26.426 -151.036 
-59.033 -132.104 -70.413 -115.746 -50.799 -119.266 -39.419 -135.625 
-98.589 -119.06 -86.307 -103.368 -70.615 -115.652 -82.897 -131.343 
-104.495 -111.717 -97.756 -92.963 -79.73 -84.467 -86.469 -103.221 
