-37.155 333.945 -19.912 343.935 -25.041 324.679 -42.284 314.689 
151.731 350.818 169.053 360.671 188.268 355.389 170.946 345.537 
314.297 238.661 333.588 233.667 343.698 216.494 324.407 221.488 
350.438 44.928 360.4 27.669 355.24 8.421 345.278 25.68 
221.219 -128.079 238.347 -117.892 233.439 -137.206 216.311 -147.393 
8.09 -158.795 25.339 -148.815 44.593 -153.956 27.344 -163.935 
-147.354 -19.812 -128.111 -24.993 -118.169 -42.262 -137.411 -37.081 
-158.99 188.442 -149.061 171.165 -154.257 151.927 -164.186 169.204 
-42.296 314.598 -61.605 319.525 -56.679 338.833 -37.37 333.907 
151.532 350.862 141.634 368.157 158.928 378.056 168.827 360.761 
333.485 233.884 314.192 238.875 319.183 258.168 338.476 253.177 
360.418 27.897 350.478 45.169 367.749 55.109 377.69 37.837 
252.946 -142.025 233.634 -137.107 238.552 -117.795 257.864 -122.713 
37.594 -181.2 27.571 -163.976 44.795 -153.953 54.817 -171.177 
-123.136 -61.672 -142.402 -56.578 -137.309 -37.313 -118.043 -42.407 
-171.485 141.738 -181.469 158.984 -164.222 168.968 -154.239 151.721 
-172.972 202.749 -153.044 202.75 -138.952 188.66 -158.88 188.659 
-19.512 363.966 -5.562 349.737 -5.757 329.811 -19.708 344.04 
202.592 369.428 202.573 349.5 188.469 335.423 188.489 355.351 
343.803 216.289 363.73 216.083 349.495 202.138 329.567 202.345 
335.19 8.166 355.118 8.211 369.241 -5.849 349.313 -5.894 
202.331 -133.13 216.138 -147.499 215.741 -167.423 201.933 -153.054 
7.861 -138.779 7.882 -158.706 -6.194 -172.812 -6.215 -152.885 
-153.328 -5.51 -133.4 -5.505 -147.487 -19.6 -167.415 -19.605 
-154.979 118.726 -174.662 121.836 -171.552 141.52 -151.868 138.41 
-174.666 121.619 -175.605 101.713 -195.511 102.652 -194.572 122.558 
-66.7 291.643 -78.108 307.982 -61.77 319.39 -50.361 303.052 
-78.281 307.857 -93.033 294.46 -106.43 309.212 -91.678 322.608 
138.264 348.457 118.584 351.596 121.722 371.274 141.402 368.136 
122.229 391.228 121.512 371.313 101.596 372.031 102.314 391.946 
302.362 247.444 291.453 264.12 308.129 275.03 319.038 258.354 
322.177 289.226 307.999 275.224 293.996 289.402 308.174 303.404 
367.833 55.308 348.122 58.251 351.066 77.959 370.776 75.016 
391.944 93.785 390.632 73.9 370.748 75.212 372.06 95.097 
258.034 -122.561 246.713 -106.161 263.112 -94.84 274.433 -111.24 
302.782 -112.049 288.231 -125.665 274.615 -111.113 289.167 -97.499 
74.708 -174.472 55.044 -171.248 58.268 -151.582 77.932 -154.806 
94.84 -175.446 93.848 -195.348 73.946 -194.356 74.938 -174.453 
-111.296 -77.99 -122.975 -61.843 -106.828 -50.165 -95.149 -66.311 
-97.818 -92.95 -112.608 -106.305 -125.964 -91.516 -111.174 -78.16 
-164.416 29.849 -151.619 14.573 -153.372 -5.278 -166.169 9.998 
-164.495 30.064 -175.916 46.394 -172.445 66.017 -161.024 49.687 
-194.747 83.484 -174.98 86.012 -172.452 66.246 -192.219 63.717 
-175.013 86.248 -193.718 93.12 -175.632 101.487 -156.927 94.615 
-136.014 235.665 -137.722 215.811 -152.97 202.98 -151.261 222.835 
-135.867 235.864 -132.398 255.488 -116.069 266.911 -119.538 247.288 
-131.447 279.659 -118.924 295.16 -103.422 282.637 -115.946 267.135 
-84.35 276.407 -103.225 282.801 -112.049 300.668 -93.175 294.274 
9.903 362.647 29.756 360.923 14.498 348.104 -5.355 349.829 
29.968 360.993 46.339 372.353 65.949 368.81 49.578 357.449 
63.697 388.634 83.472 391.098 85.936 371.323 66.161 368.859 
94.554 353.269 86.15 371.338 92.984 390.058 101.388 371.989 
202.754 349.399 222.613 347.743 235.484 332.529 215.625 334.186 
247.043 316.075 235.656 332.43 255.272 328.917 266.658 312.562 
266.837 312.456 279.433 327.898 294.875 315.302 282.278 299.86 
275.872 280.878 282.432 299.694 300.375 308.362 293.815 289.546 
349.549 201.924 362.462 186.746 360.859 166.883 347.947 182.062 
368.582 130.658 357.296 147.082 360.929 166.676 372.215 150.252 
368.599 130.446 388.309 133.384 391.248 113.675 371.538 110.736 
372.085 95.292 353.436 102.317 371.59 110.536 390.239 103.512 
349.216 -6.128 347.5 -25.981 332.248 -38.807 333.964 -18.954 
312.303 -70.062 315.771 -50.439 332.098 -39.015 328.631 -58.639 
300.02 -86.084 312.152 -70.276 327.96 -82.409 315.828 -98.217 
307.919 -104.493 289.326 -97.323 281.249 -79.106 299.842 -86.276 
181.889 -151.387 201.74 -153.126 186.474 -165.933 166.622 -164.194 
130.492 -172.289 146.8 -160.836 166.43 -164.269 150.122 -175.722 
110.498 -174.622 130.291 -172.306 132.607 -192.099 112.814 -194.415 
103.647 -193.481 95.064 -175.496 101.712 -156.711 110.295 -174.695 
-39.067 -135.763 -19.217 -137.522 -6.426 -152.802 -26.275 -151.043 
-58.885 -132.169 -70.292 -115.83 -50.673 -119.317 -39.265 -135.656 
-98.45 -119.147 -86.181 -103.444 -70.478 -115.713 -82.746 -131.416 
-104.354 -111.847 -97.657 -93.078 -79.65 -84.542 -86.347 -103.311 
