-37.34 333.915 -20.077 343.87 -25.244 324.624 -42.508 314.669 
151.692 350.645 168.937 360.633 188.193 355.502 170.948 345.514 
314.552 239.01 333.778 233.768 343.665 216.466 324.44 221.708 
350.525 44.796 360.474 27.529 355.299 8.285 345.351 25.552 
221.492 -127.921 238.793 -118.031 233.552 -137.258 216.251 -147.147 
8.043 -158.8 25.316 -148.862 44.557 -154.05 27.283 -163.987 
-147.421 -19.818 -128.167 -24.955 -118.185 -42.202 -137.439 -37.064 
-159.072 188.324 -149.12 171.059 -154.291 151.814 -164.243 169.079 
-42.601 314.521 -61.87 319.607 -56.785 338.874 -37.516 333.789 
151.473 350.717 141.471 367.952 158.705 377.955 168.708 360.72 
333.622 233.957 314.348 239.024 319.415 258.297 338.688 253.23 
360.544 27.738 350.517 44.959 367.738 54.986 377.765 37.765 
253.064 -142.231 233.782 -137.197 238.817 -117.915 258.098 -122.95 
37.522 -181.311 27.491 -164.092 44.709 -154.061 54.741 -171.279 
-123.164 -61.648 -142.421 -56.519 -137.292 -37.263 -118.035 -42.393 
-171.527 141.611 -181.556 158.831 -164.336 168.86 -154.307 151.64 
-173.135 202.615 -153.207 202.657 -139.086 188.596 -159.014 188.554 
-19.91 363.88 -5.796 349.813 -5.761 329.886 -19.875 343.953 
202.495 369.543 202.514 349.615 188.436 335.512 188.418 355.44 
343.746 216.235 363.674 216.277 349.613 202.156 329.684 202.114 
335.324 8.075 355.252 8.069 369.339 -6.025 349.411 -6.02 
201.951 -133.179 216.058 -147.254 216.08 -167.182 201.973 -153.107 
7.788 -138.815 7.827 -158.742 -6.236 -172.861 -6.275 -152.934 
-153.361 -5.515 -133.433 -5.482 -147.5 -19.596 -167.428 -19.63 
-155.006 118.556 -174.681 121.722 -171.515 141.397 -151.84 138.23 
-174.711 121.531 -175.723 101.628 -195.625 102.641 -194.613 122.543 
-66.52 291.661 -78.199 307.806 -62.055 319.487 -50.374 303.342 
-78.365 307.665 -93.143 294.297 -106.512 309.075 -91.733 322.443 
138.076 348.302 118.4 351.462 121.56 371.137 141.236 367.977 
122.386 391.082 121.34 371.182 101.44 372.228 102.486 392.128 
303.148 246.822 291.47 262.97 307.618 274.647 319.295 258.499 
322.243 288.156 307.457 274.797 294.097 289.581 308.882 302.941 
367.756 55.201 348.081 58.375 351.255 78.048 370.929 74.874 
391.853 93.983 390.857 74.08 370.955 75.077 371.951 94.98 
258.285 -122.811 246.606 -106.664 262.753 -94.986 274.432 -111.133 
302.716 -112.418 287.92 -125.767 274.571 -110.971 289.367 -97.623 
74.651 -174.449 54.976 -171.29 58.136 -151.614 77.811 -154.774 
94.774 -175.505 93.772 -195.406 73.87 -194.404 74.872 -174.502 
-111.357 -78.003 -123.04 -61.859 -106.896 -50.177 -95.213 -66.321 
-97.842 -92.949 -112.624 -106.313 -125.988 -91.531 -111.206 -78.167 
-164.515 29.809 -151.716 14.535 -153.466 -5.316 -166.265 9.958 
-164.555 30.03 -175.959 46.372 -172.468 65.992 -161.063 49.65 
-194.721 83.564 -174.941 85.986 -172.519 66.206 -192.299 63.784 
-174.953 86.199 -193.714 92.914 -175.7 101.433 -156.937 94.717 
-136.082 235.527 -137.817 215.675 -153.082 202.865 -151.346 222.718 
-135.957 235.735 -132.48 255.357 -116.146 266.773 -119.624 247.152 
-131.699 279.224 -119.436 294.932 -103.728 282.669 -115.991 266.961 
-84.8 276.13 -103.561 282.849 -112.076 300.866 -93.315 294.147 
9.673 362.719 29.524 360.974 14.254 348.171 -5.598 349.916 
29.76 361.008 46.099 372.415 65.719 368.926 49.38 357.52 
63.52 388.784 83.298 391.219 85.734 371.441 65.955 369.005 
94.525 353.426 85.978 371.427 92.663 390.2 101.21 372.199 
202.705 349.502 222.557 347.755 235.358 332.482 215.506 334.23 
246.974 316.046 235.568 332.387 255.187 328.897 266.594 312.557 
266.776 312.411 279.064 328.1 294.752 315.813 282.464 300.124 
275.927 281.243 282.657 299.999 300.678 308.504 293.948 289.748 
349.733 201.947 362.522 186.665 360.76 166.816 347.97 182.098 
368.699 130.626 357.298 146.97 360.793 166.589 372.194 150.245 
368.765 130.413 388.544 132.845 390.976 113.066 371.198 110.634 
371.929 95.183 353.175 101.923 371.202 110.417 389.956 103.677 
349.291 -6.211 347.539 -26.061 332.265 -38.859 334.016 -19.009 
312.353 -70.111 315.839 -50.49 332.177 -39.082 328.691 -58.703 
299.908 -85.987 312.177 -70.285 327.879 -82.553 315.611 -98.256 
308.292 -104.21 289.533 -97.485 281.024 -79.466 299.782 -86.19 
181.922 -151.459 201.773 -153.203 186.504 -166.007 166.652 -164.262 
130.47 -172.237 146.815 -160.837 166.434 -164.333 150.089 -175.734 
110.472 -174.73 130.251 -172.298 132.682 -192.077 112.904 -194.509 
103.512 -193.497 95.004 -175.477 101.73 -156.72 110.238 -174.74 
-39.114 -135.802 -19.262 -137.543 -6.457 -152.811 -26.308 -151.07 
-58.944 -132.233 -70.363 -115.903 -50.741 -119.374 -39.321 -135.705 
-98.493 -119.19 -86.23 -103.482 -70.522 -115.745 -82.784 -131.453 
-104.418 -111.887 -97.717 -93.12 -79.708 -84.587 -86.409 -103.355 
