-37.374 333.88 -20.075 343.772 -25.312 324.545 -42.612 314.652 
151.67 350.832 168.958 360.744 188.191 355.528 170.903 345.616 
314.354 238.845 333.615 233.734 343.62 216.499 324.359 221.611 
350.309 44.756 360.349 27.543 355.277 8.271 345.237 25.485 
221.4 -127.936 238.674 -117.998 233.487 -137.239 216.213 -147.176 
7.987 -158.782 25.256 -148.837 44.499 -154.016 27.23 -163.961 
-147.366 -19.817 -128.127 -25.011 -118.197 -42.287 -137.436 -37.093 
-159.017 188.36 -149.08 171.087 -154.268 151.846 -164.204 169.119 
-42.612 314.542 -61.897 319.563 -56.876 338.847 -37.591 333.826 
151.545 350.693 141.479 367.89 158.676 377.957 168.743 360.76 
333.52 233.939 314.263 239.065 319.389 258.322 338.646 253.196 
360.388 27.775 350.432 45.038 367.694 54.994 377.65 37.731 
252.967 -142.212 233.698 -137.131 238.779 -117.862 258.048 -122.943 
37.489 -181.227 27.459 -164.007 44.679 -153.978 54.709 -171.198 
-123.113 -61.588 -142.387 -56.523 -137.322 -37.25 -118.049 -42.315 
-171.408 141.672 -181.465 158.876 -164.261 168.933 -154.204 151.73 
-173.083 202.615 -153.155 202.654 -139.037 188.591 -158.965 188.552 
-19.898 363.817 -5.792 349.742 -5.768 329.815 -19.875 343.89 
202.449 369.529 202.478 349.601 188.409 335.49 188.38 355.418 
343.735 216.306 363.663 216.345 349.601 202.226 329.672 202.187 
335.25 8.028 355.178 8.062 369.292 -6.005 349.364 -6.039 
201.889 -133.223 216.004 -147.29 216.038 -167.218 201.923 -153.151 
7.746 -138.755 7.771 -158.682 -6.303 -172.791 -6.328 -152.864 
-153.312 -5.559 -133.384 -5.527 -147.452 -19.64 -167.38 -19.673 
-154.933 118.638 -174.608 121.805 -171.441 141.479 -151.767 138.313 
-174.629 121.584 -175.635 101.682 -195.537 102.687 -194.531 122.59 
-66.558 291.586 -78.223 307.741 -62.069 319.408 -50.402 303.252 
-78.397 307.591 -93.183 294.231 -106.543 309.017 -91.758 322.376 
138.093 348.282 118.42 351.459 121.598 371.131 141.271 367.954 
122.385 391.023 121.379 371.12 101.477 372.126 102.482 392.028 
303.118 246.81 291.426 262.947 307.563 274.639 319.254 258.502 
322.234 288.166 307.439 274.817 294.089 289.61 308.884 302.96 
367.752 55.227 348.078 58.402 351.254 78.075 370.927 74.899 
391.812 94.046 390.83 74.142 370.927 75.124 371.909 95.028 
258.239 -122.802 246.57 -106.648 262.724 -94.979 274.393 -111.134 
302.725 -112.414 287.945 -125.781 274.579 -111.001 289.359 -97.635 
74.595 -174.44 54.921 -171.276 58.086 -151.601 77.76 -154.765 
94.713 -175.435 93.716 -195.337 73.814 -194.341 74.811 -174.438 
-111.364 -77.935 -123.028 -61.778 -106.871 -50.114 -95.207 -66.271 
-97.851 -92.866 -112.646 -106.215 -125.995 -91.42 -111.2 -78.07 
-164.436 29.779 -151.63 14.511 -153.371 -5.341 -166.177 9.927 
-164.511 30.002 -175.93 46.334 -172.456 65.956 -161.037 49.624 
-194.679 83.538 -174.901 85.969 -172.47 66.19 -192.249 63.759 
-174.914 86.211 -193.675 92.929 -175.659 101.445 -156.898 94.726 
-136.036 235.485 -137.773 215.633 -153.039 202.825 -151.302 222.677 
-135.932 235.676 -132.458 255.299 -116.125 266.717 -119.6 247.096 
-131.693 279.167 -119.424 294.87 -103.72 282.601 -115.99 266.898 
-84.799 276.031 -103.558 282.755 -112.068 300.774 -93.309 294.05 
9.713 362.629 29.564 360.878 14.289 348.08 -5.562 349.831 
29.797 360.983 46.139 372.387 65.758 368.895 49.417 357.491 
63.591 388.699 83.371 391.116 85.788 371.335 66.008 368.918 
94.549 353.384 86.022 371.395 92.729 390.16 101.256 372.149 
202.696 349.54 222.547 347.797 235.352 332.528 215.5 334.271 
246.942 316.048 235.529 332.385 255.15 328.904 266.563 312.567 
266.761 312.449 279.027 328.155 294.732 315.89 282.466 300.184 
275.909 281.249 282.627 300.009 300.643 308.525 293.925 289.764 
349.644 201.999 362.449 186.73 360.706 166.879 347.901 182.149 
368.725 130.708 357.31 147.043 360.789 166.665 372.204 150.33 
368.733 130.478 388.512 132.904 390.938 113.125 371.158 110.699 
371.928 95.24 353.171 101.97 371.193 110.475 389.95 103.745 
349.293 -6.257 347.541 -26.107 332.266 -38.905 334.018 -19.055 
312.297 -70.109 315.787 -50.49 332.127 -39.085 328.637 -58.704 
299.916 -86.007 312.191 -70.309 327.888 -82.584 315.613 -98.282 
308.271 -104.171 289.506 -97.463 280.981 -79.452 299.745 -86.159 
181.844 -151.458 201.694 -153.207 186.422 -166.007 166.571 -164.258 
130.394 -172.256 146.737 -160.853 166.356 -164.346 150.013 -175.749 
110.38 -174.68 130.16 -172.257 132.584 -192.037 112.804 -194.46 
103.443 -193.49 94.924 -175.476 101.637 -156.714 110.157 -174.728 
-39.192 -135.766 -19.341 -137.512 -6.539 -152.783 -26.389 -151.037 
-58.977 -132.147 -70.377 -115.803 -50.759 -119.298 -39.358 -135.643 
-98.517 -119.13 -86.247 -103.429 -70.545 -115.7 -82.814 -131.401 
-104.424 -111.794 -97.703 -93.033 -79.686 -84.52 -86.406 -103.281 
