-37.274 333.844 -20.031 343.834 -25.159 324.578 -42.402 314.587 
151.676 350.733 168.948 360.674 188.19 355.49 170.918 345.549 
314.458 239.028 333.691 233.811 343.601 216.522 324.368 221.74 
350.561 44.771 360.457 27.474 355.225 8.245 345.328 25.542 
221.478 -127.939 238.748 -117.996 233.567 -137.239 216.296 -147.181 
7.975 -158.763 25.246 -148.822 44.488 -154.004 27.217 -163.946 
-147.33 -19.868 -128.087 -25.047 -118.143 -42.315 -137.385 -37.136 
-159.085 188.344 -149.105 171.096 -154.244 151.843 -164.224 169.09 
-42.621 314.49 -61.877 319.621 -56.746 338.876 -37.49 333.745 
151.535 350.709 141.493 367.92 158.704 377.964 168.747 360.752 
333.541 233.987 314.267 239.053 319.334 258.327 338.607 253.26 
360.527 27.663 350.468 44.866 367.671 54.925 377.73 37.722 
253.024 -142.16 233.754 -137.082 238.832 -117.812 258.102 -122.89 
37.465 -181.239 27.443 -164.015 44.668 -153.993 54.69 -171.217 
-123.124 -61.675 -142.392 -56.587 -137.304 -37.321 -118.037 -42.408 
-171.461 141.615 -181.472 158.845 -164.242 168.856 -154.23 151.626 
-173.082 202.619 -153.154 202.648 -139.042 188.578 -158.97 188.548 
-19.863 363.899 -5.756 349.825 -5.731 329.898 -19.839 343.972 
202.471 369.551 202.498 349.623 188.427 335.513 188.4 355.441 
343.679 216.291 363.607 216.316 349.535 202.207 329.606 202.182 
335.233 8.032 355.161 8.063 369.273 -6.007 349.345 -6.037 
201.943 -133.179 216.058 -147.246 216.091 -167.174 201.976 -153.107 
7.737 -138.773 7.759 -158.7 -6.316 -172.807 -6.338 -152.88 
-153.306 -5.62 -133.378 -5.593 -147.45 -19.703 -167.378 -19.731 
-155.004 118.564 -174.681 121.717 -171.529 141.394 -151.852 138.242 
-174.676 121.498 -175.683 101.595 -195.586 102.602 -194.579 122.505 
-66.536 291.633 -78.199 307.79 -62.043 319.455 -50.379 303.297 
-78.379 307.66 -93.168 294.304 -106.525 309.093 -91.736 322.448 
138.105 348.253 118.431 351.425 121.602 371.098 141.276 367.926 
122.403 391.032 121.383 371.13 101.481 372.15 102.501 392.052 
303.073 246.854 291.403 263.007 307.556 274.677 319.225 258.524 
322.187 288.186 307.406 274.822 294.041 289.603 308.822 302.967 
367.702 55.121 348.028 58.3 351.207 77.972 370.88 74.793 
391.817 93.903 390.813 74.0 370.911 75.004 371.915 94.906 
258.311 -122.789 246.641 -106.636 262.794 -94.966 274.464 -111.119 
302.751 -112.368 287.97 -125.734 274.604 -110.953 289.386 -97.588 
74.599 -174.406 54.925 -171.24 58.091 -151.565 77.765 -154.731 
94.727 -175.457 93.712 -195.358 73.811 -194.343 74.826 -174.442 
-111.311 -77.961 -122.976 -61.804 -106.819 -50.139 -95.154 -66.296 
-97.839 -92.916 -112.631 -106.269 -125.984 -91.478 -111.193 -78.124 
-164.43 29.707 -151.624 14.438 -153.365 -5.413 -166.171 9.855 
-164.505 29.917 -175.935 46.241 -172.474 65.866 -161.044 49.542 
-194.705 83.454 -174.926 85.884 -172.496 66.105 -192.275 63.675 
-174.96 86.134 -193.723 92.845 -175.711 101.368 -156.947 94.657 
-136.079 235.533 -137.815 215.681 -153.081 202.872 -151.344 222.724 
-135.943 235.721 -132.461 255.343 -116.125 266.755 -119.607 247.135 
-131.701 279.218 -119.435 294.924 -103.729 282.657 -115.995 266.952 
-84.804 276.117 -103.565 282.836 -112.08 300.853 -93.319 294.134 
9.744 362.68 29.595 360.932 14.322 348.131 -5.529 349.88 
29.817 361.003 46.153 372.414 65.774 368.931 49.438 357.52 
63.568 388.73 83.347 391.162 85.779 371.384 66.001 368.951 
94.527 353.378 86.015 371.397 92.737 390.157 101.249 372.139 
202.69 349.493 222.542 347.748 235.345 332.477 215.493 334.222 
246.971 316.045 235.559 332.381 255.18 328.9 266.593 312.563 
266.751 312.408 279.022 328.11 294.723 315.839 282.452 300.138 
275.897 281.255 282.622 300.013 300.641 308.522 293.916 289.764 
349.658 201.986 362.45 186.706 360.691 166.857 347.899 182.137 
368.641 130.641 357.243 146.987 360.742 166.606 372.14 150.259 
368.715 130.396 388.495 132.817 390.916 113.037 371.135 110.616 
371.895 95.135 353.135 101.858 371.154 110.369 389.914 103.646 
349.238 -6.208 347.493 -26.059 332.223 -38.862 333.967 -19.012 
312.313 -70.09 315.799 -50.469 332.138 -39.061 328.651 -58.682 
299.895 -85.957 312.169 -70.259 327.867 -82.533 315.594 -98.231 
308.311 -104.163 289.547 -97.451 281.026 -79.438 299.789 -86.149 
181.911 -151.468 201.762 -153.211 186.493 -166.015 166.642 -164.272 
130.45 -172.224 146.788 -160.814 166.409 -164.298 150.071 -175.709 
110.44 -174.709 130.218 -172.272 132.655 -192.05 112.877 -194.487 
103.481 -193.466 94.963 -175.45 101.679 -156.689 110.197 -174.705 
-39.173 -135.764 -19.323 -137.524 -6.533 -152.805 -26.382 -151.044 
-58.962 -132.145 -70.354 -115.795 -50.738 -119.3 -39.345 -135.65 
-98.508 -119.114 -86.23 -103.419 -70.534 -115.697 -82.812 -131.392 
-104.396 -111.788 -97.672 -93.029 -79.653 -84.518 -86.377 -103.278 
