-37.36 333.921 -20.078 343.843 -25.282 324.607 -42.564 314.685 
151.652 350.683 168.9 360.666 188.154 355.529 170.906 345.546 
314.412 238.845 333.659 233.682 343.618 216.421 324.37 221.584 
350.486 44.732 360.446 27.471 355.284 8.224 345.324 25.484 
221.428 -127.873 238.682 -117.903 233.532 -137.153 216.277 -147.124 
8.155 -158.815 25.424 -148.869 44.667 -154.048 27.399 -163.993 
-147.362 -19.812 -128.134 -25.048 -118.241 -42.346 -137.469 -37.11 
-158.974 188.475 -149.025 171.209 -154.2 151.965 -164.148 169.231 
-42.594 314.558 -61.873 319.602 -56.828 338.88 -37.549 333.836 
151.428 350.694 141.421 367.926 158.652 377.935 168.66 360.703 
333.536 233.894 314.272 238.994 319.372 258.259 338.636 253.159 
360.457 27.701 350.456 44.938 367.693 54.938 377.693 37.702 
252.999 -142.163 233.737 -137.056 238.843 -117.794 258.106 -122.9 
37.598 -181.268 27.572 -164.046 44.793 -154.02 54.82 -171.242 
-123.114 -61.653 -142.403 -56.645 -137.394 -37.357 -118.106 -42.366 
-171.447 141.825 -181.455 159.057 -164.223 169.065 -154.215 151.833 
-173.035 202.708 -153.107 202.741 -138.992 188.674 -158.92 188.64 
-19.931 363.876 -5.815 349.812 -5.777 329.885 -19.894 343.949 
202.418 369.528 202.461 349.601 188.401 335.479 188.359 355.407 
343.721 216.208 363.649 216.233 349.577 202.124 329.648 202.099 
335.247 7.997 355.175 8.03 369.289 -6.038 349.361 -6.071 
201.962 -133.168 216.077 -147.235 216.112 -167.163 201.997 -153.096 
7.929 -138.863 7.967 -158.79 -6.098 -172.907 -6.135 -152.98 
-153.342 -5.509 -133.414 -5.473 -147.48 -19.59 -167.407 -19.626 
-154.985 118.74 -174.656 121.932 -171.464 141.602 -151.793 138.41 
-174.708 121.696 -175.719 101.794 -195.621 102.805 -194.61 122.707 
-66.496 291.638 -78.172 307.785 -62.026 319.463 -50.348 303.315 
-78.333 307.676 -93.114 294.311 -106.479 309.092 -91.698 322.456 
138.022 348.325 118.347 351.49 121.511 371.164 141.187 367.999 
122.271 391.058 121.278 371.155 101.375 372.148 102.368 392.051 
303.094 246.789 291.419 262.938 307.568 274.614 319.242 258.465 
322.226 288.148 307.435 274.794 294.08 289.584 308.871 302.938 
367.772 55.158 348.098 58.337 351.277 78.009 370.95 74.83 
391.827 93.932 390.808 74.03 370.907 75.049 371.926 94.951 
258.286 -122.766 246.611 -106.617 262.76 -94.942 274.435 -111.091 
302.755 -112.38 287.972 -125.743 274.609 -110.96 289.392 -97.598 
74.683 -174.433 55.01 -171.261 58.183 -151.587 77.856 -154.759 
94.793 -175.44 93.788 -195.341 73.887 -194.337 74.891 -174.435 
-111.292 -78.007 -122.973 -61.862 -106.828 -50.18 -95.147 -66.325 
-97.784 -92.973 -112.572 -106.331 -125.93 -91.543 -111.142 -78.185 
-164.493 29.844 -151.69 14.573 -153.436 -5.279 -166.238 9.992 
-164.549 30.086 -175.951 46.429 -172.458 66.049 -161.055 49.705 
-194.727 83.648 -174.947 86.069 -172.526 66.289 -192.306 63.868 
-174.946 86.32 -193.705 93.044 -175.686 101.555 -156.927 94.83 
-135.99 235.581 -137.743 215.731 -153.02 202.935 -151.266 222.785 
-135.866 235.774 -132.374 255.393 -116.032 266.798 -119.524 247.179 
-131.615 279.268 -119.339 294.966 -103.641 282.691 -115.916 266.992 
-84.727 276.136 -103.489 282.853 -112.006 300.868 -93.244 294.152 
9.657 362.677 29.509 360.935 14.24 348.13 -5.612 349.872 
29.71 361.01 46.047 372.42 65.667 368.937 49.331 357.527 
63.471 388.732 83.251 391.154 85.673 371.374 65.893 368.952 
94.432 353.414 85.908 371.427 92.617 390.191 101.141 372.179 
202.702 349.519 222.554 347.782 235.363 332.517 215.511 334.253 
246.962 316.016 235.549 332.352 255.171 328.871 266.584 312.535 
266.775 312.408 279.04 328.114 294.746 315.85 282.481 300.144 
275.919 281.222 282.634 299.984 300.648 308.503 293.933 289.741 
349.669 201.911 362.463 186.633 360.706 166.784 347.912 182.062 
368.678 130.604 357.281 146.951 360.78 166.569 372.178 150.222 
368.725 130.386 388.505 132.804 390.924 113.024 371.143 110.606 
371.947 95.162 353.189 101.89 371.21 110.396 389.968 103.668 
349.287 -6.277 347.54 -26.127 332.267 -38.928 334.015 -19.078 
312.315 -70.13 315.801 -50.51 332.139 -39.101 328.653 -58.722 
299.931 -86.005 312.198 -70.301 327.902 -82.568 315.635 -98.272 
308.302 -104.169 289.541 -97.451 281.025 -79.435 299.786 -86.152 
181.919 -151.409 201.77 -153.15 186.503 -165.957 166.651 -164.215 
130.465 -172.215 146.805 -160.807 166.425 -164.294 150.085 -175.702 
110.455 -174.656 130.234 -172.228 132.662 -192.008 112.883 -194.436 
103.524 -193.458 95.006 -175.443 101.722 -156.681 110.24 -174.697 
-38.981 -135.857 -19.129 -137.588 -6.316 -152.85 -26.168 -151.119 
-58.84 -132.317 -70.27 -115.994 -50.645 -119.453 -39.215 -135.776 
-98.403 -119.265 -86.148 -103.552 -70.434 -115.807 -82.689 -131.52 
-104.358 -111.93 -97.652 -93.164 -79.642 -84.636 -86.347 -103.402 
