84.024 112.433 84.024 132.361 98.115 118.27 98.115 98.342 
98.115 98.342 98.115 118.27 112.206 132.361 112.206 112.433 
98.115 98.342 112.206 112.433 132.134 112.433 118.043 98.342 
98.115 98.342 118.043 98.342 132.134 84.251 112.206 84.251 
98.115 78.414 98.115 98.342 112.206 84.251 112.206 64.323 
84.024 64.323 84.024 84.251 98.115 98.342 98.115 78.414 
64.097 84.251 78.188 98.342 98.115 98.342 84.024 84.251 
64.097 112.433 84.024 112.433 98.115 98.342 78.188 98.342 
64.097 112.433 64.097 132.361 84.024 132.361 84.024 112.433 
84.024 132.361 98.115 146.451 112.206 132.361 98.115 118.27 
112.206 112.433 112.206 132.361 132.134 132.361 132.134 112.433 
118.043 98.342 132.134 112.433 146.225 98.342 132.134 84.251 
112.206 64.323 112.206 84.251 132.134 84.251 132.134 64.323 
84.024 64.323 98.115 78.414 112.206 64.323 98.115 50.232 
64.097 64.323 64.097 84.251 84.024 84.251 84.024 64.323 
50.006 98.342 64.097 112.433 78.188 98.342 64.097 84.251 
50.006 98.342 50.006 118.27 64.097 132.361 64.097 112.433 
64.097 132.361 78.188 146.451 98.115 146.451 84.024 132.361 
98.115 146.451 118.043 146.451 132.134 132.361 112.206 132.361 
132.134 112.433 132.134 132.361 146.225 118.271 146.225 98.342 
132.134 64.323 132.134 84.251 146.225 98.342 146.225 78.414 
98.115 50.232 112.206 64.323 132.134 64.323 118.043 50.232 
64.097 64.323 84.024 64.323 98.115 50.232 78.188 50.232 
50.006 78.414 50.006 98.342 64.097 84.251 64.097 64.323 
30.078 78.414 30.078 98.342 50.006 98.342 50.006 78.414 
30.078 98.342 30.078 118.27 50.006 118.27 50.006 98.342 
35.915 132.361 50.006 146.451 64.097 132.361 50.006 118.27 
50.006 146.451 64.097 160.542 78.188 146.451 64.097 132.361 
78.188 146.451 78.188 166.379 98.115 166.379 98.115 146.451 
98.115 146.451 98.115 166.379 118.043 166.379 118.043 146.451 
118.043 146.451 132.134 160.542 146.225 146.451 132.134 132.361 
132.134 132.361 146.225 146.451 160.316 132.361 146.225 118.271 
146.225 98.342 146.225 118.271 166.152 118.27 166.152 98.342 
146.225 78.414 146.225 98.342 166.152 98.342 166.152 78.414 
132.134 64.323 146.225 78.414 160.316 64.323 146.225 50.232 
118.043 50.232 132.134 64.323 146.225 50.232 132.134 36.142 
98.115 30.305 98.115 50.232 118.043 50.232 118.043 30.305 
78.188 30.305 78.188 50.232 98.115 50.232 98.115 30.305 
50.006 50.232 64.097 64.323 78.188 50.232 64.097 36.141 
35.915 64.323 50.006 78.414 64.097 64.323 50.006 50.232 
15.987 64.323 30.078 78.414 50.006 78.414 35.915 64.323 
15.987 64.323 15.987 84.251 30.078 98.342 30.078 78.414 
1.896 98.342 15.987 112.433 30.078 98.342 15.987 84.251 
15.987 112.433 15.987 132.36 30.078 118.27 30.078 98.342 
15.987 132.36 35.915 132.361 50.006 118.27 30.078 118.27 
15.987 132.36 30.078 146.451 50.006 146.451 35.915 132.361 
30.078 146.451 30.078 166.379 50.006 166.379 50.006 146.451 
50.006 146.451 50.006 166.379 64.097 180.47 64.097 160.542 
64.097 160.542 64.097 180.47 78.188 166.379 78.188 146.451 
64.097 180.47 84.024 180.47 98.115 166.379 78.188 166.379 
84.024 180.47 98.115 194.561 112.206 180.47 98.115 166.379 
98.115 166.379 112.206 180.47 132.134 180.47 118.043 166.379 
118.043 146.451 118.043 166.379 132.134 180.47 132.134 160.542 
132.134 160.542 132.134 180.47 146.225 166.379 146.225 146.451 
146.225 146.451 146.225 166.379 166.152 166.379 166.152 146.451 
146.225 146.451 166.152 146.451 180.243 132.361 160.316 132.361 
146.225 118.27 160.316 132.361 180.243 132.361 166.152 118.27 
166.152 98.342 166.152 118.27 180.243 132.361 180.243 112.433 
166.152 98.342 180.243 112.433 194.334 98.342 180.243 84.251 
166.152 78.414 166.152 98.342 180.243 84.251 180.243 64.323 
146.225 78.414 166.152 78.414 180.243 64.323 160.316 64.323 
146.225 50.232 160.316 64.323 180.243 64.323 166.152 50.232 
146.225 30.305 146.225 50.232 166.152 50.232 166.152 30.305 
132.134 16.214 132.134 36.142 146.225 50.232 146.225 30.305 
118.043 30.305 118.043 50.232 132.134 36.142 132.134 16.214 
98.115 30.305 118.043 30.305 132.134 16.214 112.206 16.214 
84.024 16.214 98.115 30.305 112.206 16.214 98.115 2.123 
64.097 16.214 78.188 30.305 98.115 30.305 84.024 16.214 
64.097 16.214 64.097 36.142 78.188 50.232 78.188 30.305 
50.006 30.305 50.006 50.232 64.097 36.142 64.097 16.214 
30.078 30.305 30.078 50.232 50.006 50.232 50.006 30.305 
15.987 64.323 35.915 64.323 50.006 50.232 30.078 50.232 
