-37.25 333.975 -19.959 343.882 -25.18 324.651 -42.471 314.744 
151.637 350.678 168.903 360.629 188.148 355.456 170.882 345.505 
314.295 238.787 333.566 233.712 343.604 216.497 324.333 221.572 
350.41 44.733 360.392 27.485 355.255 8.231 345.273 25.479 
221.422 -127.863 238.67 -117.881 233.532 -137.135 216.284 -147.117 
8.036 -158.798 25.287 -148.822 44.539 -153.965 27.288 -163.942 
-147.293 -19.863 -128.041 -25.011 -118.069 -42.263 -137.32 -37.115 
-158.979 188.4 -148.995 171.155 -154.13 151.9 -164.114 169.145 
-42.498 314.629 -61.776 319.68 -56.724 338.956 -37.447 333.905 
151.504 350.697 141.476 367.917 158.695 377.946 168.724 360.726 
333.451 233.932 314.199 239.08 319.347 258.332 338.598 253.184 
360.422 27.715 350.44 44.963 367.688 54.945 377.67 37.697 
252.997 -142.174 233.733 -137.07 238.838 -117.807 258.101 -122.911 
37.525 -181.224 27.518 -163.991 44.751 -153.984 54.758 -171.217 
-123.085 -61.661 -142.351 -56.567 -137.257 -37.302 -117.991 -42.396 
-171.41 141.661 -181.399 158.904 -164.156 168.893 -154.167 151.65 
-172.994 202.7 -153.066 202.732 -138.952 188.664 -158.88 188.632 
-19.8 363.864 -5.686 349.797 -5.653 329.87 -19.767 343.937 
202.398 369.539 202.441 349.611 188.381 335.489 188.338 355.417 
343.722 216.282 363.65 216.296 349.57 202.195 329.641 202.181 
335.225 7.989 355.153 8.023 369.268 -6.043 349.34 -6.078 
201.989 -133.178 216.107 -147.242 216.146 -167.17 202.028 -153.106 
7.807 -138.769 7.84 -158.696 -6.228 -172.81 -6.261 -152.883 
-153.261 -5.6 -133.333 -5.56 -147.395 -19.679 -167.323 -19.719 
-154.975 118.595 -174.651 121.755 -171.492 141.431 -151.816 138.271 
-174.647 121.525 -175.651 101.622 -195.553 102.626 -194.549 122.529 
-66.442 291.722 -78.101 307.882 -61.942 319.542 -50.282 303.382 
-78.287 307.765 -93.076 294.409 -106.433 309.198 -91.643 322.553 
138.109 348.239 118.434 351.401 121.595 371.076 141.271 367.914 
122.398 391.017 121.397 371.115 101.494 372.116 102.495 392.019 
303.036 246.874 291.378 263.036 307.54 274.694 319.197 258.532 
322.169 288.255 307.399 274.879 294.021 289.648 308.792 303.025 
367.731 55.165 348.054 58.325 351.215 78.0 370.891 74.839 
391.834 93.917 390.793 74.016 370.894 75.057 371.934 94.958 
258.251 -122.773 246.578 -106.622 262.728 -94.949 274.402 -111.1 
302.719 -112.406 287.935 -125.768 274.573 -110.984 289.357 -97.623 
74.667 -174.434 54.993 -171.269 58.158 -151.594 77.832 -154.758 
94.8 -175.454 93.792 -195.356 73.891 -194.348 74.899 -174.446 
-111.306 -77.984 -122.981 -61.835 -106.831 -50.16 -95.157 -66.309 
-97.816 -92.932 -112.612 -106.281 -125.961 -91.486 -111.166 -78.137 
-164.406 29.733 -151.582 14.48 -153.3 -5.374 -166.124 9.88 
-164.476 29.959 -175.908 46.282 -172.45 65.907 -161.018 49.585 
-194.679 83.486 -174.901 85.922 -172.466 66.143 -192.244 63.708 
-174.934 86.159 -193.696 92.873 -175.682 101.393 -156.919 94.68 
-135.94 235.604 -137.699 215.754 -152.979 202.963 -151.219 222.813 
-135.828 235.818 -132.328 255.436 -115.981 266.833 -119.481 247.216 
-131.573 279.328 -119.292 295.022 -103.598 282.741 -115.878 267.047 
-84.677 276.203 -103.441 282.914 -111.964 300.927 -93.2 294.216 
9.773 362.688 29.624 360.936 14.349 348.138 -5.502 349.89 
29.846 360.965 46.189 372.366 65.808 368.872 49.465 357.47 
63.601 388.705 83.381 391.13 85.805 371.35 66.025 368.926 
94.53 353.344 86.035 371.371 92.776 390.124 101.27 372.098 
202.616 349.494 222.468 347.759 235.279 332.495 215.427 334.23 
246.883 316.054 235.465 332.387 255.087 328.912 266.505 312.58 
266.685 312.452 278.949 328.16 294.655 315.896 282.391 300.189 
275.841 281.268 282.551 300.031 300.563 308.555 293.853 289.791 
349.639 201.963 362.44 186.69 360.692 166.84 347.891 182.113 
368.676 130.652 357.275 146.996 360.77 166.615 372.171 150.271 
368.712 130.421 388.492 132.845 390.916 113.065 371.136 110.641 
371.931 95.18 353.163 101.881 371.172 110.413 389.94 103.712 
349.278 -6.29 347.523 -26.139 332.246 -38.935 334.001 -19.085 
312.279 -70.13 315.773 -50.511 332.116 -39.109 328.622 -58.728 
299.907 -86.021 312.168 -70.313 327.877 -82.573 315.616 -98.282 
308.26 -104.202 289.505 -97.467 281.007 -79.443 299.761 -86.178 
181.96 -151.406 201.811 -153.142 186.547 -165.952 166.695 -164.216 
130.534 -172.251 146.865 -160.831 166.488 -164.304 150.157 -175.724 
110.516 -174.679 130.294 -172.242 132.731 -192.02 112.953 -194.457 
103.561 -193.482 95.042 -175.467 101.755 -156.705 110.275 -174.72 
-39.126 -135.787 -19.276 -137.544 -6.483 -152.823 -26.332 -151.066 
-58.93 -132.166 -70.341 -115.83 -50.721 -119.311 -39.309 -135.648 
-98.498 -119.178 -86.238 -103.469 -70.528 -115.729 -82.787 -131.439 
-104.409 -111.849 -97.689 -93.088 -79.672 -84.575 -86.392 -103.335 
