-21.256 282.994 -5.027 294.56 -8.324 274.907 -24.553 263.342 
124.057 302.136 140.091 313.971 159.796 311.002 143.763 299.168 
257.497 228.07 277.292 225.773 289.665 210.151 269.87 212.449 
303.511 82.048 316.522 66.954 315.049 47.08 302.038 62.175 
218.458 -71.357 233.075 -57.812 232.317 -77.725 217.7 -91.27 
43.072 -118.873 57.803 -105.453 77.71 -106.381 62.978 -119.801 
-98.198 -7.671 -78.379 -9.746 -65.832 -25.226 -85.651 -23.152 
-113.927 165.593 -102.129 149.534 -105.142 129.836 -116.94 145.895 
-26.043 263.642 -45.391 268.416 -40.617 287.763 -21.269 282.989 
123.752 302.539 112.321 318.861 128.643 330.293 140.075 313.971 
277.283 225.785 257.551 228.574 260.339 248.305 280.071 245.517 
316.524 66.964 304.287 82.691 320.014 94.929 332.252 79.201 
252.09 -80.268 232.325 -77.721 234.872 -57.957 254.637 -60.503 
73.757 -136.565 62.984 -119.801 79.748 -109.027 90.522 -125.792 
-73.783 -48.723 -92.496 -41.87 -85.644 -23.158 -66.931 -30.011 
-126.394 119.333 -134.944 137.333 -116.944 145.883 -108.394 127.882 
-130.714 176.338 -111.252 180.621 -94.462 169.889 -113.924 165.605 
-10.744 313.657 6.801 304.209 12.527 285.122 -5.018 294.57 
168.264 329.043 175.047 310.305 166.594 292.26 159.812 310.998 
289.674 210.138 308.178 217.535 300.325 199.221 281.82 191.823 
296.557 39.641 315.049 47.069 333.377 39.245 314.885 31.817 
199.849 -82.403 217.692 -91.276 224.035 -110.168 206.192 -101.295 
38.477 -99.48 43.064 -118.872 32.594 -135.828 28.008 -116.436 
-106.847 4.902 -87.357 9.054 -98.203 -7.663 -117.693 -11.815 
-112.279 94.934 -131.534 100.069 -126.399 119.324 -107.144 114.189 
-131.534 100.067 -151.232 103.087 -148.212 122.784 -128.514 119.764 
-57.105 242.772 -64.071 261.442 -45.401 268.409 -38.435 249.739 
-64.078 261.433 -71.503 279.926 -53.01 287.351 -45.586 268.858 
102.48 301.531 85.146 311.363 94.977 328.696 112.311 318.865 
112.463 319.148 94.969 328.693 104.514 346.186 122.008 336.641 
241.046 243.303 236.033 262.59 255.32 267.603 260.332 248.317 
260.887 248.481 255.311 267.612 274.441 273.19 280.018 254.059 
320.017 94.935 302.615 104.648 312.328 122.048 329.729 112.335 
339.703 85.979 321.537 94.171 329.728 112.337 347.895 104.145 
254.644 -60.5 248.888 -41.422 267.967 -35.667 273.722 -54.745 
268.38 -82.406 257.218 -65.898 273.726 -54.736 284.887 -71.244 
108.427 -134.551 90.527 -125.795 99.283 -107.894 117.184 -116.65 
112.026 -154.15 92.425 -157.744 88.831 -138.144 108.431 -134.549 
-64.434 -66.331 -73.78 -48.73 -56.179 -39.385 -46.834 -56.985 
-74.652 -83.439 -91.758 -73.217 -81.536 -56.111 -64.43 -66.333 
-126.69 35.932 -110.347 24.529 -106.854 4.91 -123.197 16.312 
-126.695 35.94 -141.584 49.185 -142.747 69.079 -127.857 55.834 
-168.005 81.597 -149.124 87.968 -142.752 69.087 -161.634 62.715 
-149.125 87.976 -168.412 92.984 -151.233 103.081 -131.945 98.073 
-102.073 216.292 -99.276 196.561 -111.25 180.633 -114.046 200.363 
-102.067 216.301 -103.28 236.192 -90.071 251.114 -88.86 231.224 
-108.639 258.348 -101.415 276.92 -82.843 269.697 -90.067 251.124 
-64.844 261.141 -82.837 269.706 -89.505 288.485 -71.511 279.921 
19.132 319.881 38.919 322.247 26.601 306.583 6.813 304.217 
38.929 322.254 51.619 337.619 71.457 339.51 58.767 324.146 
62.738 357.428 80.652 366.158 89.382 348.244 71.468 339.514 
94.457 328.977 89.393 348.25 99.44 365.46 104.504 346.187 
175.063 310.308 194.821 312.91 210.631 300.779 190.873 298.177 
226.433 288.611 210.645 300.77 230.406 303.336 246.195 291.177 
246.21 291.172 251.965 310.251 271.043 304.496 265.288 285.417 
255.121 268.279 265.3 285.41 284.611 290.327 274.432 273.196 
300.336 199.209 316.46 187.499 319.58 167.818 303.457 179.528 
339.246 136.669 322.968 148.166 319.587 167.804 335.865 156.308 
339.254 136.658 356.55 146.554 366.446 129.257 349.15 119.361 
347.897 104.15 330.176 113.266 349.152 119.351 366.873 110.235 
314.885 31.806 318.549 12.219 307.289 -4.223 303.625 15.364 
300.411 -40.407 296.357 -20.896 307.286 -4.233 311.34 -23.744 
294.61 -59.481 300.409 -40.417 319.474 -46.216 313.674 -65.28 
303.943 -77.096 284.893 -71.245 275.561 -53.639 294.61 -59.489 
186.712 -105.527 206.186 -101.302 195.404 -118.06 175.929 -122.285 
145.307 -142.751 156.376 -126.18 175.92 -122.289 164.851 -138.861 
126.615 -149.684 145.299 -142.755 152.228 -161.439 133.544 -168.368 
124.711 -169.524 112.026 -154.155 113.924 -134.319 126.609 -149.688 
-8.291 -110.205 11.145 -105.803 27.999 -116.434 8.564 -120.836 
-28.084 -112.571 -43.75 -100.256 -23.965 -97.886 -8.298 -110.201 
-70.56 -108.962 -61.514 -91.206 -43.758 -100.253 -52.804 -118.008 
-77.45 -103.176 -74.652 -83.446 -58.722 -71.472 -61.52 -91.203 
