20.848 213.77 33.033 229.538 35.567 209.772 23.382 194.004 
111.334 218.366 123.097 234.452 142.789 237.509 131.026 221.423 
190.86 175.798 210.506 179.137 226.759 167.605 207.112 164.267 
218.914 89.773 235.523 78.761 239.481 59.23 222.872 70.242 
168.374 -9.94 178.628 7.147 183.459 -12.186 173.205 -29.273 
60.403 -46.103 70.045 -28.663 89.195 -23.15 79.553 -40.59 
-32.918 27.369 -13.422 31.497 3.281 20.631 -16.214 16.503 
-41.778 144.961 -26.129 132.625 -23.786 112.835 -39.435 125.171 
10.162 196.943 -6.659 207.628 4.025 224.448 20.846 213.764 
103.655 230.061 99.266 249.499 118.703 253.889 123.093 234.451 
210.499 179.139 193.489 189.52 203.87 206.53 220.88 196.149 
235.522 78.768 230.524 98.058 249.815 103.057 254.813 83.766 
200.898 -21.834 183.463 -12.182 193.115 5.253 210.55 -4.4 
85.56 -59.591 79.556 -40.589 98.558 -34.585 104.562 -53.587 
-7.359 -10.257 -25.163 -1.304 -16.211 16.499 1.593 7.546 
-53.114 100.527 -58.595 119.687 -39.435 125.167 -33.955 106.007 
-60.763 138.907 -51.623 156.616 -32.639 162.674 -41.779 144.966 
15.581 239.157 34.72 244.703 52.176 235.092 33.037 229.545 
137.437 256.705 154.798 246.921 160.155 227.728 142.795 237.512 
226.768 167.603 236.001 185.263 241.96 166.248 232.726 148.587 
231.056 41.162 239.48 59.222 258.206 66.036 249.783 47.976 
155.006 -37.401 173.202 -29.277 191.814 -36.4 173.617 -44.524 
41.803 -38.945 60.399 -46.104 68.487 -64.317 49.89 -57.158 
-48.13 28.553 -39.101 46.318 -32.923 27.372 -41.952 9.607 
-66.878 75.929 -72.294 95.106 -53.117 100.523 -47.7 81.345 
-72.296 95.105 -77.793 114.259 -58.638 119.757 -53.141 100.602 
-34.198 201.605 -23.442 218.38 -6.666 207.626 -17.421 190.849 
-23.44 218.377 -12.753 235.197 4.067 224.51 -6.62 207.691 
79.769 245.361 75.63 264.854 95.122 268.994 99.262 249.5 
99.509 249.556 95.121 268.995 114.559 273.383 118.948 253.944 
186.984 217.13 197.582 234.006 214.458 223.409 203.86 206.534 
204.075 206.408 214.46 223.415 231.468 213.032 221.083 196.025 
249.817 103.072 245.014 122.413 264.354 127.215 269.157 107.875 
254.87 83.595 249.878 102.888 269.17 107.88 274.162 88.587 
210.554 -4.4 220.402 12.924 237.726 3.077 227.879 -14.248 
200.831 -22.155 210.402 -4.676 227.881 -14.247 218.31 -31.725 
110.284 -72.677 104.565 -53.589 123.655 -47.87 129.373 -66.958 
91.826 -80.182 84.32 -61.723 102.779 -54.216 110.285 -72.675 
-16.352 -28.044 -7.359 -10.261 10.424 -19.254 1.431 -37.037 
-34.826 -20.574 -27.357 -2.099 -8.882 -9.568 -16.351 -28.043 
-74.844 53.902 -56.24 46.761 -48.134 28.556 -66.738 35.697 
-74.845 53.906 -82.832 72.164 -75.57 90.721 -67.583 72.463 
-103.751 90.602 -89.722 104.754 -75.57 90.725 -89.599 76.572 
-89.725 104.757 -95.22 123.912 -77.79 114.254 -72.295 95.098 
-55.245 193.263 -45.846 175.691 -51.625 156.62 -61.024 174.192 
-55.243 193.266 -46.749 211.292 -27.995 218.033 -36.49 200.007 
-47.919 218.274 -47.679 238.201 -27.753 237.962 -27.992 218.035 
-23.595 218.475 -27.752 237.965 -16.911 254.685 -12.754 235.195 
38.405 264.295 54.857 275.54 51.175 255.955 34.723 244.71 
54.861 275.543 73.869 281.524 91.54 272.312 72.532 266.331 
77.841 286.779 92.31 300.482 106.013 286.014 91.544 272.311 
95.035 269.387 106.015 286.016 125.539 290.011 114.558 273.381 
154.802 246.925 170.56 259.124 190.328 256.607 174.57 244.409 
196.404 237.628 190.334 256.609 208.047 247.479 214.117 228.498 
214.122 228.496 214.557 248.419 234.479 247.984 234.044 228.061 
214.613 223.667 234.049 228.062 250.901 217.427 231.464 213.032 
241.968 166.244 261.764 163.955 274.143 148.339 254.347 150.628 
272.131 111.566 265.521 130.366 274.141 148.333 280.751 129.533 
272.126 111.561 286.016 125.85 300.305 111.96 286.415 97.671 
274.16 88.592 269.338 107.928 286.42 97.665 291.242 78.329 
249.783 47.967 261.454 31.815 258.286 12.141 246.615 28.292 
231.851 -13.502 239.756 4.791 258.279 12.136 250.375 -6.157 
233.479 -33.364 231.843 -13.504 251.703 -11.868 253.339 -31.728 
223.906 -50.849 218.314 -31.721 227.884 -14.243 233.477 -33.369 
156.366 -54.505 173.616 -44.528 168.474 -63.78 151.223 -73.757 
114.42 -75.029 132.557 -66.772 151.22 -73.759 133.083 -82.015 
102.544 -91.034 114.416 -75.029 130.421 -86.901 118.549 -102.906 
84.082 -98.541 91.828 -80.181 110.288 -72.676 102.541 -91.037 
13.079 -58.128 31.283 -50.02 49.887 -57.16 31.684 -65.267 
-5.853 -51.898 -14.835 -34.111 4.094 -40.336 13.077 -58.125 
-32.972 -55.678 -34.69 -35.826 -14.837 -34.107 -13.118 -53.96 
-53.17 -28.36 -34.826 -20.574 -16.349 -28.04 -34.693 -35.826 
