80.002 119.672 80.808 139.584 94.317 124.934 93.511 105.022 
99.296 106.439 100.108 126.35 114.761 139.855 113.949 119.944 
104.429 103.487 119.079 116.997 138.99 116.191 124.341 102.681 
106.241 97.807 126.155 97.076 139.72 82.478 119.805 83.208 
102.966 72.239 103.512 92.159 117.211 77.687 116.665 57.767 
82.595 56.407 82.916 76.332 97.232 90.195 96.911 70.269 
57.151 80.197 71.536 93.988 91.459 93.567 77.073 79.777 
56.702 115.192 76.617 114.499 90.209 99.926 70.294 100.619 
60.121 118.338 58.818 138.223 78.702 139.527 80.006 119.642 
85.172 139.534 98.38 154.454 113.302 141.247 100.093 126.325 
119.051 116.992 117.872 136.885 137.765 138.064 138.944 118.171 
126.135 97.087 139.383 111.974 154.269 98.726 141.021 83.84 
118.373 57.802 117.211 77.696 137.105 78.859 138.267 58.965 
83.621 55.424 96.923 70.262 111.761 56.961 98.46 42.122 
58.24 58.817 57.183 78.717 77.081 79.775 78.139 59.875 
42.181 98.972 55.432 113.855 70.316 100.603 57.064 85.72 
42.173 101.533 42.757 121.452 57.255 135.125 56.671 115.205 
60.863 140.146 75.35 153.829 95.269 153.261 80.782 139.578 
101.101 154.322 121.021 153.766 134.714 139.288 114.793 139.844 
138.973 116.238 139.507 136.159 153.215 121.696 152.682 101.775 
139.186 62.591 139.72 82.512 154.183 96.22 153.65 76.299 
102.227 44.015 116.644 57.773 136.566 57.306 122.149 43.549 
62.652 56.777 82.576 56.428 96.419 42.093 76.495 42.442 
42.958 74.657 43.328 94.582 57.155 80.232 56.786 60.308 
22.522 78.813 22.255 98.739 42.181 99.007 42.448 79.081 
22.285 98.749 21.912 118.673 41.837 119.047 42.21 99.122 
30.656 137.99 44.621 152.205 58.837 138.241 44.872 124.025 
44.644 152.188 58.373 166.631 72.817 152.901 59.087 138.459 
78.446 154.137 78.145 174.063 98.069 174.365 98.371 154.439 
98.487 154.417 98.067 174.341 117.991 174.761 118.411 154.837 
123.405 151.9 137.25 166.232 151.582 152.386 137.737 138.055 
137.769 137.966 151.556 152.354 165.945 138.568 152.158 124.18 
154.276 98.743 153.902 118.669 173.825 119.042 174.199 99.117 
154.618 78.819 154.265 98.744 174.189 99.096 174.542 79.171 
138.265 58.984 152.125 73.302 166.443 59.442 152.583 45.124 
124.378 44.601 138.206 58.95 152.555 45.122 138.727 30.774 
98.88 22.192 98.477 42.115 118.401 42.518 118.804 22.595 
78.951 21.785 78.522 41.708 98.444 42.137 98.873 22.215 
44.375 44.53 58.264 58.82 72.555 44.932 58.666 30.641 
30.038 58.393 43.874 72.734 58.215 58.897 44.379 44.556 
7.705 64.038 23.122 76.665 42.952 74.692 27.535 62.065 
7.71 64.063 7.628 83.99 21.66 98.14 21.743 78.212 
-6.549 98.913 7.929 112.606 21.622 98.129 7.145 84.435 
7.915 112.614 7.613 132.539 21.916 118.664 22.218 98.738 
9.854 138.021 29.729 136.57 42.756 121.489 22.881 122.942 
9.843 138.07 23.862 152.233 43.79 152.334 29.771 138.173 
23.838 152.805 24.291 172.728 44.214 172.275 43.761 152.352 
44.539 152.327 44.207 172.252 58.061 186.576 58.393 166.651 
62.115 168.714 63.273 188.608 76.521 173.722 75.364 153.828 
63.287 188.58 83.212 188.846 97.49 174.944 77.565 174.678 
83.72 189.299 98.094 203.102 111.897 188.728 97.523 174.925 
98.085 174.431 111.946 188.749 131.871 189.073 118.011 174.755 
121.037 153.74 122.06 173.642 136.856 186.991 135.833 167.089 
137.193 167.026 136.874 186.952 151.189 173.088 151.507 153.162 
151.525 153.176 151.938 173.1 171.861 172.686 171.447 152.762 
151.604 152.43 171.528 152.764 185.854 138.913 165.93 138.578 
153.259 121.671 168.051 135.024 187.952 134.006 173.16 120.653 
174.645 99.631 174.181 119.554 187.941 133.969 188.404 114.046 
174.676 99.636 189.029 113.46 202.853 99.107 188.499 85.283 
174.541 79.185 174.207 99.11 188.532 85.257 188.866 65.332 
153.622 76.274 173.518 75.165 186.803 60.312 166.907 61.421 
153.216 45.172 166.859 59.696 186.776 60.32 173.133 45.795 
152.935 25.233 153.241 45.158 173.166 44.852 172.86 24.927 
139.106 10.865 138.743 30.79 152.575 45.134 152.938 25.211 
120.826 23.673 122.138 43.557 135.271 28.57 133.959 8.685 
99.503 21.639 119.42 22.297 133.969 8.679 114.052 8.021 
85.114 7.843 99.487 21.646 113.29 7.274 98.917 -6.53 
65.174 7.398 78.96 21.788 98.882 22.215 85.097 7.825 
59.295 9.897 61.138 29.74 76.471 42.466 74.628 22.625 
44.886 23.672 44.431 43.594 58.84 29.829 59.295 9.906 
23.896 24.279 24.493 44.197 44.412 43.6 43.815 23.682 
10.126 58.024 30.051 58.381 44.392 44.544 24.467 44.188 
