22.289 211.616 34.318 227.505 37.047 207.765 25.019 191.876 
110.979 215.746 122.569 231.956 142.227 235.223 130.637 219.013 
188.781 174.164 208.391 177.709 224.764 166.35 205.155 162.804 
216.273 89.922 232.994 79.082 237.153 59.593 220.431 70.433 
166.583 -8.074 176.604 9.15 181.698 -10.115 171.676 -27.34 
60.718 -43.669 70.096 -26.086 89.161 -20.285 79.782 -37.868 
-30.934 28.811 -11.507 33.25 5.368 22.652 -14.059 18.213 
-39.407 144.497 -23.607 132.354 -21.021 112.595 -36.821 124.738 
11.362 194.947 -5.304 205.872 5.621 222.537 22.287 211.612 
103.063 227.86 98.964 247.361 118.465 251.461 122.564 231.959 
208.382 177.719 191.533 188.359 202.173 205.209 219.022 194.568 
232.986 79.092 228.275 98.455 247.638 103.166 252.349 83.803 
198.903 -20.166 181.698 -10.11 191.754 7.095 208.959 -2.961 
85.326 -57.009 79.785 -37.867 98.926 -32.326 104.468 -51.467 
-5.874 -8.756 -23.45 0.636 -14.057 18.211 3.518 8.818 
-50.93 100.338 -56.073 119.59 -36.82 124.733 -31.677 105.481 
-58.26 138.044 -49.495 155.941 -30.643 162.398 -39.408 144.502 
16.699 236.814 35.739 242.694 53.36 233.39 34.32 227.51 
136.565 254.324 154.083 244.824 159.752 225.72 142.234 235.221 
224.778 166.338 233.74 184.137 239.989 165.215 231.026 147.415 
229.008 41.392 237.159 59.577 255.781 66.672 247.63 48.487 
153.625 -35.793 171.673 -27.344 190.409 -34.132 172.361 -42.581 
41.939 -36.991 60.714 -43.669 69.269 -61.667 50.494 -54.99 
-46.17 29.567 -37.643 47.578 -30.937 28.813 -39.464 10.802 
-65.18 76.016 -70.214 95.298 -50.932 100.332 -45.898 81.05 
-70.217 95.297 -75.352 114.552 -56.097 119.687 -50.962 100.432 
-32.948 200.371 -21.877 216.94 -5.308 205.871 -16.378 189.301 
-21.879 216.94 -10.952 233.604 5.713 222.677 -5.215 206.013 
79.404 243.52 75.561 263.074 95.114 266.917 98.957 247.363 
99.208 247.418 95.11 266.92 114.612 271.018 118.71 251.516 
185.426 216.039 196.244 232.775 212.98 221.957 202.162 205.222 
202.319 205.139 212.985 221.971 229.818 211.307 219.153 194.475 
247.655 103.19 243.087 122.588 262.484 127.155 267.052 107.758 
252.345 83.74 247.699 103.119 267.077 107.764 271.723 88.385 
208.962 -2.958 218.993 14.261 236.212 4.23 226.181 -12.989 
199.036 -20.56 208.824 -3.201 226.182 -12.989 216.394 -30.347 
109.971 -70.622 104.469 -51.47 123.623 -45.968 129.125 -65.12 
91.368 -77.757 84.231 -59.153 102.836 -52.015 109.973 -70.62 
-15.1 -26.422 -5.873 -8.76 11.79 -17.987 2.563 -35.65 
-33.403 -18.545 -25.527 -0.24 -7.222 -8.116 -15.098 -26.421 
-73.285 54.485 -54.569 47.642 -46.173 29.569 -64.889 36.412 
-73.285 54.487 -80.912 72.898 -73.287 91.309 -65.66 72.898 
-101.467 91.108 -87.479 105.301 -73.286 91.312 -87.274 77.119 
-87.48 105.302 -92.578 124.566 -75.351 114.55 -70.252 95.286 
-53.843 192.511 -44.097 175.128 -49.498 155.947 -59.243 173.329 
-53.84 192.514 -44.973 210.36 -26.083 216.709 -34.951 198.864 
-46.006 216.89 -45.826 236.817 -25.899 236.638 -26.079 216.71 
-22.094 217.08 -25.899 236.641 -14.758 253.164 -10.953 233.602 
38.976 262.364 55.167 273.981 51.933 254.318 35.741 242.7 
55.172 273.983 74.293 279.592 91.781 270.036 72.659 264.428 
78.057 284.478 92.501 298.207 106.23 283.764 91.786 270.034 
95.035 267.282 106.234 283.765 125.809 287.501 114.609 271.018 
154.089 244.82 169.57 257.368 189.39 255.295 173.909 242.746 
195.107 236.199 189.396 255.291 206.934 245.829 212.645 226.737 
212.649 226.729 213.067 246.653 232.99 246.235 232.571 226.311 
213.092 222.143 232.579 226.307 249.303 215.473 229.816 211.309 
240.001 165.205 259.84 163.32 272.534 147.959 252.696 149.845 
269.788 111.231 263.56 130.161 272.541 147.95 278.769 129.02 
269.795 111.22 283.69 125.504 297.974 111.608 284.079 97.325 
271.718 88.392 267.134 107.786 284.088 97.314 288.672 77.92 
247.639 48.473 259.614 32.545 256.819 12.815 244.844 28.742 
229.89 -12.309 238.156 5.824 256.821 12.801 248.556 -5.332 
231.536 -32.176 229.889 -12.317 249.748 -10.671 251.395 -30.529 
221.748 -49.539 216.395 -30.344 226.184 -12.987 231.536 -32.182 
155.302 -52.882 172.362 -42.585 167.581 -61.93 150.52 -72.228 
113.7 -72.784 131.994 -64.882 150.518 -72.23 132.223 -80.132 
101.867 -88.821 113.697 -72.784 129.733 -84.614 117.904 -100.651 
83.262 -95.96 91.371 -77.757 109.976 -70.62 101.867 -88.823 
13.702 -56.535 31.777 -48.143 50.491 -54.991 32.417 -63.382 
-5.109 -49.953 -13.757 -32.0 5.053 -38.579 13.701 -56.533 
-31.808 -53.642 -33.606 -33.797 -13.759 -31.999 -11.961 -51.845 
-51.914 -25.924 -33.403 -18.546 -15.096 -26.419 -33.608 -33.797 
