-37.115 334.022 -19.796 343.879 -25.072 324.663 -42.391 314.805 
151.785 350.388 168.992 360.438 188.267 355.378 171.059 345.327 
314.201 238.47 333.531 233.627 343.775 216.534 324.444 221.377 
349.903 44.606 360.242 27.57 355.507 8.213 345.168 25.249 
221.724 -127.582 239.167 -117.944 233.648 -137.093 216.206 -146.73 
8.091 -158.791 25.3 -148.743 44.574 -153.806 27.365 -163.854 
-147.315 -19.662 -128.062 -24.801 -118.082 -42.049 -137.336 -36.91 
-158.782 188.466 -149.004 171.103 -154.368 151.911 -164.146 169.274 
-42.447 314.636 -61.689 319.82 -56.506 339.061 -37.264 333.877 
151.645 350.331 141.453 367.454 158.575 377.648 168.768 360.524 
333.393 233.813 314.082 238.733 319.002 258.044 338.313 253.124 
360.326 27.784 349.849 44.735 366.8 55.212 377.277 38.261 
253.005 -142.394 233.832 -136.96 239.266 -117.787 258.439 -123.222 
37.646 -181.151 27.593 -163.945 44.799 -153.892 54.852 -171.099 
-123.081 -61.476 -142.336 -56.34 -137.2 -37.086 -117.945 -42.223 
-171.55 141.851 -181.468 159.135 -164.184 169.054 -154.266 151.77 
-172.745 202.795 -152.817 202.738 -138.766 188.607 -158.694 188.664 
-19.539 363.852 -5.493 349.718 -5.554 329.791 -19.601 343.925 
202.478 369.515 202.62 349.587 188.632 335.396 188.489 355.323 
343.838 216.31 363.765 216.425 349.757 202.253 329.828 202.138 
335.558 8.604 355.476 7.986 369.124 -6.535 349.206 -5.917 
201.525 -133.119 216.001 -146.815 216.551 -166.735 202.076 -153.039 
8.01 -138.802 7.857 -158.728 -6.342 -172.71 -6.189 -152.784 
-153.177 -5.34 -133.249 -5.392 -147.376 -19.446 -167.304 -19.394 
-154.666 119.103 -174.396 121.905 -171.593 141.635 -151.863 138.833 
-174.425 121.698 -175.123 101.782 -195.039 102.48 -194.341 122.396 
-64.718 291.689 -77.324 307.122 -61.893 319.729 -49.285 304.296 
-77.474 306.948 -92.841 294.26 -105.528 309.627 -90.161 322.314 
136.184 348.189 116.9 353.212 121.922 372.496 141.207 367.473 
120.421 392.435 121.688 372.547 101.8 371.281 100.534 391.168 
301.749 248.108 291.601 265.258 308.751 275.406 318.898 258.256 
321.86 290.419 308.577 275.564 293.722 288.846 307.004 303.7 
366.807 55.439 347.44 60.138 352.14 79.503 371.506 74.804 
391.07 95.347 391.465 75.423 371.542 75.028 371.147 94.952 
258.628 -123.101 246.182 -107.538 261.745 -95.092 274.191 -110.655 
302.376 -113.386 286.918 -125.963 274.341 -110.506 289.798 -97.929 
74.758 -174.32 55.089 -171.121 58.288 -151.452 77.957 -154.65 
94.893 -175.282 93.979 -195.188 74.073 -194.273 74.987 -174.367 
-111.261 -77.798 -122.98 -61.68 -106.861 -49.961 -95.143 -66.079 
-97.854 -92.848 -112.746 -106.091 -125.988 -91.199 -111.097 -77.957 
-164.334 29.99 -151.538 14.714 -153.291 -5.137 -166.088 10.139 
-164.374 30.223 -175.821 46.535 -172.381 66.164 -160.934 49.851 
-194.866 83.461 -175.117 86.124 -172.453 66.375 -192.202 63.712 
-175.115 86.332 -193.522 93.964 -175.11 101.584 -156.701 93.951 
-135.877 235.693 -137.512 215.832 -152.712 202.945 -151.076 222.805 
-135.747 235.894 -132.27 255.516 -115.937 266.932 -119.414 247.311 
-131.801 278.995 -119.929 295.0 -103.923 283.128 -115.796 267.122 
-85.378 275.695 -103.79 283.319 -111.418 301.729 -93.007 294.105 
10.023 362.562 29.867 360.736 14.544 347.995 -5.3 349.822 
30.09 360.771 46.399 372.222 66.029 368.786 49.72 357.336 
64.414 388.691 84.258 390.522 86.089 370.679 66.246 368.848 
94.654 352.564 86.325 370.667 93.236 389.358 101.565 371.255 
202.817 349.47 222.649 347.513 235.288 332.107 215.456 334.064 
247.04 315.766 235.505 332.016 255.152 328.683 266.687 312.433 
266.859 312.269 279.829 327.399 294.958 314.429 281.988 299.3 
275.656 280.35 282.194 299.174 300.127 307.862 293.589 289.038 
349.87 202.045 362.481 186.616 360.489 166.789 347.877 182.218 
368.876 130.69 357.265 146.886 360.508 166.549 372.118 150.352 
368.953 130.467 388.757 132.689 390.979 112.886 371.175 110.663 
371.114 95.178 352.726 102.86 371.16 110.43 389.548 102.748 
349.077 -6.101 347.527 -25.968 332.383 -38.92 333.932 -19.053 
312.136 -69.935 315.846 -50.356 332.312 -39.134 328.603 -58.713 
299.632 -85.729 311.979 -70.088 327.62 -82.435 315.274 -98.076 
309.086 -103.394 289.961 -97.795 280.397 -80.313 299.522 -85.911 
182.043 -151.302 201.885 -153.14 186.555 -165.871 166.712 -164.032 
130.534 -171.98 146.874 -160.573 166.494 -164.061 150.154 -175.468 
110.603 -174.946 130.32 -172.058 133.209 -191.775 113.492 -194.664 
103.14 -193.501 95.124 -175.257 102.355 -156.688 110.372 -174.932 
-39.032 -135.647 -19.181 -137.39 -6.378 -152.66 -26.228 -150.917 
-58.86 -132.093 -70.285 -115.766 -50.662 -119.232 -39.237 -135.559 
-98.421 -119.077 -86.172 -103.36 -70.454 -115.61 -82.703 -131.327 
-104.343 -111.821 -97.709 -93.03 -79.731 -84.434 -86.365 -103.225 
