-11.655 260.993 3.532 273.896 1.917 254.034 -13.27 241.131 
117.619 277.581 132.442 290.899 152.342 289.835 137.518 276.517 
236.109 214.182 256.031 213.705 269.781 199.281 249.859 199.758 
278.533 86.737 292.8 72.823 293.05 52.897 278.783 66.811 
206.668 -51.265 220.086 -36.531 221.017 -56.437 207.599 -71.17 
52.611 -99.146 66.099 -84.477 86.009 -83.641 72.521 -98.311 
-77.304 -1.251 -57.381 -1.687 -43.602 -16.083 -63.525 -15.647 
-93.71 156.149 -80.823 140.95 -82.457 121.09 -95.345 136.288 
-15.84 241.504 -35.326 245.679 -31.152 265.164 -11.666 260.989 
115.839 279.868 104.804 296.461 121.397 307.497 132.432 290.904 
256.025 213.715 236.449 217.442 240.176 237.019 259.752 233.292 
292.798 72.835 281.329 89.131 297.626 100.6 309.095 84.304 
240.776 -59.061 221.022 -56.431 223.652 -36.677 243.406 -39.307 
85.096 -113.775 72.527 -98.31 87.991 -85.742 100.56 -101.206 
-47.784 -39.032 -67.342 -35.211 -63.521 -15.654 -43.963 -19.475 
-102.23 108.951 -112.453 126.056 -95.348 136.28 -85.124 119.175 
-112.719 162.142 -95.047 171.352 -76.039 165.367 -93.711 156.158 
-6.945 290.851 12.451 286.281 22.935 269.335 3.539 273.905 
156.045 309.418 167.282 292.961 163.592 273.378 152.355 289.836 
269.792 199.272 285.781 211.166 282.886 191.45 266.896 179.556 
277.281 40.696 293.047 52.884 312.814 50.353 297.047 38.166 
187.897 -68.156 207.594 -71.179 219.385 -87.244 199.688 -84.222 
43.343 -81.501 52.604 -99.145 46.676 -118.17 37.415 -100.526 
-88.318 9.311 -70.07 17.32 -77.31 -1.246 -95.558 -9.254 
-98.545 81.004 -114.359 93.13 -102.233 108.944 -86.419 96.818 
-114.358 93.128 -130.185 105.237 -118.075 121.064 -102.248 108.954 
-55.886 226.393 -55.25 246.309 -35.334 245.676 -35.968 225.758 
-55.253 246.308 -54.621 266.226 -34.704 265.594 -35.336 245.677 
89.498 283.696 76.729 298.995 92.027 311.764 104.797 296.465 
104.794 296.464 92.025 311.763 107.324 324.533 120.093 309.234 
220.327 238.841 222.142 258.686 241.987 256.871 240.171 237.027 
240.183 237.028 241.983 256.873 261.829 255.075 260.028 235.229 
297.629 100.61 284.417 115.53 299.336 128.74 312.548 113.821 
311.074 85.685 297.739 100.495 312.548 113.828 325.882 99.019 
243.412 -39.305 244.323 -19.398 264.23 -20.308 263.319 -40.215 
245.085 -61.698 243.46 -41.837 263.321 -40.212 264.946 -60.073 
114.088 -115.843 100.564 -101.209 115.199 -87.683 128.723 -102.318 
105.765 -133.947 87.66 -125.621 95.986 -107.517 114.091 -115.843 
-45.741 -58.861 -47.782 -39.039 -27.959 -36.998 -25.918 -56.821 
-64.011 -66.809 -71.955 -48.534 -53.68 -40.589 -45.735 -58.865 
-109.071 39.736 -92.397 28.824 -88.323 9.317 -104.997 20.229 
-109.074 39.741 -123.29 53.706 -123.469 73.633 -109.252 59.668 
-150.959 79.851 -134.108 90.489 -123.47 73.638 -140.321 63.0 
-134.111 90.494 -149.939 102.601 -130.186 105.232 -114.358 93.124 
-86.994 207.291 -83.578 187.658 -95.046 171.36 -98.461 190.994 
-86.99 207.298 -86.943 227.225 -72.819 241.284 -72.866 221.357 
-92.354 245.205 -88.44 264.745 -68.9 260.831 -72.814 241.291 
-55.267 246.302 -68.897 260.84 -68.256 280.757 -54.626 266.22 
23.687 302.751 43.268 306.453 32.04 289.99 12.459 286.288 
43.277 306.458 57.507 320.407 77.433 320.209 63.203 306.259 
66.051 336.561 82.401 347.953 93.794 331.603 77.444 320.211 
92.017 311.761 93.805 331.608 109.103 344.379 107.316 324.531 
167.296 292.96 186.721 297.409 203.602 286.819 184.177 282.37 
217.61 272.628 203.614 286.815 223.542 286.68 237.537 272.493 
237.548 272.486 240.389 292.21 260.113 289.369 257.271 269.644 
241.977 256.882 257.283 269.641 277.129 267.841 261.822 255.082 
282.896 191.438 300.035 181.272 304.966 161.965 287.827 172.131 
319.869 128.279 305.448 142.032 304.975 161.954 319.396 148.201 
319.874 128.266 335.335 140.839 347.907 125.378 332.447 112.805 
325.88 99.028 312.552 113.843 332.452 112.792 345.78 97.977 
297.05 38.151 301.936 18.833 291.73 1.717 286.844 21.035 
280.094 -33.232 278.675 -13.355 291.727 1.704 293.146 -18.173 
278.53 -53.108 280.093 -33.243 299.959 -34.806 298.395 -54.672 
280.128 -72.981 264.95 -60.068 263.349 -40.205 278.527 -53.118 
180.272 -88.737 199.682 -84.226 189.147 -101.141 169.736 -105.651 
137.277 -123.053 149.901 -107.633 169.73 -105.655 157.107 -121.075 
121.013 -134.581 137.27 -123.056 148.795 -139.313 132.538 -150.838 
112.623 -152.66 105.77 -133.948 114.155 -115.871 121.008 -134.584 
1.102 -94.401 20.525 -89.945 37.409 -100.529 17.987 -104.984 
-18.773 -95.909 -33.894 -82.93 -14.024 -81.415 1.097 -94.395 
-58.547 -96.595 -53.058 -77.439 -33.901 -82.928 -39.39 -102.084 
-71.359 -85.339 -64.01 -66.815 -45.716 -58.914 -53.064 -77.437 
