13.369 224.235 26.211 239.473 27.906 219.618 15.064 204.379 
112.822 231.382 125.255 246.956 145.058 249.177 132.626 233.603 
200.942 184.137 220.714 186.624 236.453 174.401 216.681 171.914 
232.088 88.947 248.213 77.237 251.335 57.556 235.21 69.266 
177.015 -19.08 188.167 -2.564 191.959 -22.128 180.807 -38.643 
59.002 -58.222 69.851 -41.505 89.342 -37.356 78.493 -54.072 
-42.696 20.157 -22.952 22.862 -7.08 10.815 -26.823 8.11 
-53.734 146.976 -38.798 133.785 -37.564 113.896 -52.5 127.087 
4.173 206.55 -13.508 215.741 -4.317 233.422 13.364 224.23 
106.184 241.172 100.395 260.239 119.462 266.03 125.252 246.962 
220.709 186.63 202.974 195.719 212.063 213.454 229.798 204.365 
248.216 77.243 241.706 96.078 260.54 102.588 267.05 83.753 
210.221 -30.111 191.963 -22.125 199.95 -3.867 218.208 -11.854 
86.703 -72.231 78.497 -54.072 96.656 -45.865 104.863 -64.025 
-14.906 -17.433 -33.633 -10.62 -26.82 8.106 -8.093 1.293 
-63.788 101.259 -71.055 119.814 -52.499 127.081 -45.232 108.526 
-73.289 143.142 -62.177 159.684 -42.622 163.523 -53.735 146.981 
9.717 250.656 29.286 254.415 45.783 243.237 26.214 239.477 
141.308 268.746 157.802 257.562 161.557 237.993 145.063 249.176 
236.458 174.395 247.058 191.27 251.495 171.843 240.894 154.968 
241.471 40.233 251.334 57.549 270.553 62.818 260.689 45.502 
161.902 -44.961 180.802 -38.647 198.632 -47.547 179.732 -53.861 
41.601 -48.506 58.999 -58.222 64.431 -77.395 47.033 -67.679 
-57.563 23.582 -46.001 39.813 -42.7 20.16 -54.262 3.929 
-74.87 75.342 -82.286 93.839 -63.789 101.255 -56.373 82.758 
-82.283 93.837 -89.716 112.327 -71.226 119.76 -63.793 101.269 
-40.396 207.283 -31.182 224.952 -13.513 215.74 -22.726 198.07 
-31.179 224.951 -22.003 242.64 -4.314 233.464 -13.49 215.776 
81.327 254.443 75.523 273.507 94.586 279.31 100.39 260.246 
100.391 260.238 94.585 279.302 113.648 285.108 119.454 266.044 
194.414 222.715 203.67 240.362 221.318 231.106 212.061 213.459 
212.226 213.376 221.315 231.109 239.049 222.021 229.96 204.288 
260.541 102.591 254.32 121.524 273.251 127.744 279.472 108.811 
267.15 83.468 260.639 102.302 279.473 108.812 285.983 89.978 
218.216 -11.853 226.83 6.117 244.8 -2.497 236.185 -20.467 
209.959 -30.769 217.923 -12.502 236.19 -20.466 228.225 -38.732 
111.8 -82.708 104.865 -64.027 123.547 -57.091 130.482 -75.772 
94.326 -92.283 84.749 -74.808 102.223 -65.231 111.801 -82.706 
-22.509 -35.856 -14.905 -17.436 3.515 -25.04 -4.089 -43.46 
-41.779 -30.783 -36.706 -11.511 -17.435 -16.584 -22.508 -35.855 
-82.397 50.775 -64.351 42.322 -57.568 23.584 -75.613 32.037 
-82.398 50.779 -92.137 68.166 -86.73 87.346 -76.991 69.959 
-114.91 87.77 -100.61 101.65 -86.731 87.35 -101.03 73.471 
-100.612 101.653 -108.044 120.142 -89.715 112.324 -82.283 93.834 
-62.326 196.511 -54.626 178.131 -62.179 159.69 -69.878 178.07 
-62.325 196.515 -55.778 215.337 -37.84 224.017 -44.387 205.196 
-57.755 224.66 -57.118 244.578 -37.2 243.94 -37.837 224.023 
-31.182 224.948 -37.201 243.946 -28.023 261.634 -22.005 242.637 
35.06 273.495 52.628 282.901 46.857 263.827 29.289 254.421 
52.633 282.903 70.927 290.805 89.45 283.456 71.157 275.555 
75.92 298.079 90.546 311.614 104.081 296.988 89.455 283.453 
94.518 279.51 104.085 296.991 123.211 302.587 113.645 285.106 
157.808 257.564 174.768 268.027 194.159 263.434 177.199 252.97 
202.05 245.129 194.162 263.429 212.68 256.067 220.568 237.766 
220.57 237.761 221.124 257.681 241.043 257.128 240.49 237.208 
221.443 231.365 240.495 237.206 258.097 227.864 239.045 222.024 
251.5 171.837 270.96 167.546 281.686 150.752 262.226 155.043 
283.228 113.957 274.839 132.033 281.689 150.746 290.078 132.67 
283.231 113.951 297.166 128.196 311.411 114.26 297.475 100.015 
285.981 89.983 279.626 108.87 297.475 100.009 303.83 81.121 
260.687 45.496 270.774 28.31 265.754 9.025 255.668 26.211 
242.01 -19.126 248.052 -0.136 265.752 9.019 259.709 -9.971 
243.482 -39.001 242.004 -19.129 261.876 -17.651 263.354 -37.524 
235.515 -57.275 228.23 -38.726 236.195 -20.461 243.479 -39.008 
161.702 -62.357 179.729 -53.865 172.987 -72.617 154.959 -81.11 
118.475 -86.114 135.679 -76.058 154.955 -81.113 137.751 -91.169 
106.221 -101.832 118.469 -86.113 134.188 -98.361 121.94 -114.08 
88.743 -111.412 94.328 -92.283 111.803 -82.707 106.218 -101.836 
10.244 -66.075 28.97 -59.259 47.03 -67.68 28.305 -74.496 
-9.192 -61.665 -19.816 -44.806 -0.383 -49.214 10.241 -66.074 
-38.623 -65.793 -39.716 -45.896 -19.818 -44.803 -18.725 -64.7 
-58.991 -40.828 -41.779 -30.784 -22.507 -35.852 -39.719 -45.897 
