-37.385 333.93 -20.057 343.77 -25.352 324.559 -42.68 314.718 
151.694 350.694 168.942 360.676 188.196 355.538 170.948 345.557 
314.504 239.255 333.704 233.916 343.504 216.564 324.305 221.903 
350.638 45.041 360.443 27.693 355.11 8.492 345.304 25.841 
221.615 -127.647 238.897 -117.725 233.693 -136.961 216.411 -146.884 
8.155 -158.778 25.452 -148.88 44.68 -154.112 27.384 -164.009 
-147.381 -19.826 -128.141 -25.016 -118.207 -42.291 -137.447 -37.1 
-159.026 188.423 -149.042 171.177 -154.177 151.922 -164.161 169.168 
-42.769 314.55 -62.006 319.754 -56.802 338.989 -37.566 333.785 
151.451 350.792 141.501 368.057 158.765 378.008 168.716 360.743 
333.655 234.114 314.395 239.23 319.511 258.49 338.771 253.374 
360.522 27.874 350.641 45.179 367.947 55.06 377.828 37.755 
253.135 -141.977 233.883 -136.831 239.029 -117.579 258.281 -122.725 
37.642 -181.304 27.601 -164.091 44.814 -154.05 54.855 -171.263 
-123.104 -61.603 -142.378 -56.537 -137.312 -37.264 -118.039 -42.33 
-171.404 141.695 -181.449 158.906 -164.238 168.951 -154.193 151.74 
-173.087 202.702 -153.159 202.737 -139.044 188.67 -158.972 188.636 
-20.028 363.768 -5.804 349.813 -5.613 329.887 -19.837 343.842 
202.562 369.533 202.488 349.605 188.346 335.566 188.42 355.494 
343.585 216.365 363.513 216.374 349.43 202.277 329.501 202.267 
335.147 7.918 355.071 8.302 369.431 -5.515 349.507 -5.899 
201.878 -133.082 216.174 -146.965 216.466 -166.891 202.17 -153.008 
7.863 -138.81 7.932 -158.737 -6.11 -172.877 -6.179 -152.95 
-153.297 -5.546 -133.369 -5.498 -147.426 -19.623 -167.354 -19.671 
-154.93 118.612 -174.602 121.795 -171.419 141.467 -151.747 138.284 
-174.628 121.571 -175.62 101.668 -195.523 102.659 -194.532 122.563 
-66.671 291.834 -78.36 307.972 -62.222 319.662 -50.532 303.523 
-78.485 307.795 -93.162 294.316 -106.641 308.993 -91.964 322.471 
138.768 348.304 118.998 350.805 121.499 370.575 141.27 368.073 
122.926 390.466 121.274 370.607 101.414 372.259 103.067 392.119 
303.466 246.685 291.499 262.62 307.434 274.586 319.4 258.652 
322.212 287.907 307.278 274.714 294.084 289.647 309.017 302.84 
367.937 55.256 348.167 57.766 350.678 77.534 370.447 75.024 
391.937 93.495 390.355 73.63 370.491 75.212 372.073 95.078 
258.48 -122.629 246.685 -106.568 262.747 -94.772 274.542 -110.834 
302.82 -112.503 287.853 -125.661 274.696 -110.694 289.662 -97.538 
74.771 -174.389 55.088 -171.281 58.195 -151.597 77.878 -154.704 
94.889 -175.452 93.867 -195.353 73.966 -194.331 74.988 -174.43 
-111.351 -77.948 -123.006 -61.784 -106.842 -50.129 -95.187 -66.293 
-97.831 -92.884 -112.606 -106.255 -125.978 -91.479 -111.202 -78.108 
-164.498 29.758 -151.676 14.504 -153.395 -5.35 -166.218 9.905 
-164.511 29.987 -175.942 46.31 -172.482 65.935 -161.051 49.612 
-194.698 83.561 -174.914 85.952 -172.524 66.168 -192.308 63.777 
-174.905 86.196 -193.652 92.951 -175.619 101.431 -156.871 94.676 
-135.998 235.549 -137.77 215.7 -153.058 202.918 -151.286 222.767 
-135.909 235.74 -132.389 255.355 -116.031 266.736 -119.551 247.122 
-131.519 279.289 -119.144 294.909 -103.524 282.534 -115.899 266.914 
-84.54 276.292 -103.402 282.724 -112.19 300.609 -93.329 294.177 
9.717 362.667 29.565 360.885 14.27 348.11 -5.578 349.892 
29.812 360.935 46.138 372.361 65.762 368.896 49.436 357.47 
63.048 388.633 82.754 391.592 85.714 371.886 66.007 368.926 
94.013 353.667 85.945 371.888 93.124 390.478 101.192 372.257 
202.691 349.5 222.54 347.717 235.313 332.421 215.465 334.204 
246.908 315.961 235.517 332.313 255.134 328.804 266.524 312.453 
266.696 312.316 278.638 328.269 294.591 316.328 282.649 300.375 
275.783 281.633 282.844 300.267 301.013 308.45 293.952 289.816 
349.524 202.041 362.268 186.722 360.447 166.878 347.703 182.198 
368.602 130.709 357.119 146.997 360.517 166.633 372.0 150.345 
368.648 130.472 388.4 133.113 391.041 113.361 371.289 110.72 
372.094 95.272 353.324 101.966 371.33 110.505 390.1 103.81 
349.395 -6.072 347.625 -25.92 332.338 -38.704 334.108 -18.856 
312.369 -69.891 315.884 -50.276 332.238 -38.891 328.724 -58.507 
300.122 -85.877 312.231 -70.051 328.057 -82.16 315.948 -97.986 
308.633 -104.003 289.826 -97.414 281.187 -79.457 299.993 -86.045 
182.08 -151.369 201.931 -153.115 186.661 -165.917 166.809 -164.172 
130.593 -172.122 146.943 -160.728 166.56 -164.232 150.211 -175.626 
110.589 -174.733 130.354 -172.191 132.896 -191.955 113.131 -194.498 
103.57 -193.466 95.113 -175.422 101.891 -156.683 110.348 -174.727 
-39.036 -135.829 -19.183 -137.561 -6.371 -152.823 -26.223 -151.091 
-58.878 -132.252 -70.286 -115.913 -50.666 -119.399 -39.257 -135.738 
-98.45 -119.168 -86.172 -103.474 -70.476 -115.752 -82.755 -131.447 
-104.387 -111.823 -97.667 -93.062 -79.65 -84.548 -86.37 -103.309 
