-37.329 333.927 -20.026 343.813 -25.27 324.588 -42.573 314.701 
151.6 350.675 168.844 360.664 188.1 355.534 170.856 345.545 
314.298 238.747 333.57 233.677 343.613 216.465 324.341 221.534 
350.463 44.761 360.42 27.498 355.254 8.252 345.297 25.514 
221.471 -127.878 238.725 -117.907 233.576 -137.157 216.322 -147.129 
8.089 -158.798 25.344 -148.828 44.594 -153.979 27.339 -163.949 
-147.352 -19.819 -128.126 -25.059 -118.236 -42.358 -137.462 -37.119 
-159.018 188.46 -149.084 171.186 -154.275 151.946 -164.209 169.22 
-42.568 314.591 -61.852 319.614 -56.83 338.897 -37.545 333.874 
151.423 350.738 141.415 367.97 158.646 377.979 168.655 360.747 
333.452 233.873 314.208 239.048 319.383 258.293 338.628 253.117 
360.508 27.711 350.493 44.939 367.721 54.955 377.736 37.727 
253.023 -142.138 233.759 -137.036 238.861 -117.772 258.125 -122.875 
37.551 -181.253 27.548 -164.017 44.783 -154.014 54.786 -171.25 
-123.149 -61.647 -142.435 -56.63 -137.418 -37.345 -118.132 -42.362 
-171.421 141.772 -181.436 159.0 -164.207 169.015 -154.193 151.787 
-173.02 202.703 -153.092 202.736 -138.978 188.668 -158.906 188.635 
-19.851 363.845 -5.74 349.775 -5.71 329.848 -19.821 343.918 
202.39 369.616 202.424 349.688 188.358 335.573 188.324 355.501 
343.702 216.265 363.63 216.285 349.554 202.18 329.625 202.16 
335.286 8.002 355.214 8.035 369.328 -6.033 349.4 -6.066 
201.99 -133.147 216.107 -147.212 216.143 -167.14 202.027 -153.075 
7.852 -138.797 7.879 -158.724 -6.193 -172.834 -6.22 -152.907 
-153.304 -5.51 -133.376 -5.472 -147.44 -19.59 -167.368 -19.627 
-154.991 118.723 -174.663 121.904 -171.483 141.576 -151.81 138.396 
-174.666 121.686 -175.663 101.783 -195.566 102.78 -194.569 122.683 
-66.517 291.657 -78.179 307.815 -62.022 319.478 -50.359 303.32 
-78.339 307.67 -93.125 294.311 -106.484 309.097 -91.698 322.456 
138.049 348.313 118.374 351.479 121.54 371.153 141.215 367.987 
122.339 391.065 121.337 371.162 101.434 372.165 102.437 392.067 
303.099 246.809 291.424 262.958 307.573 274.634 319.247 258.485 
322.212 288.169 307.425 274.811 294.066 289.598 308.853 302.955 
367.716 55.186 348.043 58.364 351.222 78.036 370.895 74.857 
391.847 93.969 390.832 74.067 370.931 75.082 371.946 94.984 
258.315 -122.771 246.641 -106.621 262.791 -94.947 274.465 -111.097 
302.77 -112.37 287.985 -125.731 274.624 -110.946 289.408 -97.586 
74.669 -174.442 54.995 -171.276 58.162 -151.601 77.835 -154.767 
94.783 -175.5 93.775 -195.401 73.873 -194.393 74.881 -174.492 
-111.338 -77.977 -123.011 -61.826 -106.86 -50.153 -95.187 -66.304 
-97.813 -92.914 -112.595 -106.279 -125.96 -91.496 -111.178 -78.132 
-164.478 29.849 -151.67 14.582 -153.409 -5.27 -166.217 9.997 
-164.534 30.102 -175.937 46.445 -172.444 66.064 -161.041 49.721 
-194.687 83.666 -174.906 86.082 -172.489 66.302 -192.27 63.885 
-174.928 86.317 -193.688 93.037 -175.672 101.551 -156.911 94.832 
-136.026 235.591 -137.78 215.741 -153.057 202.945 -151.302 222.796 
-135.894 235.758 -132.396 255.376 -116.051 266.776 -119.549 247.158 
-131.638 279.245 -119.363 294.944 -103.665 282.669 -115.94 266.97 
-84.749 276.12 -103.51 282.839 -112.025 300.856 -93.264 294.137 
9.74 362.667 29.591 360.916 14.316 348.118 -5.535 349.869 
29.805 361.001 46.144 372.409 65.764 368.922 49.425 357.514 
63.565 388.73 83.344 391.156 85.77 371.377 65.99 368.951 
94.505 353.411 85.988 371.426 92.704 390.188 101.222 372.173 
202.618 349.538 222.47 347.798 235.277 332.531 215.425 334.271 
246.917 316.09 235.503 332.425 255.124 328.945 266.538 312.61 
266.717 312.434 278.983 328.14 294.688 315.874 282.422 300.168 
275.895 281.256 282.614 300.016 300.63 308.532 293.911 289.771 
349.661 201.987 362.456 186.709 360.701 166.86 347.906 182.137 
368.651 130.674 357.249 147.017 360.743 166.636 372.145 150.293 
368.732 130.458 388.512 132.879 390.933 113.099 371.153 110.678 
371.905 95.211 353.146 101.938 371.167 110.446 389.925 103.719 
349.276 -6.241 347.533 -26.092 332.264 -38.896 334.007 -19.046 
312.366 -70.126 315.844 -50.504 332.178 -39.089 328.7 -58.711 
299.958 -85.98 312.225 -70.277 327.929 -82.544 315.661 -98.248 
308.341 -104.16 289.579 -97.445 281.062 -79.43 299.823 -86.145 
181.956 -151.427 201.806 -153.175 186.534 -165.976 166.683 -164.228 
130.485 -172.201 146.825 -160.794 166.445 -164.284 150.104 -175.69 
110.479 -174.709 130.258 -172.285 132.682 -192.064 112.903 -194.488 
103.522 -193.462 95.007 -175.446 101.725 -156.685 110.24 -174.702 
-39.07 -135.78 -19.218 -137.525 -6.416 -152.796 -26.267 -151.05 
-58.905 -132.203 -70.309 -115.862 -50.69 -119.352 -39.285 -135.694 
-98.447 -119.132 -86.179 -103.428 -70.475 -115.696 -82.743 -131.4 
-104.391 -111.829 -97.671 -93.069 -79.654 -84.555 -86.374 -103.315 
