63.766 147.488 67.679 167.029 78.729 150.445 74.816 130.905 
103.723 137.874 107.597 157.422 124.159 168.505 120.285 148.957 
129.436 122.914 145.806 134.278 165.417 130.738 149.047 119.374 
137.794 94.395 157.465 91.201 169.115 75.033 149.445 78.227 
120.758 47.49 123.485 67.23 135.515 51.343 132.788 31.603 
75.307 25.714 77.17 45.554 92.516 58.267 90.653 38.426 
29.589 65.184 45.235 77.525 65.025 75.188 49.378 62.847 
27.684 125.309 47.266 121.616 58.501 105.157 38.919 108.85 
45.048 140.647 38.211 159.366 56.929 166.202 63.765 147.484 
89.536 165.867 97.977 183.918 116.029 175.479 107.588 157.427 
145.804 134.281 139.016 153.018 157.752 159.805 164.54 141.069 
157.462 91.204 165.88 109.267 183.942 100.849 175.525 82.787 
142.601 32.718 135.517 51.345 154.144 58.428 161.227 39.801 
82.703 20.151 90.654 38.423 108.927 30.473 100.976 12.2 
37.553 37.263 30.677 55.968 49.38 62.843 56.256 44.139 
12.291 99.634 21.0 117.558 38.924 108.849 30.215 90.925 
11.938 113.089 14.435 132.86 30.181 145.074 27.684 125.303 
47.967 169.954 63.975 181.82 83.686 178.892 67.677 167.026 
112.28 184.505 131.993 181.585 143.867 165.582 124.154 168.502 
165.417 130.735 168.232 150.463 180.191 134.524 177.376 114.794 
166.517 55.277 169.115 75.035 184.923 87.168 182.325 67.41 
117.488 18.834 132.787 31.603 152.634 29.815 137.336 17.046 
55.389 26.235 75.309 25.715 89.028 11.26 69.108 11.781 
15.272 59.928 16.088 79.839 29.59 65.182 28.774 45.271 
-7.113 79.189 -7.631 99.111 12.29 99.629 12.809 79.708 
-7.633 99.111 -8.151 119.032 11.77 119.55 12.288 99.629 
10.053 158.244 23.573 172.883 38.213 159.363 24.692 144.724 
23.576 172.881 36.965 187.641 51.725 174.253 38.336 159.494 
78.083 182.679 76.842 202.568 96.73 203.81 97.971 183.921 
97.972 183.918 96.731 203.807 116.62 205.048 117.862 185.159 
142.707 172.875 155.775 187.92 170.82 174.853 157.752 159.809 
157.75 159.807 170.819 174.85 185.862 161.782 172.793 146.739 
183.942 100.852 182.51 120.729 202.386 122.16 203.817 102.283 
185.376 80.968 183.94 100.844 203.815 102.281 205.252 82.405 
161.229 39.803 174.23 54.906 189.333 41.906 176.332 26.803 
148.228 24.692 161.223 39.8 176.331 26.805 163.336 11.698 
102.536 -7.668 100.977 12.198 120.844 13.757 122.403 -6.109 
82.669 -9.226 81.109 10.64 100.975 12.2 102.535 -7.666 
24.166 22.501 37.555 37.261 52.315 23.873 38.927 9.113 
9.405 35.892 22.793 50.652 37.554 37.264 24.166 22.504 
-21.24 64.724 -1.993 69.887 15.268 59.929 -3.979 54.765 
-21.244 64.724 -21.593 84.649 -7.75 98.985 -7.401 79.06 
-35.927 98.495 -22.083 112.83 -7.749 98.986 -21.593 84.652 
-22.084 112.832 -22.601 132.752 -8.15 119.032 -7.633 99.111 
-11.862 158.64 6.625 151.199 14.435 132.866 -4.052 140.307 
-11.855 158.643 2.186 172.785 22.113 172.857 8.073 158.716 
2.195 173.348 2.683 193.27 22.605 192.781 22.117 172.859 
23.575 172.88 22.605 192.784 35.994 207.545 36.964 187.64 
54.808 199.513 60.835 218.508 70.004 200.815 63.977 181.821 
60.838 218.506 80.758 219.018 95.206 205.293 75.286 204.782 
81.758 220.002 96.463 233.451 109.912 218.746 95.208 205.297 
96.73 203.805 109.914 218.747 129.804 219.99 116.619 205.048 
132.0 181.59 137.479 200.75 154.901 210.424 149.422 191.264 
155.968 190.526 154.912 210.426 169.73 197.102 170.787 177.202 
170.79 177.198 171.74 197.103 191.644 196.153 190.694 176.247 
170.818 174.851 190.696 176.246 205.74 163.178 185.862 161.782 
180.19 134.518 197.582 144.246 216.758 138.826 199.366 129.099 
205.295 103.831 203.776 123.701 216.753 138.825 218.271 118.955 
205.3 103.829 219.883 117.41 233.465 102.828 218.882 89.246 
205.251 82.407 203.815 102.283 218.884 89.244 220.32 69.368 
182.325 67.409 201.355 61.496 210.63 43.859 191.601 49.771 
177.964 26.864 190.778 42.126 210.63 43.857 197.816 28.595 
177.825 6.936 177.963 26.863 197.889 26.725 197.752 6.799 
164.831 -8.173 163.336 11.699 176.33 26.806 177.825 6.935 
130.039 -1.499 137.336 17.044 145.289 -1.227 137.992 -19.771 
103.06 -8.125 122.938 -6.714 137.991 -19.773 118.113 -21.183 
89.592 -22.816 103.058 -8.126 117.747 -21.592 104.281 -36.282 
69.725 -24.377 82.67 -9.226 102.536 -7.666 89.591 -22.817 
40.051 -10.841 49.894 6.487 69.105 11.778 59.263 -5.549 
25.231 2.483 24.178 22.383 38.994 9.057 40.048 -10.843 
5.119 1.623 4.267 21.532 24.176 22.384 25.028 2.475 
-10.497 34.92 9.408 35.89 24.168 22.502 4.264 21.532 
