-37.794 333.489 -20.544 343.468 -25.686 324.215 -42.935 314.236 
151.319 350.272 168.34 360.636 187.704 355.929 170.683 345.565 
313.814 238.694 333.233 234.221 343.802 217.326 324.383 221.799 
349.42 45.117 360.069 28.273 355.689 8.833 345.04 25.677 
222.276 -127.139 239.716 -117.496 234.202 -136.646 216.762 -146.289 
8.752 -158.672 25.912 -148.539 45.21 -153.509 28.05 -163.641 
-146.866 -20.021 -127.618 -25.181 -117.656 -42.439 -136.904 -37.28 
-158.988 187.998 -148.795 170.875 -153.696 151.56 -163.889 168.683 
-43.0 314.115 -62.287 319.128 -57.274 338.415 -37.987 333.401 
151.07 350.32 140.735 367.357 157.772 377.693 168.107 360.655 
333.156 234.435 313.691 238.704 317.96 258.17 337.426 253.9 
360.135 28.48 349.519 45.345 366.383 55.961 376.999 39.097 
253.57 -141.874 234.373 -136.527 239.719 -117.33 258.917 -122.676 
38.534 -180.797 28.277 -163.712 45.362 -153.455 55.619 -170.54 
-122.585 -61.75 -141.855 -56.672 -136.779 -37.403 -117.508 -42.48 
-170.682 141.123 -180.964 158.193 -163.894 168.476 -153.612 151.406 
-172.921 202.338 -152.994 202.238 -138.974 188.076 -158.902 188.177 
-20.035 363.49 -6.18 349.168 -6.51 329.244 -20.365 343.566 
202.2 369.692 201.904 349.766 187.607 335.885 187.902 355.811 
343.886 217.121 363.806 216.556 349.322 202.87 329.401 203.435 
335.739 9.592 355.644 8.625 369.034 -6.133 349.13 -5.166 
202.232 -132.508 216.569 -146.35 216.918 -166.275 202.582 -152.433 
8.376 -138.687 8.522 -158.614 -5.465 -172.808 -5.611 -152.881 
-152.712 -5.756 -132.784 -5.798 -146.905 -19.859 -166.833 -19.817 
-155.483 117.228 -174.958 121.45 -170.736 140.926 -151.261 136.704 
-174.958 121.237 -174.889 101.309 -194.817 101.24 -194.886 121.167 
-63.687 290.833 -77.147 305.527 -62.454 318.988 -48.993 304.294 
-77.322 305.404 -94.038 294.555 -104.887 311.271 -88.171 322.119 
137.229 347.777 117.575 351.07 120.867 370.723 140.521 367.43 
121.068 390.634 120.66 370.71 100.736 371.118 101.144 391.042 
300.957 247.763 290.379 264.651 307.267 275.229 317.844 258.341 
321.006 289.731 307.162 275.399 292.828 289.242 306.672 303.574 
366.387 56.19 346.701 59.291 349.802 78.975 369.488 75.874 
392.293 92.71 389.216 73.021 369.528 76.098 372.605 95.787 
259.105 -122.58 246.051 -107.523 261.108 -94.469 274.162 -109.526 
302.156 -113.731 286.06 -125.479 274.312 -109.383 290.408 -97.636 
75.425 -174.301 55.852 -170.564 59.589 -150.99 79.163 -154.727 
95.547 -175.449 94.423 -195.344 74.528 -194.221 75.651 -174.326 
-110.685 -77.973 -122.503 -61.928 -106.457 -50.11 -94.64 -66.156 
-97.295 -93.014 -112.185 -106.258 -125.429 -91.368 -110.54 -78.124 
-163.915 29.52 -151.08 14.276 -152.783 -5.579 -165.618 9.665 
-163.975 29.723 -175.462 46.007 -172.071 65.644 -160.583 49.36 
-194.702 82.694 -174.985 85.585 -172.094 65.868 -191.811 62.977 
-175.012 85.825 -193.36 93.599 -174.889 101.076 -156.54 93.301 
-135.807 235.02 -137.623 215.175 -152.94 202.428 -151.123 222.273 
-135.7 235.201 -132.522 254.874 -116.364 266.537 -119.543 246.866 
-132.032 278.919 -119.846 294.687 -104.078 282.502 -116.263 266.734 
-84.891 276.745 -103.921 282.66 -113.195 300.298 -94.165 294.383 
9.21 362.107 29.071 360.476 13.875 347.585 -5.987 349.216 
29.273 360.527 45.465 372.142 65.128 368.906 48.937 357.291 
62.466 388.657 82.184 391.538 85.065 371.819 65.347 368.938 
92.037 353.094 85.289 371.844 93.776 389.874 100.524 371.124 
202.123 349.697 221.949 347.683 234.544 332.24 214.718 334.254 
246.436 315.98 234.719 332.1 254.402 328.987 266.119 312.867 
266.319 312.774 278.234 328.747 294.207 316.833 282.292 300.859 
273.878 282.708 282.45 300.697 301.231 307.357 292.659 289.368 
349.379 202.656 361.894 187.148 359.777 167.334 347.262 182.842 
368.493 131.325 356.747 147.423 359.824 167.111 371.57 151.013 
368.558 131.104 388.168 134.651 391.714 115.041 372.105 111.495 
372.567 96.015 353.939 103.096 372.118 111.261 390.745 104.18 
349.029 -5.353 347.526 -25.223 332.412 -38.211 333.915 -18.341 
312.201 -69.237 315.881 -49.652 332.331 -38.406 328.651 -57.991 
299.857 -85.151 312.061 -69.399 327.814 -81.603 315.61 -97.355 
309.874 -102.495 290.577 -97.518 280.453 -80.355 299.748 -85.331 
182.546 -150.773 202.396 -152.519 187.125 -165.321 167.274 -163.575 
131.192 -171.885 147.417 -160.315 167.071 -163.607 150.845 -175.177 
111.155 -173.844 130.992 -171.941 132.894 -191.778 113.058 -193.68 
105.268 -192.948 95.767 -175.432 101.435 -156.328 110.936 -173.844 
-38.521 -135.844 -18.664 -137.529 -5.816 -152.761 -25.672 -151.076 
-58.379 -132.315 -69.827 -116.004 -50.199 -119.442 -38.751 -135.754 
-97.963 -119.391 -85.754 -103.643 -70.004 -115.853 -82.214 -131.602 
-104.022 -111.885 -97.154 -93.178 -79.07 -84.807 -85.938 -103.514 
