-37.12 333.83 -19.949 343.944 -24.939 324.651 -42.11 314.537 
151.721 350.583 168.968 360.567 188.222 355.431 170.976 345.447 
314.04 238.493 333.388 233.72 343.694 216.664 324.346 221.437 
350.07 44.808 360.256 27.68 355.347 8.366 345.161 25.494 
221.642 -127.625 239.067 -117.957 233.582 -137.115 216.157 -146.783 
8.146 -158.604 25.454 -148.727 44.676 -153.981 27.368 -163.859 
-147.233 -19.725 -127.991 -24.907 -118.049 -42.177 -137.291 -36.995 
-158.903 188.317 -148.944 171.057 -154.107 151.81 -164.066 169.07 
-42.266 314.419 -61.578 319.339 -56.658 338.649 -37.347 333.729 
151.492 350.591 141.475 367.818 158.7 377.836 168.718 360.609 
333.311 233.961 313.963 238.736 318.738 258.083 338.085 253.308 
360.278 27.863 349.986 44.927 367.05 55.219 377.342 38.155 
252.966 -142.469 233.798 -137.02 239.248 -117.851 258.416 -123.301 
37.484 -181.218 27.591 -163.919 44.89 -154.026 54.782 -171.325 
-123.081 -61.573 -142.334 -56.43 -137.192 -37.178 -117.939 -42.321 
-171.381 141.621 -181.353 158.874 -164.1 168.846 -154.128 151.593 
-173.077 202.413 -153.151 202.681 -138.871 188.782 -158.797 188.513 
-19.449 364.009 -5.581 349.7 -5.892 329.775 -19.761 344.085 
202.582 369.35 202.491 349.423 188.336 335.396 188.427 355.324 
343.796 216.435 363.722 216.156 349.436 202.264 329.509 202.543 
335.351 8.794 355.27 8.195 368.931 -6.313 349.012 -5.714 
201.438 -133.286 215.969 -146.922 216.602 -166.84 202.071 -153.203 
7.653 -138.611 7.934 -158.536 -5.957 -172.825 -6.238 -152.9 
-153.242 -5.517 -133.314 -5.401 -147.322 -19.574 -167.25 -19.69 
-154.654 118.772 -174.368 121.687 -171.453 141.401 -151.74 138.486 
-174.377 121.462 -175.645 101.574 -195.533 102.843 -194.264 122.73 
-65.465 291.223 -77.585 307.04 -61.769 319.161 -49.648 303.344 
-77.781 306.893 -93.465 294.6 -105.758 310.284 -90.075 322.576 
137.504 348.29 117.927 352.013 121.65 371.589 141.227 367.867 
121.303 391.515 121.426 371.587 101.498 371.464 101.376 391.392 
301.497 248.002 291.237 265.085 308.321 275.345 318.58 258.262 
321.737 290.187 308.229 275.537 293.578 289.044 307.086 303.693 
367.109 55.395 347.48 58.839 350.924 78.466 370.552 75.022 
391.798 93.748 390.433 73.867 370.553 75.232 371.918 95.113 
258.578 -123.133 246.564 -107.234 262.464 -95.22 274.477 -111.119 
302.829 -111.914 288.28 -125.532 274.663 -110.983 289.212 -97.366 
74.699 -174.395 55.006 -171.354 58.048 -151.659 77.741 -154.701 
94.819 -175.273 93.965 -195.181 74.056 -194.327 74.911 -174.418 
-111.308 -77.932 -122.968 -61.772 -106.808 -50.112 -95.148 -66.272 
-97.709 -92.801 -112.423 -106.24 -125.862 -91.526 -111.148 -78.087 
-164.4 29.759 -151.563 14.517 -153.263 -5.338 -166.101 9.904 
-164.475 29.952 -175.944 46.249 -172.53 65.882 -161.061 49.585 
-194.656 83.576 -174.864 85.899 -172.541 66.107 -192.333 63.784 
-174.892 86.124 -193.668 92.798 -175.672 101.356 -156.895 94.682 
-136.023 235.532 -137.792 215.682 -153.078 202.898 -151.309 222.748 
-135.884 235.724 -132.415 255.348 -116.086 266.771 -119.555 247.148 
-131.802 279.081 -119.701 294.914 -103.868 282.813 -115.968 266.98 
-84.844 276.524 -103.698 282.978 -112.466 300.873 -93.612 294.419 
9.901 362.556 29.752 360.81 14.481 348.008 -5.37 349.754 
29.941 360.898 46.231 372.374 65.866 368.97 49.576 357.494 
63.539 388.747 83.304 391.281 85.839 371.516 66.073 368.981 
93.555 353.12 86.039 371.576 93.776 389.941 101.291 371.485 
202.7 349.364 222.553 347.641 235.373 332.384 215.52 334.107 
247.061 315.99 235.532 332.245 255.178 328.903 266.706 312.648 
266.889 312.527 279.414 328.027 294.913 315.504 282.389 300.003 
275.09 281.357 282.531 299.842 300.864 307.653 293.423 289.167 
349.49 202.019 362.396 186.836 360.786 166.974 347.88 182.158 
368.664 130.748 357.296 147.116 360.832 166.727 372.199 150.359 
368.674 130.507 388.361 133.597 391.451 113.91 371.764 110.82 
371.948 95.336 353.457 102.766 371.786 110.587 390.277 103.156 
348.956 -5.912 347.344 -25.774 332.159 -38.679 333.772 -18.817 
312.357 -69.981 315.75 -50.344 332.034 -38.859 328.641 -58.495 
299.67 -85.628 312.27 -70.191 327.707 -82.791 315.107 -98.229 
308.171 -103.739 289.353 -97.179 280.687 -79.235 299.503 -85.795 
181.987 -151.424 201.828 -153.273 186.492 -165.996 166.65 -164.147 
130.477 -172.25 146.789 -160.803 166.418 -164.243 150.106 -175.69 
110.46 -174.528 130.259 -172.265 132.523 -192.064 112.724 -194.327 
103.511 -193.307 95.024 -175.277 101.773 -156.527 110.259 -174.557 
-39.057 -135.724 -19.209 -137.503 -6.432 -152.795 -26.28 -151.016 
-58.878 -132.146 -70.282 -115.805 -50.663 -119.295 -39.258 -135.636 
-98.404 -119.091 -86.141 -103.384 -70.434 -115.648 -82.697 -131.355 
-104.387 -111.712 -97.584 -92.981 -79.529 -84.546 -86.332 -103.277 
