-37.233 333.874 -19.998 343.878 -25.112 324.617 -42.347 314.614 
151.631 350.531 168.847 360.568 188.117 355.493 170.902 345.455 
314.452 239.044 333.692 233.855 343.628 216.58 324.388 221.77 
350.526 44.768 360.43 27.475 355.207 8.244 345.302 25.537 
221.342 -127.952 238.603 -117.994 233.439 -137.241 216.177 -147.199 
8.056 -158.773 25.316 -148.813 44.563 -153.974 27.303 -163.935 
-147.375 -19.831 -128.137 -25.03 -118.211 -42.309 -137.448 -37.11 
-158.998 188.414 -149.029 171.16 -154.181 151.91 -164.15 169.164 
-42.562 314.528 -61.815 319.671 -56.672 338.923 -37.419 333.78 
151.371 350.679 141.398 367.93 158.649 377.905 168.623 360.653 
333.543 234.001 314.266 239.053 319.318 258.33 338.595 253.278 
360.492 27.696 350.44 44.903 367.647 54.955 377.699 37.748 
252.884 -142.227 233.628 -137.096 238.759 -117.84 258.015 -122.971 
37.542 -181.228 27.539 -163.993 44.773 -153.989 54.777 -171.224 
-123.124 -61.625 -142.4 -56.569 -137.344 -37.294 -118.068 -42.35 
-171.469 141.727 -181.486 158.954 -164.259 168.971 -154.242 151.744 
-173.052 202.698 -153.124 202.731 -139.01 188.663 -158.938 188.63 
-19.859 363.881 -5.75 349.808 -5.724 329.881 -19.832 343.954 
202.406 369.548 202.442 349.62 188.377 335.504 188.342 355.432 
343.645 216.374 363.573 216.417 349.513 202.295 329.584 202.252 
335.239 7.992 355.167 8.024 369.28 -6.045 349.352 -6.076 
201.857 -133.209 215.969 -147.279 215.998 -167.207 201.886 -153.137 
7.81 -138.779 7.831 -158.706 -6.245 -172.811 -6.266 -152.884 
-153.31 -5.561 -133.382 -5.529 -147.45 -19.643 -167.378 -19.676 
-154.95 118.657 -174.625 121.823 -171.459 141.498 -151.784 138.333 
-174.698 121.594 -175.699 101.691 -195.602 102.693 -194.601 122.595 
-66.477 291.689 -78.142 307.845 -61.986 319.511 -50.321 303.354 
-78.331 307.714 -93.118 294.355 -106.477 309.142 -91.69 322.5 
137.993 348.282 118.319 351.453 121.489 371.126 141.163 367.956 
122.261 391.068 121.264 371.165 101.361 372.162 102.358 392.065 
303.102 246.822 291.411 262.96 307.549 274.651 319.239 258.514 
322.203 288.164 307.404 274.819 294.058 289.617 308.857 302.962 
367.656 55.195 347.982 58.372 351.159 78.044 370.832 74.867 
391.763 94.018 390.777 74.115 370.874 75.101 371.86 95.004 
258.217 -122.839 246.556 -106.679 262.716 -95.019 274.377 -111.179 
302.681 -112.431 287.897 -125.794 274.534 -111.011 289.317 -97.649 
74.675 -174.417 55.001 -171.249 58.169 -151.574 77.843 -154.742 
94.773 -175.446 93.778 -195.348 73.876 -194.352 74.871 -174.45 
-111.342 -77.955 -123.017 -61.806 -106.867 -50.131 -95.192 -66.28 
-97.844 -92.879 -112.63 -106.238 -125.989 -91.452 -111.203 -78.092 
-164.466 29.744 -151.652 14.483 -153.383 -5.37 -166.197 9.892 
-164.509 29.968 -175.928 46.3 -172.453 65.923 -161.035 49.59 
-194.714 83.515 -174.936 85.948 -172.503 66.17 -192.281 63.736 
-174.936 86.208 -193.697 92.924 -175.683 101.442 -156.921 94.726 
-135.991 235.585 -137.743 215.734 -153.019 202.937 -151.266 222.788 
-135.868 235.784 -132.384 255.405 -116.047 266.816 -119.531 247.196 
-131.636 279.283 -119.365 294.985 -103.663 282.714 -115.934 267.012 
-84.742 276.155 -103.502 282.88 -112.012 300.899 -93.252 294.175 
9.679 362.699 29.531 360.96 14.264 348.153 -5.588 349.892 
29.736 360.975 46.069 372.392 65.691 368.916 49.359 357.5 
63.479 388.758 83.259 391.182 85.682 371.402 65.902 368.979 
94.437 353.383 85.905 371.391 92.606 390.159 101.138 372.15 
202.641 349.512 222.493 347.776 235.303 332.51 215.451 334.247 
246.919 316.07 235.502 332.403 255.124 328.927 266.541 312.593 
266.719 312.447 278.982 328.155 294.689 315.893 282.426 300.185 
275.894 281.27 282.606 300.032 300.619 308.554 293.907 289.791 
349.598 202.083 362.41 186.82 360.677 166.969 347.865 182.232 
368.655 130.765 357.235 147.096 360.708 166.719 372.128 150.388 
368.695 130.509 388.474 132.937 390.903 113.158 371.124 110.73 
371.848 95.241 353.09 101.969 371.111 110.476 389.869 103.748 
349.248 -6.276 347.485 -26.124 332.202 -38.913 333.965 -19.064 
312.277 -70.133 315.782 -50.516 332.131 -39.124 328.626 -58.741 
299.853 -86.001 312.133 -70.307 327.827 -82.587 315.547 -98.281 
308.25 -104.217 289.489 -97.498 280.975 -79.481 299.735 -86.2 
181.849 -151.487 201.698 -153.245 186.42 -166.038 166.57 -164.28 
130.391 -172.2 146.74 -160.805 166.357 -164.308 150.008 -175.703 
110.407 -174.687 130.188 -172.276 132.598 -192.058 112.817 -194.468 
103.482 -193.428 94.965 -175.412 101.681 -156.651 110.198 -174.667 
-39.12 -135.767 -19.27 -137.521 -6.475 -152.798 -26.325 -151.043 
-58.95 -132.178 -70.344 -115.829 -50.728 -119.332 -39.333 -135.681 
-98.492 -119.095 -86.218 -103.397 -70.519 -115.672 -82.793 -131.37 
-104.441 -111.809 -97.724 -93.047 -79.708 -84.53 -86.425 -103.292 
