-36.49 331.022 -18.743 340.087 -24.883 321.128 -42.63 312.064 
149.668 349.391 167.665 357.949 186.442 351.274 168.445 342.717 
312.656 240.021 331.239 232.824 339.29 214.595 320.707 221.792 
350.712 47.261 358.692 29.0 351.423 10.446 343.443 28.706 
222.434 -124.818 240.272 -115.933 233.941 -134.829 216.103 -143.713 
9.867 -156.999 27.319 -147.377 46.462 -152.913 29.011 -162.535 
-144.658 -19.194 -125.628 -25.108 -116.354 -42.746 -135.384 -36.831 
-155.989 187.074 -146.813 169.386 -152.832 150.389 -162.008 168.078 
-42.682 311.993 -61.673 318.032 -55.635 337.022 -36.644 330.983 
149.397 349.602 141.015 367.68 159.092 376.064 167.475 357.986 
331.194 232.987 312.607 240.173 319.793 258.76 338.38 251.574 
358.754 29.163 350.822 47.444 369.103 55.376 377.035 37.095 
253.028 -141.067 234.114 -134.791 240.391 -115.877 259.305 -122.154 
38.875 -179.985 29.179 -162.575 46.588 -152.879 56.285 -170.288 
-122.158 -61.943 -141.195 -56.051 -135.304 -37.015 -116.267 -42.906 
-170.459 140.989 -179.691 158.649 -162.031 167.882 -152.799 150.222 
-170.246 201.075 -150.321 201.445 -135.971 187.617 -155.896 187.248 
-19.07 360.105 -4.65 346.352 -4.176 326.431 -18.597 340.183 
200.388 365.592 200.831 345.669 187.058 331.268 186.615 351.191 
339.377 214.48 359.293 215.172 345.701 200.6 325.784 199.908 
331.454 9.221 351.354 10.289 366.18 -3.026 346.281 -4.094 
201.358 -130.242 215.956 -143.806 216.687 -163.721 202.089 -150.156 
10.455 -137.017 9.71 -156.93 -4.898 -170.484 -4.153 -150.571 
-150.365 -4.846 -130.439 -5.16 -144.751 -19.028 -164.676 -18.714 
-155.518 116.973 -174.95 121.394 -170.529 140.825 -151.097 136.404 
-174.923 121.241 -174.858 101.313 -194.786 101.249 -194.851 121.177 
-71.506 291.474 -79.879 309.557 -61.796 317.931 -53.423 299.848 
-80.019 309.465 -92.143 293.649 -107.958 305.773 -95.834 321.588 
136.042 348.396 116.7 353.191 121.494 372.532 140.837 367.738 
121.434 392.477 121.312 372.549 101.384 372.671 101.507 392.599 
303.116 247.803 292.03 264.362 308.589 275.448 319.674 258.889 
322.734 289.549 308.508 275.596 294.554 289.821 308.78 303.774 
369.122 55.54 349.719 60.088 354.268 79.489 373.67 74.941 
390.19 97.954 393.384 78.283 373.715 75.089 370.52 94.759 
259.43 -122.027 250.034 -104.453 267.608 -95.058 277.004 -112.632 
304.704 -106.689 293.838 -123.393 277.134 -112.527 288.0 -95.823 
75.963 -174.378 56.45 -170.337 60.492 -150.823 80.004 -154.864 
95.93 -176.708 93.606 -196.499 73.815 -194.175 76.139 -174.384 
-110.389 -78.275 -122.04 -62.109 -105.874 -50.457 -94.222 -66.623 
-97.262 -93.533 -112.358 -106.541 -125.366 -91.444 -110.27 -78.436 
-162.687 30.041 -149.359 15.227 -150.409 -4.673 -163.738 10.141 
-162.765 30.201 -174.795 46.087 -172.069 65.828 -160.038 49.941 
-194.533 83.063 -174.787 85.749 -172.101 66.003 -191.847 63.317 
-174.825 85.912 -193.254 93.491 -174.864 101.164 -156.433 93.585 
-134.387 234.857 -135.442 214.957 -150.259 201.632 -149.204 221.532 
-134.283 235.042 -131.487 254.773 -115.557 266.747 -118.354 247.017 
-131.37 278.885 -119.411 294.826 -103.471 282.867 -115.43 266.926 
-85.121 274.928 -103.333 283.018 -110.49 301.616 -92.278 293.526 
10.161 359.96 30.075 359.209 15.463 345.659 -4.451 346.411 
30.28 359.294 46.041 371.488 65.808 368.966 50.048 356.772 
63.656 388.771 83.443 391.135 85.807 371.348 66.02 368.984 
95.201 353.699 86.005 371.378 92.003 390.382 101.199 372.703 
201.023 345.617 220.949 345.341 234.843 331.056 214.917 331.332 
246.99 315.028 235.016 330.957 254.746 328.161 266.721 312.232 
266.899 312.156 279.405 327.672 294.92 315.167 282.414 299.651 
276.913 280.399 282.55 299.512 300.051 309.042 294.414 289.929 
345.748 200.462 359.711 186.244 359.531 166.317 345.568 180.535 
368.118 130.343 356.432 146.484 359.582 166.161 371.269 150.02 
368.179 130.177 388.037 131.837 389.697 111.978 369.839 110.318 
370.49 94.909 351.77 101.744 369.84 110.148 388.559 103.312 
346.218 -4.266 345.547 -24.182 330.99 -37.791 331.661 -17.875 
311.896 -69.486 314.866 -49.781 330.899 -37.948 327.929 -57.653 
299.553 -85.355 311.81 -69.644 327.522 -81.901 315.264 -97.612 
306.077 -104.286 288.099 -95.688 281.467 -76.897 299.444 -85.494 
182.045 -148.827 201.925 -150.191 186.904 -163.284 167.022 -161.92 
131.26 -171.387 147.111 -159.31 166.859 -161.978 151.008 -174.056 
111.334 -174.109 131.077 -171.403 133.783 -191.146 114.04 -193.852 
106.755 -193.566 96.115 -176.716 100.505 -157.279 111.145 -174.128 
-37.399 -134.368 -17.509 -135.592 -4.311 -150.521 -24.2 -149.298 
-57.284 -131.623 -69.38 -115.787 -49.629 -118.431 -37.533 -134.267 
-97.36 -120.281 -85.729 -104.1 -69.548 -115.732 -81.178 -131.912 
-103.901 -112.396 -97.11 -93.661 -79.06 -85.215 -85.852 -103.95 
