-4.418 248.769 10.034 262.489 9.516 242.568 -4.937 228.848 
115.565 262.589 129.559 276.777 149.486 276.913 135.492 262.726 
224.404 204.543 244.322 205.166 258.846 191.522 238.929 190.899 
263.402 87.708 278.358 74.537 279.62 54.65 264.664 67.82 
197.561 -40.571 210.316 -25.26 212.124 -45.105 199.369 -60.416 
55.594 -86.313 68.438 -71.076 88.294 -69.384 75.45 -84.621 
-65.791 4.589 -45.866 4.927 -31.539 -8.923 -51.464 -9.26 
-81.243 152.195 -67.776 137.507 -68.64 117.598 -82.106 132.286 
-9.708 229.549 -28.923 234.83 -23.643 254.045 -4.427 248.764 
112.126 267.11 102.455 284.534 119.878 294.205 129.549 276.781 
244.317 205.176 225.128 210.554 230.505 229.743 249.694 224.365 
278.359 74.546 268.246 91.717 285.417 101.83 295.53 84.659 
231.647 -49.12 212.128 -45.101 216.147 -25.583 235.666 -29.602 
87.449 -100.535 75.456 -84.621 91.37 -72.627 103.364 -88.542 
-35.414 -32.433 -55.021 -28.872 -51.46 -9.266 -31.853 -12.827 
-89.134 104.985 -99.267 122.144 -82.108 132.277 -71.975 115.118 
-100.989 154.866 -85.141 166.949 -65.392 164.286 -81.24 152.204 
-2.882 277.664 16.981 276.076 29.904 260.907 10.041 262.496 
150.449 296.82 163.85 282.07 162.896 262.166 149.496 276.916 
258.858 191.516 273.043 205.513 272.911 185.586 258.725 171.589 
265.835 40.252 279.623 54.64 299.546 55.064 285.758 40.676 
179.443 -60.892 199.365 -60.421 213.785 -74.175 193.863 -74.647 
43.177 -70.723 55.588 -86.313 53.339 -106.114 40.928 -90.523 
-78.377 13.217 -61.678 24.091 -65.797 4.594 -82.496 -6.281 
-91.377 76.886 -104.304 92.052 -89.138 104.979 -76.211 89.813 
-104.304 92.051 -117.237 107.213 -102.075 120.145 -89.142 104.984 
-52.551 219.457 -48.426 238.952 -28.93 234.829 -33.055 215.333 
-48.427 238.951 -44.306 258.448 -24.809 254.327 -28.931 234.831 
85.316 274.358 75.137 291.49 92.268 301.668 102.447 284.536 
102.449 284.54 92.265 301.669 109.394 311.853 119.578 294.724 
211.171 234.584 216.007 253.916 235.339 249.081 230.503 229.749 
230.517 229.747 235.338 249.082 254.673 244.262 249.852 224.927 
285.42 101.835 274.73 118.654 291.549 129.342 302.238 112.523 
296.215 84.994 285.461 101.771 302.238 112.525 312.992 95.748 
235.671 -29.6 239.674 -10.078 259.195 -14.081 255.192 -33.603 
233.003 -50.973 235.412 -31.192 255.194 -33.601 252.784 -53.381 
114.305 -105.2 103.368 -88.543 120.026 -77.605 130.963 -94.263 
101.74 -120.664 86.276 -108.096 98.843 -92.632 114.308 -105.2 
-37.467 -52.259 -35.412 -32.438 -15.591 -34.493 -17.645 -54.314 
-57.154 -55.325 -60.219 -35.635 -40.528 -32.57 -37.464 -52.261 
-99.98 43.043 -83.005 32.605 -78.381 13.221 -95.357 23.658 
-99.982 43.048 -113.168 57.99 -111.926 77.879 -98.74 62.937 
-139.893 81.378 -124.164 93.614 -111.928 77.885 -127.657 65.649 
-124.166 93.621 -137.101 108.78 -117.236 107.207 -104.301 92.048 
-78.878 203.242 -74.495 183.802 -85.143 166.957 -89.525 186.397 
-78.874 203.249 -77.076 223.095 -61.771 235.858 -63.569 216.012 
-81.541 238.324 -79.082 258.1 -59.307 255.641 -61.766 235.865 
-48.432 238.946 -59.303 255.648 -55.18 275.144 -44.309 258.443 
26.876 293.384 46.102 298.626 36.214 281.324 16.988 276.082 
46.112 298.628 61.788 310.931 81.572 308.545 65.896 296.243 
69.154 324.128 84.733 336.555 97.159 320.976 81.581 308.55 
92.26 301.664 97.166 320.978 114.293 331.166 109.387 311.852 
163.857 282.071 182.787 288.299 200.576 279.318 181.646 273.09 
212.788 263.562 200.583 279.316 220.352 276.807 232.557 261.054 
232.564 261.048 234.259 280.904 254.114 279.208 252.418 259.352 
235.336 249.105 252.428 259.351 271.758 254.511 254.667 244.265 
272.919 185.578 290.914 177.017 297.584 158.239 279.589 166.801 
308.223 122.98 295.605 138.405 297.59 158.233 310.208 142.809 
308.226 122.97 322.912 136.44 336.382 121.754 321.695 108.284 
312.991 95.755 302.233 112.53 321.701 108.275 332.459 91.5 
285.758 40.666 292.107 21.777 283.241 3.931 276.891 22.819 
267.451 -29.342 268.457 -9.439 283.24 3.922 282.235 -15.98 
267.483 -49.276 267.448 -29.349 287.375 -29.314 287.41 -49.241 
265.075 -69.066 252.788 -53.377 255.194 -33.596 267.481 -49.284 
174.688 -80.089 193.859 -74.652 184.148 -92.053 164.976 -97.489 
130.839 -111.309 145.043 -97.332 164.97 -97.493 150.766 -111.47 
116.366 -125.017 130.833 -111.312 144.538 -125.778 130.071 -139.483 
103.797 -140.487 101.745 -120.665 114.309 -105.198 116.361 -125.02 
4.499 -85.133 23.828 -80.285 40.923 -90.524 21.595 -95.372 
-15.433 -85.0 -29.431 -70.817 -9.504 -70.948 4.494 -85.131 
-51.672 -88.128 -49.211 -68.354 -29.436 -70.815 -31.897 -90.59 
-68.906 -71.422 -57.153 -55.329 -37.463 -52.261 -49.216 -68.354 
