62.246 149.981 66.461 169.459 77.252 152.706 73.037 133.229 
104.072 140.768 108.233 160.257 124.956 171.095 120.795 151.607 
131.693 124.726 148.213 135.871 167.775 132.07 151.255 120.925 
140.69 94.127 160.316 90.669 171.747 74.346 152.122 77.805 
122.377 45.265 125.355 64.969 137.182 48.931 134.204 29.227 
74.572 22.98 76.651 42.799 92.135 55.344 90.056 35.524 
27.076 63.917 42.854 76.09 62.617 73.54 46.839 61.368 
25.109 126.219 44.627 122.201 55.587 105.558 36.069 109.576 
43.701 142.677 36.397 161.218 54.937 168.523 62.241 149.982 
89.959 168.222 97.919 186.49 116.188 178.532 108.228 160.262 
148.211 135.875 140.926 154.424 159.475 161.709 166.76 143.16 
160.319 90.671 168.237 108.957 186.524 101.039 178.606 82.752 
144.792 30.513 137.183 48.932 155.602 56.54 163.21 38.122 
82.642 17.024 90.056 35.522 108.553 28.108 101.14 9.611 
35.741 35.46 28.339 53.963 46.84 61.365 54.242 42.862 
9.683 99.666 17.919 117.812 36.065 109.575 27.829 91.429 
9.288 114.098 11.907 133.853 27.728 145.97 25.109 126.215 
46.783 172.609 62.925 184.292 82.602 181.14 66.459 169.457 
113.258 187.229 132.937 184.089 144.632 167.954 124.953 171.095 
167.774 132.068 170.806 151.764 182.589 135.694 179.557 115.997 
168.982 54.613 171.747 74.348 187.657 86.347 184.892 66.612 
118.851 16.521 134.203 29.227 154.043 27.356 138.691 14.65 
54.65 23.487 74.57 22.977 88.296 8.53 68.376 9.04 
12.751 58.683 13.596 78.593 27.077 63.916 26.231 44.006 
-9.698 79.201 -10.239 99.121 9.682 99.662 10.223 79.742 
-10.24 99.121 -10.781 119.042 9.139 119.583 9.681 99.662 
8.238 160.005 21.711 174.688 36.394 161.216 22.922 146.533 
21.713 174.686 35.093 189.454 49.861 176.075 36.481 161.308 
78.04 185.185 76.736 205.071 96.621 206.374 97.924 186.488 
97.924 186.487 96.624 206.373 116.51 207.673 117.81 187.788 
144.376 174.724 157.387 189.817 172.481 176.806 159.47 161.714 
159.473 161.716 172.485 176.808 187.578 163.798 174.567 148.705 
186.527 101.039 184.999 120.909 204.867 122.437 206.396 102.567 
188.055 81.169 186.529 101.039 206.398 102.565 207.924 82.695 
163.211 38.122 176.134 53.292 191.303 40.369 178.381 25.2 
150.287 22.941 163.204 38.116 178.379 25.2 165.462 10.026 
102.807 -10.248 101.14 9.609 120.999 11.276 122.665 -8.582 
82.95 -11.924 81.272 7.932 101.128 9.61 102.806 -10.246 
22.452 20.61 35.742 35.459 50.591 22.169 37.301 7.32 
7.603 33.902 20.895 48.75 35.742 35.459 22.451 20.611 
-23.578 64.701 -4.169 69.216 12.749 58.684 -6.661 54.169 
-23.58 64.702 -24.058 84.624 -10.308 99.049 -9.831 79.127 
-38.482 98.424 -24.708 112.824 -10.307 99.05 -24.082 84.649 
-24.708 112.825 -25.249 132.745 -10.781 119.043 -10.24 99.122 
-13.641 160.375 4.625 152.407 11.905 133.856 -6.36 141.825 
-13.638 160.379 0.373 174.549 20.301 174.662 6.289 160.492 
0.381 175.09 0.808 195.013 20.731 194.586 20.304 174.663 
21.713 174.685 20.731 194.588 34.11 209.357 35.092 189.453 
54.189 202.201 60.675 221.044 69.413 203.135 62.927 184.292 
60.677 221.042 80.596 221.586 95.067 207.885 75.147 207.341 
81.608 222.579 96.3 236.042 109.763 221.35 95.071 207.887 
96.623 206.372 109.764 221.353 129.65 222.654 116.509 207.673 
132.943 184.085 138.839 203.121 156.469 212.412 150.573 193.376 
157.592 192.509 156.476 212.406 171.334 199.126 172.45 179.229 
172.449 179.224 173.392 199.13 193.296 198.188 192.354 178.282 
172.483 176.81 192.356 178.281 207.449 165.27 187.576 163.799 
182.589 135.69 200.19 145.034 219.243 139.195 201.641 129.851 
207.919 104.153 206.324 124.017 219.242 139.191 220.837 119.327 
207.922 104.158 222.485 117.76 236.087 103.196 221.523 89.595 
207.922 82.696 206.398 102.566 221.525 89.594 223.05 69.725 
184.891 66.611 203.775 60.248 212.629 42.396 193.745 48.759 
180.031 25.268 192.783 40.581 212.627 42.393 199.876 27.079 
179.975 5.341 180.028 25.268 199.955 25.215 199.902 5.288 
167.06 -9.837 165.463 10.027 178.379 25.201 179.976 5.338 
130.854 -3.673 138.689 14.649 146.105 -3.847 138.269 -22.17 
103.29 -10.663 123.162 -9.172 138.268 -22.169 118.395 -23.66 
89.954 -25.471 103.288 -10.662 118.097 -23.997 104.763 -38.806 
70.097 -27.151 82.951 -11.923 102.807 -10.245 89.953 -25.472 
38.615 -12.646 49.004 4.361 68.374 9.039 57.986 -7.966 
23.684 0.555 22.463 20.445 37.391 7.245 38.613 -12.645 
3.494 -0.396 2.557 19.509 22.463 20.446 23.4 0.541 
-12.292 32.801 7.605 33.902 22.453 20.61 2.555 19.51 
