-6.998 252.85 7.712 266.293 6.817 246.386 -7.894 232.942 
116.146 267.685 130.423 281.588 150.349 281.323 136.072 267.42 
228.307 207.869 248.233 208.128 262.506 194.221 242.58 193.962 
268.527 87.472 283.259 74.052 284.186 54.145 269.454 67.566 
200.764 -44.115 213.745 -28.995 215.257 -48.865 202.276 -63.985 
54.758 -90.73 67.83 -75.688 87.708 -74.295 74.637 -89.337 
-69.636 2.468 -49.708 2.532 -35.573 -11.513 -55.5 -11.577 
-85.509 153.405 -72.245 138.533 -73.382 118.638 -86.646 133.509 
-11.816 233.506 -31.155 238.316 -26.344 257.654 -7.006 252.843 
113.296 271.384 103.094 288.501 120.21 298.705 130.413 281.588 
248.229 208.135 228.88 212.905 233.65 232.253 252.998 227.484 
283.259 74.06 272.631 90.917 289.487 101.546 300.116 84.689 
234.886 -52.333 215.263 -48.858 218.738 -29.235 238.361 -32.71 
86.947 -105.011 74.643 -89.335 90.319 -77.031 102.623 -92.707 
-39.365 -34.691 -58.986 -31.202 -55.498 -11.583 -35.877 -15.071 
-93.451 106.152 -103.724 123.227 -86.649 133.5 -76.376 116.425 
-105.07 157.212 -88.551 168.359 -68.989 164.56 -85.508 153.414 
-4.426 282.096 15.333 279.515 27.479 263.718 7.72 266.299 
152.212 301.164 164.931 285.824 163.079 265.983 150.359 281.324 
262.513 194.214 277.315 207.557 276.283 187.656 261.48 174.313 
269.721 40.427 284.185 54.136 304.105 53.602 289.641 39.893 
182.353 -63.323 202.269 -63.992 215.879 -78.549 195.963 -77.879 
43.378 -74.367 54.751 -90.73 51.223 -110.343 39.85 -93.98 
-81.704 11.807 -64.405 21.7 -69.642 2.473 -86.94 -7.42 
-93.805 77.964 -107.72 92.229 -93.455 106.144 -79.54 91.879 
-107.719 92.225 -121.639 106.486 -107.378 120.406 -93.459 106.145 
-53.895 221.659 -50.856 241.353 -31.162 238.315 -34.201 218.62 
-50.857 241.351 -47.824 261.046 -28.129 258.014 -31.162 238.319 
86.489 277.478 75.462 294.077 92.06 305.104 103.087 288.505 
103.086 288.507 92.058 305.105 108.657 316.133 119.684 299.534 
214.104 236.162 218.005 255.704 237.547 251.804 233.646 232.262 
233.651 232.264 237.542 251.808 257.086 247.919 253.195 228.375 
289.491 101.551 277.969 117.812 294.228 129.332 305.75 113.073 
301.123 85.275 289.537 101.489 305.75 113.074 317.336 96.86 
238.369 -32.709 241.404 -13.013 261.099 -16.049 258.064 -35.744 
237.007 -54.467 238.174 -34.573 258.067 -35.74 256.899 -55.633 
114.391 -108.794 102.628 -92.709 118.714 -80.946 130.477 -97.03 
103.094 -125.203 86.683 -113.9 97.986 -97.489 114.397 -108.792 
-40.132 -54.608 -39.363 -34.695 -19.45 -35.464 -20.219 -55.377 
-59.507 -59.27 -64.169 -39.896 -44.795 -35.233 -40.132 -54.608 
-102.974 41.873 -86.115 31.247 -81.708 11.812 -98.567 22.438 
-102.976 41.878 -116.564 56.456 -115.864 76.371 -102.276 61.794 
-143.717 80.681 -127.64 92.455 -115.866 76.378 -131.943 64.603 
-127.644 92.46 -141.565 106.718 -121.639 106.481 -107.717 92.222 
-81.576 204.522 -77.576 185.0 -88.553 168.368 -92.552 187.891 
-81.572 204.53 -80.431 224.425 -65.557 237.687 -66.698 217.792 
-85.266 240.603 -82.358 260.317 -62.644 257.41 -65.551 237.695 
-50.858 241.346 -62.641 257.417 -59.609 277.113 -47.826 261.042 
25.735 296.524 45.109 301.193 34.712 284.193 15.338 279.523 
45.117 301.197 60.293 314.111 80.156 312.513 64.981 299.598 
68.046 328.334 83.864 340.454 95.984 324.636 80.166 312.516 
92.05 305.106 95.993 324.639 112.594 335.664 108.651 316.13 
164.941 285.822 184.069 291.411 201.546 281.836 182.418 276.248 
214.408 266.604 201.555 281.834 221.412 280.153 234.265 264.924 
234.274 264.919 236.307 284.743 256.13 282.71 254.097 262.886 
237.535 251.816 254.108 262.882 273.651 258.988 257.078 247.923 
276.292 187.65 293.996 178.502 300.045 159.515 282.341 168.664 
312.185 124.741 298.917 139.61 300.049 159.506 313.317 144.637 
312.186 124.731 327.1 137.949 340.317 123.035 325.404 109.818 
317.334 96.867 305.749 113.081 325.406 109.808 336.991 93.593 
289.643 39.883 295.458 20.824 286.093 3.234 280.278 22.293 
271.74 -30.685 271.891 -10.758 286.089 3.225 285.937 -16.702 
271.317 -50.618 271.735 -30.695 291.658 -31.113 291.24 -51.036 
270.147 -70.52 256.905 -55.629 258.071 -35.736 271.313 -50.627 
176.685 -82.957 195.956 -77.886 185.916 -95.099 166.644 -100.17 
133.065 -115.296 146.72 -100.783 166.639 -100.176 152.983 -114.689 
118.026 -128.384 133.056 -115.299 146.14 -130.33 131.11 -143.414 
106.717 -144.8 103.101 -125.203 114.402 -108.79 118.017 -128.387 
3.469 -88.266 22.841 -83.589 39.844 -93.979 20.474 -98.656 
-16.458 -88.748 -30.885 -75.002 -10.963 -74.52 3.464 -88.266 
-53.917 -91.245 -50.527 -71.609 -30.889 -74.999 -34.28 -94.636 
-69.905 -76.273 -59.505 -59.274 -40.132 -54.607 -50.531 -71.607 
