37.462 189.084 47.049 206.554 52.623 187.422 43.036 169.952 
108.591 187.406 117.623 205.169 136.571 211.343 127.538 193.579 
167.273 155.045 186.086 161.616 204.036 152.959 185.222 146.388 
187.42 90.972 205.588 82.785 212.645 64.149 194.477 72.336 
149.009 11.309 156.428 29.804 164.26 11.48 156.84 -7.015 
64.714 -18.874 71.224 -0.039 89.146 8.676 82.636 -10.159 
-10.243 42.905 8.114 50.66 26.577 43.164 8.221 35.409 
-15.178 139.093 2.461 129.822 8.377 110.792 -9.262 120.064 
23.304 175.055 9.277 189.21 23.432 203.236 37.459 189.081 
97.693 205.351 97.874 225.277 117.801 225.097 117.62 205.17 
186.084 161.619 172.104 175.82 186.305 189.8 200.286 175.599 
205.588 82.787 205.534 102.714 225.461 102.769 225.516 82.841 
178.654 -2.302 164.262 11.482 178.045 25.874 192.437 12.09 
83.369 -30.075 82.638 -10.161 102.552 -9.43 103.283 -29.344 
9.186 7.241 -5.379 20.842 8.221 35.407 22.786 21.806 
-28.824 99.774 -29.186 119.699 -9.262 120.061 -8.9 100.136 
-32.572 129.371 -27.151 148.547 -9.758 158.273 -15.179 139.097 
28.23 213.107 46.169 221.782 64.989 215.232 47.05 206.557 
128.212 229.431 146.915 222.552 155.277 204.464 136.574 211.343 
204.037 152.957 210.491 171.811 219.26 153.917 212.806 135.062 
206.996 45.035 212.646 64.146 230.154 73.663 224.504 54.553 
140.186 -17.962 156.839 -7.016 176.354 -11.052 159.701 -21.997 
44.977 -16.111 64.711 -18.873 76.713 -34.781 56.979 -32.019 
-25.238 40.107 -21.12 59.605 -10.245 42.907 -14.362 23.409 
-45.972 77.406 -48.582 97.162 -28.825 99.772 -26.215 80.016 
-48.58 97.162 -51.281 116.906 -31.536 119.606 -28.836 99.862 
-18.782 186.551 -6.084 201.908 9.274 189.211 -3.424 173.853 
-6.082 201.906 6.616 217.265 21.974 204.567 9.276 189.209 
78.08 222.955 75.757 242.747 95.548 245.07 97.871 225.278 
97.872 225.279 95.547 245.071 115.338 247.396 117.664 227.605 
170.362 201.755 182.315 217.7 198.26 205.746 186.306 189.803 
186.314 189.797 198.26 205.747 214.21 193.802 202.264 177.852 
225.463 102.77 222.346 122.454 242.028 125.569 245.145 105.886 
228.584 83.08 225.461 102.762 245.142 105.885 248.265 86.203 
192.441 12.09 203.884 28.404 220.198 16.961 208.755 0.646 
181.009 -4.28 192.42 12.057 208.757 0.647 197.346 -15.69 
106.948 -48.934 103.284 -29.347 122.873 -25.683 126.536 -45.271 
87.477 -53.168 83.242 -33.696 102.714 -29.461 106.949 -48.933 
-1.923 -9.306 9.185 7.239 25.73 -3.87 14.621 -20.414 
-18.605 1.593 -7.708 18.277 8.976 7.379 -1.921 -9.305 
-56.588 59.426 -36.914 56.26 -25.241 40.109 -44.915 43.275 
-56.588 59.429 -60.724 78.923 -49.863 95.631 -45.728 76.137 
-78.027 94.624 -64.45 109.211 -49.863 95.634 -63.44 81.047 
-64.451 109.212 -67.15 128.956 -51.28 116.904 -48.581 97.16 
-39.524 183.232 -26.155 168.453 -27.152 148.551 -40.521 163.33 
-39.524 183.234 -27.477 199.108 -7.733 201.814 -19.781 185.941 
-27.658 201.583 -27.89 221.51 -7.963 221.742 -7.732 201.815 
-6.081 201.905 -7.964 221.744 4.733 237.103 6.616 217.264 
44.88 241.671 58.028 256.646 59.32 236.761 46.172 221.786 
58.03 256.65 77.803 259.12 93.533 246.885 73.759 244.415 
79.714 261.238 94.068 275.061 107.891 260.707 93.537 246.884 
95.544 245.071 107.894 260.71 127.686 263.035 115.336 247.396 
146.92 222.553 159.247 238.21 179.035 240.565 166.708 224.907 
182.019 220.859 179.039 240.563 195.079 228.738 198.059 209.034 
198.062 209.032 198.515 228.955 218.437 228.502 217.984 208.579 
198.26 205.749 217.986 208.578 233.934 196.631 214.209 193.802 
219.263 153.915 239.033 156.419 254.782 144.21 235.012 141.706 
247.095 108.197 243.481 127.794 254.783 144.207 258.397 124.609 
247.094 108.194 261.106 122.364 275.276 108.352 261.264 94.182 
248.264 86.205 245.14 105.886 261.266 94.179 264.39 74.497 
224.505 54.55 239.658 41.609 241.222 21.743 226.069 34.684 
210.858 0.913 221.727 17.615 241.222 21.74 230.353 5.037 
212.241 -18.97 210.856 0.909 230.735 2.294 232.12 -17.585 
200.828 -35.309 197.346 -15.688 208.759 0.648 212.24 -18.973 
145.121 -35.583 159.701 -22.0 158.997 -41.914 144.416 -55.498 
108.053 -49.694 127.435 -45.065 144.414 -55.498 125.031 -60.127 
96.177 -65.697 108.051 -49.693 124.055 -61.567 112.181 -77.571 
76.703 -69.93 87.48 -53.167 106.952 -48.935 96.176 -65.697 
21.112 -40.364 37.316 -28.764 56.975 -32.019 40.772 -43.619 
3.754 -30.572 -1.596 -11.376 15.761 -21.166 21.11 -40.363 
-19.396 -33.223 -21.421 -13.399 -1.596 -11.374 0.429 -31.198 
-38.107 -2.501 -18.604 1.591 -1.92 -9.306 -21.423 -13.398 
