-37.275 333.852 -20.029 343.836 -25.164 324.581 -42.41 314.597 
151.691 350.691 168.954 360.647 188.2 355.479 170.937 345.524 
314.411 238.875 333.667 233.745 343.656 216.502 324.4 221.631 
350.248 44.727 360.298 27.519 355.238 8.244 345.187 25.452 
221.41 -127.906 238.665 -117.937 233.513 -137.188 216.258 -147.157 
8.027 -158.778 25.304 -148.847 44.543 -154.042 27.265 -163.973 
-147.345 -19.853 -128.091 -24.989 -118.108 -42.235 -137.362 -37.099 
-159.04 188.336 -149.105 171.062 -154.295 151.822 -164.23 169.096 
-42.609 314.45 -61.866 319.578 -56.738 338.834 -37.481 333.706 
151.505 350.714 141.492 367.943 158.721 377.956 168.734 360.727 
333.525 233.905 314.27 239.04 319.404 258.295 338.659 253.161 
360.377 27.753 350.425 45.018 367.689 54.97 377.641 37.705 
252.976 -142.181 233.711 -137.08 238.812 -117.816 258.076 -122.916 
37.52 -181.255 27.477 -164.043 44.689 -153.999 54.732 -171.211 
-123.101 -61.663 -142.36 -56.542 -137.239 -37.284 -117.98 -42.405 
-171.453 141.645 -181.518 158.844 -164.319 168.909 -154.254 151.71 
-173.093 202.595 -153.165 202.63 -139.049 188.564 -158.977 188.529 
-19.825 363.865 -5.715 349.794 -5.686 329.867 -19.797 343.938 
202.49 369.51 202.516 349.582 188.444 335.473 188.419 355.401 
343.721 216.293 363.649 216.319 349.578 202.21 329.649 202.183 
335.249 7.979 355.177 8.012 369.291 -6.055 349.363 -6.088 
201.941 -133.18 216.05 -147.253 216.075 -167.181 201.966 -153.108 
7.784 -138.799 7.816 -158.726 -6.252 -172.84 -6.284 -152.913 
-153.289 -5.558 -133.361 -5.525 -147.428 -19.639 -167.356 -19.673 
-154.936 118.598 -174.61 121.768 -171.441 141.442 -151.766 138.272 
-174.662 121.573 -175.667 101.67 -195.57 102.675 -194.565 122.578 
-66.538 291.622 -78.216 307.769 -62.07 319.447 -50.391 303.3 
-78.376 307.602 -93.158 294.238 -106.522 309.02 -91.74 322.383 
138.102 348.268 118.428 351.441 121.601 371.114 141.275 367.941 
122.414 391.077 121.399 371.175 101.497 372.19 102.512 392.092 
303.156 246.808 291.486 262.961 307.639 274.631 319.308 258.478 
322.278 288.134 307.497 274.769 294.131 289.549 308.912 302.914 
367.729 55.205 348.053 58.371 351.221 78.045 370.895 74.878 
391.831 93.999 390.827 74.097 370.925 75.101 371.929 95.003 
258.256 -122.783 246.584 -106.632 262.736 -94.96 274.408 -111.112 
302.725 -112.401 287.943 -125.765 274.579 -110.983 289.361 -97.62 
74.631 -174.417 54.959 -171.241 58.136 -151.567 77.808 -154.744 
94.759 -175.46 93.746 -195.361 73.844 -194.347 74.858 -174.446 
-111.335 -78.006 -123.01 -61.856 -106.86 -50.181 -95.185 -66.331 
-97.811 -92.923 -112.595 -106.286 -125.957 -91.503 -111.174 -78.14 
-164.451 29.777 -151.641 14.512 -153.376 -5.34 -166.187 9.925 
-164.501 30.008 -175.91 46.347 -172.424 65.967 -161.015 49.628 
-194.678 83.552 -174.899 85.982 -172.469 66.203 -192.248 63.773 
-174.902 86.22 -193.663 92.935 -175.649 101.454 -156.886 94.738 
-136.073 235.483 -137.8 215.63 -153.06 202.814 -151.332 222.667 
-135.961 235.675 -132.492 255.298 -116.163 266.721 -119.633 247.098 
-131.707 279.153 -119.442 294.86 -103.736 282.594 -116.001 266.888 
-84.831 276.078 -103.594 282.792 -112.113 300.807 -93.35 294.093 
9.785 362.698 29.636 360.946 14.361 348.148 -5.49 349.9 
29.87 361.003 46.215 372.401 65.833 368.903 49.488 357.505 
63.631 388.757 83.41 391.182 85.835 371.403 66.056 368.978 
94.567 353.378 86.058 371.398 92.782 390.157 101.292 372.137 
202.732 349.481 222.583 347.731 235.382 332.456 215.531 334.207 
246.995 315.991 235.591 332.334 255.21 328.842 266.614 312.499 
266.819 312.367 279.095 328.064 294.792 315.788 282.515 300.091 
275.976 281.185 282.693 299.945 300.708 308.462 293.991 289.701 
349.689 202.018 362.487 186.743 360.736 166.893 347.937 182.168 
368.682 130.706 357.276 147.047 360.765 166.667 372.171 150.326 
368.748 130.482 388.527 132.907 390.952 113.127 371.172 110.702 
371.922 95.23 353.159 101.944 371.174 110.464 389.937 103.75 
349.235 -6.27 347.492 -26.121 332.222 -38.925 333.966 -19.074 
312.325 -70.152 315.806 -50.531 332.142 -39.119 328.66 -58.74 
299.905 -85.999 312.172 -70.295 327.876 -82.561 315.61 -98.265 
308.288 -104.187 289.524 -97.475 281.003 -79.462 299.766 -86.173 
181.913 -151.463 201.763 -153.212 186.491 -166.012 166.64 -164.262 
130.452 -172.199 146.795 -160.796 166.414 -164.289 150.071 -175.692 
110.459 -174.717 130.239 -172.292 132.664 -192.071 112.884 -194.496 
103.502 -193.454 94.989 -175.436 101.71 -156.677 110.223 -174.695 
-39.109 -135.771 -19.259 -137.526 -6.465 -152.803 -26.314 -151.048 
-58.928 -132.214 -70.342 -115.88 -50.721 -119.359 -39.306 -135.693 
-98.467 -119.167 -86.201 -103.462 -70.496 -115.729 -82.762 -131.434 
-104.404 -111.872 -97.695 -93.107 -79.682 -84.583 -86.392 -103.348 
