14.882 222.158 27.597 237.503 29.456 217.662 16.742 202.318 
112.555 228.799 124.871 244.466 144.657 246.835 132.341 231.169 
198.954 182.467 218.707 185.102 234.538 172.998 214.785 170.363 
229.469 89.102 245.682 77.515 248.953 57.858 232.74 69.445 
175.304 -17.248 186.302 -0.63 190.276 -20.158 179.278 -36.776 
59.27 -55.812 69.894 -38.952 89.327 -34.542 78.704 -51.402 
-40.754 21.591 -21.049 24.561 -5.016 12.727 -24.721 9.757 
-51.346 146.598 -36.27 133.567 -34.824 113.692 -49.9 126.723 
5.366 204.643 -12.145 214.156 -2.632 231.666 14.878 222.153 
105.704 238.98 100.223 258.138 119.381 263.621 124.863 244.462 
218.704 185.104 201.102 194.449 210.446 212.05 228.048 202.706 
245.682 77.519 239.464 96.452 258.397 102.67 264.614 83.737 
208.386 -28.476 190.279 -20.154 198.601 -2.047 216.708 -10.369 
86.492 -69.746 78.706 -51.403 97.05 -43.617 104.836 -61.961 
-13.372 -16.043 -31.944 -8.817 -24.719 9.754 -6.147 2.528 
-61.674 101.113 -68.589 119.802 -49.9 126.717 -42.984 108.028 
-70.803 142.289 -60.097 159.097 -40.642 163.411 -51.348 146.604 
10.891 248.364 30.384 252.502 47.094 241.646 27.601 237.508 
140.577 266.341 157.258 255.439 161.346 235.936 144.664 246.838 
234.542 172.995 244.867 190.04 249.619 170.688 239.295 153.642 
239.388 40.371 248.955 57.852 268.081 63.448 258.513 45.967 
160.506 -43.481 179.273 -36.78 197.283 -45.311 178.516 -52.013 
41.586 -46.62 59.266 -55.812 65.268 -74.814 47.588 -65.622 
-55.72 24.557 -44.661 41.135 -40.758 21.593 -51.817 5.015 
-73.315 75.443 -80.328 94.096 -61.675 101.11 -54.662 82.456 
-80.326 94.097 -87.357 112.743 -68.71 119.774 -61.679 101.128 
-39.194 206.224 -29.638 223.71 -12.151 214.155 -21.707 196.668 
-29.635 223.706 -20.122 241.216 -2.611 231.704 -12.124 214.194 
81.06 252.636 75.556 271.789 94.708 277.292 100.212 258.139 
100.206 258.135 94.719 277.293 113.876 282.78 119.364 263.623 
192.964 221.615 202.526 239.098 220.009 229.536 210.447 212.054 
210.663 211.935 220.008 229.535 237.608 220.192 228.264 202.591 
258.399 102.672 252.489 121.705 271.52 127.614 277.429 108.582 
264.715 83.434 258.497 102.368 277.43 108.585 283.647 89.651 
216.713 -10.37 225.612 7.461 243.442 -1.437 234.544 -19.268 
208.122 -29.06 216.439 -10.951 234.548 -19.269 226.23 -37.377 
111.514 -80.737 104.839 -61.961 123.615 -55.286 130.291 -74.061 
93.804 -89.871 84.668 -72.162 102.377 -63.026 111.513 -80.735 
-21.286 -34.334 -13.372 -16.045 4.917 -23.959 -2.997 -42.248 
-40.41 -28.733 -34.809 -9.608 -15.685 -15.209 -21.285 -34.333 
-80.908 51.422 -62.753 43.207 -55.723 24.559 -73.879 32.774 
-80.909 51.425 -90.308 68.997 -84.529 88.069 -75.13 70.497 
-112.709 88.354 -98.478 102.304 -84.529 88.073 -98.76 74.123 
-98.48 102.307 -105.51 120.953 -87.355 112.74 -80.324 94.093 
-60.915 195.914 -52.882 177.677 -60.099 159.102 -68.13 177.34 
-60.914 195.919 -53.962 214.595 -35.84 222.885 -42.793 204.21 
-55.759 223.435 -55.213 243.356 -35.292 242.81 -35.838 222.889 
-29.64 223.704 -35.292 242.814 -25.777 260.323 -20.124 241.213 
35.752 271.702 53.117 281.479 47.751 262.287 30.385 252.511 
53.122 281.484 71.579 288.995 89.942 281.256 71.485 273.744 
76.372 295.844 90.958 309.422 104.536 294.836 89.95 281.258 
94.647 277.544 104.541 294.842 123.768 300.078 113.875 282.779 
157.268 255.441 174.008 266.253 193.49 262.062 176.75 251.25 
201.015 243.605 193.497 262.061 211.863 254.327 219.38 235.871 
219.387 235.868 219.907 255.79 239.827 255.27 239.307 235.348 
220.165 229.835 239.314 235.348 256.753 225.707 237.604 220.194 
249.626 170.687 269.168 166.786 280.227 150.21 260.685 154.111 
281.053 113.394 273.018 131.63 280.231 150.207 288.266 131.97 
281.054 113.388 294.971 127.651 309.234 113.734 295.317 99.471 
283.645 89.655 277.638 108.656 295.321 99.468 301.328 80.466 
258.515 45.961 268.921 28.966 264.262 9.591 253.856 26.585 
239.955 -18.074 246.379 0.79 264.26 9.586 257.836 -9.278 
241.473 -37.947 239.95 -18.078 259.819 -16.556 261.342 -36.424 
233.149 -56.061 226.232 -37.372 234.555 -19.267 241.473 -37.955 
160.626 -60.799 178.514 -52.017 172.076 -70.875 154.187 -79.658 
117.61 -83.922 135.014 -74.216 154.184 -79.659 136.78 -89.366 
105.455 -99.716 117.607 -83.922 133.401 -96.073 121.249 -111.868 
87.745 -108.855 93.807 -89.871 111.516 -80.735 105.454 -99.718 
10.781 -64.486 29.419 -57.432 47.585 -65.623 28.948 -72.677 
-8.568 -59.708 -18.871 -42.651 0.476 -47.427 10.779 -64.484 
-37.514 -63.786 -38.762 -43.898 -18.874 -42.65 -17.625 -62.537 
-57.891 -38.301 -40.41 -28.734 -21.284 -34.33 -38.765 -43.897 
