78.589 122.21 79.675 142.108 92.977 127.27 91.891 107.372 
99.71 109.268 100.824 129.164 115.681 142.446 114.567 122.549 
106.662 105.253 121.483 118.573 141.383 117.513 126.562 104.192 
109.072 97.455 128.978 96.514 142.388 81.774 122.482 82.714 
104.58 69.998 105.303 89.913 118.874 75.32 118.151 55.405 
82.02 53.628 82.483 73.55 96.897 87.31 96.435 67.388 
54.693 78.761 69.186 92.439 89.105 91.863 74.612 78.185 
54.032 116.19 73.937 115.263 87.357 100.531 67.452 101.459 
58.731 120.393 56.928 140.24 76.773 142.043 78.576 122.196 
85.565 141.977 98.391 157.226 113.642 144.401 100.815 129.15 
121.467 118.571 119.796 138.429 139.654 140.1 141.325 120.242 
128.967 96.522 141.855 111.721 157.054 98.833 144.166 83.634 
120.515 55.465 118.874 75.326 138.734 76.967 140.375 57.106 
83.512 52.228 96.44 67.393 111.605 54.465 98.677 39.3 
56.294 56.767 54.748 76.635 74.615 78.18 76.161 58.312 
39.359 99.143 52.253 114.337 67.447 101.444 54.554 86.249 
39.383 102.66 40.191 122.572 54.842 136.08 54.034 116.168 
59.753 142.874 74.383 156.403 94.295 155.625 79.665 142.096 
102.155 157.1 122.068 156.324 135.6 141.696 115.687 142.472 
141.414 117.51 142.148 137.425 155.71 122.825 154.976 102.91 
141.664 61.877 142.386 81.792 156.979 95.363 156.257 75.448 
103.621 41.757 118.139 55.407 138.058 54.792 123.539 41.142 
62.089 54.059 82.012 53.64 95.803 39.256 75.881 39.675 
40.47 73.277 40.941 93.2 54.695 78.779 54.224 58.857 
19.76 78.913 19.436 98.838 39.361 99.162 39.685 79.237 
19.455 98.84 19.071 118.764 38.996 119.148 39.379 99.223 
28.758 139.945 42.696 154.186 56.938 140.25 43.0 126.007 
42.712 154.183 56.396 168.669 70.882 154.985 57.198 140.5 
78.463 156.821 78.067 176.745 97.99 177.141 98.386 157.217 
98.525 157.209 97.995 177.13 117.916 177.66 118.446 157.739 
125.229 153.863 138.995 168.272 153.404 154.506 139.639 140.098 
139.676 140.037 153.402 154.484 167.849 140.76 154.124 126.313 
157.067 98.837 156.602 118.761 176.524 119.225 176.989 99.303 
157.508 78.92 157.052 98.842 176.974 99.298 177.43 79.376 
140.387 57.109 154.149 71.521 168.561 57.759 154.799 43.347 
126.61 42.695 140.372 57.107 154.784 43.345 141.022 28.934 
99.209 19.389 98.682 39.309 118.603 39.836 119.13 19.916 
79.285 18.849 78.733 38.768 98.652 39.321 99.205 19.401 
42.495 42.385 56.302 56.755 70.672 42.948 56.865 28.578 
28.13 56.22 41.95 70.577 56.307 56.757 42.487 42.4 
4.835 64.019 20.73 76.037 40.469 73.296 24.573 61.277 
4.83 64.034 4.74 83.962 18.767 98.116 18.857 78.189 
-9.408 98.972 5.091 112.642 18.762 98.143 4.263 84.472 
5.084 112.649 4.687 132.572 19.056 118.766 19.452 98.842 
7.753 139.972 27.581 137.977 40.19 122.546 20.363 124.541 
7.723 139.967 21.728 154.143 41.655 154.265 27.651 140.089 
21.712 154.809 22.258 174.73 42.178 174.184 41.633 154.263 
42.665 154.248 42.178 174.17 55.92 188.602 56.408 168.679 
61.468 171.566 63.056 191.431 75.979 176.262 74.392 156.397 
63.071 191.443 82.996 191.74 97.295 177.86 77.37 177.564 
83.569 192.34 98.033 206.047 111.74 191.583 97.276 177.875 
98.004 177.185 111.758 191.605 131.681 192.076 117.926 177.656 
122.04 156.319 123.469 176.195 138.534 189.24 137.105 169.363 
138.959 169.287 138.53 189.21 152.921 175.426 153.351 155.503 
153.359 155.521 153.889 175.442 173.809 174.912 173.279 154.991 
153.402 154.498 173.323 154.996 187.762 141.263 167.841 140.764 
155.707 122.795 170.751 135.864 190.629 134.466 175.585 121.398 
177.607 99.997 176.982 119.915 190.623 134.442 191.249 114.524 
177.603 99.972 192.013 113.736 205.777 99.326 191.367 85.562 
177.437 79.38 176.97 99.303 191.387 85.546 191.854 65.623 
156.241 75.435 176.111 73.923 189.092 58.803 169.223 60.315 
155.646 43.37 169.164 58.011 189.075 58.805 175.557 44.164 
155.26 23.444 155.626 43.368 175.549 43.002 175.183 23.078 
141.494 9.018 141.032 28.941 154.792 43.354 155.254 23.432 
121.719 21.3 123.532 41.145 136.282 25.831 134.469 5.986 
99.926 18.718 119.838 19.506 134.475 5.983 114.563 5.195 
85.521 4.937 99.916 18.716 113.696 4.321 99.301 -9.459 
65.594 4.375 79.29 18.85 99.209 19.401 85.513 4.926 
57.403 7.832 60.038 27.585 75.868 39.688 73.233 19.936 
42.982 21.589 42.509 41.51 56.931 27.759 57.403 7.836 
22.081 22.101 22.581 42.021 42.503 41.521 42.002 21.6 
8.214 55.84 28.138 56.215 42.492 42.391 22.567 42.017 
