-34.123 323.5 -16.096 331.993 -22.838 313.24 -40.865 304.747 
143.16 341.995 160.948 350.978 179.878 344.751 162.09 335.769 
300.621 240.877 319.622 234.871 328.811 217.189 309.81 223.194 
343.055 56.297 351.924 38.451 345.577 19.562 336.708 37.407 
223.435 -114.699 241.644 -106.601 234.495 -125.202 216.286 -133.3 
16.607 -149.241 34.989 -141.544 53.428 -149.1 35.047 -156.796 
-135.827 -17.774 -117.067 -24.496 -108.555 -42.513 -127.315 -35.792 
-148.33 183.023 -140.027 164.909 -146.965 146.228 -155.268 164.342 
-41.861 305.087 -60.251 312.763 -52.575 331.152 -34.185 323.476 
142.583 343.152 134.734 361.468 153.05 369.319 160.9 351.002 
319.593 234.926 300.977 242.038 308.088 260.654 326.704 253.542 
351.963 38.509 344.406 56.948 362.846 64.505 370.403 46.066 
252.45 -133.942 234.558 -125.167 243.332 -107.275 261.225 -116.049 
42.931 -175.198 35.099 -156.874 53.423 -149.042 61.255 -167.366 
-115.516 -61.47 -134.202 -54.543 -127.276 -35.859 -108.59 -42.785 
-165.194 137.892 -173.447 156.03 -155.309 164.283 -147.056 146.145 
-163.148 196.384 -143.25 197.474 -128.41 184.175 -148.308 183.085 
-16.574 351.946 -2.111 338.238 -1.576 318.318 -16.039 332.026 
193.393 359.44 194.265 339.531 180.806 324.837 179.933 344.745 
328.835 217.132 348.725 218.369 335.537 203.43 315.646 202.193 
325.706 17.906 345.57 19.496 360.74 6.573 340.876 4.984 
200.535 -121.03 216.218 -133.325 218.613 -153.109 202.93 -140.814 
14.187 -129.411 16.53 -149.2 4.193 -164.85 1.851 -145.061 
-142.747 -4.095 -122.878 -2.567 -135.847 -17.697 -155.717 -19.225 
-153.782 112.049 -172.374 119.222 -165.201 137.814 -146.608 130.641 
-172.409 119.152 -173.543 99.256 -193.439 100.39 -192.305 120.286 
-64.531 284.864 -76.352 300.906 -60.31 312.728 -48.488 296.685 
-76.413 300.88 -95.384 294.78 -101.484 313.751 -82.513 319.85 
133.434 341.596 113.545 342.841 114.79 362.73 134.679 361.484 
127.787 377.792 114.736 362.731 99.676 375.781 112.726 390.842 
293.146 247.496 279.937 262.417 294.859 275.626 308.066 260.705 
314.708 277.087 294.832 275.666 293.409 295.542 313.285 296.963 
362.859 64.568 343.016 66.427 344.876 86.267 364.717 84.408 
391.596 92.981 382.424 75.289 364.733 84.461 373.906 102.153 
261.292 -116.031 250.2 -99.476 266.754 -88.383 277.847 -104.938 
306.07 -105.399 291.727 -119.234 277.892 -104.891 292.235 -91.057 
80.048 -174.229 61.334 -167.382 68.182 -148.668 86.895 -155.515 
99.779 -170.964 103.024 -190.624 83.363 -193.87 80.118 -174.209 
-107.556 -79.822 -115.491 -61.542 -97.211 -53.607 -89.276 -71.887 
-93.486 -94.03 -107.647 -108.052 -121.668 -93.891 -107.508 -79.87 
-158.045 29.491 -143.477 15.894 -142.791 -4.022 -157.359 9.575 
-158.071 29.574 -171.431 44.361 -170.422 64.263 -157.062 49.476 
-193.942 79.914 -174.412 83.874 -170.452 64.343 -189.982 60.384 
-174.415 83.954 -192.356 92.627 -173.537 99.181 -155.596 90.507 
-130.756 232.182 -129.814 212.277 -143.223 197.536 -144.165 217.442 
-130.726 232.243 -130.244 252.165 -115.816 265.911 -116.299 245.99 
-131.892 277.709 -120.157 293.816 -104.05 282.082 -115.785 265.975 
-84.49 278.088 -104.004 282.127 -114.946 298.782 -95.432 294.742 
10.936 353.377 30.807 354.885 17.823 339.768 -2.048 338.26 
30.864 354.918 45.182 368.778 65.107 368.454 50.789 354.595 
61.472 388.044 81.053 391.744 84.753 372.163 65.172 368.463 
96.592 356.102 84.81 372.174 87.844 391.87 99.626 375.798 
194.32 339.5 214.169 341.279 229.461 328.502 209.613 326.723 
243.651 314.434 229.522 328.488 249.45 328.541 263.579 314.487 
263.63 314.451 274.601 331.086 291.236 320.116 280.265 303.48 
277.352 283.734 280.306 303.441 296.33 315.287 293.376 295.58 
335.568 203.375 351.046 190.823 353.115 171.004 337.637 183.556 
366.97 136.82 352.985 151.017 353.134 170.944 367.119 156.748 
366.993 136.756 386.614 140.236 390.094 120.614 370.473 117.134 
373.904 102.21 354.249 105.494 370.469 117.07 390.125 113.786 
340.847 4.928 343.068 -14.875 330.635 -30.448 328.414 -10.646 
314.564 -63.644 315.73 -43.75 330.622 -30.509 329.455 -50.402 
302.293 -79.427 314.526 -63.697 330.256 -75.93 318.023 -91.66 
311.204 -97.29 292.287 -91.022 283.344 -73.215 302.26 -79.482 
182.999 -142.371 202.868 -140.854 189.892 -155.977 170.022 -157.494 
134.942 -168.913 150.089 -155.963 169.956 -157.517 154.809 -170.467 
115.15 -171.755 134.877 -168.937 137.694 -188.665 117.967 -191.482 
106.496 -189.737 99.849 -170.951 108.431 -152.967 115.079 -171.753 
-32.9 -132.628 -12.996 -131.66 1.762 -145.05 -18.141 -146.018 
-52.864 -131.295 -65.994 -116.305 -46.11 -117.62 -32.98 -132.611 
-94.037 -119.586 -81.709 -103.93 -66.052 -116.259 -78.381 -131.915 
-99.445 -113.086 -93.445 -94.082 -75.766 -84.887 -81.765 -103.891 
