-37.313 333.725 -20.163 343.874 -25.114 324.571 -42.264 314.422 
151.507 350.827 168.813 360.706 188.037 355.454 170.73 345.575 
314.215 238.861 333.496 233.827 343.571 216.633 324.289 221.667 
350.544 45.112 360.39 27.786 355.101 8.573 345.255 25.899 
221.621 -127.858 238.824 -117.798 233.773 -137.075 216.571 -147.135 
8.193 -158.752 25.453 -148.793 44.701 -153.955 27.44 -163.915 
-147.305 -19.817 -128.052 -24.962 -118.077 -42.213 -137.33 -37.068 
-158.965 188.363 -148.9 171.165 -153.943 151.886 -164.009 169.084 
-42.294 314.301 -61.63 319.121 -56.811 338.456 -37.474 333.636 
151.267 350.866 141.404 368.181 158.718 378.046 168.582 360.731 
333.364 234.011 314.075 239.017 319.081 258.306 338.37 253.299 
360.481 27.998 350.617 45.313 367.932 55.177 377.796 37.862 
253.244 -141.87 233.935 -136.944 238.86 -117.634 258.17 -122.56 
37.68 -181.228 27.693 -163.984 44.937 -153.997 54.924 -171.241 
-123.03 -61.614 -142.297 -56.524 -137.207 -37.258 -117.94 -42.348 
-171.124 141.575 -181.252 158.736 -164.091 168.865 -153.962 151.704 
-173.151 202.533 -153.224 202.719 -139.003 188.759 -158.93 188.574 
-19.781 363.886 -5.841 349.647 -6.052 329.721 -19.992 343.96 
202.468 369.345 202.271 349.418 188.042 335.467 188.239 355.394 
343.664 216.427 363.588 216.064 349.244 202.232 329.319 202.595 
335.117 8.272 355.045 8.354 369.194 -5.678 349.266 -5.761 
202.401 -132.985 216.37 -147.198 216.197 -167.125 202.229 -152.912 
7.838 -138.755 7.954 -158.682 -6.055 -172.854 -6.171 -152.928 
-153.283 -5.546 -133.355 -5.457 -147.383 -19.611 -167.311 -19.7 
-154.981 118.235 -174.602 121.719 -171.118 141.34 -151.497 137.856 
-174.661 121.506 -175.951 101.62 -195.837 102.91 -194.547 122.796 
-67.042 291.341 -78.268 307.805 -61.805 319.032 -50.578 302.567 
-78.428 307.661 -93.444 294.561 -106.545 309.577 -91.529 322.676 
138.99 348.419 119.18 350.582 121.343 370.391 141.154 368.228 
122.708 390.241 121.097 370.378 101.234 371.989 102.845 391.852 
302.648 247.049 291.206 263.364 307.521 274.806 318.962 258.491 
321.922 288.564 307.367 274.953 293.755 289.506 308.31 303.117 
367.943 55.408 348.128 57.536 350.256 77.349 370.07 75.221 
392.324 92.809 389.902 73.029 370.123 75.451 372.545 95.231 
258.344 -122.45 247.093 -106.002 263.54 -94.751 274.791 -111.198 
303.108 -111.102 288.994 -125.17 274.926 -111.056 289.04 -96.989 
74.872 -174.368 55.188 -171.267 58.29 -151.582 77.974 -154.683 
95.007 -175.572 93.826 -195.464 73.934 -194.282 75.115 -174.39 
-111.273 -77.982 -122.919 -61.812 -106.749 -50.165 -95.103 -66.336 
-97.781 -92.943 -112.588 -106.279 -125.924 -91.472 -111.117 -78.136 
-164.432 29.783 -151.626 14.515 -153.368 -5.337 -166.174 9.932 
-164.49 30.002 -175.853 46.373 -172.311 65.983 -160.949 49.612 
-194.395 83.777 -174.592 86.003 -172.367 66.2 -192.17 63.974 
-174.604 86.218 -193.6 92.236 -175.913 101.414 -156.915 95.396 
-136.003 235.509 -137.811 215.664 -153.123 202.91 -151.314 222.756 
-135.918 235.718 -132.44 255.339 -116.105 266.755 -119.584 247.134 
-131.446 279.479 -118.902 294.964 -103.417 282.42 -115.961 266.935 
-84.183 276.869 -103.267 282.606 -112.704 300.158 -93.62 294.42 
9.581 362.542 29.44 360.884 14.225 348.014 -5.634 349.672 
29.651 360.956 45.962 372.403 65.591 368.963 49.279 357.516 
62.683 388.636 82.362 391.775 85.5 372.096 65.821 368.957 
93.211 353.657 85.739 372.131 93.519 390.477 100.991 372.004 
202.456 349.323 222.323 347.762 235.267 332.61 215.4 334.171 
246.879 316.203 235.472 332.543 255.092 329.055 266.499 312.715 
266.678 312.559 278.577 328.544 294.562 316.646 282.663 300.66 
275.148 282.158 282.877 300.525 301.329 308.048 293.6 289.68 
349.346 202.039 362.367 186.954 360.907 167.08 347.886 182.165 
368.413 130.807 357.21 147.289 360.943 166.864 372.145 150.382 
368.493 130.592 388.147 133.887 391.441 114.233 371.788 110.939 
372.507 95.468 353.754 102.21 371.782 110.703 390.534 103.961 
349.148 -5.952 347.351 -25.798 332.047 -38.561 333.844 -18.715 
312.512 -70.031 315.755 -50.369 331.951 -38.76 328.708 -58.422 
300.006 -85.822 312.373 -70.197 327.998 -82.563 315.632 -98.189 
307.663 -104.34 289.19 -96.864 281.417 -78.515 299.888 -85.992 
182.184 -151.387 202.042 -153.037 186.834 -165.913 166.975 -164.263 
130.762 -172.182 147.109 -160.784 166.727 -164.284 150.38 -175.681 
110.714 -174.43 130.522 -172.248 132.704 -192.056 112.896 -194.238 
104.2 -193.354 95.249 -175.549 101.51 -156.631 110.46 -174.436 
-39.042 -135.819 -19.19 -137.556 -6.381 -152.821 -26.232 -151.084 
-58.872 -132.24 -70.263 -115.89 -50.647 -119.395 -39.255 -135.746 
-98.401 -119.142 -86.12 -103.449 -70.426 -115.731 -82.707 -131.424 
-104.323 -111.902 -97.652 -93.124 -79.657 -84.563 -86.328 -103.341 
