10.285 228.349 23.386 243.366 24.74 223.484 11.638 208.468 
113.29 236.591 125.964 251.969 145.799 253.882 133.126 238.503 
204.893 187.528 224.7 189.717 240.254 177.259 220.446 175.07 
237.325 88.677 253.271 76.725 256.096 56.998 240.15 68.95 
180.48 -22.723 191.931 -6.414 195.367 -26.043 183.916 -42.353 
58.498 -63.021 69.768 -46.587 89.359 -42.935 78.088 -59.37 
-46.555 17.316 -26.75 19.524 -11.185 7.081 -30.99 4.873 
-58.49 147.697 -43.826 134.204 -42.998 114.294 -57.662 127.786 
1.757 210.332 -16.257 218.854 -7.736 236.867 10.278 228.345 
107.094 245.546 100.672 264.41 119.536 270.833 125.958 251.968 
224.697 189.723 206.707 198.297 215.282 216.286 233.271 207.712 
253.269 76.732 246.184 95.358 264.809 102.443 271.895 83.818 
213.914 -33.335 195.369 -26.04 202.665 -7.495 221.209 -14.791 
87.107 -77.142 78.092 -59.37 95.864 -50.355 104.879 -68.127 
-18.02 -20.152 -37.014 -14.124 -30.986 4.87 -11.992 -1.159 
-68.009 101.566 -75.944 119.846 -57.664 127.78 -49.729 109.5 
-78.213 144.849 -66.285 160.813 -46.562 163.667 -58.49 147.703 
7.357 255.201 27.061 258.172 43.096 246.341 23.392 243.37 
142.742 273.571 158.832 261.813 161.896 242.123 145.806 253.881 
240.259 177.254 251.426 193.759 255.201 174.193 244.034 157.687 
245.621 40.038 256.097 56.99 275.492 61.569 265.016 44.617 
164.756 -47.843 183.913 -42.357 201.34 -52.024 182.182 -57.511 
41.728 -52.254 58.494 -63.023 62.736 -82.494 45.969 -71.725 
-61.181 21.659 -48.631 37.139 -46.559 17.319 -59.109 1.839 
-77.902 75.171 -86.151 93.311 -68.011 101.561 -59.762 83.42 
-86.152 93.308 -94.406 111.446 -76.268 119.701 -68.014 101.563 
-42.778 209.31 -34.291 227.339 -16.261 218.853 -24.748 200.823 
-34.287 227.337 -25.802 245.368 -7.771 236.883 -16.257 218.853 
81.806 257.992 75.385 276.857 94.249 283.278 100.67 264.412 
100.673 264.41 94.248 283.274 113.112 289.698 119.537 270.834 
197.299 224.88 205.891 242.86 223.871 234.268 215.279 216.289 
215.293 216.284 223.871 234.27 241.858 225.693 233.28 207.707 
264.807 102.449 257.926 121.152 276.628 128.032 283.509 109.329 
271.977 83.618 264.887 102.242 283.51 109.332 290.6 90.708 
221.215 -14.792 229.206 3.463 247.461 -4.527 239.471 -22.783 
213.682 -34.138 220.901 -15.564 239.475 -22.784 232.255 -41.357 
112.371 -86.594 104.882 -68.128 123.349 -60.638 130.838 -79.104 
95.434 -97.092 84.935 -80.155 101.871 -69.656 112.371 -86.592 
-24.945 -38.842 -18.018 -20.157 0.667 -27.084 -6.26 -45.769 
-44.475 -34.897 -40.532 -15.363 -20.998 -19.306 -24.942 -38.84 
-85.346 49.451 -67.511 40.561 -61.186 21.664 -79.021 30.553 
-85.348 49.456 -95.752 66.453 -91.089 85.827 -80.686 68.83 
-119.264 86.57 -104.81 100.288 -91.092 85.834 -105.546 72.116 
-104.813 100.294 -113.069 118.43 -94.406 111.444 -86.151 93.306 
-65.159 197.625 -58.099 178.989 -66.284 160.82 -73.344 179.456 
-65.156 197.631 -59.43 216.718 -41.883 226.165 -47.611 207.079 
-61.789 227.008 -60.952 246.918 -41.041 246.081 -41.878 226.171 
-34.296 227.335 -41.039 246.087 -32.547 264.115 -25.804 245.363 
33.627 276.996 51.574 285.66 45.01 266.844 27.064 258.18 
51.58 285.662 69.525 294.324 88.341 287.76 70.395 279.097 
74.922 302.489 89.649 315.913 103.074 301.186 88.346 287.761 
94.222 283.337 103.079 301.188 121.965 307.548 113.108 289.697 
158.838 261.815 176.218 271.564 195.402 266.168 178.021 256.419 
204.02 248.195 195.407 266.165 214.204 259.548 222.817 241.578 
222.822 241.575 223.474 261.492 243.39 260.84 242.739 240.923 
223.92 234.381 242.743 240.92 260.678 232.235 241.854 225.696 
255.205 174.187 274.477 169.118 284.52 151.907 265.248 156.976 
287.503 115.201 278.413 132.935 284.525 151.902 293.615 134.168 
287.506 115.194 301.503 129.377 315.687 115.38 301.69 101.196 
290.609 90.711 283.504 109.329 301.693 101.188 308.798 82.569 
265.013 44.609 274.453 27.06 268.718 7.975 259.279 25.525 
246.153 -21.127 251.409 -1.905 268.718 7.97 263.461 -11.252 
247.507 -41.012 246.15 -21.132 266.031 -19.775 267.388 -39.655 
240.291 -59.592 232.258 -41.355 239.475 -22.78 247.507 -41.017 
163.891 -65.429 182.179 -57.515 174.844 -76.043 156.555 -83.957 
120.308 -90.455 137.085 -79.701 156.552 -83.96 139.775 -94.714 
107.823 -105.992 120.303 -90.456 135.839 -102.936 123.359 -118.472 
90.882 -116.492 95.436 -97.091 112.373 -86.593 107.82 -105.994 
9.226 -69.258 28.107 -62.883 45.964 -71.726 27.084 -78.101 
-10.364 -65.584 -21.618 -49.14 -2.032 -52.809 9.223 -69.255 
-40.808 -69.778 -41.535 -49.865 -21.62 -49.137 -20.893 -69.051 
-61.073 -45.925 -44.474 -34.898 -24.94 -38.837 -41.539 -49.865 
