-37.395 333.917 -20.045 343.719 -25.383 324.519 -42.733 314.718 
151.76 350.436 168.93 360.551 188.223 355.564 171.053 345.448 
314.475 239.025 333.692 233.751 343.551 216.432 324.334 221.707 
350.384 44.829 360.397 27.599 355.294 8.336 345.281 25.566 
221.557 -127.7 238.902 -117.888 233.575 -137.091 216.23 -146.903 
8.029 -158.647 25.36 -148.809 44.57 -154.107 27.24 -163.945 
-147.311 -19.725 -128.077 -24.937 -118.162 -42.223 -137.396 -37.011 
-158.957 188.43 -149.024 171.155 -154.215 151.916 -164.148 169.19 
-42.865 314.582 -62.079 319.87 -56.79 339.083 -37.577 333.794 
151.493 350.507 141.4 367.689 158.582 377.783 168.675 360.6 
333.581 233.964 314.372 239.269 319.676 258.478 338.885 253.173 
360.474 27.812 350.44 45.03 367.657 55.063 377.691 37.846 
252.962 -142.245 233.748 -136.957 239.037 -117.743 258.25 -123.031 
37.461 -181.275 27.434 -164.054 44.655 -154.027 54.682 -171.248 
-123.122 -61.568 -142.386 -56.466 -137.284 -37.203 -118.02 -42.305 
-171.497 141.748 -181.488 158.99 -164.246 168.981 -154.255 151.738 
-172.99 202.736 -153.062 202.738 -138.97 188.648 -158.898 188.646 
-20.154 363.726 -5.839 349.863 -5.519 329.939 -19.834 343.802 
202.409 369.654 202.569 349.726 188.593 335.523 188.433 355.45 
343.659 216.242 363.584 216.584 349.738 202.253 329.812 201.911 
335.305 8.015 355.233 8.119 369.397 -5.898 349.47 -6.002 
201.628 -133.172 216.02 -146.956 216.45 -166.879 202.058 -153.096 
7.644 -138.627 7.839 -158.553 -6.114 -172.781 -6.309 -152.855 
-153.286 -5.445 -133.358 -5.387 -147.407 -19.519 -167.335 -19.577 
-154.843 118.786 -174.538 121.825 -171.499 141.52 -151.804 138.481 
-174.599 121.61 -175.509 101.702 -195.416 102.612 -194.506 122.519 
-66.189 291.872 -78.184 307.784 -62.273 319.781 -50.276 303.869 
-78.314 307.631 -92.941 294.098 -106.475 308.726 -91.847 322.258 
137.755 348.148 118.118 351.541 121.511 371.177 141.148 367.784 
122.485 391.066 121.259 371.176 101.368 372.402 102.594 392.292 
303.954 246.199 291.502 261.758 307.061 274.209 319.511 258.651 
322.392 286.977 306.94 274.395 294.357 289.847 309.81 302.429 
367.666 55.286 348.062 58.868 351.644 78.47 371.248 74.888 
391.563 94.677 391.215 74.752 371.291 75.1 371.639 95.025 
258.462 -122.937 246.406 -107.07 262.273 -95.014 274.329 -110.881 
302.573 -113.004 287.385 -125.904 274.484 -110.715 289.673 -97.816 
74.593 -174.394 54.911 -171.281 58.024 -151.597 77.706 -154.71 
94.728 -175.447 93.714 -195.348 73.813 -194.334 74.827 -174.432 
-111.336 -77.912 -123.014 -61.765 -106.868 -50.086 -95.189 -66.233 
-97.793 -92.836 -112.548 -106.23 -125.942 -91.475 -111.187 -78.081 
-164.453 29.887 -151.64 14.625 -153.372 -5.228 -166.185 10.034 
-164.509 30.102 -175.937 46.428 -172.475 66.052 -161.046 49.727 
-194.768 83.57 -174.993 86.031 -172.532 66.256 -192.307 63.795 
-174.993 86.243 -193.632 93.292 -175.468 101.487 -156.829 94.438 
-135.85 235.529 -137.644 215.682 -152.947 202.917 -151.152 222.764 
-135.761 235.717 -132.293 255.341 -115.965 266.765 -119.433 247.142 
-131.702 278.96 -119.663 294.84 -103.783 282.802 -115.822 266.921 
-85.1 275.733 -103.665 282.977 -111.669 301.227 -93.104 293.982 
9.661 362.726 29.51 360.954 14.221 348.172 -5.628 349.944 
29.723 361.017 46.042 372.452 65.668 368.999 49.349 357.563 
63.76 388.833 83.573 390.966 85.706 371.152 65.893 369.02 
95.044 353.468 85.936 371.193 92.028 390.166 101.137 372.442 
202.788 349.628 222.627 347.753 235.33 332.398 215.491 334.273 
246.939 315.927 235.525 332.262 255.147 328.782 266.561 312.447 
266.75 312.327 278.893 328.128 294.693 315.986 282.55 300.185 
276.323 281.145 282.705 300.022 300.566 308.859 294.184 289.981 
349.825 202.068 362.446 186.646 360.465 166.818 347.844 182.239 
368.779 130.739 357.209 146.964 360.5 166.618 372.07 150.393 
368.855 130.544 388.709 132.257 390.422 112.403 370.569 110.69 
371.603 95.248 352.713 101.597 370.56 110.464 389.449 104.115 
349.364 -6.204 347.643 -26.057 332.387 -38.878 334.109 -19.025 
312.233 -69.965 315.863 -50.371 332.284 -39.082 328.655 -58.677 
299.857 -85.871 312.09 -70.14 327.82 -82.373 315.588 -98.104 
308.817 -103.799 289.851 -97.682 280.767 -79.946 299.732 -86.063 
181.999 -151.396 201.846 -153.187 186.546 -165.955 166.699 -164.163 
130.523 -172.197 146.837 -160.752 166.465 -164.196 150.151 -175.64 
110.476 -174.458 130.281 -172.251 132.488 -192.056 112.683 -194.263 
103.746 -193.317 94.985 -175.419 101.446 -156.568 110.207 -174.467 
-39.13 -135.717 -19.28 -137.473 -6.487 -152.751 -26.336 -150.995 
-58.921 -132.134 -70.323 -115.792 -50.704 -119.285 -39.302 -135.628 
-98.439 -119.054 -86.159 -103.361 -70.465 -115.642 -82.745 -131.335 
-104.344 -111.804 -97.675 -93.025 -79.681 -84.462 -86.35 -103.241 
