-37.222 333.863 -19.995 343.881 -25.093 324.617 -42.319 314.599 
151.72 350.658 168.955 360.661 188.215 355.548 170.98 345.544 
314.473 238.957 333.713 233.767 343.648 216.493 324.408 221.683 
350.355 44.706 360.348 27.464 355.221 8.207 345.229 25.449 
221.447 -127.895 238.717 -117.953 233.535 -137.195 216.265 -147.137 
8.106 -158.801 25.381 -148.867 44.621 -154.059 27.345 -163.993 
-147.359 -19.84 -128.128 -25.065 -118.225 -42.357 -137.455 -37.132 
-159.038 188.355 -149.136 171.062 -154.362 151.832 -164.264 169.124 
-42.611 314.512 -61.857 319.681 -56.689 338.926 -37.443 333.757 
151.485 350.705 141.499 367.95 158.743 377.937 168.73 360.692 
333.611 233.972 314.34 239.049 319.417 258.319 338.688 253.243 
360.39 27.697 350.396 44.938 367.636 54.932 377.63 37.692 
252.996 -142.227 233.737 -137.108 238.855 -117.849 258.115 -122.967 
37.633 -181.236 27.589 -164.025 44.8 -153.981 54.844 -171.192 
-123.14 -61.641 -142.42 -56.598 -137.377 -37.319 -118.098 -42.362 
-171.489 141.66 -181.567 158.852 -164.375 168.93 -154.297 151.738 
-173.069 202.612 -153.141 202.66 -139.016 188.603 -158.944 188.555 
-19.799 363.93 -5.706 349.842 -5.702 329.915 -19.794 344.003 
202.473 369.553 202.506 349.625 188.44 335.51 188.406 355.438 
343.79 216.307 363.718 216.326 349.641 202.222 329.712 202.203 
335.208 7.959 355.136 7.994 369.252 -6.073 349.324 -6.107 
201.921 -133.186 216.067 -147.221 216.145 -167.149 201.999 -153.113 
7.867 -138.756 7.899 -158.683 -6.169 -172.796 -6.202 -152.87 
-153.316 -5.578 -133.388 -5.544 -147.455 -19.659 -167.383 -19.693 
-155.007 118.607 -174.683 121.766 -171.524 141.442 -151.848 138.283 
-174.697 121.553 -175.687 101.65 -195.59 102.64 -194.601 122.543 
-66.487 291.703 -78.176 307.842 -62.039 319.532 -50.349 303.393 
-78.359 307.712 -93.125 294.329 -106.508 309.094 -91.742 322.476 
138.048 348.362 118.384 351.597 121.619 371.26 141.283 368.025 
122.256 391.159 121.402 371.249 101.492 372.104 102.346 392.014 
303.163 246.769 291.441 262.885 307.556 274.606 319.277 258.491 
322.269 288.06 307.421 274.77 294.13 289.616 308.977 302.907 
367.693 55.159 348.036 58.44 351.317 78.095 370.973 74.815 
391.773 94.047 390.875 74.14 370.968 75.038 371.867 94.946 
258.277 -122.834 246.566 -106.711 262.689 -95.0 274.4 -111.123 
302.715 -112.504 287.903 -125.835 274.572 -111.023 289.384 -97.693 
74.747 -174.44 55.071 -171.289 58.223 -151.611 77.899 -154.763 
94.875 -175.437 93.875 -195.339 73.973 -194.338 74.973 -174.436 
-111.351 -77.957 -123.024 -61.806 -106.872 -50.134 -95.2 -66.285 
-97.862 -92.911 -112.652 -106.265 -126.007 -91.475 -111.216 -78.12 
-164.441 29.772 -151.627 14.511 -153.358 -5.342 -166.172 9.92 
-164.522 30.006 -175.943 46.337 -172.47 65.96 -161.05 49.629 
-194.702 83.535 -174.924 85.973 -172.486 66.195 -192.264 63.757 
-174.97 86.2 -193.726 92.932 -175.703 101.434 -156.947 94.701 
-136.086 235.539 -137.817 215.686 -153.08 202.873 -151.348 222.726 
-135.939 235.729 -132.461 255.351 -116.127 266.766 -119.605 247.145 
-131.709 279.273 -119.433 294.97 -103.735 282.694 -116.012 266.996 
-84.799 276.112 -103.546 282.868 -112.025 300.901 -93.278 294.145 
9.785 362.698 29.637 360.955 14.367 348.151 -5.485 349.894 
29.853 361.038 46.173 372.473 65.799 369.018 49.479 357.584 
63.646 388.814 83.431 391.2 85.817 371.415 66.032 369.029 
94.468 353.408 86.042 371.467 92.853 390.195 101.279 372.136 
202.713 349.547 222.562 347.782 235.35 332.498 215.5 334.264 
246.936 316.029 235.537 332.375 255.156 328.877 266.554 312.531 
266.743 312.392 278.931 328.159 294.697 315.972 282.51 300.205 
275.926 281.311 282.699 300.052 300.739 308.515 293.966 289.774 
349.679 201.984 362.477 186.708 360.725 166.859 347.927 182.134 
368.734 130.673 357.33 147.015 360.821 166.635 372.225 150.293 
368.738 130.434 388.528 132.775 390.869 112.985 371.079 110.644 
371.889 95.176 353.115 101.857 371.115 110.408 389.889 103.727 
349.25 -6.321 347.486 -26.17 332.203 -38.958 333.967 -19.11 
312.266 -70.172 315.75 -50.552 332.087 -39.141 328.603 -58.762 
299.921 -86.085 312.175 -70.371 327.889 -82.624 315.636 -98.339 
308.256 -104.262 289.502 -97.524 281.007 -79.498 299.76 -86.236 
181.945 -151.444 201.797 -153.174 186.536 -165.988 166.684 -164.257 
130.522 -172.247 146.855 -160.829 166.477 -164.304 150.145 -175.722 
110.526 -174.686 130.306 -172.265 132.727 -192.045 112.946 -194.466 
103.631 -193.481 95.08 -175.481 101.762 -156.708 110.312 -174.708 
-39.082 -135.791 -19.23 -137.528 -6.422 -152.793 -26.273 -151.056 
-58.894 -132.179 -70.313 -115.848 -50.691 -119.321 -39.271 -135.652 
-98.495 -119.157 -86.219 -103.461 -70.522 -115.738 -82.798 -131.434 
-104.41 -111.807 -97.686 -93.048 -79.666 -84.538 -86.391 -103.297 
