60.709 152.461 65.233 171.868 75.757 154.946 71.233 135.539 
104.409 143.662 108.861 163.086 125.744 173.673 121.292 154.249 
133.942 126.569 150.612 137.487 170.121 133.42 153.45 122.502 
143.597 93.882 163.171 90.141 174.366 73.655 154.792 77.396 
123.998 43.049 127.233 62.713 138.85 46.521 135.615 26.857 
73.841 20.253 76.144 40.047 91.77 52.415 89.466 32.62 
24.576 62.639 40.489 74.635 60.222 71.865 44.31 59.869 
22.542 127.129 41.987 122.773 52.657 105.942 33.212 110.298 
42.35 144.705 34.589 163.06 52.943 170.821 60.704 152.466 
90.388 170.564 97.871 189.033 116.34 181.552 108.858 163.082 
150.61 137.49 142.838 155.84 161.188 163.612 168.96 145.262 
163.174 90.142 170.596 108.636 189.09 101.213 181.667 82.72 
146.973 28.325 138.852 46.523 157.049 54.645 165.171 36.447 
82.591 13.917 89.468 32.621 108.172 25.744 101.295 7.04 
33.952 33.66 26.029 51.945 44.313 59.868 52.236 41.582 
7.102 99.698 14.86 118.054 33.216 110.296 25.458 91.941 
6.653 115.099 9.384 134.839 25.273 146.866 22.542 127.126 
45.592 175.239 61.864 186.741 81.504 183.369 65.232 171.867 
114.23 189.938 133.872 186.577 145.385 170.312 125.743 173.673 
170.12 133.418 173.371 153.079 184.975 136.88 181.724 117.217 
171.442 53.945 174.366 73.657 190.371 85.528 187.448 65.816 
120.207 14.217 135.613 26.857 155.445 24.901 140.039 12.261 
53.924 20.771 73.844 20.253 87.564 5.8 67.644 6.319 
10.238 57.44 11.132 77.348 24.577 62.639 23.682 42.731 
-12.239 79.2 -12.814 99.12 7.106 99.695 7.68 79.775 
-12.821 99.12 -13.395 119.039 6.524 119.614 7.099 99.694 
6.431 161.753 19.854 176.481 34.583 163.059 21.16 148.33 
19.848 176.483 33.217 191.26 47.995 177.891 34.625 163.115 
77.986 187.672 76.629 207.554 96.51 208.911 97.867 189.029 
97.872 189.032 96.513 208.914 116.395 210.272 117.753 190.39 
146.044 176.571 159.0 191.712 174.141 178.756 161.185 163.616 
161.188 163.617 174.143 178.758 189.285 165.805 176.331 150.663 
189.091 101.216 187.472 121.079 207.333 122.696 208.952 102.834 
190.712 81.353 189.093 101.215 208.954 102.835 210.573 82.973 
165.173 36.448 178.015 51.685 193.253 38.843 180.411 23.605 
152.33 21.201 165.168 36.442 180.409 23.603 167.57 8.364 
103.071 -12.809 101.296 7.039 121.145 8.814 122.92 -11.034 
83.225 -14.603 81.429 5.243 101.275 7.039 103.071 -12.807 
20.768 18.715 33.953 33.658 48.895 20.473 35.711 5.531 
5.826 31.903 19.012 46.844 33.953 33.659 20.768 18.717 
-25.876 64.643 -6.329 68.52 10.235 57.44 -9.312 53.563 
-25.88 64.643 -26.504 84.561 -12.862 99.087 -12.237 79.168 
-41.032 98.338 -27.321 112.799 -12.86 99.088 -26.571 84.627 
-27.316 112.799 -27.89 132.718 -13.399 119.04 -12.825 99.12 
-15.401 162.076 2.631 153.591 9.38 134.841 -8.651 143.327 
-15.402 162.08 -1.431 176.29 18.497 176.458 4.525 162.25 
-1.429 176.824 -1.068 196.749 18.857 196.387 18.495 176.462 
19.848 176.485 18.855 196.388 32.226 211.164 33.219 191.261 
53.57 204.858 60.51 223.538 68.811 205.422 61.871 186.741 
60.514 223.539 80.432 224.12 94.928 210.446 75.009 209.865 
81.452 225.123 96.127 238.604 109.608 223.929 94.933 210.448 
96.512 208.912 109.609 223.931 129.491 225.289 116.393 210.27 
133.876 186.574 140.189 205.475 158.019 214.376 151.705 195.475 
159.198 194.478 158.025 214.371 172.921 201.135 174.095 181.241 
174.099 181.237 175.028 201.144 194.934 200.214 194.004 180.308 
174.14 178.759 194.007 180.306 209.15 167.353 189.283 165.806 
184.976 136.877 202.779 145.829 221.698 139.57 203.894 130.618 
210.509 104.485 208.838 124.343 221.697 139.566 223.368 119.708 
210.514 104.481 225.054 118.108 238.681 103.568 224.14 89.941 
210.575 82.975 208.953 102.837 224.144 89.939 225.765 70.077 
187.446 65.815 206.173 59.004 214.599 40.945 195.872 47.756 
182.072 23.683 194.76 39.049 214.597 40.943 201.909 25.577 
182.108 3.753 182.071 23.68 201.998 23.717 202.035 3.79 
169.27 -11.49 167.571 8.365 180.41 23.605 182.109 3.751 
131.673 -5.827 140.038 12.259 146.913 -6.444 138.548 -24.532 
103.516 -13.186 123.381 -11.604 138.546 -24.532 118.681 -26.114 
90.309 -28.109 103.515 -13.185 118.439 -26.39 105.234 -41.314 
70.463 -29.907 83.226 -14.603 103.072 -12.807 90.308 -28.11 
37.235 -14.447 48.138 2.234 67.642 6.318 56.739 -10.361 
22.185 -1.383 20.783 18.495 35.831 5.431 37.233 -14.447 
1.904 -2.427 0.881 17.474 20.783 18.497 21.806 -1.404 
-14.062 30.659 5.827 31.902 20.769 18.716 0.88 17.474 
