-37.261 333.857 -20.019 343.85 -25.144 324.593 -42.385 314.6 
151.772 350.475 168.966 360.548 188.247 355.512 171.052 345.439 
314.405 238.894 333.653 233.735 343.616 216.476 324.367 221.635 
350.476 44.814 360.437 27.554 355.277 8.306 345.315 25.566 
221.431 -127.86 238.706 -117.924 233.517 -137.164 216.243 -147.101 
8.158 -158.82 25.411 -148.846 44.662 -153.993 27.41 -163.967 
-147.368 -19.823 -128.128 -25.012 -118.193 -42.286 -137.433 -37.096 
-159.037 188.431 -149.062 171.18 -154.207 151.928 -164.182 169.179 
-42.607 314.535 -61.863 319.664 -56.734 338.92 -37.478 333.791 
151.456 350.653 141.504 367.916 158.767 377.87 168.72 360.606 
333.581 233.937 314.327 239.075 319.464 258.329 338.719 253.192 
360.537 27.736 350.499 44.95 367.714 54.988 377.752 37.774 
252.969 -142.192 233.704 -137.095 238.801 -117.83 258.066 -122.927 
37.646 -181.235 27.628 -164.008 44.854 -153.99 54.872 -171.217 
-123.125 -61.658 -142.4 -56.6 -137.342 -37.326 -118.067 -42.384 
-171.462 141.718 -181.456 158.958 -164.216 168.953 -154.222 151.712 
-173.048 202.701 -153.12 202.73 -139.008 188.659 -158.936 188.63 
-19.864 363.902 -5.755 349.83 -5.728 329.903 -19.837 343.975 
202.533 369.524 202.555 349.596 188.48 335.49 188.459 355.418 
343.712 216.285 363.64 216.343 349.591 202.211 329.662 202.153 
335.293 8.118 355.221 8.089 369.292 -6.022 349.364 -5.993 
201.942 -133.174 216.082 -147.216 216.153 -167.144 202.012 -153.102 
7.942 -138.801 7.972 -158.728 -6.098 -172.84 -6.128 -152.913 
-153.346 -5.529 -133.418 -5.498 -147.488 -19.611 -167.416 -19.641 
-155.003 118.659 -174.679 121.818 -171.519 141.494 -151.843 138.335 
-174.686 121.598 -175.68 101.695 -195.583 102.69 -194.589 122.593 
-66.508 291.676 -78.173 307.832 -62.019 319.499 -50.352 303.343 
-78.355 307.717 -93.121 294.335 -106.503 309.1 -91.738 322.482 
138.116 348.308 118.438 351.456 121.586 371.133 141.264 367.984 
122.425 391.046 121.355 371.147 101.456 372.217 102.526 392.116 
303.183 246.771 291.475 262.897 307.6 274.605 319.307 258.479 
322.312 288.129 307.501 274.798 294.169 289.607 308.979 302.939 
367.694 55.181 348.021 58.359 351.2 78.031 370.873 74.853 
391.819 93.95 390.818 74.047 370.916 75.048 371.918 94.951 
258.201 -122.779 246.528 -106.628 262.679 -94.955 274.352 -111.106 
302.67 -112.397 287.892 -125.765 274.523 -110.987 289.301 -97.62 
74.756 -174.455 55.081 -171.293 58.244 -151.617 77.918 -154.78 
94.873 -175.455 93.865 -195.357 73.964 -194.349 74.972 -174.447 
-111.294 -77.989 -122.968 -61.839 -106.818 -50.165 -95.144 -66.315 
-97.795 -92.954 -112.579 -106.315 -125.941 -91.531 -111.156 -78.169 
-164.474 29.824 -151.661 14.562 -153.393 -5.291 -166.206 9.971 
-164.548 30.052 -175.961 46.388 -172.481 66.009 -161.067 49.674 
-194.71 83.582 -174.931 86.018 -172.496 66.24 -192.274 63.804 
-174.961 86.243 -193.719 92.967 -175.701 101.477 -156.941 94.752 
-136.032 235.59 -137.782 215.739 -153.058 202.941 -151.306 222.792 
-135.897 235.769 -132.409 255.389 -116.07 266.797 -119.558 247.178 
-131.65 279.278 -119.373 294.975 -103.676 282.699 -115.952 267.001 
-84.754 276.143 -103.512 282.87 -112.019 300.891 -93.261 294.164 
9.729 362.682 29.581 360.942 14.313 348.135 -5.539 349.875 
29.793 361.014 46.129 372.425 65.75 368.943 49.414 357.531 
63.512 388.727 83.286 391.199 85.758 371.426 65.984 368.953 
94.567 353.461 85.996 371.451 92.656 390.233 101.227 372.243 
202.764 349.508 222.616 347.771 235.426 332.506 215.574 334.243 
247.014 316.028 235.615 332.374 255.233 328.876 266.632 312.53 
266.829 312.417 279.121 328.102 294.805 315.811 282.513 300.125 
275.999 281.172 282.661 299.952 300.651 308.522 293.989 289.741 
349.677 201.998 362.471 186.719 360.715 166.87 347.92 182.148 
368.672 130.658 357.267 146.999 360.756 166.619 372.162 150.278 
368.735 130.412 388.513 132.853 390.954 113.075 371.176 110.635 
371.897 95.164 353.151 101.924 371.187 110.399 389.933 103.639 
349.226 -6.212 347.484 -26.063 332.215 -38.868 333.957 -19.017 
312.266 -70.111 315.75 -50.49 332.087 -39.08 328.603 -58.701 
299.881 -86.012 312.118 -70.285 327.845 -82.522 315.608 -98.249 
308.205 -104.233 289.462 -97.462 280.998 -79.422 299.74 -86.192 
181.961 -151.435 201.811 -153.182 186.54 -165.984 166.689 -164.237 
130.521 -172.229 146.859 -160.819 166.48 -164.304 150.142 -175.714 
110.536 -174.711 130.313 -172.264 132.76 -192.041 112.983 -194.488 
103.59 -193.511 95.089 -175.488 101.822 -156.733 110.323 -174.756 
-38.992 -135.822 -19.14 -137.561 -6.333 -152.828 -26.184 -151.089 
-58.818 -132.229 -70.239 -115.899 -50.616 -119.37 -39.196 -135.701 
-98.409 -119.212 -86.142 -103.508 -70.437 -115.774 -82.703 -131.479 
-104.342 -111.866 -97.621 -93.105 -79.603 -84.593 -86.324 -103.353 
