-37.244 333.87 -19.996 343.85 -25.135 324.597 -42.384 314.617 
151.684 350.656 168.932 360.638 188.186 355.5 170.938 345.518 
314.314 238.812 333.584 233.732 343.617 216.514 324.348 221.594 
350.31 44.766 360.34 27.547 355.256 8.278 345.226 25.498 
221.474 -127.924 238.765 -118.018 233.543 -137.249 216.251 -147.155 
8.098 -158.808 25.348 -148.831 44.601 -153.973 27.351 -163.951 
-147.376 -19.86 -128.145 -25.082 -118.239 -42.373 -137.47 -37.151 
-159.003 188.417 -149.112 171.118 -154.351 151.891 -164.242 169.19 
-42.561 314.494 -61.816 319.632 -56.678 338.885 -37.424 333.748 
151.484 350.721 141.493 367.963 158.733 377.955 168.725 360.713 
333.449 233.914 314.202 239.079 319.366 258.326 338.613 253.161 
360.436 27.76 350.46 45.011 367.711 54.987 377.687 37.736 
253.025 -142.217 233.748 -137.167 238.798 -117.889 258.076 -122.94 
37.566 -181.264 27.565 -164.028 44.802 -154.027 54.802 -171.264 
-123.157 -61.669 -142.441 -56.646 -137.418 -37.362 -118.133 -42.385 
-171.478 141.715 -181.559 158.906 -164.369 168.986 -154.288 151.796 
-173.064 202.724 -153.136 202.752 -139.025 188.681 -158.953 188.653 
-19.824 363.864 -5.713 349.794 -5.682 329.867 -19.794 343.937 
202.469 369.576 202.495 349.648 188.424 335.538 188.398 355.466 
343.697 216.311 363.625 216.344 349.558 202.229 329.629 202.196 
335.263 8.014 355.191 8.055 369.31 -6.007 349.382 -6.048 
201.962 -133.174 216.071 -147.248 216.095 -167.175 201.987 -153.102 
7.842 -138.833 7.873 -158.76 -6.196 -172.872 -6.227 -152.945 
-153.32 -5.577 -133.392 -5.543 -147.459 -19.658 -167.387 -19.692 
-155.017 118.622 -174.689 121.805 -171.506 141.477 -151.834 138.295 
-174.692 121.574 -175.704 101.672 -195.606 102.684 -194.594 122.586 
-66.486 291.69 -78.151 307.847 -61.996 319.512 -50.33 303.356 
-78.297 307.704 -93.085 294.345 -106.443 309.133 -91.655 322.49 
138.1 348.295 118.427 351.47 121.602 371.142 141.275 367.967 
122.402 391.085 121.393 371.182 101.491 372.191 102.499 392.093 
303.094 246.836 291.417 262.983 307.564 274.661 319.241 258.513 
322.21 288.167 307.418 274.815 294.064 289.606 308.856 302.958 
367.736 55.219 348.06 58.388 351.229 78.061 370.904 74.892 
391.851 94.033 390.859 74.129 370.957 75.121 371.949 95.025 
258.249 -122.795 246.583 -106.639 262.739 -94.973 274.405 -111.129 
302.706 -112.405 287.918 -125.763 274.56 -110.975 289.348 -97.618 
74.706 -174.448 55.033 -171.282 58.199 -151.607 77.873 -154.773 
94.841 -175.479 93.84 -195.381 73.938 -194.38 74.939 -174.478 
-111.374 -78.005 -123.042 -61.85 -106.888 -50.182 -95.22 -66.336 
-97.836 -92.921 -112.622 -106.281 -125.982 -91.495 -111.196 -78.135 
-164.476 29.754 -151.671 14.485 -153.413 -5.366 -166.218 9.903 
-164.526 29.999 -175.931 46.341 -172.44 65.96 -161.035 49.619 
-194.712 83.552 -174.932 85.975 -172.508 66.195 -192.288 63.772 
-174.925 86.211 -193.686 92.926 -175.671 101.445 -156.909 94.729 
-135.975 235.62 -137.734 215.769 -153.015 202.978 -151.254 222.828 
-135.902 235.862 -132.405 255.481 -116.06 266.881 -119.557 247.263 
-131.588 279.305 -119.316 295.006 -103.615 282.734 -115.887 267.033 
-84.734 276.195 -103.494 282.917 -112.006 300.935 -93.246 294.213 
9.762 362.698 29.613 360.951 14.341 348.149 -5.51 349.897 
29.841 360.999 46.182 372.403 65.801 368.912 49.46 357.508 
63.604 388.764 83.383 391.189 85.808 371.41 66.029 368.985 
94.559 353.397 86.04 371.412 92.755 390.174 101.274 372.159 
202.68 349.531 222.531 347.779 235.329 332.504 215.478 334.256 
246.94 316.075 235.538 332.419 255.157 328.924 266.559 312.58 
266.736 312.428 279.005 328.131 294.708 315.863 282.439 300.16 
275.9 281.26 282.625 300.018 300.644 308.527 293.919 289.769 
349.666 202.034 362.473 186.766 360.733 166.916 347.926 182.183 
368.69 130.735 357.277 147.072 360.758 166.693 372.171 150.357 
368.77 130.513 388.549 132.942 390.978 113.163 371.199 110.734 
371.922 95.259 353.162 101.98 371.18 110.493 389.94 103.771 
349.253 -6.24 347.511 -26.09 332.242 -38.895 333.984 -19.045 
312.317 -70.132 315.8 -50.511 332.136 -39.1 328.653 -58.721 
299.897 -86.001 312.162 -70.296 327.867 -82.562 315.602 -98.267 
308.273 -104.197 289.512 -97.477 280.999 -79.459 299.759 -86.179 
181.971 -151.468 201.821 -153.217 186.549 -166.017 166.698 -164.268 
130.521 -172.218 146.86 -160.809 166.48 -164.295 150.142 -175.704 
110.528 -174.719 130.308 -172.3 132.727 -192.08 112.947 -194.499 
103.586 -193.475 95.065 -175.461 101.778 -156.699 110.298 -174.713 
-39.071 -135.812 -19.22 -137.558 -6.418 -152.83 -26.269 -151.084 
-58.901 -132.243 -70.313 -115.907 -50.692 -119.388 -39.28 -135.724 
-98.462 -119.167 -86.183 -103.472 -70.488 -115.752 -82.767 -131.446 
-104.41 -111.871 -97.693 -93.109 -79.678 -84.592 -86.394 -103.354 
