-37.452 333.869 -20.114 343.694 -25.426 324.487 -42.763 314.662 
151.558 350.845 168.813 360.815 188.063 355.664 170.808 345.694 
314.55 239.354 333.744 233.996 343.528 216.635 324.334 221.993 
350.671 44.897 360.512 27.568 355.216 8.357 345.376 25.686 
221.473 -127.789 238.801 -117.946 233.508 -137.158 216.181 -147.001 
8.055 -158.805 25.332 -148.874 44.571 -154.069 27.293 -164.0 
-147.357 -19.876 -128.104 -25.019 -118.128 -42.269 -137.38 -37.126 
-159.047 188.327 -149.065 171.08 -154.202 151.826 -164.184 169.073 
-42.783 314.55 -62.036 319.691 -56.896 338.943 -37.642 333.803 
151.453 350.745 141.343 367.917 158.515 378.027 168.625 360.855 
333.574 234.184 314.326 239.347 319.49 258.595 338.737 253.431 
360.59 27.786 350.582 45.019 367.815 55.026 377.822 37.794 
252.934 -142.282 233.714 -137.018 238.978 -117.798 258.198 -123.062 
37.532 -181.241 27.481 -164.034 44.688 -153.983 54.739 -171.19 
-123.078 -61.655 -142.347 -56.572 -137.264 -37.304 -117.996 -42.387 
-171.457 141.6 -181.504 158.809 -164.295 168.856 -154.247 151.647 
-173.124 202.606 -153.196 202.659 -139.068 188.605 -158.996 188.552 
-20.15 363.678 -5.891 349.759 -5.649 329.834 -19.909 343.753 
202.351 369.675 202.322 349.747 188.212 335.676 188.241 355.604 
343.593 216.401 363.52 216.544 349.532 202.352 329.603 202.209 
335.239 7.923 355.166 8.138 369.408 -5.801 349.481 -6.015 
201.586 -133.257 215.948 -147.072 216.336 -166.996 201.973 -153.181 
7.894 -138.832 7.875 -158.759 -6.228 -172.837 -6.21 -152.91 
-153.294 -5.589 -133.366 -5.543 -147.425 -19.666 -167.352 -19.713 
-154.932 118.508 -174.609 121.662 -171.455 141.339 -151.778 138.185 
-174.673 121.433 -175.763 101.534 -195.661 102.625 -194.571 122.523 
-66.461 291.714 -78.264 307.769 -62.209 319.573 -50.405 303.518 
-78.418 307.634 -93.209 294.279 -106.564 309.069 -91.773 322.423 
138.418 348.209 118.678 350.941 121.41 370.68 141.15 367.948 
122.759 390.568 121.186 370.702 101.32 372.275 102.893 392.141 
303.639 246.582 291.401 262.309 307.128 274.547 319.365 258.821 
322.102 287.641 306.943 274.706 294.008 289.864 309.166 302.798 
367.851 55.258 348.125 58.096 350.965 77.82 370.689 74.982 
391.868 93.831 390.604 73.943 370.718 75.207 371.981 95.094 
258.424 -122.953 246.497 -106.989 262.461 -95.062 274.388 -111.025 
302.67 -112.688 287.686 -125.826 274.549 -110.842 289.532 -97.706 
74.6 -174.412 54.928 -171.234 58.106 -151.561 77.778 -154.74 
94.717 -175.366 93.77 -195.271 73.866 -194.324 74.813 -174.419 
-111.326 -78.01 -122.991 -61.853 -106.835 -50.188 -95.169 -66.344 
-97.795 -92.933 -112.575 -106.3 -125.942 -91.52 -111.162 -78.154 
-164.457 29.733 -151.642 14.472 -153.372 -5.381 -166.187 9.88 
-164.502 29.943 -175.917 46.278 -172.437 65.899 -161.023 49.564 
-194.634 83.526 -174.847 85.89 -172.483 66.103 -192.27 63.739 
-174.852 86.101 -193.67 92.656 -175.729 101.328 -156.91 94.772 
-136.037 235.488 -137.783 215.636 -153.054 202.835 -151.308 222.686 
-135.937 235.695 -132.416 255.309 -116.056 266.688 -119.578 247.075 
-131.676 279.009 -119.513 294.794 -103.727 282.63 -115.891 266.845 
-84.821 276.149 -103.599 282.821 -112.159 300.816 -93.381 294.144 
9.604 362.658 29.452 360.873 14.155 348.101 -5.692 349.886 
29.697 360.901 46.01 372.346 65.638 368.905 49.325 357.46 
63.029 388.698 82.755 391.53 85.586 371.804 65.861 368.973 
93.99 353.643 85.828 371.822 92.911 390.449 101.073 372.269 
202.508 349.649 222.354 347.846 235.112 332.538 215.266 334.341 
246.728 316.109 235.31 332.442 254.933 328.966 266.35 312.633 
266.525 312.482 278.357 328.517 294.391 316.685 282.559 300.65 
275.675 281.902 282.771 300.523 300.955 308.673 293.859 290.052 
349.647 202.139 362.376 186.807 360.536 166.965 347.806 182.297 
368.736 130.821 357.214 147.081 360.564 166.725 372.086 150.466 
368.786 130.592 388.577 132.926 390.911 113.136 371.121 110.801 
371.986 95.332 353.173 101.906 371.123 110.56 389.936 103.987 
349.373 -6.209 347.575 -26.055 332.27 -38.817 334.068 -18.971 
312.377 -70.061 315.857 -50.44 332.191 -39.026 328.711 -58.647 
299.9 -85.89 312.221 -70.228 327.882 -82.549 315.562 -98.21 
308.607 -103.972 289.735 -97.57 280.918 -79.7 299.789 -86.101 
181.912 -151.485 201.758 -153.276 186.458 -166.043 166.611 -164.251 
130.417 -172.179 146.77 -160.791 166.386 -164.302 150.033 -175.69 
110.421 -174.762 130.186 -172.22 132.728 -191.985 112.963 -194.527 
103.272 -193.478 94.943 -175.374 101.854 -156.684 110.183 -174.788 
-39.039 -135.801 -19.186 -137.532 -6.374 -152.793 -26.225 -151.062 
-58.879 -132.245 -70.297 -115.914 -50.675 -119.387 -39.256 -135.719 
-98.431 -119.185 -86.168 -103.478 -70.46 -115.741 -82.723 -131.448 
-104.375 -111.879 -97.669 -93.113 -79.659 -84.585 -86.364 -103.351 
