-37.435 333.597 -20.262 343.707 -25.256 324.416 -42.429 314.305 
151.039 350.889 168.361 360.742 187.576 355.46 170.254 345.608 
313.635 239.115 332.924 234.111 343.025 216.932 323.736 221.937 
350.629 45.881 360.324 28.47 354.868 9.304 345.173 26.714 
222.141 -127.138 239.586 -117.505 234.063 -136.652 216.618 -146.285 
8.681 -158.909 25.892 -148.864 45.165 -153.931 27.954 -163.976 
-146.968 -20.17 -127.723 -25.339 -117.77 -42.603 -137.015 -37.433 
-158.698 188.031 -148.956 170.648 -154.36 151.467 -164.102 168.85 
-42.451 314.173 -61.785 319.001 -56.957 338.335 -37.623 333.506 
150.904 350.771 140.884 367.995 158.108 378.017 168.129 360.792 
332.828 234.337 313.57 239.459 318.692 258.718 337.95 253.596 
360.349 28.696 350.635 46.096 368.035 55.81 377.749 38.411 
253.429 -142.062 234.279 -136.55 239.791 -117.399 258.941 -122.912 
38.21 -181.245 28.115 -164.064 45.296 -153.969 55.391 -171.15 
-122.646 -61.922 -141.921 -56.863 -136.863 -37.589 -117.587 -42.648 
-171.801 141.481 -181.567 158.851 -164.197 168.618 -154.43 151.248 
-172.982 202.101 -153.058 202.462 -138.714 188.629 -158.638 188.268 
-19.907 363.753 -5.932 349.548 -6.095 329.621 -20.07 343.827 
202.035 369.308 201.819 349.381 187.577 335.443 187.793 355.37 
343.151 216.73 363.077 216.448 348.789 202.558 328.862 202.84 
334.852 8.917 354.78 9.101 369.0 -4.859 349.073 -5.043 
201.605 -133.062 216.408 -146.403 217.441 -166.304 202.638 -152.963 
8.712 -138.942 8.479 -158.868 -5.776 -172.792 -5.543 -152.867 
-152.935 -5.895 -133.007 -5.811 -147.038 -19.961 -166.966 -20.045 
-154.506 118.994 -174.282 121.453 -171.824 141.229 -152.048 138.77 
-174.327 121.208 -175.125 101.296 -195.037 102.095 -194.239 122.007 
-66.463 291.07 -78.117 307.233 -61.955 318.889 -50.299 302.726 
-78.25 307.074 -93.939 294.787 -106.226 310.476 -90.538 322.762 
140.009 348.131 120.091 348.782 120.742 368.698 140.659 368.047 
124.949 388.153 120.521 368.723 101.091 373.151 105.519 392.581 
303.567 245.737 290.405 260.7 305.368 273.862 318.528 258.899 
321.904 284.992 305.241 274.063 294.312 290.726 310.975 301.654 
368.086 56.028 348.179 56.982 349.134 76.886 369.039 75.932 
392.61 91.599 388.552 72.089 369.042 76.147 373.101 95.657 
259.123 -122.78 247.439 -106.637 263.582 -94.953 275.266 -111.096 
303.595 -109.576 290.22 -124.349 275.448 -110.974 288.823 -96.202 
75.304 -174.066 55.593 -171.14 58.519 -151.428 78.23 -154.354 
95.405 -175.297 94.205 -195.188 74.314 -193.987 75.515 -174.097 
-110.978 -78.324 -122.541 -62.094 -106.31 -50.532 -94.748 -66.762 
-97.344 -93.124 -112.018 -106.608 -125.501 -91.934 -110.828 -78.451 
-164.249 29.377 -151.382 14.16 -153.044 -5.699 -165.911 9.518 
-164.286 29.613 -175.82 45.864 -172.484 65.511 -160.95 49.259 
-194.747 83.108 -174.968 85.535 -172.54 65.756 -192.319 63.329 
-174.976 85.794 -193.456 93.25 -175.117 101.046 -156.636 93.589 
-136.136 235.431 -137.755 215.569 -152.945 202.67 -151.325 222.532 
-136.053 235.641 -132.343 255.22 -115.875 266.442 -119.586 246.863 
-131.335 279.003 -118.942 294.608 -103.336 282.215 -115.729 266.61 
-83.901 277.538 -103.223 282.415 -113.437 299.526 -94.115 294.649 
9.535 362.441 29.392 360.755 14.159 347.907 -5.698 349.594 
29.613 360.831 45.878 372.344 65.521 368.983 49.256 357.47 
62.617 388.665 82.298 391.792 85.425 372.111 65.744 368.985 
94.516 354.283 85.649 372.129 91.998 391.018 100.865 373.172 
202.038 349.305 221.91 347.82 234.912 332.718 215.04 334.203 
246.555 316.279 235.096 332.583 254.727 329.157 266.186 312.853 
266.387 312.747 277.876 329.03 294.158 317.541 282.669 301.258 
276.133 282.319 282.819 301.091 300.82 309.638 294.134 290.866 
348.844 202.328 361.954 187.321 360.613 167.439 347.503 182.446 
368.111 131.146 356.933 147.644 360.695 167.213 371.873 150.715 
368.131 130.914 387.816 134.01 390.913 114.325 371.227 111.228 
373.119 95.871 353.916 101.197 371.26 111.009 390.464 105.683 
349.018 -5.266 347.596 -25.142 332.535 -38.192 333.957 -18.316 
312.592 -69.418 316.065 -49.795 332.395 -38.376 328.922 -57.999 
299.839 -85.017 312.494 -69.623 327.887 -82.278 315.233 -97.671 
307.431 -103.526 288.965 -96.033 281.207 -77.679 299.672 -85.171 
182.562 -151.217 202.408 -153.013 187.105 -165.777 167.259 -163.98 
131.03 -171.754 147.446 -160.456 167.043 -164.075 150.627 -175.373 
111.097 -174.74 130.8 -171.759 133.782 -191.462 114.078 -194.444 
103.867 -193.437 95.624 -175.294 102.625 -156.637 110.867 -174.78 
-38.472 -135.88 -18.613 -137.542 -5.748 -152.76 -25.605 -151.097 
-58.309 -132.316 -69.755 -116.005 -50.127 -119.444 -38.681 -135.757 
-97.928 -119.313 -85.665 -103.607 -69.957 -115.871 -82.221 -131.578 
-103.833 -112.061 -97.193 -93.272 -79.212 -84.682 -85.852 -103.471 
