-37.166 333.592 -20.025 343.757 -24.957 324.449 -42.098 314.284 
151.169 350.724 168.494 360.572 187.707 355.285 170.383 345.437 
313.892 239.52 333.094 234.191 342.904 216.844 323.702 222.173 
350.813 45.852 360.373 28.367 354.769 9.244 345.209 26.729 
221.944 -127.299 239.29 -117.487 233.962 -136.69 216.617 -146.501 
8.615 -158.783 25.93 -148.919 45.149 -154.188 27.833 -164.052 
-147.032 -19.947 -127.8 -25.164 -117.89 -42.452 -137.123 -37.235 
-158.662 188.168 -148.975 170.754 -154.44 151.59 -164.126 169.004 
-42.301 314.145 -61.604 319.098 -56.651 338.4 -37.349 333.447 
150.947 350.802 141.104 368.128 158.429 377.972 168.273 360.646 
332.958 234.384 313.723 239.593 318.932 258.828 338.167 253.619 
360.409 28.589 350.868 46.084 368.363 55.625 377.904 38.13 
253.398 -141.854 234.175 -136.599 239.431 -117.376 258.653 -122.632 
38.048 -181.372 28.018 -164.152 45.238 -154.122 55.268 -171.342 
-122.792 -61.763 -142.076 -56.74 -137.054 -37.456 -117.769 -42.48 
-171.69 141.65 -181.525 158.981 -164.194 168.817 -154.358 151.486 
-172.946 202.173 -153.021 202.548 -138.667 188.725 -158.592 188.35 
-19.766 363.762 -5.704 349.642 -5.744 329.715 -19.805 343.835 
202.106 369.232 201.979 349.304 187.8 335.303 187.927 355.231 
342.961 216.619 362.888 216.519 348.728 202.499 328.799 202.599 
334.743 8.545 354.665 9.056 369.113 -4.668 349.191 -5.18 
201.849 -133.041 216.424 -146.631 217.121 -166.547 202.546 -152.957 
8.434 -138.768 8.421 -158.695 -5.679 -172.777 -5.666 -152.85 
-153.083 -5.7 -133.156 -5.566 -147.152 -19.751 -167.08 -19.885 
-154.3 119.338 -174.091 121.67 -171.759 141.461 -151.968 139.129 
-174.074 121.454 -175.401 101.571 -195.285 102.898 -193.957 122.782 
-67.359 291.355 -78.408 307.938 -61.825 318.988 -50.776 302.405 
-78.566 307.746 -93.55 294.608 -106.687 309.592 -91.703 322.729 
140.256 348.22 120.337 348.833 120.95 368.75 140.868 368.138 
125.28 388.197 120.729 368.795 101.327 373.347 105.879 392.748 
304.182 245.539 290.677 260.192 305.33 273.698 318.835 259.044 
322.025 284.482 305.164 273.862 294.543 290.722 311.404 301.342 
368.405 55.856 348.5 56.823 349.467 76.727 369.372 75.76 
392.453 92.205 389.036 72.572 369.404 75.988 372.821 95.621 
258.821 -122.474 247.597 -106.007 264.064 -94.784 275.287 -111.25 
303.585 -109.263 290.454 -124.253 275.464 -111.123 288.595 -96.133 
75.207 -174.183 55.477 -171.387 58.273 -151.656 78.002 -154.452 
95.333 -175.002 94.512 -194.912 74.601 -194.091 75.423 -174.18 
-110.983 -78.1 -122.651 -61.946 -106.497 -50.278 -94.828 -66.432 
-97.516 -93.094 -112.346 -106.405 -125.657 -91.576 -110.828 -78.264 
-164.291 29.624 -151.454 14.382 -153.155 -5.473 -165.992 9.769 
-164.408 29.844 -175.857 46.155 -172.419 65.784 -160.97 49.473 
-194.476 83.588 -174.676 85.838 -172.425 66.038 -192.226 63.788 
-174.746 86.088 -193.484 92.866 -175.442 101.324 -156.702 94.546 
-136.059 235.464 -137.71 215.604 -152.921 202.73 -151.269 222.589 
-135.948 235.648 -132.21 255.222 -115.726 266.421 -119.464 246.847 
-131.148 279.052 -118.692 294.607 -103.137 282.151 -115.593 266.596 
-83.757 277.206 -103.011 282.345 -112.993 299.592 -93.738 294.454 
9.759 362.562 29.612 360.836 14.353 348.018 -5.5 349.744 
29.835 360.879 46.174 372.286 65.794 368.798 49.455 357.391 
63.013 388.571 82.715 391.563 85.707 371.861 66.005 368.869 
95.271 354.248 85.929 371.85 91.769 390.903 101.112 373.301 
202.178 349.196 222.054 347.749 235.084 332.671 215.209 334.119 
246.628 316.195 235.288 332.582 254.894 329.013 266.234 312.626 
266.402 312.488 277.957 328.724 294.192 317.171 282.638 300.934 
276.646 281.869 282.821 300.815 300.583 309.847 294.409 290.901 
348.818 202.291 361.986 187.334 360.721 167.447 347.553 182.405 
368.023 131.132 356.91 147.673 360.748 167.228 371.861 150.686 
368.064 130.918 387.797 133.694 390.573 113.961 370.839 111.185 
372.817 95.843 353.573 101.021 370.842 110.967 390.085 105.789 
349.137 -5.396 347.533 -25.258 332.353 -38.169 333.958 -18.306 
312.596 -69.525 315.945 -49.881 332.203 -38.359 328.854 -58.003 
299.879 -85.186 312.468 -69.739 327.915 -82.327 315.326 -97.774 
307.012 -103.905 288.737 -95.957 281.436 -77.416 299.71 -85.363 
182.476 -151.238 202.323 -153.017 187.031 -165.794 167.183 -164.014 
130.973 -171.843 147.37 -160.517 166.972 -164.102 150.576 -175.428 
111.039 -174.823 130.744 -171.853 133.715 -191.558 114.01 -194.528 
103.337 -193.362 95.56 -175.014 103.034 -156.542 110.811 -174.89 
-38.556 -135.802 -18.702 -137.518 -5.878 -152.77 -25.731 -151.054 
-58.385 -132.203 -69.818 -115.882 -50.193 -119.338 -38.76 -135.66 
-98.004 -119.296 -85.786 -103.555 -70.043 -115.774 -82.262 -131.515 
-103.885 -112.066 -97.343 -93.242 -79.407 -84.558 -85.949 -103.381 
