-37.031 333.929 -19.655 343.686 -25.042 324.5 -42.418 314.743 
151.795 350.575 169.073 360.504 188.311 355.307 171.033 345.378 
314.677 239.195 333.828 233.685 343.474 216.247 324.323 221.757 
350.406 44.781 360.37 27.523 355.213 8.275 345.249 25.533 
221.171 -128.029 238.251 -117.761 233.434 -137.098 216.354 -147.365 
8.111 -158.68 25.368 -148.715 44.617 -153.872 27.36 -163.837 
-147.332 -19.694 -128.085 -24.861 -118.13 -42.123 -137.376 -36.956 
-158.925 188.63 -148.846 171.44 -153.874 152.157 -163.953 169.347 
-42.632 314.638 -61.822 320.013 -56.447 339.201 -37.257 333.826 
151.676 350.54 141.634 367.752 158.845 377.795 168.888 360.584 
333.731 233.856 314.534 239.204 319.882 258.401 339.079 253.052 
360.457 27.741 350.524 45.016 367.799 54.95 377.732 37.674 
252.987 -141.669 233.621 -136.969 238.322 -117.603 257.687 -122.303 
37.678 -181.09 27.536 -163.936 44.69 -153.794 54.832 -170.948 
-123.065 -61.5 -142.332 -56.409 -137.242 -37.143 -117.975 -42.234 
-170.981 141.818 -181.155 158.953 -164.02 169.127 -153.846 151.992 
-172.758 203.125 -152.832 202.849 -138.937 188.564 -158.863 188.84 
-19.805 363.739 -5.469 349.898 -5.118 329.974 -19.454 343.815 
202.376 369.599 202.706 349.673 188.851 335.351 188.522 355.276 
343.532 216.071 363.453 216.615 349.753 202.145 329.831 201.601 
335.252 7.583 355.175 8.043 369.588 -5.719 349.665 -6.179 
202.581 -132.859 216.15 -147.454 215.425 -167.368 201.856 -152.774 
7.965 -138.678 7.921 -158.605 -6.201 -172.665 -6.157 -152.738 
-153.189 -5.375 -133.261 -5.421 -147.384 -19.48 -167.312 -19.434 
-155.216 118.242 -174.78 122.031 -170.992 141.595 -151.427 137.806 
-174.821 121.819 -175.604 101.906 -195.517 102.69 -194.733 122.602 
-67.059 292.114 -78.409 308.492 -62.031 319.844 -50.68 303.465 
-78.621 308.351 -92.224 293.788 -106.786 307.391 -93.183 321.953 
137.275 348.301 117.785 352.458 121.942 371.947 141.432 367.79 
121.976 391.868 121.73 371.941 101.804 372.186 102.049 392.113 
303.866 246.573 291.859 262.477 307.762 274.484 319.769 258.58 
322.532 287.894 307.627 274.668 294.4 289.573 309.305 302.798 
367.78 55.186 348.29 59.35 352.455 78.837 371.943 74.673 
390.749 95.924 391.872 76.027 371.976 74.904 370.853 94.801 
257.879 -122.186 246.43 -105.876 262.74 -94.426 274.189 -110.736 
302.382 -113.263 287.015 -125.951 274.327 -110.584 289.694 -97.898 
74.674 -174.311 55.027 -170.983 58.354 -151.335 78.002 -154.663 
94.754 -175.586 93.503 -195.474 73.616 -194.223 74.866 -174.335 
-111.36 -77.908 -122.966 -61.71 -106.768 -50.103 -95.161 -66.301 
-97.695 -92.703 -112.348 -106.209 -125.853 -91.556 -111.2 -78.05 
-164.242 29.983 -151.483 14.675 -153.285 -5.171 -166.044 10.136 
-164.263 30.227 -175.629 46.596 -172.091 66.207 -160.725 49.838 
-194.388 83.767 -174.613 86.226 -172.154 66.45 -191.93 63.992 
-174.603 86.465 -193.459 92.908 -175.57 101.686 -156.712 95.243 
-135.629 235.637 -137.442 215.792 -152.757 203.042 -150.943 222.888 
-135.511 235.806 -132.142 255.447 -115.872 266.953 -119.241 247.313 
-131.501 279.411 -119.241 295.122 -103.53 282.862 -115.79 267.151 
-85.08 275.051 -103.349 283.013 -110.636 301.56 -92.368 293.598 
10.077 362.7 29.922 360.885 14.606 348.135 -5.239 349.95 
30.14 360.976 46.566 372.257 66.159 368.619 49.733 357.338 
64.669 388.48 84.523 390.198 86.24 370.344 66.387 368.627 
96.232 353.031 86.453 370.394 91.816 389.587 101.595 372.223 
202.898 349.528 222.738 347.654 235.441 332.3 215.601 334.174 
246.943 315.761 235.662 332.188 255.254 328.55 266.536 312.123 
266.701 311.963 279.434 327.293 294.763 314.56 282.03 299.231 
276.955 279.865 282.2 299.09 299.502 308.975 294.257 289.751 
349.831 201.953 362.438 186.52 360.439 166.694 347.833 182.127 
368.658 130.573 357.127 146.826 360.465 166.472 371.997 150.219 
368.713 130.358 388.593 131.74 389.974 111.86 370.095 110.479 
370.815 95.022 352.066 101.775 370.098 110.258 388.847 103.505 
349.539 -6.381 347.592 -26.213 332.191 -38.86 334.138 -19.028 
312.158 -70.034 315.723 -50.428 332.106 -39.085 328.542 -58.691 
300.08 -86.17 312.0 -70.202 327.968 -82.122 316.048 -98.091 
308.695 -104.266 289.855 -97.771 281.127 -79.857 299.966 -86.352 
181.794 -151.246 201.654 -152.879 186.457 -165.768 166.596 -164.136 
130.409 -172.082 146.752 -160.679 166.371 -164.172 150.028 -175.575 
110.375 -174.229 130.195 -172.158 132.265 -191.978 112.446 -194.048 
104.161 -193.236 94.958 -175.56 100.949 -156.555 110.152 -174.231 
-39.023 -135.66 -19.169 -137.37 -6.34 -152.618 -26.193 -150.908 
-58.853 -132.074 -70.256 -115.733 -50.638 -119.224 -39.234 -135.566 
-98.408 -118.99 -86.126 -103.297 -70.433 -115.579 -82.714 -131.271 
-104.378 -111.61 -97.574 -92.88 -79.518 -84.447 -86.323 -103.178 
