1.18 240.622 15.095 254.887 15.343 234.961 1.429 220.696 
114.622 252.232 128.054 266.953 147.961 267.864 134.529 253.143 
216.608 197.703 236.492 199.017 251.482 185.885 231.597 184.571 
253.004 88.06 268.39 75.395 270.313 55.56 254.928 68.225 
190.856 -33.484 203.126 -17.781 205.554 -37.56 193.285 -53.264 
56.914 -77.185 69.229 -61.518 89.016 -59.148 76.7 -74.815 
-58.104 9.305 -38.2 10.275 -23.44 -3.113 -43.344 -4.083 
-72.397 150.128 -58.491 135.855 -58.75 115.929 -72.656 130.202 
-5.281 221.764 -24.135 228.219 -17.681 247.072 1.173 240.617 
109.997 258.511 101.554 276.561 119.603 285.006 128.047 266.956 
236.486 199.024 217.713 205.711 224.4 224.483 243.173 217.796 
268.39 75.403 259.434 93.205 277.236 102.16 286.192 84.359 
224.778 -42.817 205.557 -37.556 210.819 -18.335 230.039 -23.596 
87.761 -91.396 76.705 -74.816 93.285 -63.76 104.341 -80.34 
-28.028 -27.746 -47.514 -23.571 -43.34 -4.086 -23.854 -8.261 
-80.63 103.166 -90.157 120.668 -72.654 130.195 -63.127 112.693 
-92.318 150.521 -77.957 164.337 -58.033 163.952 -72.394 150.135 
0.774 268.74 20.698 269.078 35.026 255.229 15.102 254.891 
147.208 287.776 161.828 274.233 162.59 254.321 147.971 267.863 
251.488 185.877 264.433 201.027 265.994 181.162 253.048 166.01 
257.886 39.973 270.313 55.552 290.115 57.781 277.689 42.202 
173.528 -55.905 193.281 -53.267 209.113 -65.37 189.36 -68.007 
42.548 -63.37 56.908 -77.186 57.293 -97.11 42.933 -83.294 
-71.645 16.336 -56.395 29.164 -58.108 9.31 -73.358 -3.518 
-86.295 75.554 -97.267 92.189 -80.632 103.162 -69.66 86.526 
-97.267 92.189 -108.243 108.822 -91.61 119.798 -80.634 103.165 
-49.194 215.31 -43.12 234.289 -24.141 228.217 -30.214 209.237 
-43.121 234.289 -37.052 253.27 -18.071 247.202 -24.14 228.221 
83.561 267.987 74.985 285.975 92.973 294.55 101.548 276.562 
101.568 276.572 92.972 294.55 110.95 303.146 119.547 285.168 
205.582 231.049 212.141 249.866 230.958 243.307 224.399 224.491 
224.482 224.463 230.956 243.309 249.802 236.838 243.329 217.991 
277.237 102.167 268.151 119.904 285.887 128.988 294.973 111.252 
286.507 84.373 277.3 102.046 294.973 111.253 304.179 93.579 
230.045 -23.596 235.807 -4.519 254.884 -10.281 249.122 -29.358 
225.137 -44.155 229.731 -24.764 249.122 -29.358 244.528 -48.748 
113.761 -97.905 104.346 -80.342 121.91 -70.927 131.324 -88.49 
99.075 -111.368 85.611 -96.678 100.301 -83.214 113.765 -97.904 
-32.345 -47.204 -28.026 -27.75 -8.572 -32.068 -12.891 -51.522 
-52.271 -47.223 -52.294 -27.296 -32.367 -27.272 -32.343 -47.2 
-94.093 45.531 -76.826 35.583 -71.651 16.338 -88.918 26.287 
-94.095 45.536 -106.307 61.283 -103.808 81.053 -91.595 65.306 
-131.909 83.208 -116.784 96.183 -103.809 81.058 -118.934 68.083 
-116.788 96.186 -127.764 112.817 -108.242 108.819 -97.265 92.187 
-73.451 200.888 -68.136 181.682 -77.959 164.344 -83.273 183.55 
-73.449 200.894 -70.166 220.549 -53.947 232.127 -57.23 212.472 
-73.798 233.817 -72.113 253.673 -52.257 251.989 -53.941 232.132 
-43.125 234.285 -52.256 251.998 -46.187 270.979 -37.056 253.266 
29.407 287.011 48.237 293.533 39.534 275.606 20.704 269.084 
48.244 293.536 64.906 304.466 84.417 300.412 67.755 289.482 
71.501 315.583 86.67 328.507 99.593 313.338 84.425 300.414 
92.964 294.551 99.6 313.341 117.579 321.936 110.943 303.145 
161.836 274.235 180.259 281.832 198.658 274.177 180.235 266.58 
209.473 257.43 198.666 274.173 218.146 269.976 228.953 253.233 
228.962 253.227 230.122 273.122 250.015 271.961 248.855 252.067 
230.954 243.328 248.864 252.064 267.706 245.577 249.796 236.841 
266.002 181.155 284.564 173.905 292.563 155.654 274.001 162.904 
300.118 119.607 288.878 136.062 292.566 155.646 303.806 139.19 
300.122 119.599 314.444 133.455 328.3 119.133 313.978 105.277 
304.178 93.585 294.976 111.262 313.981 105.269 323.183 87.593 
277.689 42.194 285.221 23.745 277.501 5.374 269.969 23.823 
258.857 -26.386 261.602 -6.648 277.499 5.367 274.754 -14.371 
259.591 -46.306 258.854 -26.393 278.768 -25.656 279.504 -45.57 
254.996 -65.704 244.531 -48.744 249.125 -29.354 259.588 -46.313 
170.458 -74.329 189.357 -68.011 180.461 -85.842 161.561 -92.16 
126.41 -103.145 141.709 -90.375 161.556 -92.162 146.258 -104.933 
112.909 -117.809 126.404 -103.146 141.067 -116.642 127.571 -131.304 
98.216 -131.278 99.08 -111.369 113.768 -97.902 112.904 -117.811 
6.383 -78.798 25.588 -73.478 42.929 -83.296 23.725 -88.616 
-13.493 -77.311 -26.495 -62.211 -6.624 -63.694 6.379 -78.795 
-47.304 -81.219 -46.409 -61.312 -26.501 -62.207 -27.397 -82.114 
-66.343 -61.339 -52.272 -47.228 -32.344 -47.199 -46.415 -61.31 
