-17.42 273.113 -1.617 285.254 -4.206 265.495 -20.009 253.355 
120.75 291.503 136.3 303.966 156.108 301.783 140.558 289.321 
247.848 222.442 267.716 220.905 280.678 205.768 260.81 207.306 
292.678 84.684 306.246 70.088 305.519 50.173 291.951 64.769 
213.9 -62.181 227.967 -48.065 228.001 -67.993 213.934 -82.108 
47.919 -110.494 62.047 -96.439 81.974 -96.491 67.847 -110.545 
-88.747 -5.422 -68.856 -6.637 -55.65 -21.56 -75.541 -20.345 
-105.155 160.998 -92.818 145.35 -95.159 125.56 -107.496 141.208 
-21.542 253.606 -41.041 257.72 -36.928 277.218 -17.429 273.104 
120.076 292.377 108.485 308.586 124.694 320.178 136.286 303.969 
267.709 220.916 247.984 223.758 250.826 243.482 270.55 240.64 
306.247 70.102 294.069 85.875 309.843 98.053 322.021 82.279 
247.819 -70.141 228.008 -67.989 230.16 -48.178 249.971 -50.33 
79.879 -126.439 67.855 -110.548 83.747 -98.524 95.771 -114.416 
-61.575 -44.833 -80.797 -39.575 -75.538 -20.354 -56.317 -25.613 
-115.562 114.195 -125.031 131.729 -107.496 141.198 -98.027 123.664 
-123.001 169.87 -104.113 176.226 -86.264 167.364 -105.152 161.009 
-9.454 303.577 9.047 296.174 16.895 277.857 -1.606 285.261 
162.529 320.651 171.34 302.777 164.933 283.908 156.121 301.782 
280.689 205.758 298.226 215.223 292.519 196.131 274.981 186.665 
288.065 40.543 305.52 50.158 324.661 44.614 307.206 34.999 
195.077 -75.654 213.928 -82.116 222.688 -100.016 203.837 -93.553 
41.553 -91.609 47.909 -110.495 39.049 -128.345 32.693 -109.459 
-98.312 6.468 -79.186 12.065 -88.753 -5.417 -107.879 -11.013 
-105.766 87.763 -123.878 96.075 -115.566 114.187 -97.454 105.875 
-123.875 96.068 -142.194 103.913 -134.349 122.232 -116.03 114.387 
-57.231 234.644 -60.675 254.271 -41.049 257.717 -37.603 238.089 
-60.676 254.269 -64.152 273.891 -44.53 277.367 -41.055 257.745 
95.826 293.191 80.428 305.84 93.076 321.238 108.475 308.588 
108.481 308.601 93.072 321.237 105.708 336.646 121.118 324.01 
230.974 241.682 229.166 261.528 249.011 263.336 250.819 243.492 
250.901 243.503 249.006 263.34 268.843 265.236 270.738 245.399 
309.848 98.064 294.183 110.383 306.501 126.046 322.166 113.728 
326.426 85.883 310.367 97.683 322.167 113.741 338.226 101.941 
249.977 -50.327 247.296 -30.58 267.043 -27.899 269.724 -47.646 
257.496 -73.033 250.916 -54.223 269.726 -47.643 276.305 -66.452 
111.951 -126.057 95.776 -114.419 107.414 -98.242 123.59 -109.88 
109.515 -145.834 89.737 -143.396 92.175 -123.619 111.953 -126.057 
-55.162 -63.709 -61.572 -44.841 -42.704 -38.43 -36.293 -57.299 
-70.12 -76.873 -83.279 -61.908 -68.314 -48.749 -55.155 -63.714 
-118.539 37.247 -102.056 26.049 -98.318 6.475 -114.802 17.673 
-118.544 37.257 -133.295 50.657 -134.25 70.562 -119.499 57.162 
-160.715 80.27 -142.635 88.651 -134.255 70.571 -152.335 62.19 
-142.639 88.66 -160.82 96.818 -142.196 103.905 -124.014 95.747 
-95.195 211.961 -92.255 192.252 -104.113 176.236 -107.053 195.946 
-95.191 211.97 -96.136 231.875 -82.729 246.619 -81.785 226.715 
-101.832 252.294 -96.168 271.4 -77.062 265.736 -82.726 246.63 
-60.782 254.245 -77.056 265.746 -80.431 285.386 -64.157 273.885 
21.08 312.077 40.82 314.811 28.795 298.92 9.055 296.186 
40.834 314.814 53.985 329.785 73.871 331.071 60.72 316.1 
63.854 348.298 81.075 358.326 91.103 341.105 73.883 331.077 
93.018 321.273 91.115 341.11 103.796 356.482 105.699 336.646 
171.353 302.778 191.025 305.963 207.187 294.304 187.515 291.12 
222.422 281.439 207.199 294.299 227.056 295.97 242.28 283.11 
242.292 283.107 246.65 302.553 266.095 298.195 261.737 278.75 
248.99 263.438 261.748 278.745 281.593 280.549 268.835 265.241 
292.528 196.118 308.982 184.876 312.668 165.293 296.214 176.534 
330.758 133.206 315.074 145.5 312.676 165.282 328.36 152.989 
330.763 133.194 347.216 144.438 358.46 127.985 342.007 116.741 
338.225 101.953 322.283 113.911 342.011 116.728 357.952 104.77 
307.205 34.985 311.172 15.457 300.168 -1.157 296.201 18.371 
291.76 -37.018 288.538 -17.352 300.165 -1.169 303.387 -20.834 
287.961 -56.59 291.755 -37.027 311.317 -40.821 307.524 -60.384 
294.024 -75.583 276.312 -66.449 270.247 -47.468 287.958 -56.601 
184.34 -97.717 203.829 -93.56 192.989 -110.28 173.499 -114.438 
142.395 -134.163 153.858 -117.862 173.49 -114.442 162.027 -130.743 
124.499 -142.951 142.386 -134.167 151.17 -152.054 133.283 -160.838 
120.488 -162.475 109.517 -145.84 113.521 -126.319 124.493 -142.955 
-3.595 -103.169 15.848 -98.8 32.684 -109.46 13.242 -113.828 
-23.387 -105.551 -39.061 -93.246 -19.277 -90.863 -3.602 -103.168 
-65.422 -103.227 -57.238 -85.058 -39.068 -93.242 -47.252 -111.411 
-73.551 -96.511 -70.12 -76.88 -53.813 -65.426 -57.244 -85.057 
