34.254 193.785 44.459 210.902 49.347 191.584 39.143 174.466 
109.018 193.269 118.649 210.716 137.794 216.243 128.164 198.796 
171.66 158.924 190.683 164.863 208.333 155.611 189.311 149.673 
193.256 90.705 211.158 81.95 217.625 63.101 199.724 71.856 
152.47 7.328 160.439 25.594 167.72 7.044 159.751 -11.222 
63.787 -23.899 70.891 -5.28 89.079 2.863 81.975 -15.756 
-14.493 40.103 4.131 47.193 22.313 39.038 3.689 31.948 
-20.125 140.272 -2.835 130.364 2.384 111.132 -14.905 121.04 
20.847 179.037 6.1 192.44 19.503 207.186 34.25 193.783 
98.734 209.905 97.923 229.815 117.833 230.628 118.646 210.717 
190.68 164.866 176.02 178.364 189.517 193.024 204.178 179.527 
211.157 81.953 210.127 101.854 230.028 102.883 231.058 82.982 
182.755 -6.036 167.721 7.045 180.802 22.079 195.836 8.998 
83.685 -35.612 81.978 -15.758 101.832 -14.051 103.539 -33.905 
6.141 3.871 -9.122 16.683 3.69 31.946 18.953 19.133 
-33.357 99.734 -34.783 119.611 -14.906 121.037 -13.48 101.161 
-37.799 131.07 -31.81 150.077 -14.136 159.282 -20.125 140.275 
25.827 217.968 43.997 226.149 62.63 219.087 44.46 210.905 
129.934 234.553 148.442 227.166 156.306 208.856 137.798 216.243 
208.336 155.609 215.264 174.294 223.577 156.185 216.649 137.499 
211.521 44.129 217.625 63.099 235.354 72.197 229.251 53.227 
142.843 -21.772 159.749 -11.223 179.164 -15.719 162.257 -26.268 
44.149 -20.504 63.785 -23.898 75.27 -40.183 55.635 -36.789 
-29.584 37.89 -24.712 57.213 -14.494 40.105 -19.366 20.782 
-50.077 77.044 -53.062 96.747 -33.359 99.733 -30.374 80.03 
-53.061 96.747 -56.121 116.439 -36.43 119.5 -33.369 99.808 
-21.928 189.47 -9.4 204.966 6.097 192.439 -6.431 176.942 
-9.398 204.965 3.13 220.462 18.627 207.934 6.099 192.438 
78.154 227.3 75.637 247.068 95.405 249.585 97.921 229.816 
97.921 229.817 95.404 249.585 115.172 252.103 117.69 232.334 
173.439 204.8 185.214 220.877 201.291 209.102 189.516 193.026 
189.516 193.027 201.291 209.103 217.368 197.329 205.592 181.253 
230.03 102.885 226.672 122.529 246.315 125.885 249.672 106.242 
233.396 83.233 230.029 102.874 249.669 106.242 253.037 86.601 
195.838 8.999 207.047 25.475 223.523 14.266 212.314 -2.21 
184.647 -7.57 195.802 8.944 212.315 -2.21 201.161 -18.723 
107.535 -53.43 103.541 -33.907 123.065 -29.913 127.058 -49.436 
88.172 -58.137 83.463 -38.775 102.826 -34.066 107.535 -53.428 
-4.648 -12.886 6.141 3.869 22.895 -6.921 12.106 -23.675 
-21.624 -2.448 -11.187 14.528 5.789 4.092 -4.647 -12.885 
-60.117 58.476 -40.589 54.507 -29.587 37.891 -49.115 41.86 
-60.118 58.478 -64.898 77.824 -54.599 94.884 -49.819 75.538 
-82.765 93.953 -69.148 108.503 -54.598 94.886 -68.215 80.336 
-69.149 108.503 -72.212 128.194 -56.123 116.437 -53.059 96.746 
-42.531 185.307 -29.875 169.914 -31.811 150.081 -44.466 165.474 
-42.53 185.31 -30.973 201.544 -11.321 204.851 -22.879 188.618 
-31.245 204.671 -31.426 224.598 -11.499 224.779 -11.318 204.852 
-9.398 204.965 -11.498 224.782 1.03 240.279 3.13 220.462 
43.661 246.078 57.511 260.406 57.849 240.481 43.998 226.153 
57.515 260.406 77.222 263.361 93.246 251.514 73.539 248.56 
79.421 265.862 93.769 279.691 107.598 265.342 93.25 251.514 
95.403 249.585 107.6 265.343 127.369 267.861 115.171 252.103 
148.445 227.166 161.484 242.236 181.36 243.673 168.321 228.603 
184.766 224.037 181.363 243.673 197.654 232.195 201.057 212.56 
201.059 212.559 201.474 232.482 221.396 232.068 220.982 212.144 
201.291 209.106 220.985 212.145 237.06 200.368 217.366 197.33 
223.581 156.183 243.444 157.786 258.622 144.875 238.759 143.272 
251.714 108.704 247.678 128.219 258.624 144.872 262.659 125.357 
251.716 108.699 265.677 122.919 279.896 108.957 265.935 94.738 
253.037 86.601 249.668 106.242 265.938 94.736 269.307 75.095 
229.25 53.223 243.796 39.603 244.451 19.686 229.905 33.306 
214.615 -1.896 225.063 15.073 244.449 19.683 234.001 2.714 
216.108 -21.769 214.613 -1.898 234.484 -0.403 235.979 -20.274 
204.954 -38.286 201.163 -18.722 212.315 -2.208 216.107 -21.771 
147.091 -39.197 162.256 -26.27 160.674 -46.134 145.508 -59.061 
108.982 -54.395 128.211 -49.165 145.507 -59.063 126.277 -64.294 
97.176 -70.449 108.98 -54.394 125.035 -66.199 113.23 -82.254 
77.812 -75.158 88.174 -58.137 107.537 -53.429 97.174 -70.45 
19.458 -43.659 36.123 -32.732 55.632 -36.789 38.968 -47.716 
1.782 -34.453 -4.205 -15.447 13.468 -24.652 19.456 -43.659 
-21.959 -37.331 -24.027 -17.512 -4.206 -15.444 -2.139 -35.264 
-41.006 -7.078 -21.623 -2.451 -4.645 -12.885 -24.029 -17.512 
