-37.177 333.925 -19.946 343.937 -25.05 324.674 -42.281 314.662 
151.662 350.711 168.924 360.669 188.171 355.504 170.909 345.546 
314.341 238.854 333.604 233.751 343.618 216.522 324.354 221.624 
350.294 44.752 360.343 27.543 355.281 8.269 345.232 25.477 
221.5 -127.923 238.747 -117.939 233.611 -137.194 216.365 -147.178 
8.071 -158.799 25.325 -148.828 44.576 -153.977 27.322 -163.948 
-147.405 -19.822 -128.163 -25.002 -118.22 -42.272 -137.462 -37.091 
-158.995 188.42 -149.025 171.167 -154.175 151.916 -164.145 169.169 
-42.53 314.537 -61.776 319.707 -56.607 338.952 -37.361 333.782 
151.5 350.728 141.473 367.949 158.693 377.976 168.721 360.755 
333.464 233.94 314.211 239.082 319.353 258.335 338.607 253.193 
360.41 27.767 350.469 45.037 367.739 54.979 377.681 37.708 
253.031 -142.171 233.77 -137.058 238.883 -117.797 258.144 -122.911 
37.579 -181.257 27.572 -164.024 44.805 -154.017 54.812 -171.25 
-123.171 -61.613 -142.438 -56.523 -137.349 -37.257 -118.082 -42.347 
-171.463 141.702 -181.47 158.935 -164.237 168.942 -154.23 151.708 
-173.047 202.741 -153.119 202.767 -139.01 188.693 -158.938 188.668 
-19.738 363.937 -5.637 349.858 -5.621 329.931 -19.722 344.01 
202.448 369.574 202.483 349.646 188.418 335.53 188.383 355.458 
343.681 216.301 363.609 216.345 349.55 202.223 329.621 202.18 
335.309 8.026 355.237 8.052 369.346 -6.021 349.418 -6.047 
202.049 -133.164 216.16 -147.235 216.189 -167.163 202.078 -153.092 
7.796 -138.805 7.817 -158.732 -6.259 -172.837 -6.28 -152.91 
-153.339 -5.561 -133.411 -5.531 -147.481 -19.644 -167.409 -19.673 
-154.985 118.614 -174.658 121.788 -171.484 141.462 -151.811 138.288 
-174.71 121.55 -175.717 101.647 -195.62 102.654 -194.612 122.557 
-66.453 291.762 -78.123 307.914 -61.973 319.585 -50.301 303.434 
-78.282 307.76 -93.067 294.4 -106.428 309.185 -91.642 322.544 
138.08 348.281 118.41 351.475 121.604 371.145 141.274 367.95 
122.409 391.086 121.411 371.183 101.508 372.181 102.506 392.084 
303.121 246.844 291.415 262.971 307.542 274.677 319.247 258.55 
322.194 288.172 307.377 274.847 294.051 289.663 308.868 302.988 
367.745 55.211 348.073 58.404 351.267 78.074 370.938 74.881 
391.839 94.034 390.871 74.129 370.968 75.097 371.935 95.001 
258.332 -122.807 246.659 -106.656 262.81 -94.983 274.483 -111.135 
302.764 -112.411 287.974 -125.767 274.619 -110.976 289.409 -97.622 
74.74 -174.446 55.065 -171.289 58.223 -151.612 77.898 -154.77 
94.889 -175.476 93.894 -195.378 73.992 -194.382 74.987 -174.48 
-111.385 -77.927 -123.042 -61.764 -106.879 -50.108 -95.222 -66.271 
-97.885 -92.866 -112.669 -106.228 -126.031 -91.443 -111.247 -78.082 
-164.521 29.723 -151.707 14.461 -153.438 -5.392 -166.252 9.87 
-164.534 29.94 -175.95 46.274 -172.474 65.896 -161.057 49.563 
-194.764 83.472 -174.985 85.905 -172.552 66.126 -192.331 63.694 
-174.955 86.161 -193.718 92.871 -175.706 101.395 -156.942 94.685 
-135.957 235.627 -137.71 215.776 -152.986 202.98 -151.233 222.831 
-135.865 235.845 -132.373 255.464 -116.031 266.868 -119.523 247.25 
-131.587 279.321 -119.319 295.025 -103.615 282.757 -115.883 267.053 
-84.726 276.223 -103.482 282.956 -111.983 300.98 -93.227 294.246 
9.846 362.758 29.696 360.996 14.414 348.206 -5.436 349.968 
29.909 361.024 46.254 372.422 65.872 368.923 49.527 357.525 
63.662 388.762 83.443 391.176 85.857 371.395 66.076 368.981 
94.602 353.395 86.07 371.404 92.772 390.171 101.304 372.162 
202.66 349.528 222.512 347.788 235.319 332.521 215.467 334.261 
246.928 316.099 235.515 332.436 255.137 328.954 266.549 312.618 
266.706 312.465 278.972 328.171 294.677 315.905 282.411 300.199 
275.905 281.298 282.593 300.069 300.595 308.615 293.907 289.843 
349.653 202.021 362.457 186.75 360.713 166.9 347.909 182.17 
368.676 130.717 357.264 147.054 360.746 166.675 372.158 150.338 
368.747 130.491 388.528 132.905 390.941 113.124 371.16 110.71 
371.897 95.228 353.144 101.969 371.171 110.462 389.924 103.721 
349.31 -6.243 347.551 -26.092 332.272 -38.884 334.03 -19.035 
312.348 -70.115 315.844 -50.496 332.188 -39.097 328.692 -58.715 
299.92 -85.975 312.209 -70.289 327.896 -82.578 315.606 -98.265 
308.336 -104.173 289.567 -97.476 281.033 -79.469 299.801 -86.166 
182.021 -151.455 201.872 -153.191 186.608 -166.001 166.756 -164.265 
130.585 -172.247 146.911 -160.819 166.535 -164.282 150.21 -175.71 
110.589 -174.721 130.368 -172.29 132.799 -192.069 113.02 -194.5 
103.658 -193.48 95.125 -175.472 101.824 -156.705 110.358 -174.713 
-39.14 -135.756 -19.289 -137.511 -6.494 -152.787 -26.344 -151.033 
-58.971 -132.172 -70.369 -115.827 -50.751 -119.325 -39.353 -135.671 
-98.511 -119.098 -86.231 -103.404 -70.536 -115.684 -82.816 -131.378 
-104.446 -111.776 -97.716 -93.019 -79.694 -84.514 -86.424 -103.272 
