-37.307 333.848 -20.066 343.841 -25.191 324.584 -42.433 314.591 
151.675 350.713 168.941 360.664 188.185 355.492 170.92 345.541 
314.308 238.789 333.587 233.748 343.655 216.55 324.376 221.591 
350.429 44.822 360.402 27.569 355.254 8.318 345.281 25.571 
221.402 -127.979 238.675 -118.042 233.487 -137.282 216.214 -147.219 
8.067 -158.808 25.336 -148.863 44.579 -154.042 27.31 -163.987 
-147.443 -19.738 -128.196 -24.903 -118.24 -42.165 -137.486 -36.999 
-159.046 188.377 -149.09 171.115 -154.256 151.869 -164.212 169.131 
-42.609 314.447 -61.866 319.575 -56.738 338.831 -37.481 333.703 
151.522 350.723 141.478 367.933 158.688 377.979 168.733 360.768 
333.439 233.941 314.197 239.124 319.379 258.366 338.622 253.184 
360.484 27.781 350.473 45.012 367.704 55.022 377.715 37.792 
252.96 -142.217 233.689 -137.141 238.765 -117.871 258.036 -122.946 
37.525 -181.27 27.496 -164.05 44.716 -154.021 54.745 -171.241 
-123.177 -61.557 -142.442 -56.459 -137.344 -37.195 -118.079 -42.293 
-171.498 141.67 -181.526 158.89 -164.306 168.919 -154.277 151.699 
-173.113 202.671 -153.185 202.702 -139.072 188.633 -159.0 188.602 
-19.882 363.839 -5.771 349.768 -5.743 329.841 -19.853 343.912 
202.468 369.557 202.498 349.629 188.429 335.517 188.399 355.445 
343.724 216.32 363.652 216.353 349.585 202.239 329.656 202.206 
335.283 8.061 355.211 8.094 369.326 -5.974 349.398 -6.007 
201.879 -133.225 215.989 -147.296 216.017 -167.224 201.906 -153.153 
7.845 -138.834 7.876 -158.761 -6.194 -172.873 -6.224 -152.946 
-153.369 -5.44 -133.441 -5.414 -147.513 -19.523 -167.441 -19.549 
-154.98 118.616 -174.656 121.775 -171.498 141.451 -151.821 138.293 
-174.699 121.578 -175.709 101.676 -195.611 102.685 -194.602 122.588 
-66.549 291.655 -78.22 307.806 -62.069 319.479 -50.397 303.327 
-78.369 307.647 -93.154 294.286 -106.515 309.071 -91.731 322.431 
138.071 348.267 118.397 351.434 121.563 371.107 141.238 367.941 
122.35 391.059 121.339 371.156 101.436 372.168 102.448 392.07 
303.121 246.896 291.438 263.04 307.582 274.722 319.264 258.579 
322.21 288.24 307.428 274.877 294.063 289.658 308.845 303.021 
367.72 55.246 348.045 58.416 351.215 78.089 370.889 74.92 
391.825 94.048 390.836 74.144 370.934 75.133 371.923 95.036 
258.26 -122.839 246.594 -106.683 262.75 -95.017 274.416 -111.173 
302.725 -112.429 287.939 -125.79 274.579 -111.004 289.365 -97.645 
74.617 -174.436 54.944 -171.266 58.114 -151.592 77.788 -154.762 
94.721 -175.466 93.708 -195.367 73.806 -194.354 74.82 -174.452 
-111.378 -77.924 -123.051 -61.773 -106.9 -50.1 -95.227 -66.251 
-97.859 -92.893 -112.644 -106.254 -126.005 -91.468 -111.219 -78.108 
-164.503 29.884 -151.71 14.604 -153.469 -5.246 -166.261 10.034 
-164.548 30.096 -175.943 46.444 -172.442 66.062 -161.046 49.714 
-194.701 83.62 -174.922 86.045 -172.497 66.265 -192.276 63.84 
-174.933 86.248 -193.695 92.96 -175.682 101.481 -156.919 94.769 
-136.056 235.544 -137.795 215.692 -153.063 202.885 -151.323 222.737 
-135.947 235.746 -132.465 255.367 -116.128 266.779 -119.611 247.159 
-131.687 279.227 -119.422 294.933 -103.716 282.667 -115.981 266.961 
-84.809 276.127 -103.57 282.844 -112.087 300.86 -93.325 294.143 
9.696 362.672 29.548 360.927 14.277 348.124 -5.574 349.868 
29.768 360.975 46.105 372.385 65.726 368.9 49.389 357.491 
63.523 388.741 83.302 391.172 85.733 371.393 65.954 368.962 
94.49 353.386 85.973 371.402 92.689 390.164 101.207 372.148 
202.68 349.518 222.532 347.779 235.339 332.512 215.487 334.251 
246.949 316.066 235.535 332.401 255.156 328.921 266.57 312.586 
266.754 312.453 279.019 328.16 294.725 315.896 282.46 300.189 
275.905 281.295 282.627 300.054 300.644 308.567 293.922 289.807 
349.692 202.024 362.497 186.755 360.754 166.904 347.949 182.173 
368.697 130.716 357.287 147.055 360.772 166.675 372.182 150.337 
368.753 130.496 388.533 132.924 390.96 113.144 371.181 110.717 
371.91 95.255 353.149 101.975 371.166 110.489 389.927 103.77 
349.281 -6.211 347.532 -26.061 332.258 -38.861 334.008 -19.011 
312.344 -70.115 315.834 -50.495 332.174 -39.09 328.684 -58.71 
299.915 -86.002 312.186 -70.302 327.887 -82.573 315.616 -98.273 
308.312 -104.226 289.55 -97.508 281.035 -79.492 299.796 -86.21 
181.85 -151.496 201.7 -153.245 186.428 -166.045 166.577 -164.296 
130.395 -172.248 146.739 -160.845 166.358 -164.338 150.014 -175.741 
110.394 -174.713 130.173 -172.288 132.599 -192.068 112.819 -194.493 
103.446 -193.481 94.935 -175.462 101.658 -156.704 110.169 -174.722 
-39.065 -135.825 -19.213 -137.563 -6.405 -152.83 -26.257 -151.091 
-58.904 -132.256 -70.322 -115.925 -50.7 -119.399 -39.282 -135.731 
-98.464 -119.203 -86.21 -103.489 -70.496 -115.743 -82.749 -131.457 
-104.422 -111.854 -97.713 -93.089 -79.7 -84.565 -86.409 -103.33 
