-37.297 333.878 -20.029 343.826 -25.205 324.582 -42.473 314.635 
151.692 350.65 168.941 360.629 188.194 355.489 170.945 345.509 
314.394 238.905 333.646 233.762 343.624 216.512 324.371 221.655 
350.534 44.822 360.47 27.548 355.281 8.308 345.345 25.582 
221.331 -127.944 238.575 -117.956 233.444 -137.212 216.199 -147.2 
8.067 -158.829 25.331 -148.875 44.576 -154.044 27.312 -163.998 
-147.388 -19.834 -128.144 -25.007 -118.193 -42.272 -137.438 -37.099 
-159.02 188.438 -149.119 171.144 -154.347 151.915 -164.248 169.208 
-42.565 314.552 -61.828 319.656 -56.724 338.918 -37.461 333.814 
151.477 350.674 141.479 367.911 158.715 377.91 168.714 360.673 
333.571 233.983 314.303 239.069 319.389 258.337 338.657 253.251 
360.491 27.755 350.447 44.966 367.658 55.011 377.702 37.8 
252.901 -142.244 233.648 -137.1 238.792 -117.848 258.044 -122.991 
37.566 -181.261 27.55 -164.033 44.778 -154.017 54.794 -171.245 
-123.162 -61.668 -142.427 -56.573 -137.333 -37.308 -118.067 -42.403 
-171.425 141.693 -181.506 158.883 -164.316 168.964 -154.235 151.774 
-173.042 202.735 -153.114 202.767 -139.0 188.699 -158.928 188.667 
-19.908 363.883 -5.796 349.814 -5.765 329.887 -19.877 343.957 
202.469 369.523 202.502 349.595 188.436 335.481 188.402 355.409 
343.726 216.308 363.654 216.34 349.587 202.226 329.658 202.194 
335.251 8.1 355.179 8.127 369.289 -5.945 349.361 -5.972 
201.908 -133.259 216.02 -147.329 216.049 -167.257 201.937 -153.187 
7.822 -138.798 7.857 -158.725 -6.209 -172.841 -6.244 -152.914 
-153.357 -5.548 -133.429 -5.513 -147.495 -19.629 -167.423 -19.664 
-154.995 118.608 -174.669 121.779 -171.497 141.453 -151.823 138.282 
-174.668 121.545 -175.675 101.643 -195.578 102.649 -194.571 122.552 
-66.45 291.706 -78.113 307.864 -61.956 319.528 -50.293 303.37 
-78.272 307.742 -93.058 294.383 -106.418 309.169 -91.631 322.528 
138.09 348.286 118.415 351.452 121.581 371.126 141.256 367.96 
122.364 391.024 121.352 371.122 101.45 372.134 102.462 392.036 
303.091 246.845 291.423 263.0 307.578 274.667 319.245 258.512 
322.252 288.231 307.481 274.856 294.104 289.626 308.876 303.001 
367.717 55.217 348.041 58.379 351.204 78.053 370.879 74.891 
391.814 93.994 390.798 74.092 370.897 75.108 371.913 95.01 
258.221 -122.83 246.55 -106.677 262.703 -95.007 274.374 -111.159 
302.702 -112.44 287.918 -125.802 274.556 -111.018 289.34 -97.657 
74.695 -174.477 55.021 -171.314 58.184 -151.639 77.858 -154.802 
94.822 -175.464 93.833 -195.366 73.93 -194.377 74.919 -174.474 
-111.349 -78.005 -123.028 -61.858 -106.881 -50.179 -95.202 -66.326 
-97.851 -92.963 -112.635 -106.325 -125.997 -91.541 -111.213 -78.179 
-164.47 29.799 -151.668 14.527 -153.415 -5.324 -166.217 9.948 
-164.554 30.004 -175.97 46.338 -172.493 65.96 -161.077 49.626 
-194.699 83.526 -174.921 85.961 -172.487 66.182 -192.265 63.748 
-174.977 86.183 -193.737 92.901 -175.722 101.417 -156.96 94.699 
-135.973 235.634 -137.73 215.784 -153.009 202.991 -151.251 222.841 
-135.848 235.842 -132.355 255.461 -116.012 266.864 -119.506 247.246 
-131.573 279.325 -119.297 295.023 -103.599 282.746 -115.875 267.049 
-84.691 276.21 -103.454 282.926 -111.971 300.942 -93.209 294.226 
9.702 362.655 29.553 360.904 14.278 348.106 -5.573 349.857 
29.767 361.009 46.108 372.414 65.728 368.924 49.387 357.519 
63.541 388.716 83.32 391.144 85.748 371.365 65.969 368.936 
94.492 353.398 85.984 371.418 92.71 390.176 101.218 372.156 
202.709 349.508 222.561 347.763 235.364 332.493 215.512 334.238 
246.964 316.033 235.551 332.369 255.173 328.888 266.586 312.552 
266.783 312.445 279.057 328.145 294.756 315.871 282.481 300.172 
275.919 281.234 282.629 299.997 300.642 308.52 293.931 289.757 
349.639 201.994 362.449 186.729 360.713 166.878 347.903 182.143 
368.722 130.697 357.302 147.029 360.776 166.652 372.195 150.32 
368.732 130.468 388.511 132.901 390.943 113.122 371.165 110.69 
371.932 95.229 353.165 101.932 371.175 110.462 389.942 103.759 
349.291 -6.192 347.549 -26.043 332.281 -38.848 334.023 -18.997 
312.302 -70.072 315.79 -50.452 332.13 -39.045 328.641 -58.665 
299.905 -85.992 312.181 -70.296 327.877 -82.572 315.601 -98.268 
308.242 -104.184 289.479 -97.469 280.962 -79.454 299.723 -86.169 
181.883 -151.48 201.733 -153.229 186.461 -166.029 166.61 -164.28 
130.459 -172.275 146.8 -160.869 166.42 -164.357 150.079 -175.764 
110.472 -174.699 130.253 -172.284 132.668 -192.065 112.887 -194.48 
103.559 -193.504 95.033 -175.492 101.74 -156.728 110.266 -174.739 
-39.119 -135.838 -19.267 -137.583 -6.465 -152.853 -26.315 -151.109 
-58.916 -132.213 -70.327 -115.877 -50.707 -119.358 -39.295 -135.695 
-98.497 -119.224 -86.237 -103.515 -70.527 -115.775 -82.787 -131.484 
-104.407 -111.875 -97.691 -93.112 -79.675 -84.595 -86.391 -103.357 
