-37.385 333.949 -20.09 343.848 -25.32 324.619 -42.616 314.72 
151.645 350.604 168.863 360.636 188.132 355.555 170.914 345.523 
314.515 238.997 333.746 233.775 343.653 216.484 324.421 221.706 
350.508 44.805 360.471 27.547 355.314 8.298 345.35 25.556 
221.322 -127.987 238.585 -118.032 233.418 -137.278 216.155 -147.233 
8.053 -158.797 25.318 -148.845 44.563 -154.017 27.298 -163.968 
-147.393 -19.788 -128.15 -24.967 -118.205 -42.235 -137.448 -37.056 
-159.072 188.348 -149.149 171.067 -154.351 151.831 -164.274 169.111 
-42.62 314.571 -61.912 319.564 -56.92 338.855 -37.627 333.862 
151.356 350.689 141.399 367.95 158.659 377.909 168.617 360.648 
333.651 233.97 314.377 239.033 319.439 258.307 338.713 253.244 
360.505 27.775 350.486 45.001 367.712 55.02 377.731 37.794 
252.893 -142.274 233.632 -137.161 238.745 -117.901 258.006 -123.014 
37.503 -181.286 27.492 -164.056 44.723 -154.045 54.733 -171.276 
-123.162 -61.629 -142.431 -56.546 -137.348 -37.278 -118.079 -42.361 
-171.447 141.639 -181.521 158.833 -164.327 168.906 -154.253 151.712 
-173.103 202.602 -153.175 202.636 -139.06 188.569 -158.988 188.535 
-19.914 363.909 -5.803 349.838 -5.775 329.911 -19.885 343.982 
202.429 369.558 202.462 349.63 188.396 335.516 188.363 355.443 
343.758 216.298 363.686 216.331 349.62 202.217 329.691 202.183 
335.283 8.048 355.211 8.086 369.329 -5.978 349.401 -6.016 
201.852 -133.272 215.957 -147.349 215.976 -167.277 201.872 -153.2 
7.801 -138.819 7.823 -158.746 -6.253 -172.852 -6.274 -152.926 
-153.357 -5.49 -133.429 -5.463 -147.501 -19.573 -167.429 -19.6 
-155.003 118.596 -174.677 121.772 -171.501 141.445 -151.828 138.27 
-174.674 121.579 -175.684 101.676 -195.586 102.686 -194.576 122.588 
-66.575 291.568 -78.258 307.711 -62.116 319.395 -50.432 303.252 
-78.459 307.578 -93.239 294.212 -106.605 308.991 -91.826 322.357 
137.991 348.36 118.32 351.551 121.51 371.221 141.181 368.03 
122.282 391.106 121.302 371.202 101.398 372.182 102.378 392.086 
303.166 246.78 291.471 262.916 307.606 274.61 319.3 258.475 
322.312 288.104 307.487 274.789 294.171 289.613 308.996 302.928 
367.779 55.232 348.106 58.418 351.293 78.089 370.965 74.903 
391.825 94.053 390.856 74.149 370.953 75.118 371.922 95.022 
258.21 -122.856 246.542 -106.701 262.697 -95.033 274.364 -111.188 
302.71 -112.455 287.927 -125.818 274.564 -111.035 289.347 -97.673 
74.599 -174.43 54.927 -171.257 58.1 -151.583 77.773 -154.757 
94.693 -175.476 93.692 -195.378 73.79 -194.377 74.791 -174.475 
-111.348 -77.968 -123.026 -61.821 -106.879 -50.142 -95.201 -66.289 
-97.84 -92.919 -112.617 -106.289 -125.987 -91.512 -111.21 -78.142 
-164.473 29.859 -151.673 14.585 -153.422 -5.266 -166.222 10.008 
-164.559 30.075 -175.964 46.416 -172.474 66.036 -161.068 49.695 
-194.697 83.611 -174.918 86.039 -172.49 66.259 -192.27 63.832 
-174.974 86.245 -193.735 92.961 -175.721 101.479 -156.959 94.762 
-136.098 235.49 -137.823 215.637 -153.082 202.82 -151.356 222.673 
-135.967 235.657 -132.499 255.281 -116.171 266.705 -119.639 247.082 
-131.766 279.152 -119.504 294.86 -103.795 282.598 -116.058 266.889 
-84.868 276.022 -103.627 282.745 -112.138 300.764 -93.378 294.04 
9.686 362.684 29.538 360.949 14.273 348.138 -5.579 349.873 
29.756 361.02 46.088 372.438 65.71 368.963 49.378 357.545 
63.523 388.768 83.303 391.188 85.723 371.408 65.943 368.988 
94.483 353.429 85.953 371.439 92.655 390.206 101.186 372.196 
202.711 349.549 222.561 347.796 235.358 332.52 215.507 334.273 
246.978 316.032 235.576 332.376 255.195 328.882 266.597 312.538 
266.814 312.418 279.081 328.123 294.785 315.856 282.518 300.151 
275.994 281.212 282.682 299.983 300.685 308.527 293.996 289.756 
349.682 202.003 362.483 186.73 360.735 166.88 347.934 182.153 
368.744 130.712 357.333 147.05 360.817 166.671 372.228 150.333 
368.757 130.486 388.538 132.898 390.95 113.117 371.169 110.705 
371.956 95.243 353.201 101.977 371.225 110.477 389.98 103.742 
349.326 -6.235 347.573 -26.085 332.298 -38.882 334.05 -19.032 
312.323 -70.093 315.815 -50.473 332.157 -39.07 328.665 -58.689 
299.918 -85.993 312.205 -70.305 327.893 -82.592 315.607 -98.28 
308.278 -104.178 289.508 -97.483 280.971 -79.477 299.74 -86.172 
181.811 -151.498 201.66 -153.266 186.375 -166.051 166.526 -164.283 
130.349 -172.249 146.701 -160.859 166.317 -164.366 149.966 -175.757 
110.342 -174.686 130.124 -172.281 132.529 -192.063 112.747 -194.468 
103.411 -193.476 94.895 -175.46 101.612 -156.699 110.129 -174.716 
-39.127 -135.778 -19.276 -137.528 -6.478 -152.801 -26.328 -151.052 
-58.962 -132.217 -70.374 -115.88 -50.753 -119.362 -39.341 -135.699 
-98.493 -119.154 -86.223 -103.453 -70.521 -115.723 -82.791 -131.425 
-104.412 -111.845 -97.697 -93.082 -79.682 -84.563 -86.397 -103.326 
