-37.15 333.945 -19.952 344.014 -24.993 324.734 -42.19 314.665 
151.702 350.515 168.937 360.52 188.197 355.408 170.963 345.403 
314.233 238.563 333.542 233.636 343.712 216.499 324.403 221.426 
350.206 44.724 360.333 27.56 355.357 8.264 345.23 25.427 
221.304 -128.009 238.461 -117.871 233.498 -137.171 216.341 -147.308 
7.982 -158.828 25.245 -148.872 44.491 -154.039 27.228 -163.995 
-147.38 -19.747 -128.131 -24.904 -118.167 -42.16 -137.416 -37.004 
-158.891 188.53 -148.937 171.267 -154.106 152.021 -164.06 169.284 
-42.198 314.534 -61.521 319.408 -56.647 338.73 -37.324 333.856 
151.404 350.655 141.51 367.952 158.807 377.847 168.702 360.55 
333.438 233.826 314.143 238.809 319.126 258.104 338.421 253.121 
360.361 27.767 350.293 44.965 367.491 55.032 377.559 37.834 
253.003 -142.127 233.722 -137.091 238.759 -117.81 258.04 -122.846 
37.543 -181.218 27.458 -164.031 44.646 -153.946 54.73 -171.134 
-123.151 -61.557 -142.419 -56.472 -137.334 -37.204 -118.066 -42.29 
-171.41 141.822 -181.372 159.08 -164.113 169.043 -154.151 151.784 
-172.896 202.815 -152.968 202.847 -138.854 188.778 -158.782 188.747 
-19.54 364.021 -5.619 349.763 -5.856 329.838 -19.778 344.095 
202.451 369.427 202.516 349.499 188.471 335.363 188.407 355.291 
343.821 216.319 363.749 216.191 349.569 202.191 329.64 202.319 
335.342 8.329 355.269 8.071 369.176 -6.202 349.25 -5.943 
202.265 -133.136 216.151 -147.43 215.862 -167.356 201.977 -153.062 
7.879 -138.833 7.775 -158.76 -6.39 -172.777 -6.286 -152.85 
-153.323 -5.462 -133.395 -5.462 -147.486 -19.553 -167.414 -19.552 
-154.978 118.742 -174.652 121.914 -171.48 141.588 -151.806 138.415 
-174.656 121.685 -175.715 101.786 -195.615 102.845 -194.555 122.745 
-66.382 291.503 -77.926 307.746 -61.684 319.291 -50.139 303.048 
-78.091 307.644 -93.042 294.468 -106.217 309.419 -91.267 322.593 
137.612 348.447 118.028 352.133 121.713 371.716 141.298 368.03 
121.727 391.619 121.495 371.693 101.568 371.925 101.8 391.851 
302.23 247.492 291.451 264.253 308.212 275.032 318.99 258.271 
322.224 289.249 308.095 275.197 294.042 289.325 308.171 303.377 
367.549 55.232 347.932 58.745 351.446 78.36 371.062 74.847 
391.762 94.176 390.961 74.264 371.05 75.065 371.851 94.977 
258.218 -122.67 246.766 -106.362 263.074 -94.909 274.526 -111.217 
302.9 -111.884 288.417 -125.571 274.73 -111.087 289.213 -97.401 
74.627 -174.431 54.968 -171.174 58.226 -151.514 77.885 -154.771 
94.766 -175.354 93.845 -195.26 73.939 -194.339 74.86 -174.433 
-111.352 -77.89 -123.002 -61.722 -106.835 -50.072 -95.184 -66.239 
-97.86 -92.862 -112.638 -106.231 -126.006 -91.453 -111.228 -78.084 
-164.42 29.892 -151.625 14.614 -153.381 -5.237 -166.176 10.041 
-164.497 30.109 -175.884 46.464 -172.371 66.079 -160.984 49.725 
-194.609 83.645 -174.832 86.091 -172.386 66.315 -192.163 63.868 
-174.879 86.329 -193.693 92.895 -175.747 101.556 -156.932 94.991 
-135.934 235.761 -137.638 215.906 -152.883 203.073 -151.178 222.928 
-135.805 235.952 -132.313 255.571 -115.97 266.975 -119.463 247.357 
-131.542 279.495 -119.224 295.16 -103.559 282.843 -115.876 267.177 
-84.63 276.287 -103.395 282.995 -111.92 301.007 -93.155 294.299 
9.83 362.638 29.685 360.927 14.436 348.098 -5.419 349.809 
29.897 361.006 46.258 372.381 65.871 368.856 49.51 357.48 
64.004 388.687 83.82 390.786 85.92 370.969 66.103 368.87 
94.846 353.11 86.131 371.032 92.641 389.866 101.356 371.945 
202.748 349.412 222.606 347.74 235.465 332.517 215.607 334.188 
247.079 316.024 235.668 332.362 255.289 328.878 266.699 312.54 
266.916 312.41 279.702 327.695 294.986 314.91 282.2 299.625 
276.052 280.551 282.36 299.454 300.186 308.36 293.878 289.457 
349.625 201.983 362.537 186.805 360.935 166.942 348.023 182.121 
368.662 130.712 357.391 147.146 361.042 166.737 372.313 150.302 
368.671 130.459 388.419 133.128 391.089 113.38 371.341 110.711 
371.871 95.215 353.232 102.268 371.398 110.46 390.037 103.407 
349.182 -6.146 347.456 -25.998 332.198 -38.816 333.923 -18.963 
312.406 -70.117 315.796 -50.48 332.078 -38.992 328.688 -58.629 
299.944 -85.936 312.315 -70.315 327.937 -82.686 315.565 -98.308 
307.987 -104.253 289.342 -97.216 281.136 -79.057 299.779 -86.094 
181.906 -151.378 201.757 -153.119 186.489 -165.925 166.637 -164.183 
130.464 -172.205 146.797 -160.787 166.419 -164.262 150.087 -175.68 
110.465 -174.758 130.233 -172.238 132.753 -192.006 112.985 -194.526 
103.284 -193.473 94.994 -175.352 101.945 -156.677 110.235 -174.798 
-39.133 -135.757 -19.282 -137.512 -6.488 -152.789 -26.338 -151.034 
-58.925 -132.133 -70.323 -115.788 -50.706 -119.285 -39.306 -135.631 
-98.505 -119.102 -86.219 -103.414 -70.529 -115.701 -82.816 -131.389 
-104.387 -111.756 -97.668 -92.995 -79.652 -84.479 -86.37 -103.24 
