25.091 207.259 36.779 223.4 39.928 203.722 28.24 187.582 
110.247 210.482 121.501 226.929 141.087 230.601 129.834 214.154 
184.673 170.584 204.184 174.638 220.848 163.709 201.337 159.654 
210.668 90.101 227.687 79.733 232.389 60.368 215.371 70.736 
163.033 -4.291 172.569 13.208 178.199 -5.908 168.664 -23.407 
61.403 -38.771 70.236 -20.907 89.113 -14.521 80.28 -32.385 
-26.901 31.642 -7.635 36.731 9.587 26.706 -9.68 21.617 
-34.714 143.52 -18.578 131.828 -15.436 112.149 -31.572 123.842 
13.66 190.932 -2.669 202.355 8.753 218.683 25.082 207.26 
101.869 223.429 98.374 243.047 117.992 246.543 121.488 226.924 
204.183 174.644 187.706 185.853 198.915 202.33 215.392 191.121 
227.687 79.739 223.81 99.285 243.356 103.163 247.234 83.617 
194.926 -16.744 178.202 -5.907 189.039 10.817 205.762 -0.02 
84.885 -51.774 80.283 -32.385 99.672 -27.783 104.274 -47.172 
-2.872 -5.732 -19.948 4.54 -9.676 21.616 7.4 11.344 
-46.55 99.969 -50.99 119.396 -31.563 123.836 -27.123 104.409 
-53.288 136.297 -45.269 154.54 -26.699 161.77 -34.718 143.527 
18.862 232.106 37.692 238.626 55.618 229.922 36.788 223.402 
134.857 249.529 152.653 240.561 158.896 221.637 141.1 230.605 
220.851 163.705 229.295 181.756 236.088 163.022 227.644 144.971 
224.777 41.945 232.388 60.363 250.792 68.004 243.182 49.587 
150.91 -32.463 168.662 -23.409 187.617 -29.56 169.865 -38.614 
42.322 -33.018 61.4 -38.77 70.824 -56.329 51.745 -50.577 
-42.158 31.565 -34.627 50.015 -26.906 31.644 -34.437 13.194 
-61.651 76.159 -66.013 95.604 -46.568 99.965 -42.206 80.521 
-66.028 95.597 -70.425 115.034 -50.989 119.431 -46.592 99.994 
-30.49 197.801 -18.861 213.983 -2.678 202.355 -14.307 186.172 
-18.868 213.984 -7.436 230.307 8.887 218.874 -2.546 202.553 
78.704 239.717 75.383 259.366 95.032 262.686 98.352 243.037 
98.512 243.082 95.026 262.703 114.647 266.188 118.133 246.568 
182.392 213.471 193.53 229.996 210.054 218.858 198.916 202.334 
198.919 202.334 210.055 218.859 226.58 207.724 215.444 191.199 
243.359 103.167 239.138 122.644 258.613 126.863 262.834 107.387 
247.591 83.685 243.36 103.159 262.832 107.39 267.064 87.916 
205.764 -0.019 216.13 17.0 233.149 6.635 222.784 -10.385 
195.47 -17.325 205.657 -0.198 222.784 -10.385 212.597 -27.511 
109.364 -66.439 104.275 -47.173 123.542 -42.084 128.631 -61.35 
90.508 -72.882 84.064 -54.026 102.92 -47.581 109.364 -66.437 
-12.544 -23.157 -2.871 -5.735 14.551 -15.407 4.879 -32.83 
-30.504 -14.523 -21.87 3.438 -3.91 -5.196 -12.544 -23.157 
-70.123 55.525 -51.181 49.336 -42.163 31.565 -61.105 37.754 
-70.125 55.529 -76.982 74.24 -68.6 92.32 -61.743 73.609 
-96.781 91.956 -82.877 106.232 -68.602 92.328 -82.506 78.052 
-82.883 106.233 -87.27 125.672 -70.423 115.029 -66.036 95.59 
-51.13 190.903 -40.672 173.939 -45.273 154.55 -55.73 171.514 
-51.136 190.908 -41.51 208.356 -22.365 213.888 -31.992 196.44 
-42.287 213.969 -42.205 233.897 -22.278 233.816 -22.359 213.888 
-19.102 214.145 -22.279 233.818 -10.616 249.976 -7.438 230.303 
40.042 258.422 55.692 270.759 53.349 250.97 37.699 238.633 
55.701 270.756 75.031 275.598 92.123 265.354 72.794 260.512 
78.372 279.76 92.785 293.521 106.546 279.108 92.134 265.347 
94.986 262.892 106.558 279.116 126.212 282.406 114.641 266.182 
152.663 240.563 167.612 253.741 187.5 252.49 172.552 239.311 
192.507 233.195 187.509 252.486 204.684 242.38 209.682 223.089 
209.685 223.081 210.092 243.004 230.015 242.597 229.608 222.673 
210.052 218.861 229.612 222.672 246.137 211.536 226.578 207.726 
236.092 163.019 255.991 161.954 269.308 147.13 249.409 148.195 
265.31 110.522 259.73 129.653 269.311 147.126 274.891 127.996 
265.311 110.517 279.208 124.799 293.49 110.902 279.593 96.62 
267.064 87.918 262.831 107.391 279.594 96.615 283.826 77.141 
243.182 49.582 255.805 34.163 253.828 14.334 241.205 29.753 
226.045 -9.834 234.932 8.002 253.828 14.33 244.941 -3.506 
227.693 -29.694 226.042 -9.836 245.9 -8.185 247.552 -28.043 
217.505 -46.824 212.598 -27.51 222.785 -10.384 227.692 -29.697 
153.213 -49.564 169.863 -38.617 165.831 -58.131 149.18 -69.08 
112.366 -68.25 130.944 -61.041 149.178 -69.081 130.6 -76.29 
100.591 -84.328 112.363 -68.249 128.442 -80.022 116.669 -96.1 
81.732 -90.773 90.51 -72.882 109.366 -66.439 100.589 -84.329 
15.026 -53.352 32.81 -44.36 51.742 -50.578 33.959 -59.569 
-3.53 -46.079 -11.507 -27.818 7.046 -35.089 15.023 -53.35 
-29.406 -49.585 -31.343 -29.752 -11.509 -27.815 -9.572 -47.648 
-49.307 -21.122 -30.503 -14.524 -12.542 -23.155 -31.345 -29.753 
