-20.55 281.032 -4.402 292.71 -7.563 273.035 -23.711 261.357 
123.355 300.071 139.3 312.024 159.027 309.202 143.082 297.249 
255.578 227.034 275.389 224.878 287.873 209.345 268.062 211.501 
301.415 82.643 314.535 67.644 313.206 47.76 300.086 62.76 
217.641 -69.516 232.146 -55.851 231.552 -75.77 217.047 -89.435 
44.075 -117.26 58.68 -103.702 78.594 -104.442 63.989 -118.0 
-96.321 -7.284 -76.483 -9.165 -63.785 -24.522 -83.623 -22.642 
-112.221 164.649 -100.304 148.679 -103.17 128.958 -115.088 144.929 
-25.167 261.64 -44.556 266.244 -39.953 285.632 -20.564 281.028 
123.013 300.525 111.51 316.796 127.78 328.301 139.284 312.03 
275.381 224.89 255.644 227.642 258.397 247.379 278.133 244.627 
314.535 67.657 302.273 83.365 317.982 95.627 330.244 79.919 
251.343 -78.178 231.561 -75.766 233.973 -55.985 253.755 -58.397 
75.07 -134.571 63.999 -118.001 80.568 -106.931 91.639 -123.5 
-71.32 -48.006 -90.148 -41.478 -83.62 -22.651 -64.792 -29.179 
-124.26 118.27 -132.999 136.179 -115.09 144.918 -106.351 127.009 
-129.215 175.061 -109.841 179.725 -92.843 169.324 -112.218 164.66 
-10.528 311.679 7.216 302.611 13.351 283.652 -4.393 292.72 
167.109 327.422 174.29 308.833 166.224 290.611 159.043 309.201 
287.883 209.335 306.22 217.138 298.773 198.655 280.436 190.851 
294.89 39.891 313.205 47.747 331.709 40.352 313.395 32.496 
198.986 -81.004 217.039 -89.443 223.837 -108.176 205.784 -99.737 
39.186 -97.939 44.067 -117.259 33.857 -134.372 28.976 -115.052 
-105.129 5.18 -85.691 9.575 -96.328 -7.276 -115.765 -11.671 
-110.909 93.445 -129.995 99.177 -124.264 118.263 -105.178 112.531 
-129.993 99.172 -149.5 103.248 -145.423 122.755 -125.916 118.678 
-57.193 241.044 -63.475 259.955 -44.565 266.238 -38.282 247.327 
-63.477 259.953 -70.073 278.757 -51.269 285.354 -44.674 266.55 
101.072 299.817 84.089 310.244 94.515 327.226 111.498 316.799 
111.608 316.986 94.513 327.227 104.754 344.322 121.849 334.081 
238.95 243.013 234.574 262.454 254.016 266.829 258.39 247.389 
258.811 247.491 254.013 266.832 273.354 271.631 278.152 252.29 
317.984 95.636 300.896 105.892 311.152 122.978 328.239 112.722 
337.013 85.946 319.235 94.949 328.238 112.727 346.016 103.723 
253.76 -58.392 248.605 -39.143 267.855 -33.988 273.01 -53.237 
266.155 -80.571 255.915 -63.475 273.011 -53.236 283.249 -70.332 
109.258 -132.83 91.648 -123.503 100.976 -105.893 118.585 -115.22 
111.603 -152.619 91.814 -154.958 89.475 -135.169 109.264 -132.83 
-62.469 -65.869 -71.317 -48.013 -53.461 -39.165 -44.613 -57.021 
-73.784 -82.273 -90.186 -70.955 -78.868 -54.553 -62.466 -65.871 
-125.048 36.161 -108.676 24.8 -105.134 5.189 -121.505 16.551 
-125.053 36.169 -139.933 49.425 -141.082 69.319 -126.201 56.064 
-166.587 81.32 -147.84 88.075 -141.084 69.328 -159.832 62.572 
-147.842 88.082 -166.973 93.66 -149.501 103.243 -130.37 97.664 
-100.696 215.403 -97.881 195.675 -109.841 179.736 -112.655 199.464 
-100.691 215.412 -101.883 235.304 -88.66 250.213 -87.469 230.322 
-107.347 257.137 -100.432 275.827 -81.742 268.912 -88.657 250.222 
-64.039 259.764 -81.739 268.921 -87.779 287.911 -70.079 278.754 
19.51 318.311 39.291 320.725 27.01 305.031 7.229 302.617 
39.304 320.732 52.051 336.048 71.896 337.864 59.148 322.548 
62.915 355.65 80.697 364.645 89.692 346.863 71.91 337.868 
94.152 327.44 89.705 346.865 100.297 363.746 104.744 344.321 
174.306 308.829 194.052 311.516 209.914 299.453 190.168 296.766 
225.637 287.186 209.929 299.45 229.708 301.885 245.415 289.621 
245.43 289.614 250.904 308.776 270.064 303.302 264.59 284.141 
253.889 267.332 264.604 284.134 284.06 288.439 273.346 271.637 
298.783 198.645 314.954 187.0 318.155 167.332 301.984 178.977 
337.588 136.039 321.397 147.657 318.163 167.321 334.354 155.703 
337.594 136.027 354.728 146.202 364.904 129.068 347.77 118.893 
346.016 103.731 328.607 113.429 347.775 118.882 365.184 109.184 
313.396 32.484 317.091 12.902 305.857 -3.557 302.162 16.024 
298.767 -39.701 294.827 -20.167 305.853 -3.569 309.793 -23.103 
293.359 -58.892 298.764 -39.712 317.944 -45.118 312.539 -64.298 
302.102 -76.806 283.256 -70.329 274.511 -52.423 293.356 -58.9 
186.295 -103.938 205.776 -99.742 194.968 -116.484 175.487 -120.679 
144.827 -141.089 155.927 -124.539 175.479 -120.685 164.379 -137.235 
126.252 -148.333 144.818 -141.095 152.056 -159.661 133.49 -166.899 
124.102 -168.147 111.608 -152.623 113.75 -132.812 126.244 -148.336 
-7.319 -108.81 12.118 -104.415 28.969 -115.051 9.533 -119.446 
-27.108 -111.223 -42.802 -98.944 -23.022 -96.529 -7.327 -108.809 
-69.578 -107.756 -60.602 -89.965 -42.81 -98.941 -51.786 -116.732 
-76.47 -102.024 -73.783 -82.278 -57.921 -70.216 -60.608 -89.962 
