-37.211 333.906 -19.979 343.916 -25.086 324.653 -42.317 314.644 
151.725 350.538 168.944 360.571 188.213 355.489 170.994 345.457 
314.356 238.836 333.62 233.737 343.637 216.51 324.372 221.608 
350.571 44.88 360.474 27.587 355.248 8.356 345.345 25.65 
221.582 -127.921 238.876 -118.019 233.649 -137.249 216.356 -147.151 
7.977 -158.774 25.228 -148.797 44.48 -153.941 27.229 -163.918 
-147.364 -19.797 -128.137 -25.034 -118.244 -42.332 -137.472 -37.095 
-159.04 188.333 -149.057 171.088 -154.192 151.833 -164.175 169.079 
-42.546 314.508 -61.796 319.66 -56.645 338.91 -37.394 333.758 
151.43 350.702 141.491 367.973 158.761 377.914 168.701 360.643 
333.499 233.914 314.25 239.071 319.408 258.32 338.657 253.163 
360.606 27.757 350.525 44.947 367.715 55.028 377.796 37.838 
253.134 -142.211 233.855 -137.166 238.9 -117.887 258.179 -122.932 
37.434 -181.237 27.448 -163.992 44.694 -154.007 54.679 -171.252 
-123.156 -61.611 -142.442 -56.592 -137.423 -37.307 -118.138 -42.326 
-171.512 141.631 -181.513 158.868 -164.277 168.869 -154.276 151.633 
-173.102 202.618 -153.174 202.658 -139.055 188.595 -158.983 188.555 
-19.794 363.902 -5.681 349.834 -5.647 329.907 -19.761 343.975 
202.53 369.537 202.548 349.609 188.472 335.505 188.453 355.433 
343.708 216.311 363.636 216.337 349.564 202.228 329.635 202.201 
335.236 8.119 355.164 8.158 369.283 -5.906 349.355 -5.945 
202.021 -133.157 216.139 -147.221 216.177 -167.149 202.059 -153.085 
7.734 -138.799 7.763 -158.726 -6.307 -172.838 -6.336 -152.911 
-153.315 -5.52 -133.387 -5.486 -147.454 -19.601 -167.382 -19.635 
-154.999 118.58 -174.677 121.732 -171.525 141.409 -151.848 138.257 
-174.726 121.526 -175.728 101.623 -195.631 102.625 -194.629 122.527 
-66.484 291.726 -78.162 307.873 -62.017 319.552 -50.337 303.406 
-78.337 307.697 -93.118 294.332 -106.483 309.113 -91.702 322.477 
138.075 348.308 118.401 351.478 121.571 371.152 141.245 367.981 
122.356 391.093 121.346 371.191 101.444 372.201 102.454 392.104 
303.153 246.834 291.48 262.985 307.631 274.658 319.303 258.507 
322.257 288.158 307.47 274.8 294.111 289.586 308.898 302.944 
367.748 55.25 348.071 58.415 351.237 78.089 370.912 74.924 
391.845 94.051 390.852 74.148 370.949 75.141 371.943 95.044 
258.345 -122.787 246.676 -106.633 262.83 -94.964 274.499 -111.118 
302.78 -112.369 287.999 -125.734 274.633 -110.953 289.414 -97.589 
74.59 -174.437 54.915 -171.275 58.077 -151.599 77.752 -154.761 
94.717 -175.463 93.723 -195.365 73.82 -194.371 74.815 -174.469 
-111.372 -77.937 -123.028 -61.774 -106.865 -50.118 -95.209 -66.282 
-97.875 -92.856 -112.665 -106.211 -126.021 -91.421 -111.23 -78.065 
-164.482 29.792 -151.674 14.526 -153.412 -5.326 -166.22 9.94 
-164.529 30.004 -175.94 46.342 -172.457 65.963 -161.046 49.625 
-194.738 83.519 -174.96 85.95 -172.528 66.171 -192.307 63.74 
-174.952 86.174 -193.714 92.888 -175.7 101.408 -156.937 94.693 
-136.055 235.529 -137.787 215.677 -153.05 202.864 -151.317 222.717 
-135.934 235.746 -132.461 255.369 -116.129 266.788 -119.603 247.166 
-131.676 279.245 -119.412 294.952 -103.705 282.688 -115.969 266.981 
-84.788 276.166 -103.551 282.88 -112.07 300.894 -93.308 294.18 
9.787 362.733 29.638 360.979 14.361 348.183 -5.489 349.937 
29.847 361.019 46.188 372.423 65.808 368.931 49.466 357.527 
63.581 388.771 83.36 391.198 85.787 371.419 66.007 368.992 
94.511 353.407 85.998 371.425 92.72 390.185 101.232 372.167 
202.761 349.501 222.611 347.74 235.402 332.459 215.552 334.22 
247.01 316.03 235.615 332.379 255.232 328.876 266.627 312.527 
266.797 312.388 279.073 328.086 294.77 315.811 282.494 300.113 
275.961 281.245 282.684 300.003 300.702 308.514 293.979 289.755 
349.652 202.036 362.457 186.766 360.714 166.916 347.91 182.185 
368.674 130.741 357.262 147.078 360.744 166.699 372.156 150.363 
368.741 130.514 388.52 132.942 390.948 113.163 371.169 110.735 
371.912 95.263 353.15 101.978 371.165 110.496 389.928 103.781 
349.258 -6.159 347.519 -26.01 332.253 -38.818 333.991 -18.967 
312.329 -70.066 315.812 -50.445 332.148 -39.034 328.665 -58.655 
299.935 -85.96 312.204 -70.257 327.906 -82.526 315.638 -98.228 
308.339 -104.168 289.577 -97.451 281.062 -79.435 299.823 -86.152 
181.981 -151.47 201.832 -153.209 186.566 -166.017 166.714 -164.278 
130.497 -172.239 146.829 -160.82 166.452 -164.295 150.12 -175.713 
110.452 -174.703 130.231 -172.274 132.66 -192.053 112.881 -194.482 
103.483 -193.474 94.957 -175.462 101.665 -156.697 110.191 -174.71 
-39.171 -135.76 -19.321 -137.517 -6.529 -152.796 -26.378 -151.039 
-59.001 -132.169 -70.393 -115.819 -50.777 -119.324 -39.385 -135.675 
-98.536 -119.059 -86.248 -103.371 -70.56 -115.66 -82.847 -131.347 
-104.465 -111.763 -97.738 -93.004 -79.717 -84.497 -86.444 -103.255 
