-37.048 333.948 -19.788 343.91 -24.948 324.662 -42.207 314.7 
151.779 350.306 168.967 360.391 188.251 355.369 171.064 345.284 
314.178 238.638 333.495 233.744 343.694 216.624 324.377 221.518 
349.74 44.715 360.169 27.733 355.536 8.352 345.107 25.333 
221.684 -127.548 239.154 -117.96 233.58 -137.093 216.11 -146.68 
8.162 -158.722 25.462 -148.83 44.689 -154.067 27.389 -163.96 
-147.28 -19.67 -128.052 -24.902 -118.155 -42.198 -137.384 -36.966 
-158.759 188.488 -148.915 171.163 -154.206 151.95 -164.05 169.276 
-42.367 314.59 -61.625 319.714 -56.502 338.971 -37.244 333.847 
151.571 350.331 141.478 367.512 158.659 377.607 168.753 360.425 
333.4 233.96 314.045 238.701 318.785 258.057 338.141 253.316 
360.195 27.961 349.782 44.952 366.774 55.364 377.186 38.373 
252.966 -142.505 233.817 -136.986 239.336 -117.838 258.484 -123.356 
37.673 -181.214 27.6 -164.02 44.794 -153.947 54.867 -171.141 
-123.102 -61.488 -142.374 -56.418 -137.305 -37.147 -118.033 -42.217 
-171.59 141.872 -181.42 159.206 -164.086 169.036 -154.256 151.702 
-172.798 202.75 -152.87 202.818 -138.731 188.776 -158.659 188.708 
-19.432 363.961 -5.468 349.744 -5.647 329.818 -19.61 344.034 
202.491 369.406 202.545 349.478 188.494 335.349 188.439 355.277 
343.814 216.437 363.742 216.403 349.628 202.336 329.699 202.37 
335.52 8.864 355.435 8.157 369.017 -6.425 349.102 -5.718 
201.319 -133.256 215.915 -146.823 216.644 -166.738 202.047 -153.171 
7.952 -138.695 7.971 -158.622 -6.106 -172.727 -6.126 -152.8 
-153.201 -5.409 -133.273 -5.396 -147.355 -19.496 -167.283 -19.509 
-154.618 119.189 -174.362 121.892 -171.659 141.636 -151.915 138.933 
-174.36 121.658 -175.26 101.75 -195.168 102.65 -194.268 122.558 
-64.696 291.532 -77.256 307.002 -61.787 319.563 -49.226 304.093 
-77.42 306.872 -93.034 294.489 -105.416 310.103 -89.803 322.485 
136.543 348.22 117.184 352.944 121.907 372.303 141.267 367.579 
120.644 392.196 121.688 372.296 101.787 371.252 100.743 391.153 
301.396 248.203 291.382 265.431 308.61 275.446 318.624 258.217 
321.716 290.521 308.493 275.614 293.584 288.835 306.807 303.743 
366.842 55.58 347.399 59.954 351.773 79.395 371.216 75.022 
391.314 94.995 391.137 75.067 371.211 75.244 371.387 95.171 
258.693 -123.179 246.286 -107.584 261.881 -95.178 274.287 -110.772 
302.577 -112.892 287.398 -125.804 274.486 -110.626 289.665 -97.715 
74.741 -174.332 55.063 -171.195 58.199 -151.516 77.878 -154.652 
94.852 -175.167 94.043 -195.078 74.133 -194.269 74.942 -174.358 
-111.25 -77.768 -122.965 -61.647 -106.845 -49.932 -95.13 -66.052 
-97.819 -92.798 -112.648 -106.109 -125.96 -91.28 -111.13 -77.968 
-164.365 29.898 -151.537 14.649 -153.248 -5.205 -166.077 10.044 
-164.442 30.113 -175.906 46.414 -172.485 66.046 -161.022 49.745 
-194.835 83.476 -175.073 86.041 -172.508 66.279 -192.27 63.714 
-175.124 86.273 -193.615 93.699 -175.289 101.524 -156.797 94.097 
-135.873 235.748 -137.567 215.892 -152.805 203.051 -151.11 222.906 
-135.733 235.942 -132.225 255.559 -115.874 266.95 -119.382 247.334 
-131.769 279.07 -119.869 295.055 -103.884 283.156 -115.783 267.171 
-85.161 276.057 -103.721 283.314 -111.713 301.569 -93.153 294.312 
10.06 362.551 29.905 360.736 14.589 347.987 -5.256 349.802 
30.107 360.823 46.407 372.286 66.039 368.866 49.739 357.403 
64.231 388.712 84.055 390.744 86.086 370.92 66.263 368.888 
94.3 352.711 86.315 370.968 93.578 389.526 101.564 371.268 
202.746 349.4 222.582 347.496 235.263 332.123 215.426 334.028 
246.994 315.767 235.449 332.01 255.098 328.687 266.643 312.444 
266.834 312.327 279.709 327.539 294.919 314.665 282.045 299.454 
275.324 280.612 282.217 299.309 300.311 307.656 293.418 288.959 
349.688 202.129 362.397 186.781 360.531 166.941 347.822 182.29 
368.839 130.844 357.292 147.085 360.611 166.735 372.158 150.493 
368.86 130.615 388.624 133.163 391.172 113.399 371.408 110.851 
371.41 95.384 353.02 103.061 371.452 110.636 389.842 102.959 
349.031 -5.918 347.51 -25.787 332.384 -38.761 333.906 -18.892 
312.248 -69.856 315.856 -50.258 332.265 -38.951 328.657 -58.549 
299.659 -85.599 312.131 -70.059 327.672 -82.531 315.2 -98.072 
308.869 -103.359 289.809 -97.544 280.443 -79.955 299.503 -85.769 
181.98 -151.33 201.819 -153.204 186.466 -165.908 166.626 -164.034 
130.475 -172.108 146.798 -160.675 166.423 -164.133 150.101 -175.565 
110.521 -174.867 130.258 -172.115 133.01 -191.852 113.273 -194.604 
103.045 -193.445 95.06 -175.187 102.324 -156.631 110.309 -174.889 
-38.979 -135.7 -19.127 -137.434 -6.317 -152.698 -26.168 -150.964 
-58.783 -132.081 -70.209 -115.756 -50.586 -119.219 -39.158 -135.545 
-98.395 -119.092 -86.146 -103.374 -70.427 -115.624 -82.676 -131.342 
-104.325 -111.707 -97.62 -92.941 -79.61 -84.412 -86.314 -103.179 
