-37.257 333.866 -20.009 343.847 -25.147 324.593 -42.395 314.612 
151.612 350.694 168.872 360.655 188.119 355.494 170.859 345.533 
314.343 238.833 333.616 233.769 343.665 216.56 324.391 221.623 
350.591 44.832 360.463 27.521 355.202 8.3 345.33 25.612 
221.392 -127.952 238.641 -117.972 233.501 -137.225 216.252 -147.205 
7.994 -158.79 25.251 -148.825 44.5 -153.981 27.243 -163.946 
-147.368 -19.835 -128.132 -25.039 -118.21 -42.321 -137.446 -37.116 
-159.006 188.467 -149.039 171.211 -154.194 151.962 -164.16 169.217 
-42.559 314.479 -61.821 319.588 -56.712 338.849 -37.45 333.739 
151.428 350.748 141.422 367.981 158.654 377.987 168.661 360.754 
333.469 233.953 314.209 239.071 319.326 258.331 338.586 253.213 
360.568 27.701 350.521 44.91 367.73 54.958 377.777 37.749 
252.96 -142.197 233.696 -137.096 238.797 -117.832 258.061 -122.933 
37.471 -181.256 27.465 -164.022 44.698 -154.016 54.704 -171.25 
-123.12 -61.638 -142.398 -56.591 -137.352 -37.314 -118.073 -42.36 
-171.424 141.766 -181.423 159.003 -164.186 169.003 -154.186 151.765 
-173.009 202.723 -153.081 202.761 -138.963 188.697 -158.891 188.659 
-19.862 363.847 -5.732 349.796 -5.675 329.869 -19.805 343.92 
202.398 369.586 202.451 349.658 188.399 335.529 188.346 355.457 
343.733 216.319 363.661 216.311 349.565 202.226 329.636 202.234 
335.2 7.994 355.128 8.112 369.301 -5.896 349.374 -6.013 
201.968 -133.197 216.042 -147.305 216.019 -167.233 201.944 -153.125 
7.75 -138.809 7.768 -158.736 -6.311 -172.839 -6.328 -152.912 
-153.336 -5.563 -133.408 -5.532 -147.477 -19.645 -167.405 -19.676 
-154.992 118.717 -174.666 121.885 -171.498 141.559 -151.824 138.391 
-174.664 121.652 -175.666 101.75 -195.569 102.752 -194.566 122.655 
-66.49 291.631 -78.172 307.775 -62.029 319.458 -50.346 303.314 
-78.333 307.627 -93.146 294.297 -106.476 309.11 -91.663 322.439 
138.029 348.301 118.355 351.472 121.526 371.145 141.2 367.974 
122.253 391.106 121.319 371.2 101.412 372.134 102.347 392.04 
303.012 246.921 291.412 263.125 307.615 274.725 319.214 258.521 
322.184 288.313 307.462 274.884 294.032 289.605 308.754 303.034 
367.769 55.176 348.091 58.325 351.24 78.001 370.918 74.853 
391.877 93.942 390.848 74.041 370.948 75.069 371.976 94.97 
258.265 -122.812 246.573 -106.675 262.711 -94.983 274.402 -111.121 
302.714 -112.418 287.912 -125.76 274.57 -110.958 289.372 -97.617 
74.613 -174.45 54.941 -171.273 58.117 -151.6 77.79 -154.777 
94.747 -175.492 93.745 -195.394 73.843 -194.393 74.845 -174.491 
-111.333 -77.975 -122.996 -61.817 -106.839 -50.154 -95.175 -66.312 
-97.838 -92.925 -112.627 -106.282 -125.984 -91.494 -111.196 -78.137 
-164.451 29.787 -151.644 14.52 -153.384 -5.332 -166.191 9.936 
-164.539 30.023 -175.951 46.36 -172.468 65.981 -161.056 49.644 
-194.69 83.596 -174.91 86.02 -172.486 66.241 -192.265 63.816 
-174.946 86.276 -193.704 93.002 -175.685 101.511 -156.926 94.785 
-135.991 235.627 -137.74 215.776 -153.013 202.976 -151.264 222.827 
-135.862 235.801 -132.369 255.42 -116.026 266.823 -119.519 247.205 
-131.614 279.264 -119.349 294.971 -103.642 282.707 -115.907 267.0 
-84.75 276.169 -103.519 282.865 -112.056 300.872 -93.287 294.176 
9.736 362.702 29.589 360.965 14.324 348.156 -5.529 349.892 
29.809 361.004 46.14 372.422 65.763 368.947 49.431 357.529 
63.609 388.802 83.397 391.159 85.754 371.371 65.966 369.014 
94.463 353.34 85.968 371.366 92.708 390.12 101.203 372.093 
202.638 349.53 222.489 347.78 235.288 332.506 215.437 334.256 
246.921 316.083 235.49 332.407 255.115 328.947 266.547 312.624 
266.738 312.485 279.014 328.183 294.711 315.909 282.436 300.21 
275.81 281.326 282.616 300.055 300.672 308.486 293.866 289.757 
349.68 201.995 362.484 186.725 360.74 166.874 347.936 182.144 
368.679 130.658 357.275 147.0 360.767 166.62 372.171 150.277 
368.747 130.424 388.527 132.845 390.947 113.065 371.167 110.644 
371.952 95.183 353.174 101.855 371.169 110.415 389.947 103.744 
349.27 -6.204 347.527 -26.055 332.257 -38.859 334.0 -19.008 
312.339 -70.099 315.823 -50.479 332.159 -39.068 328.676 -58.689 
299.882 -85.95 312.193 -70.28 327.863 -82.591 315.552 -98.261 
308.345 -104.126 289.557 -97.483 280.97 -79.501 299.757 -86.144 
181.896 -151.479 201.746 -153.228 186.473 -166.028 166.622 -164.278 
130.44 -172.221 146.786 -160.822 166.404 -164.32 150.058 -175.719 
110.447 -174.745 130.225 -172.304 132.666 -192.082 112.888 -194.523 
103.462 -193.488 94.976 -175.457 101.725 -156.708 110.211 -174.738 
-39.156 -135.758 -19.305 -137.516 -6.513 -152.794 -26.362 -151.037 
-58.979 -132.203 -70.385 -115.863 -50.766 -119.351 -39.359 -135.691 
-98.497 -119.137 -86.225 -103.438 -70.525 -115.71 -82.796 -131.41 
-104.413 -111.845 -97.701 -93.081 -79.687 -84.56 -86.399 -103.324 
