-37.276 333.865 -20.011 343.816 -25.183 324.571 -42.449 314.62 
151.628 350.841 168.906 360.772 188.144 355.577 170.867 345.646 
314.37 239.033 333.609 233.837 343.538 216.559 324.299 221.755 
350.352 44.833 360.383 27.613 355.3 8.345 345.269 25.564 
221.538 -127.913 238.844 -118.033 233.593 -137.256 216.287 -147.136 
8.109 -158.772 25.372 -148.817 44.618 -153.985 27.354 -163.94 
-147.342 -19.849 -128.102 -25.037 -118.167 -42.311 -137.407 -37.122 
-158.992 188.373 -149.02 171.121 -154.168 151.869 -164.14 169.121 
-42.613 314.515 -61.873 319.629 -56.759 338.888 -37.499 333.774 
151.536 350.772 141.444 367.954 158.625 378.048 168.719 360.865 
333.504 234.03 314.258 239.2 319.428 258.446 338.674 253.276 
360.425 27.852 350.488 45.125 367.761 55.062 377.698 37.788 
253.069 -142.266 233.797 -137.196 238.867 -117.924 258.139 -122.994 
37.568 -181.262 27.561 -164.029 44.794 -154.022 54.801 -171.255 
-123.08 -61.64 -142.354 -56.575 -137.289 -37.302 -118.016 -42.367 
-171.439 141.654 -181.442 158.889 -164.207 168.892 -154.204 151.657 
-173.033 202.661 -153.105 202.699 -138.987 188.636 -158.915 188.597 
-19.925 363.853 -5.748 349.85 -5.624 329.923 -19.802 343.927 
202.424 369.561 202.405 349.633 188.302 335.555 188.321 355.483 
343.654 216.378 363.582 216.46 349.55 202.311 329.621 202.228 
335.257 8.038 355.185 8.132 369.343 -5.892 349.415 -5.986 
201.992 -133.133 216.097 -147.211 216.116 -167.139 202.011 -153.061 
7.821 -138.791 7.895 -158.718 -6.144 -172.861 -6.218 -152.934 
-153.304 -5.579 -133.376 -5.534 -147.436 -19.656 -167.364 -19.701 
-154.999 118.569 -174.671 121.752 -171.489 141.424 -151.817 138.241 
-174.701 121.524 -175.669 101.619 -195.574 102.588 -194.606 122.492 
-66.492 291.635 -78.182 307.773 -62.046 319.464 -50.354 303.327 
-78.381 307.654 -93.253 294.39 -106.517 309.262 -91.645 322.525 
138.307 348.298 118.596 351.235 121.533 370.944 141.244 368.007 
122.663 390.821 121.335 370.938 101.451 372.265 102.779 392.149 
303.233 246.82 291.427 262.874 307.481 274.68 319.286 258.626 
322.207 288.129 307.341 274.859 294.07 289.723 308.936 302.994 
367.834 55.284 348.12 58.202 351.039 77.914 370.752 74.996 
391.867 93.889 390.642 73.998 370.752 75.224 371.978 95.114 
258.311 -122.853 246.55 -106.766 262.638 -95.005 274.398 -111.093 
302.711 -112.483 287.871 -125.783 274.571 -110.943 289.411 -97.644 
74.698 -174.419 55.023 -171.26 58.182 -151.584 77.857 -154.743 
94.818 -175.462 93.809 -195.363 73.908 -194.355 74.916 -174.453 
-111.313 -77.978 -122.98 -61.822 -106.825 -50.155 -95.157 -66.31 
-97.802 -92.918 -112.591 -106.274 -125.948 -91.485 -111.159 -78.129 
-164.438 29.744 -151.622 14.485 -153.349 -5.368 -166.166 9.891 
-164.519 29.958 -175.948 46.282 -172.488 65.907 -161.058 49.583 
-194.711 83.472 -174.935 85.923 -172.485 66.146 -192.261 63.696 
-174.958 86.16 -193.715 92.887 -175.696 101.395 -156.937 94.668 
-135.964 235.537 -137.732 215.688 -153.019 202.904 -151.249 222.753 
-135.86 235.728 -132.352 255.345 -116.0 266.735 -119.509 247.119 
-131.686 279.111 -119.508 294.885 -103.734 282.707 -115.912 266.933 
-84.783 276.206 -103.569 282.857 -112.149 300.843 -93.363 294.192 
9.775 362.688 29.623 360.905 14.328 348.131 -5.52 349.914 
29.852 360.976 46.201 372.369 65.818 368.864 49.469 357.471 
63.331 388.639 83.073 391.353 85.788 371.611 66.046 368.897 
94.385 353.578 86.003 371.657 92.861 390.368 101.242 372.288 
202.601 349.567 222.451 347.798 235.235 332.512 215.386 334.281 
246.811 316.028 235.408 332.371 255.027 328.879 266.43 312.535 
266.628 312.428 278.804 328.204 294.579 316.028 282.403 300.253 
275.9 281.329 282.583 300.102 300.582 308.651 293.9 289.878 
349.6 202.095 362.386 186.81 360.619 166.961 347.833 182.246 
368.751 130.815 357.289 147.116 360.711 166.748 372.173 150.446 
368.754 130.576 388.523 133.089 391.035 113.32 371.267 110.808 
372.01 95.34 353.27 102.117 371.313 110.576 390.053 103.8 
349.328 -6.206 347.577 -26.056 332.302 -38.854 334.053 -19.004 
312.369 -70.091 315.833 -50.467 332.159 -39.04 328.695 -58.664 
299.853 -85.897 312.253 -70.299 327.852 -82.7 315.451 -98.298 
308.384 -104.001 289.557 -97.468 280.865 -79.536 299.691 -86.069 
181.975 -151.445 201.827 -153.168 186.572 -165.988 166.719 -164.265 
130.528 -172.186 146.877 -160.791 166.494 -164.294 150.145 -175.689 
110.539 -174.75 130.311 -172.269 132.792 -192.042 113.02 -194.523 
103.501 -193.49 95.054 -175.441 101.843 -156.706 110.29 -174.755 
-39.057 -135.793 -19.206 -137.542 -6.407 -152.815 -26.257 -151.066 
-58.871 -132.221 -70.295 -115.893 -50.672 -119.36 -39.248 -135.689 
-98.424 -119.194 -86.162 -103.486 -70.454 -115.749 -82.716 -131.457 
-104.363 -111.858 -97.648 -93.096 -79.632 -84.578 -86.348 -103.34 
