-37.275 333.861 -20.018 343.828 -25.173 324.579 -42.429 314.612 
151.677 350.795 168.97 360.699 188.201 355.475 170.908 345.571 
314.418 239.102 333.651 233.886 343.562 216.597 324.329 221.814 
350.525 44.782 360.436 27.494 355.219 8.261 345.308 25.549 
221.395 -127.975 238.68 -118.056 233.471 -137.291 216.187 -147.209 
8.025 -158.759 25.284 -148.798 44.532 -153.958 27.273 -163.92 
-147.399 -19.774 -128.155 -24.948 -118.207 -42.214 -137.451 -37.04 
-159.04 188.263 -149.131 170.974 -154.349 151.742 -164.258 169.03 
-42.618 314.516 -61.882 319.616 -56.783 338.88 -37.518 333.78 
151.566 350.698 141.52 367.907 158.729 377.955 168.776 360.745 
333.588 234.066 314.309 239.109 319.352 258.389 338.632 253.345 
360.53 27.723 350.467 44.924 367.668 54.986 377.73 37.785 
252.949 -142.224 233.677 -137.155 238.746 -117.882 258.018 -122.952 
37.49 -181.226 27.48 -163.995 44.712 -153.985 54.721 -171.217 
-123.142 -61.576 -142.409 -56.483 -137.316 -37.218 -118.05 -42.311 
-171.477 141.573 -181.562 158.761 -164.374 168.845 -154.29 151.657 
-173.084 202.516 -153.156 202.559 -139.035 188.498 -158.963 188.455 
-19.829 363.883 -5.713 349.818 -5.676 329.891 -19.792 343.956 
202.457 369.492 202.491 349.564 188.425 335.449 188.391 355.377 
343.632 216.408 363.56 216.436 349.49 202.325 329.561 202.297 
335.238 8.002 355.166 8.031 369.278 -6.039 349.35 -6.069 
201.86 -133.224 215.965 -147.301 215.985 -167.229 201.88 -153.152 
7.779 -138.768 7.812 -158.695 -6.255 -172.809 -6.288 -152.882 
-153.33 -5.475 -133.402 -5.44 -147.468 -19.556 -167.396 -19.591 
-154.985 118.529 -174.662 121.678 -171.513 141.356 -151.836 138.207 
-174.667 121.479 -175.667 101.576 -195.57 102.576 -194.57 122.479 
-66.532 291.622 -78.215 307.765 -62.073 319.449 -50.389 303.306 
-78.429 307.649 -93.207 294.28 -106.576 309.057 -91.798 322.426 
138.146 348.258 118.473 351.433 121.648 371.106 141.321 367.93 
122.45 391.039 121.446 371.136 101.543 372.141 102.548 392.043 
303.088 246.867 291.422 263.024 307.578 274.689 319.243 258.533 
322.221 288.175 307.437 274.815 294.075 289.598 308.86 302.959 
367.697 55.244 348.02 58.402 351.178 78.077 370.855 74.919 
391.828 94.052 390.81 74.15 370.909 75.168 371.927 95.07 
258.221 -122.819 246.553 -106.664 262.707 -94.996 274.375 -111.15 
302.678 -112.437 287.883 -125.787 274.533 -110.991 289.328 -97.643 
74.606 -174.418 54.932 -171.25 58.1 -151.576 77.774 -154.743 
94.71 -175.461 93.709 -195.363 73.807 -194.363 74.808 -174.461 
-111.372 -77.921 -123.044 -61.769 -106.893 -50.097 -95.221 -66.248 
-97.852 -92.845 -112.631 -106.212 -125.999 -91.433 -111.22 -78.066 
-164.5 29.847 -151.695 14.578 -153.438 -5.274 -166.243 9.995 
-164.504 30.054 -175.918 46.389 -172.437 66.011 -161.024 49.675 
-194.702 83.547 -174.922 85.97 -172.499 66.191 -192.279 63.767 
-174.914 86.157 -193.676 92.869 -175.663 101.391 -156.9 94.678 
-136.097 235.432 -137.824 215.579 -153.084 202.763 -151.356 222.616 
-135.973 235.64 -132.499 255.263 -116.167 266.682 -119.642 247.06 
-131.746 279.172 -119.478 294.876 -103.774 282.608 -116.042 266.904 
-84.826 276.075 -103.592 282.78 -112.12 300.791 -93.354 294.086 
9.802 362.677 29.653 360.926 14.378 348.128 -5.473 349.879 
29.877 361.01 46.222 372.409 65.84 368.911 49.496 357.512 
63.657 388.721 83.437 391.143 85.859 371.363 66.079 368.941 
94.604 353.369 86.093 371.388 92.816 390.148 101.327 372.129 
202.721 349.487 222.571 347.731 235.366 332.454 215.515 334.209 
246.963 315.969 235.565 332.316 255.183 328.817 266.581 312.47 
266.777 312.368 279.054 328.065 294.75 315.788 282.472 300.091 
275.922 281.204 282.63 299.968 300.641 308.494 293.933 289.73 
349.593 202.131 362.404 186.868 360.671 167.016 347.859 182.28 
368.64 130.823 357.223 147.156 360.7 166.779 372.117 150.445 
368.716 130.59 388.495 133.021 390.925 113.242 371.146 110.811 
371.896 95.324 353.13 102.029 371.14 110.557 389.907 103.852 
349.224 -6.258 347.476 -26.108 332.203 -38.908 333.951 -19.058 
312.291 -70.146 315.779 -50.526 332.119 -39.12 328.63 -58.74 
299.866 -86.018 312.133 -70.315 327.837 -82.582 315.569 -98.286 
308.253 -104.226 289.495 -97.5 280.988 -79.48 299.746 -86.206 
181.818 -151.497 201.667 -153.253 186.391 -166.048 166.54 -164.292 
130.346 -172.218 146.694 -160.821 166.312 -164.322 149.964 -175.719 
110.357 -174.72 130.135 -172.29 132.565 -192.069 112.786 -194.499 
103.427 -193.46 94.913 -175.442 101.633 -156.683 110.147 -174.7 
-39.139 -135.746 -19.287 -137.488 -6.483 -152.757 -26.334 -151.015 
-58.971 -132.158 -70.375 -115.817 -50.756 -119.307 -39.351 -135.648 
-98.515 -119.082 -86.239 -103.385 -70.542 -115.661 -82.817 -131.358 
-104.437 -111.778 -97.723 -93.015 -79.709 -84.495 -86.422 -103.258 
