-37.334 333.939 -20.061 343.878 -25.247 324.637 -42.52 314.698 
151.664 350.613 168.903 360.61 188.162 355.49 170.923 345.493 
314.464 239.002 333.697 233.787 343.61 216.499 324.377 221.714 
350.461 44.777 360.428 27.52 355.273 8.271 345.306 25.527 
221.432 -127.878 238.678 -117.894 233.543 -137.149 216.296 -147.133 
7.979 -158.806 25.243 -148.853 44.489 -154.022 27.224 -163.976 
-147.36 -19.798 -128.113 -24.96 -118.153 -42.22 -137.401 -37.058 
-159.042 188.377 -149.059 171.131 -154.195 151.876 -164.178 169.122 
-42.603 314.59 -61.874 319.664 -56.801 338.934 -37.53 333.861 
151.434 350.654 141.437 367.892 158.674 377.891 168.672 360.653 
333.622 234.002 314.346 239.056 319.399 258.332 338.676 253.279 
360.463 27.737 350.457 44.97 367.69 54.976 377.697 37.743 
253.032 -142.168 233.769 -137.061 238.876 -117.799 258.139 -122.906 
37.471 -181.241 27.452 -164.015 44.679 -153.997 54.697 -171.223 
-123.181 -61.617 -142.443 -56.508 -137.335 -37.247 -118.073 -42.356 
-171.461 141.643 -181.453 158.885 -164.212 168.877 -154.22 151.635 
-173.054 202.659 -153.126 202.69 -139.012 188.622 -158.94 188.59 
-19.922 363.928 -5.811 349.859 -5.78 329.932 -19.892 344.001 
202.439 369.495 202.471 349.567 188.404 335.454 188.372 355.382 
343.742 216.314 363.67 216.344 349.6 202.232 329.671 202.202 
335.263 8.036 355.191 8.074 369.309 -5.99 349.381 -6.028 
201.981 -133.176 216.095 -147.244 216.128 -167.172 202.014 -153.104 
7.739 -138.788 7.764 -158.715 -6.31 -172.823 -6.335 -152.896 
-153.325 -5.559 -133.397 -5.527 -147.465 -19.641 -167.393 -19.673 
-155.007 118.577 -174.683 121.731 -171.53 141.408 -151.853 138.254 
-174.684 121.501 -175.687 101.598 -195.59 102.601 -194.587 122.504 
-66.509 291.683 -78.177 307.837 -62.025 319.506 -50.355 303.353 
-78.352 307.714 -93.137 294.353 -106.498 309.139 -91.713 322.498 
138.048 348.288 118.373 351.459 121.544 371.132 141.218 367.961 
122.321 391.043 121.311 371.141 101.408 372.151 102.418 392.053 
303.093 246.812 291.414 262.959 307.56 274.638 319.238 258.491 
322.24 288.177 307.452 274.821 294.094 289.608 308.883 302.964 
367.727 55.19 348.053 58.369 351.233 78.041 370.906 74.862 
391.809 93.993 390.811 74.09 370.909 75.088 371.907 94.991 
258.324 -122.749 246.652 -106.596 262.805 -94.925 274.476 -111.077 
302.818 -112.383 288.036 -125.747 274.671 -110.966 289.453 -97.602 
74.598 -174.452 54.925 -171.285 58.091 -151.611 77.765 -154.777 
94.735 -175.443 93.734 -195.345 73.832 -194.345 74.833 -174.443 
-111.385 -77.915 -123.051 -61.759 -106.895 -50.093 -95.229 -66.249 
-97.926 -92.859 -112.708 -106.223 -126.072 -91.441 -111.29 -78.077 
-164.452 29.751 -151.633 14.493 -153.358 -5.36 -166.176 9.897 
-164.524 29.963 -175.945 46.294 -172.472 65.917 -161.052 49.586 
-194.702 83.49 -174.923 85.923 -172.489 66.145 -192.268 63.711 
-174.952 86.147 -193.716 92.854 -175.706 101.38 -156.94 94.672 
-136.023 235.555 -137.771 215.704 -153.045 202.905 -151.295 222.756 
-135.898 235.758 -132.409 255.378 -116.068 266.785 -119.558 247.166 
-131.646 279.264 -119.376 294.967 -103.673 282.698 -115.942 266.995 
-84.761 276.161 -103.522 282.881 -112.036 300.898 -93.275 294.178 
9.67 362.702 29.522 360.96 14.252 348.155 -5.599 349.898 
29.725 361.039 46.064 372.448 65.684 368.962 49.346 357.553 
63.487 388.75 83.266 391.178 85.694 371.399 65.915 368.971 
94.453 353.412 85.935 371.427 92.65 390.189 101.169 372.174 
202.695 349.483 222.546 347.744 235.354 332.476 215.502 334.216 
246.958 316.004 235.545 332.34 255.166 328.86 266.579 312.524 
266.773 312.407 279.037 328.114 294.743 315.851 282.479 300.144 
275.912 281.231 282.635 299.989 300.653 308.501 293.93 289.742 
349.648 202.009 362.448 186.735 360.699 166.885 347.899 182.159 
368.69 130.71 357.286 147.053 360.779 166.672 372.182 150.33 
368.713 130.477 388.493 132.9 390.916 113.12 371.136 110.697 
371.91 95.226 353.151 101.952 371.171 110.46 389.93 103.734 
349.316 -6.228 347.573 -26.079 332.303 -38.883 334.046 -19.032 
312.357 -70.089 315.841 -50.469 332.178 -39.058 328.694 -58.679 
299.989 -85.992 312.256 -70.288 327.96 -82.555 315.693 -98.259 
308.343 -104.148 289.581 -97.433 281.063 -79.418 299.824 -86.133 
181.932 -151.408 201.783 -153.146 186.518 -165.955 166.665 -164.217 
130.475 -172.228 146.811 -160.814 166.432 -164.295 150.096 -175.709 
110.447 -174.675 130.226 -172.248 132.653 -192.027 112.874 -194.454 
103.49 -193.48 94.97 -175.466 101.683 -156.703 110.204 -174.718 
-39.199 -135.786 -19.349 -137.543 -6.556 -152.822 -26.406 -151.065 
-59.006 -132.135 -70.393 -115.782 -50.778 -119.293 -39.391 -135.648 
-98.587 -119.087 -86.306 -103.395 -70.613 -115.677 -82.894 -131.369 
-104.484 -111.733 -97.76 -92.974 -79.741 -84.463 -86.465 -103.223 
