-37.221 333.9 -19.997 343.923 -25.089 324.657 -42.312 314.634 
151.738 350.609 168.999 360.568 188.246 355.406 170.986 345.446 
314.474 238.876 333.721 233.713 343.679 216.451 324.432 221.615 
350.231 44.662 360.32 27.477 355.302 8.191 345.213 25.376 
221.3 -128.037 238.489 -117.954 233.464 -137.238 216.275 -147.321 
8.1 -158.779 25.396 -148.88 44.625 -154.111 27.329 -164.01 
-147.433 -19.789 -128.203 -25.016 -118.302 -42.309 -137.532 -37.082 
-158.98 188.473 -149.061 171.19 -154.268 151.955 -164.187 169.238 
-42.443 314.463 -61.724 319.501 -56.686 338.781 -37.405 333.743 
151.52 350.619 141.54 367.866 158.787 377.848 168.768 360.6 
333.659 233.942 314.358 238.904 319.32 258.204 338.62 253.243 
360.386 27.718 350.348 44.933 367.563 54.971 377.601 37.756 
252.933 -142.14 233.649 -137.114 238.675 -117.83 257.959 -122.856 
37.544 -181.299 27.514 -164.079 44.734 -154.049 54.764 -171.269 
-123.147 -61.59 -142.426 -56.55 -137.386 -37.271 -118.106 -42.311 
-171.419 141.798 -181.46 159.011 -164.247 169.052 -154.206 151.839 
-172.995 202.737 -153.067 202.753 -138.965 188.673 -158.893 188.657 
-19.64 363.945 -5.638 349.767 -5.761 329.84 -19.764 344.018 
202.474 369.473 202.575 349.546 188.557 335.383 188.456 355.311 
343.781 216.248 363.709 216.245 349.616 202.156 329.687 202.159 
335.321 8.125 355.248 7.959 369.221 -6.249 349.294 -6.083 
202.141 -133.158 216.067 -147.412 215.835 -167.339 201.909 -153.085 
7.828 -138.788 7.911 -158.715 -6.121 -172.865 -6.204 -152.938 
-153.345 -5.484 -133.417 -5.456 -147.489 -19.567 -167.417 -19.594 
-154.959 118.728 -174.628 121.932 -171.424 141.601 -151.755 138.397 
-174.677 121.719 -175.588 101.812 -195.495 102.723 -194.584 122.63 
-66.552 291.58 -78.135 307.795 -61.922 319.379 -50.337 303.165 
-78.296 307.635 -93.034 294.223 -106.446 308.962 -91.707 322.373 
137.735 348.326 118.132 351.909 121.715 371.511 141.318 367.928 
122.04 391.415 121.482 371.495 101.562 372.053 102.12 391.973 
302.877 246.895 291.402 263.187 307.694 274.662 319.168 258.37 
322.268 288.307 307.587 274.832 294.112 289.511 308.792 302.986 
367.59 55.217 347.985 58.798 351.566 78.4 371.17 74.82 
391.734 94.341 391.108 74.423 371.191 75.049 371.817 94.967 
258.151 -122.748 246.678 -106.455 262.971 -94.981 274.445 -111.275 
302.751 -112.212 288.119 -125.74 274.59 -111.108 289.223 -97.581 
74.641 -174.415 54.961 -171.289 58.087 -151.608 77.767 -154.734 
94.729 -175.462 93.733 -195.364 73.831 -194.369 74.827 -174.467 
-111.384 -77.964 -123.051 -61.809 -106.897 -50.141 -95.229 -66.296 
-97.846 -92.893 -112.633 -106.252 -125.992 -91.466 -111.206 -78.107 
-164.487 29.856 -151.69 14.58 -153.443 -5.271 -166.24 10.005 
-164.527 30.103 -175.945 46.436 -172.47 66.058 -161.052 49.726 
-194.734 83.639 -174.956 86.083 -172.513 66.306 -192.29 63.862 
-174.949 86.331 -193.656 93.198 -175.573 101.57 -156.865 94.703 
-136.001 235.624 -137.73 215.771 -152.991 202.956 -151.261 222.809 
-135.868 235.797 -132.433 255.426 -116.123 266.878 -119.559 247.249 
-131.658 279.371 -119.333 295.03 -103.673 282.705 -115.999 267.046 
-84.83 276.003 -103.539 282.865 -111.915 300.947 -93.206 294.084 
9.825 362.729 29.68 361.025 14.436 348.19 -5.419 349.893 
29.905 361.097 46.255 372.488 65.872 368.98 49.521 357.59 
64.057 388.855 83.883 390.871 85.899 371.046 66.074 369.029 
94.896 353.215 86.109 371.101 92.544 389.961 101.33 372.075 
202.79 349.472 222.645 347.761 235.474 332.513 215.619 334.223 
247.067 316.03 235.659 332.37 255.279 328.882 266.687 312.542 
266.903 312.442 279.367 327.992 294.915 315.529 282.451 299.979 
275.981 280.995 282.583 299.797 300.545 308.424 293.944 289.623 
349.712 201.959 362.562 186.727 360.878 166.872 348.028 182.103 
368.662 130.657 357.332 147.051 360.911 166.654 372.242 150.261 
368.718 130.44 388.512 132.738 390.811 112.944 371.016 110.645 
371.8 95.189 353.022 101.861 371.018 110.421 389.796 103.748 
349.173 -6.282 347.473 -26.136 332.231 -38.974 333.931 -19.119 
312.257 -70.168 315.787 -50.556 332.15 -39.184 328.621 -58.796 
299.898 -86.078 312.107 -70.329 327.856 -82.538 315.647 -98.287 
308.081 -104.391 289.401 -97.447 281.105 -79.329 299.783 -86.273 
181.855 -151.452 201.706 -153.186 186.443 -165.997 166.591 -164.263 
130.398 -172.198 146.751 -160.81 166.367 -164.321 150.014 -175.709 
110.407 -174.77 130.177 -172.271 132.677 -192.041 112.906 -194.54 
103.383 -193.491 94.94 -175.44 101.733 -156.707 110.177 -174.757 
-39.066 -135.82 -19.214 -137.559 -6.408 -152.827 -26.259 -151.087 
-58.901 -132.227 -70.313 -115.891 -50.692 -119.372 -39.28 -135.709 
-98.462 -119.169 -86.196 -103.465 -70.491 -115.732 -82.757 -131.436 
-104.424 -111.845 -97.703 -93.084 -79.686 -84.571 -86.406 -103.332 
