57.65 157.442 62.896 176.667 72.781 159.363 67.535 140.138 
105.068 149.459 110.112 168.738 127.311 178.803 122.267 159.524 
138.424 130.265 155.395 140.71 174.781 136.095 157.81 125.65 
149.424 93.421 168.878 89.099 179.578 72.288 160.124 76.609 
127.258 38.649 131.028 58.217 142.199 41.715 138.429 22.147 
72.423 14.855 75.214 34.587 91.14 46.565 88.349 26.834 
19.568 60.149 35.785 71.731 55.44 68.454 39.224 56.872 
17.498 129.013 36.783 123.996 46.873 106.812 27.588 111.828 
39.685 148.818 31.065 166.785 49.031 175.404 57.651 157.437 
91.278 175.263 97.806 194.091 116.634 187.564 110.107 168.736 
155.396 140.715 146.675 158.634 164.594 167.355 173.315 149.436 
168.877 89.101 175.299 107.966 194.164 101.544 187.742 82.679 
151.314 23.994 142.201 41.716 159.923 50.83 169.036 33.108 
82.531 7.775 88.351 26.834 107.41 21.014 101.59 1.956 
30.395 30.107 21.429 47.904 39.224 56.87 48.191 39.073 
2.089 99.822 8.838 118.572 27.588 111.823 20.84 93.073 
1.478 117.162 4.422 136.872 20.44 148.727 17.496 129.017 
43.324 180.419 59.813 191.608 79.385 187.861 62.896 176.672 
116.168 195.325 135.729 191.519 146.87 174.997 127.309 178.803 
174.779 136.091 178.469 155.675 189.708 139.219 186.018 119.635 
176.336 52.627 179.578 72.289 195.773 83.9 192.532 64.238 
122.911 9.644 138.428 22.147 158.242 20.016 142.725 7.513 
52.507 15.44 72.425 14.856 86.097 0.358 66.179 0.942 
5.191 55.059 6.233 74.96 19.568 60.151 18.526 40.25 
-17.036 79.123 -17.819 99.036 2.093 99.819 2.877 79.907 
-17.824 99.036 -18.607 118.949 1.306 119.731 2.088 99.818 
2.919 165.272 16.234 180.097 31.06 166.783 17.745 151.957 
16.239 180.097 29.557 194.921 44.381 181.603 31.063 166.78 
77.929 192.631 76.472 212.506 96.345 213.964 97.803 194.089 
97.816 194.087 96.346 213.961 116.219 215.431 117.69 195.558 
149.357 180.196 162.197 195.436 177.437 182.597 164.598 167.358 
164.601 167.359 177.442 182.596 192.68 169.755 179.839 154.518 
194.163 101.546 192.355 121.393 212.2 123.199 214.008 103.354 
195.972 81.7 194.164 101.546 214.009 103.354 215.817 83.508 
169.037 33.109 181.716 48.483 197.09 35.805 184.411 20.431 
156.36 17.733 169.038 33.108 184.412 20.43 171.734 5.056 
103.583 -17.873 101.592 1.954 121.42 3.946 123.411 -15.881 
83.761 -19.915 81.72 -0.093 101.542 1.948 103.583 -17.874 
17.445 14.96 30.396 30.105 45.541 17.154 32.59 2.009 
2.291 27.902 15.234 43.054 30.387 30.112 17.444 14.959 
-30.442 64.35 -10.703 67.084 5.189 55.06 -14.551 52.325 
-30.445 64.351 -31.381 84.257 -17.967 98.994 -17.031 79.088 
-46.133 98.098 -32.497 112.63 -17.965 98.995 -31.601 84.463 
-32.494 112.633 -33.169 132.549 -18.609 118.944 -17.934 99.028 
-18.821 165.433 -1.287 155.964 4.416 136.87 -13.119 146.339 
-18.824 165.436 -4.963 179.753 14.963 180.075 1.101 165.759 
-4.964 180.295 -4.746 200.222 15.181 200.004 14.963 180.077 
16.227 180.106 15.18 200.007 28.512 214.819 29.559 194.918 
52.397 210.108 60.232 228.431 67.648 209.935 59.813 191.612 
60.238 228.432 80.153 229.118 94.72 215.52 74.805 214.834 
81.195 230.153 95.826 243.682 109.355 229.051 94.724 215.522 
96.345 213.96 109.357 229.053 129.231 230.524 116.219 215.431 
135.734 191.515 142.886 210.116 161.096 218.211 153.944 199.61 
162.402 198.32 161.1 218.206 176.081 205.065 177.383 185.18 
177.386 185.182 178.278 205.09 198.185 204.199 197.293 184.291 
177.441 182.597 197.296 184.292 212.534 171.451 192.679 169.756 
189.71 139.216 207.896 147.363 226.516 140.263 208.329 132.117 
215.628 105.086 213.788 124.929 226.518 140.261 228.357 120.418 
215.628 105.083 230.111 118.772 243.799 104.29 229.317 90.601 
215.815 83.509 214.007 103.355 229.318 90.6 231.126 70.755 
192.529 64.235 210.907 56.531 218.455 38.089 200.077 45.792 
186.09 20.526 198.636 36.009 218.455 38.085 205.909 22.603 
186.318 0.598 186.089 20.523 206.015 20.752 206.244 0.827 
173.641 -14.779 171.734 5.058 184.412 20.432 186.319 0.596 
133.336 -10.066 142.724 7.51 148.515 -11.557 139.126 -29.134 
103.969 -18.19 123.815 -16.382 139.126 -29.136 119.28 -30.944 
91.012 -33.332 103.967 -18.19 119.109 -31.145 106.154 -46.287 
71.189 -35.375 83.762 -19.915 103.584 -17.873 91.011 -33.333 
34.598 -17.996 46.466 -1.987 66.177 0.94 54.31 -15.068 
19.283 -5.246 17.47 14.598 32.784 1.848 34.597 -17.997 
-1.218 -6.494 -2.421 13.396 17.47 14.599 18.673 -5.291 
-17.575 26.339 2.292 27.902 17.445 14.959 -2.422 13.396 
