-37.289 333.912 -20.034 343.881 -25.186 324.631 -42.441 314.662 
151.656 350.545 168.879 360.569 188.146 355.479 170.922 345.455 
314.478 239.018 333.703 233.774 343.59 216.471 324.364 221.715 
350.394 44.843 360.405 27.612 355.299 8.35 345.289 25.581 
221.355 -127.938 238.59 -117.935 233.476 -137.195 216.241 -147.198 
7.99 -158.752 25.269 -148.824 44.507 -154.022 27.228 -163.95 
-147.387 -19.852 -128.146 -25.038 -118.208 -42.31 -137.449 -37.124 
-158.995 188.426 -149.092 171.134 -154.317 151.903 -164.22 169.196 
-42.55 314.521 -61.814 319.622 -56.713 338.885 -37.449 333.784 
151.392 350.634 141.426 367.89 158.681 377.857 168.648 360.601 
333.658 233.995 314.375 239.025 319.405 258.308 338.687 253.278 
360.432 27.821 350.427 45.055 367.661 55.06 377.666 37.825 
252.95 -142.166 233.692 -137.04 238.819 -117.782 258.076 -122.909 
37.463 -181.237 27.438 -164.014 44.66 -153.989 54.685 -171.211 
-123.113 -61.615 -142.388 -56.557 -137.331 -37.283 -118.055 -42.341 
-171.457 141.744 -181.532 158.937 -164.339 169.012 -154.264 151.818 
-173.039 202.701 -153.111 202.724 -139.004 188.649 -158.932 188.626 
-19.864 363.876 -5.752 349.807 -5.721 329.88 -19.833 343.95 
202.423 369.48 202.454 349.552 188.386 335.44 188.355 355.368 
343.695 216.282 363.623 216.316 349.558 202.201 329.629 202.166 
335.274 8.126 355.202 8.163 369.319 -5.901 349.391 -5.938 
201.883 -133.201 215.992 -147.274 216.018 -167.202 201.909 -153.129 
7.746 -138.803 7.766 -158.73 -6.31 -172.835 -6.33 -152.908 
-153.302 -5.58 -133.374 -5.546 -147.441 -19.661 -167.369 -19.695 
-154.974 118.66 -174.646 121.842 -171.464 141.514 -151.792 138.332 
-174.682 121.594 -175.697 101.692 -195.599 102.707 -194.584 122.609 
-66.481 291.714 -78.149 307.868 -61.996 319.537 -50.327 303.383 
-78.283 307.709 -93.07 294.35 -106.428 309.138 -91.641 322.495 
138.041 348.284 118.366 351.449 121.531 371.123 141.206 367.958 
122.318 391.02 121.308 371.117 101.406 372.127 102.415 392.029 
303.109 246.815 291.442 262.97 307.597 274.637 319.264 258.482 
322.235 288.168 307.455 274.803 294.088 289.582 308.868 302.947 
367.762 55.269 348.085 58.425 351.242 78.101 370.918 74.945 
391.802 94.074 390.802 74.171 370.9 75.172 371.9 95.074 
258.307 -122.785 246.629 -106.638 262.776 -94.96 274.454 -111.107 
302.776 -112.352 287.998 -125.721 274.629 -110.943 289.407 -97.575 
74.568 -174.406 54.896 -171.225 58.077 -151.552 77.749 -154.734 
94.687 -175.444 93.676 -195.346 73.774 -194.335 74.785 -174.433 
-111.35 -77.942 -123.022 -61.79 -106.87 -50.119 -95.198 -66.27 
-97.847 -92.877 -112.628 -106.241 -125.993 -91.46 -111.211 -78.095 
-164.472 29.736 -151.658 14.474 -153.389 -5.379 -166.203 9.883 
-164.502 29.965 -175.915 46.301 -172.433 65.922 -161.02 49.586 
-194.703 83.512 -174.923 85.937 -172.498 66.158 -192.278 63.733 
-174.901 86.2 -193.662 92.916 -175.647 101.434 -156.885 94.717 
-135.977 235.571 -137.735 215.721 -153.014 202.929 -151.255 222.779 
-135.889 235.792 -132.397 255.412 -116.054 266.815 -119.547 247.197 
-131.592 279.27 -119.32 294.971 -103.619 282.7 -115.89 266.998 
-84.725 276.188 -103.486 282.906 -112.002 300.923 -93.241 294.205 
9.716 362.686 29.568 360.945 14.3 348.139 -5.552 349.88 
29.773 361.008 46.111 372.417 65.731 368.932 49.394 357.523 
63.524 388.72 83.303 391.148 85.731 371.369 65.952 368.94 
94.468 353.4 85.953 371.417 92.672 390.178 101.187 372.161 
202.688 349.49 222.539 347.743 235.341 332.471 215.489 334.218 
246.936 315.988 235.527 332.327 255.148 328.841 266.557 312.503 
266.761 312.396 279.037 328.094 294.734 315.818 282.458 300.12 
275.901 281.192 282.615 299.954 300.629 308.474 293.915 289.712 
349.63 201.995 362.436 186.727 360.694 166.876 347.888 182.144 
368.712 130.716 357.299 147.052 360.781 166.673 372.193 150.337 
368.721 130.501 388.5 132.93 390.929 113.151 371.15 110.722 
371.945 95.28 353.18 101.989 371.192 110.514 389.957 103.805 
349.287 -6.131 347.558 -25.983 332.298 -38.799 334.026 -18.947 
312.392 -70.044 315.86 -50.42 332.188 -38.997 328.72 -58.621 
299.972 -85.928 312.236 -70.222 327.942 -82.487 315.677 -98.193 
308.353 -104.128 289.587 -97.424 281.059 -79.414 299.824 -86.118 
181.838 -151.481 201.688 -153.229 186.416 -166.03 166.565 -164.282 
130.38 -172.222 146.723 -160.82 166.342 -164.313 149.999 -175.716 
110.383 -174.695 130.163 -172.275 132.583 -192.055 112.803 -194.476 
103.431 -193.457 94.92 -175.439 101.642 -156.68 110.153 -174.698 
-39.172 -135.754 -19.321 -137.508 -6.526 -152.783 -26.375 -151.03 
-58.989 -132.181 -70.387 -115.836 -50.77 -119.334 -39.371 -135.679 
-98.511 -119.119 -86.236 -103.421 -70.538 -115.697 -82.813 -131.394 
-104.416 -111.8 -97.702 -93.037 -79.687 -84.517 -86.401 -103.28 
