-37.211 333.856 -19.994 343.893 -25.071 324.622 -42.287 314.586 
151.693 350.56 168.902 360.608 188.175 355.545 170.967 345.497 
314.407 239.109 333.633 233.87 343.524 216.57 324.298 221.809 
350.394 44.815 360.435 27.602 355.364 8.33 345.323 25.543 
221.399 -127.972 238.621 -117.945 233.534 -137.212 216.312 -147.239 
8.144 -158.802 25.402 -148.837 44.651 -153.993 27.393 -163.958 
-147.331 -19.815 -128.088 -24.994 -118.143 -42.262 -137.386 -37.083 
-158.982 188.422 -149.02 171.164 -154.178 151.916 -164.141 169.174 
-42.528 314.458 -61.781 319.601 -56.639 338.853 -37.386 333.71 
151.451 350.622 141.426 367.843 158.646 377.87 168.673 360.648 
333.549 234.093 314.301 239.253 319.46 258.501 338.709 253.341 
360.476 27.822 350.416 45.024 367.619 55.084 377.678 37.881 
253.026 -142.166 233.752 -137.105 238.813 -117.83 258.087 -122.891 
37.557 -181.236 27.564 -163.995 44.805 -154.002 54.798 -171.243 
-123.119 -61.633 -142.384 -56.536 -137.288 -37.272 -118.022 -42.369 
-171.45 141.721 -181.446 158.959 -164.207 168.956 -154.211 151.717 
-173.041 202.703 -153.113 202.725 -139.007 188.649 -158.935 188.628 
-19.819 363.884 -5.711 349.812 -5.685 329.885 -19.793 343.957 
202.469 369.526 202.458 349.598 188.361 335.515 188.371 355.443 
343.652 216.37 363.579 216.493 349.576 202.315 329.647 202.193 
335.346 8.23 355.274 8.132 369.295 -6.029 349.367 -5.93 
202.111 -133.162 216.106 -147.348 215.971 -167.276 201.976 -153.089 
7.896 -138.804 7.944 -158.731 -6.114 -172.855 -6.161 -152.928 
-153.311 -5.558 -133.383 -5.527 -147.452 -19.64 -167.38 -19.672 
-154.977 118.646 -174.652 121.808 -171.49 141.484 -151.814 138.322 
-174.685 121.563 -175.63 101.658 -195.536 102.602 -194.591 122.508 
-66.524 291.669 -78.163 307.844 -61.989 319.484 -50.349 303.308 
-78.324 307.676 -93.131 294.339 -106.468 309.145 -91.662 322.481 
138.059 348.235 118.381 351.381 121.528 371.058 141.206 367.912 
122.404 390.957 121.297 371.06 101.4 372.167 102.507 392.064 
303.363 246.684 291.395 262.617 307.328 274.585 319.295 258.652 
322.215 287.883 307.217 274.762 294.095 289.759 309.093 302.88 
367.667 55.299 348.001 58.53 351.233 78.193 370.897 74.962 
391.757 94.152 390.822 74.246 370.917 75.181 371.852 95.087 
258.285 -122.734 246.667 -106.544 262.857 -94.926 274.476 -111.116 
302.838 -112.262 288.121 -125.698 274.685 -110.981 289.402 -97.546 
74.63 -174.452 54.954 -171.299 58.108 -151.622 77.784 -154.775 
94.727 -175.424 93.739 -195.326 73.836 -194.337 74.825 -174.435 
-111.312 -77.939 -122.975 -61.78 -106.816 -50.118 -95.154 -66.277 
-97.819 -92.887 -112.615 -106.235 -125.964 -91.439 -111.168 -78.091 
-164.468 29.75 -151.653 14.489 -153.383 -5.364 -166.198 9.897 
-164.501 29.964 -175.926 46.292 -172.458 65.916 -161.034 49.588 
-194.737 83.473 -174.961 85.922 -172.512 66.145 -192.288 63.696 
-174.957 86.169 -193.692 92.958 -175.644 101.406 -156.908 94.617 
-135.972 235.559 -137.716 215.707 -152.987 202.905 -151.242 222.756 
-135.894 235.779 -132.413 255.4 -116.077 266.814 -119.559 247.193 
-131.679 279.153 -119.498 294.924 -103.726 282.743 -115.908 266.972 
-84.873 276.14 -103.605 282.939 -112.043 300.992 -93.311 294.193 
9.731 362.701 29.583 360.961 14.316 348.154 -5.536 349.894 
29.774 361.023 46.113 372.431 65.733 368.944 49.394 357.536 
63.345 388.712 83.101 391.321 85.71 371.565 65.954 368.956 
94.259 353.502 85.932 371.606 92.846 390.297 101.173 372.192 
202.661 349.517 222.511 347.759 235.305 332.48 215.454 334.238 
246.863 316.004 235.478 332.359 255.093 328.845 266.478 312.489 
266.657 312.385 278.698 328.263 294.576 316.223 282.535 300.344 
275.872 281.473 282.689 300.197 300.749 308.618 293.932 289.893 
349.637 202.086 362.447 186.821 360.71 166.97 347.901 182.235 
368.73 130.793 357.302 147.118 360.766 166.743 372.193 150.417 
368.762 130.569 388.556 132.878 390.865 113.084 371.071 110.775 
371.855 95.314 353.08 101.995 371.08 110.546 389.854 103.866 
349.305 -6.13 347.612 -25.985 332.375 -38.828 334.068 -18.973 
312.409 -70.015 315.903 -50.396 332.246 -38.995 328.752 -58.614 
299.966 -85.868 312.305 -70.221 327.952 -82.561 315.612 -98.208 
308.33 -104.029 289.554 -97.352 281.0 -79.354 299.775 -86.031 
181.905 -151.401 201.756 -153.135 186.493 -165.947 166.641 -164.212 
130.468 -172.272 146.793 -160.843 166.418 -164.306 150.093 -175.734 
110.432 -174.7 130.211 -172.263 132.647 -192.041 112.869 -194.478 
103.432 -193.507 94.951 -175.474 101.705 -156.726 110.186 -174.759 
-39.032 -135.807 -19.181 -137.551 -6.378 -152.821 -26.228 -151.077 
-58.867 -132.194 -70.274 -115.855 -50.655 -119.342 -39.247 -135.682 
-98.443 -119.139 -86.173 -103.437 -70.471 -115.707 -82.741 -131.409 
-104.381 -111.796 -97.654 -93.037 -79.634 -84.53 -86.36 -103.288 
