-27.367 302.044 -10.369 312.446 -15.033 293.071 -32.031 282.669 
131.723 321.191 148.484 331.972 167.958 327.744 151.197 316.963 
276.225 236.573 295.831 233.005 307.171 216.618 287.565 220.186 
322.827 74.43 334.66 58.396 331.689 38.691 319.856 54.725 
224.162 -89.75 240.043 -77.712 237.325 -97.454 221.444 -109.492 
32.093 -133.504 48.332 -121.954 67.982 -125.27 51.743 -136.82 
-116.087 -11.1 -96.684 -15.64 -86.174 -32.57 -105.578 -28.03 
-129.81 175.271 -119.616 158.148 -124.516 138.832 -134.709 155.955 
-34.179 283.304 -52.912 290.1 -46.116 308.833 -27.383 302.036 
131.226 321.978 121.231 339.217 138.469 349.213 148.465 331.974 
295.822 233.019 276.324 237.137 280.443 256.635 299.94 252.516 
334.667 58.413 323.616 74.996 340.199 86.046 351.25 69.463 
256.597 -102.579 237.34 -97.449 242.471 -78.193 261.727 -83.323 
58.978 -155.4 51.755 -136.828 70.328 -129.605 77.551 -148.178 
-97.255 -54.968 -114.877 -45.663 -105.573 -28.042 -87.951 -37.347 
-146.405 130.298 -153.381 148.965 -134.715 155.94 -127.739 137.274 
-145.02 188.153 -125.161 189.811 -109.946 176.942 -129.805 175.283 
-12.717 332.239 2.945 319.919 5.308 300.132 -10.354 312.453 
179.511 343.986 182.844 324.338 171.308 308.09 167.976 327.737 
307.18 216.604 326.734 220.444 315.624 203.902 296.068 200.062 
312.125 34.885 331.69 38.672 348.203 27.517 328.638 23.729 
205.351 -97.733 221.433 -109.501 224.484 -129.194 208.402 -117.426 
28.913 -113.829 32.078 -133.503 20.404 -149.653 17.239 -129.979 
-123.88 2.024 -104.156 4.866 -116.093 -11.09 -135.818 -13.932 
-128.321 108.675 -148.171 110.435 -146.412 130.285 -126.562 128.525 
-148.17 110.426 -165.955 101.436 -174.945 119.221 -157.16 128.211 
-56.521 262.142 -68.698 277.916 -52.925 290.093 -40.747 274.319 
-68.704 277.91 -84.533 290.016 -72.427 305.845 -56.599 293.739 
117.275 319.688 97.741 323.63 101.683 343.163 121.217 339.222 
121.594 342.891 101.668 343.163 101.941 363.09 121.867 362.817 
263.529 246.099 252.983 263.007 269.891 273.554 280.436 256.646 
283.748 259.244 269.885 273.559 284.199 287.422 298.062 273.108 
340.2 86.06 320.778 90.526 325.244 109.946 344.665 105.481 
366.657 87.868 346.849 85.684 344.664 105.491 364.472 107.675 
261.738 -83.315 251.215 -66.392 268.138 -55.869 278.661 -72.792 
290.536 -98.346 271.822 -91.498 278.671 -72.784 297.384 -79.633 
96.928 -152.884 77.564 -148.182 82.266 -128.817 101.63 -133.518 
112.411 -165.444 99.851 -180.914 84.381 -168.353 96.941 -152.883 
-86.231 -71.583 -97.25 -54.979 -80.646 -43.96 -69.627 -60.564 
-82.023 -91.07 -101.503 -95.271 -105.705 -75.792 -86.225 -71.59 
-142.709 33.681 -126.743 21.757 -123.885 2.035 -139.851 13.959 
-142.716 33.691 -157.345 47.222 -158.122 67.135 -143.492 53.603 
-181.463 82.947 -161.895 86.715 -158.126 67.147 -177.694 63.379 
-161.894 86.728 -181.672 89.168 -165.962 101.428 -146.184 98.988 
-115.546 225.369 -112.989 205.606 -125.156 189.824 -127.712 209.587 
-115.543 225.383 -116.332 245.295 -102.809 259.933 -102.021 240.021 
-120.094 269.855 -110.185 287.145 -92.895 277.236 -102.804 259.946 
-73.304 273.554 -92.887 277.246 -104.124 293.703 -84.541 290.012 
15.345 335.54 35.142 337.82 22.756 322.209 2.959 319.929 
35.156 337.827 48.012 353.053 67.869 354.729 55.013 339.503 
61.654 373.667 80.583 379.895 86.811 360.966 67.882 354.738 
96.938 343.797 86.824 360.968 91.814 380.261 101.928 363.091 
182.863 324.335 202.651 326.69 218.309 314.364 198.52 312.008 
234.204 302.315 218.325 314.357 238.067 317.07 253.946 305.028 
253.963 305.023 262.277 323.134 280.387 314.82 272.072 296.709 
266.947 277.447 272.084 296.701 289.33 306.684 284.193 287.43 
315.634 203.889 331.63 192.003 334.536 172.29 318.54 184.175 
354.452 141.299 338.082 152.664 334.544 172.275 350.913 160.91 
354.457 141.284 373.068 148.407 380.192 129.796 361.581 122.673 
364.476 107.686 344.954 111.687 361.587 122.662 381.109 118.661 
328.633 23.711 332.354 4.135 321.143 -12.34 317.421 7.237 
313.701 -48.419 309.951 -28.848 321.139 -12.357 324.889 -31.929 
304.567 -66.149 313.696 -48.436 331.408 -57.565 322.279 -75.278 
317.232 -81.538 297.396 -79.625 284.724 -64.246 304.559 -66.159 
188.961 -121.863 208.389 -117.435 197.783 -134.305 178.353 -138.733 
146.64 -157.476 158.609 -141.542 178.338 -138.739 166.37 -154.672 
127.501 -163.081 146.626 -157.484 152.223 -176.61 133.098 -182.207 
122.813 -182.452 112.422 -165.448 117.097 -146.077 127.488 -163.081 
-18.895 -122.815 0.647 -118.914 17.223 -129.975 -2.319 -133.875 
-38.794 -124.154 -53.8 -111.044 -33.918 -109.702 -18.911 -122.814 
-80.422 -120.314 -71.757 -102.37 -53.811 -111.035 -62.476 -128.98 
-90.52 -109.103 -82.022 -91.077 -63.268 -84.341 -71.766 -102.366 
