-37.3 333.938 -20.008 343.843 -25.232 324.612 -42.524 314.707 
151.724 350.781 169.018 360.682 188.248 355.455 170.954 345.553 
314.419 238.985 333.659 233.796 343.594 216.521 324.354 221.711 
350.548 44.848 360.451 27.554 355.226 8.324 345.323 25.617 
221.466 -127.944 238.721 -117.974 233.57 -137.224 216.316 -147.194 
7.996 -158.795 25.266 -148.851 44.509 -154.031 27.239 -163.975 
-147.387 -19.801 -128.144 -24.98 -118.201 -42.249 -137.444 -37.069 
-159.033 188.372 -149.07 171.114 -154.228 151.865 -164.191 169.123 
-42.53 314.604 -61.815 319.624 -56.796 338.908 -37.51 333.889 
151.572 350.674 141.52 367.88 158.725 377.933 168.778 360.727 
333.633 233.974 314.347 238.994 319.367 258.279 338.652 253.26 
360.535 27.798 350.513 45.022 367.737 55.044 377.759 37.82 
253.026 -142.162 233.756 -137.086 238.831 -117.816 258.102 -122.891 
37.475 -181.269 27.458 -164.042 44.685 -154.025 54.702 -171.251 
-123.146 -61.612 -142.411 -56.514 -137.313 -37.25 -118.048 -42.348 
-171.485 141.66 -181.519 158.877 -164.302 168.911 -154.268 151.694 
-173.085 202.668 -153.157 202.698 -139.044 188.629 -158.972 188.598 
-19.866 363.852 -5.732 349.805 -5.669 329.878 -19.804 343.925 
202.521 369.46 202.566 349.532 188.508 335.409 188.463 355.337 
343.686 216.343 363.614 216.342 349.523 202.252 329.594 202.253 
335.235 7.989 355.162 8.084 369.321 -5.939 349.393 -6.035 
202.011 -133.158 216.088 -147.262 216.07 -167.19 201.992 -153.086 
7.746 -138.805 7.775 -158.732 -6.295 -172.844 -6.324 -152.917 
-153.324 -5.518 -133.396 -5.49 -147.467 -19.601 -167.395 -19.629 
-154.974 118.588 -174.651 121.743 -171.496 141.42 -151.819 138.264 
-174.713 121.53 -175.721 101.627 -195.623 102.635 -194.615 122.538 
-66.494 291.67 -78.158 307.827 -62.002 319.492 -50.337 303.335 
-78.319 307.67 -93.137 294.345 -106.462 309.163 -91.644 322.487 
138.147 348.285 118.468 351.425 121.608 371.103 141.287 367.963 
122.389 390.999 121.365 371.097 101.463 372.121 102.487 392.023 
303.059 246.862 291.478 263.079 307.695 274.66 319.275 258.443 
322.216 288.255 307.522 274.795 294.061 289.488 308.755 302.948 
367.757 55.299 348.07 58.395 351.167 78.08 370.853 74.983 
391.873 94.027 390.791 74.128 370.893 75.211 371.976 95.109 
258.305 -122.798 246.642 -106.639 262.801 -94.977 274.463 -111.136 
302.755 -112.384 287.977 -125.754 274.608 -110.976 289.385 -97.608 
74.606 -174.447 54.933 -171.274 58.106 -151.6 77.778 -154.773 
94.726 -175.473 93.735 -195.376 73.833 -194.385 74.824 -174.483 
-111.392 -77.966 -123.052 -61.806 -106.891 -50.146 -95.231 -66.307 
-97.859 -92.885 -112.643 -106.247 -126.005 -91.463 -111.221 -78.101 
-164.46 29.804 -151.657 14.534 -153.401 -5.318 -166.205 9.953 
-164.517 30.015 -175.939 46.344 -172.47 65.968 -161.047 49.638 
-194.719 83.536 -174.94 85.963 -172.513 66.183 -192.292 63.757 
-174.945 86.182 -193.712 92.882 -175.704 101.415 -156.936 94.715 
-136.02 235.55 -137.764 215.699 -153.035 202.896 -151.29 222.747 
-135.918 235.758 -132.43 255.378 -116.089 266.785 -119.578 247.166 
-131.63 279.218 -119.364 294.923 -103.659 282.657 -115.925 266.951 
-84.758 276.186 -103.534 282.865 -112.087 300.864 -93.311 294.185 
9.727 362.703 29.578 360.958 14.308 348.155 -5.544 349.9 
29.787 361.015 46.13 372.416 65.749 368.921 49.406 357.52 
63.577 388.761 83.362 391.145 85.746 371.361 65.962 368.976 
94.522 353.398 85.985 371.404 92.68 390.173 101.218 372.167 
202.787 349.449 222.638 347.701 235.439 332.428 215.588 334.176 
247.037 315.967 235.61 332.293 255.234 328.828 266.661 312.502 
266.827 312.384 279.142 328.052 294.809 315.737 282.494 300.07 
275.881 281.22 282.669 299.955 300.717 308.403 293.928 289.668 
349.601 202.054 362.405 186.785 360.662 166.934 347.858 182.204 
368.647 130.762 357.243 147.105 360.736 166.724 372.139 150.381 
368.715 130.547 388.49 133.008 390.951 113.233 371.175 110.772 
371.948 95.321 353.176 102.011 371.18 110.554 389.951 103.864 
349.275 -6.237 347.533 -26.088 332.265 -38.894 334.006 -19.043 
312.34 -70.122 315.833 -50.503 332.175 -39.1 328.682 -58.719 
299.884 -85.954 312.194 -70.283 327.864 -82.592 315.555 -98.263 
308.343 -104.132 289.56 -97.476 280.986 -79.487 299.769 -86.144 
181.919 -151.445 201.77 -153.184 186.504 -165.992 166.652 -164.253 
130.448 -172.226 146.782 -160.811 166.404 -164.29 150.069 -175.705 
110.419 -174.706 130.2 -172.288 132.618 -192.068 112.838 -194.486 
103.466 -193.463 94.945 -175.449 101.657 -156.686 110.178 -174.7 
-39.165 -135.77 -19.315 -137.533 -6.526 -152.814 -26.375 -151.052 
-58.985 -132.173 -70.378 -115.825 -50.761 -119.328 -39.367 -135.677 
-98.528 -119.107 -86.247 -103.414 -70.553 -115.695 -82.834 -131.388 
-104.463 -111.817 -97.731 -93.061 -79.708 -84.558 -86.441 -103.315 
