-37.336 333.885 -20.063 343.823 -25.25 324.582 -42.523 314.644 
151.755 350.548 168.987 360.557 188.249 355.45 171.017 345.441 
314.439 238.922 333.686 233.758 343.644 216.496 324.397 221.66 
350.455 44.837 360.412 27.575 355.247 8.328 345.29 25.59 
221.551 -127.912 238.84 -118.001 233.623 -137.234 216.334 -147.145 
7.989 -158.76 25.244 -148.79 44.494 -153.941 27.24 -163.911 
-147.367 -19.838 -128.113 -24.975 -118.131 -42.222 -137.385 -37.085 
-159.026 188.403 -149.086 171.132 -154.27 151.891 -164.21 169.161 
-42.621 314.51 -61.891 319.587 -56.814 338.857 -37.544 333.779 
151.499 350.644 141.55 367.909 158.814 377.86 168.765 360.595 
333.531 233.941 314.266 239.039 319.364 258.304 338.629 253.206 
360.441 27.759 350.406 44.976 367.623 55.01 377.658 37.793 
253.099 -142.116 233.817 -137.082 238.85 -117.8 258.132 -122.834 
37.45 -181.226 27.458 -163.984 44.699 -153.992 54.692 -171.234 
-123.157 -61.672 -142.412 -56.539 -137.28 -37.285 -118.024 -42.417 
-171.456 141.674 -181.488 158.892 -164.269 168.924 -154.237 151.706 
-173.059 202.676 -153.131 202.708 -139.018 188.639 -158.946 188.608 
-19.873 363.861 -5.76 349.794 -5.727 329.867 -19.84 343.934 
202.519 369.479 202.551 349.551 188.484 335.437 188.452 355.365 
343.687 216.27 363.615 216.298 349.545 202.187 329.616 202.16 
335.233 8.121 355.161 8.165 369.284 -5.895 349.356 -5.939 
201.992 -133.157 216.103 -147.228 216.131 -167.156 202.02 -153.085 
7.739 -138.777 7.767 -158.704 -6.303 -172.815 -6.332 -152.889 
-153.351 -5.577 -133.423 -5.543 -147.49 -19.658 -167.418 -19.692 
-154.991 118.588 -174.667 121.75 -171.505 141.425 -151.83 138.264 
-174.681 121.529 -175.693 101.626 -195.595 102.638 -194.584 122.54 
-66.547 291.625 -78.218 307.777 -62.067 319.449 -50.395 303.297 
-78.394 307.655 -93.181 294.297 -106.54 309.084 -91.753 322.442 
138.142 348.301 118.469 351.482 121.65 371.154 141.322 367.973 
122.417 391.038 121.416 371.135 101.513 372.136 102.514 392.039 
303.103 246.84 291.433 262.993 307.587 274.663 319.255 258.509 
322.237 288.134 307.441 274.786 294.092 289.581 308.888 302.929 
367.671 55.21 347.994 58.37 351.154 78.045 370.83 74.885 
391.773 93.996 390.765 74.093 370.864 75.101 371.872 95.004 
258.355 -122.728 246.679 -106.579 262.828 -94.903 274.504 -111.052 
302.796 -112.297 288.012 -125.659 274.65 -110.875 289.434 -97.514 
74.595 -174.423 54.922 -171.25 58.095 -151.576 77.768 -154.749 
94.727 -175.473 93.712 -195.374 73.811 -194.358 74.826 -174.457 
-111.333 -77.988 -123.007 -61.838 -106.857 -50.164 -95.183 -66.314 
-97.843 -92.948 -112.625 -106.312 -125.989 -91.529 -111.206 -78.166 
-164.46 29.763 -151.658 14.491 -153.405 -5.36 -166.207 9.912 
-164.552 29.979 -175.965 46.316 -172.483 65.937 -161.071 49.6 
-194.696 83.532 -174.917 85.958 -172.49 66.179 -192.27 63.752 
-174.957 86.184 -193.72 92.896 -175.707 101.418 -156.943 94.705 
-136.041 235.564 -137.788 215.713 -153.061 202.912 -151.313 222.764 
-135.916 235.743 -132.423 255.362 -116.079 266.765 -119.573 247.147 
-131.695 279.244 -119.422 294.945 -103.722 282.672 -115.995 266.971 
-84.784 276.104 -103.547 282.817 -112.067 300.832 -93.304 294.118 
9.754 362.676 29.605 360.925 14.33 348.127 -5.521 349.878 
29.841 361.008 46.183 372.411 65.802 368.918 49.46 357.515 
63.621 388.724 83.401 391.144 85.822 371.364 66.041 368.944 
94.57 353.412 86.053 371.428 92.77 390.19 101.287 372.174 
202.761 349.465 222.611 347.707 235.404 332.427 215.553 334.186 
247.0 315.977 235.607 332.326 255.224 328.822 266.618 312.472 
266.801 312.346 279.076 328.045 294.774 315.771 282.499 300.072 
275.967 281.189 282.673 299.954 300.684 308.481 293.978 289.716 
349.654 201.98 362.463 186.714 360.727 166.863 347.917 182.128 
368.664 130.67 357.254 147.009 360.739 166.629 372.149 150.291 
368.7 130.449 388.48 132.875 390.906 113.096 371.127 110.669 
371.867 95.217 353.103 101.929 371.117 110.451 389.881 103.739 
349.271 -6.124 347.539 -25.976 332.277 -38.789 334.008 -18.938 
312.385 -70.031 315.858 -50.409 332.189 -38.99 328.716 -58.612 
299.978 -85.901 312.238 -70.192 327.947 -82.451 315.688 -98.161 
308.382 -104.114 289.622 -97.394 281.109 -79.377 299.868 -86.097 
181.95 -151.457 201.801 -153.201 186.532 -166.004 166.68 -164.26 
130.477 -172.219 146.815 -160.808 166.436 -164.293 150.098 -175.703 
110.456 -174.712 130.235 -172.276 132.67 -192.054 112.892 -194.49 
103.477 -193.473 94.966 -175.454 101.689 -156.695 110.2 -174.714 
-39.17 -135.765 -19.319 -137.514 -6.52 -152.787 -26.37 -151.038 
-58.961 -132.17 -70.358 -115.824 -50.741 -119.322 -39.342 -135.669 
-98.504 -119.173 -86.235 -103.471 -70.532 -115.741 -82.801 -131.443 
-104.38 -111.833 -97.667 -93.069 -79.653 -84.549 -86.366 -103.312 
