-37.231 333.919 -20.0 343.931 -25.104 324.668 -42.335 314.656 
151.687 350.817 169.017 360.657 188.228 355.36 170.898 345.521 
314.423 238.661 333.705 233.629 343.781 216.436 324.5 221.468 
350.266 44.731 360.301 27.515 355.223 8.245 345.188 25.462 
221.37 -127.967 238.589 -117.935 233.507 -137.204 216.288 -147.235 
7.991 -158.754 25.258 -148.805 44.502 -153.979 27.235 -163.928 
-147.399 -19.729 -128.165 -24.94 -118.25 -42.226 -137.484 -37.014 
-158.966 188.512 -148.996 171.258 -154.146 152.008 -164.116 169.261 
-42.523 314.579 -61.791 319.664 -56.707 338.932 -37.438 333.847 
151.573 350.737 141.547 367.958 158.767 377.985 168.794 360.764 
333.587 233.811 314.303 238.838 319.331 258.121 338.614 253.094 
360.379 27.739 350.432 45.006 367.699 54.953 377.646 37.686 
252.964 -142.116 233.684 -137.073 238.727 -117.793 258.007 -122.836 
37.452 -181.233 27.459 -163.992 44.7 -153.999 54.693 -171.24 
-123.156 -61.539 -142.429 -56.471 -137.361 -37.199 -118.088 -42.267 
-171.408 141.793 -181.397 159.035 -164.155 169.025 -154.165 151.783 
-172.979 202.794 -153.052 202.816 -138.945 188.741 -158.873 188.719 
-19.725 363.965 -5.693 349.816 -5.774 329.889 -19.806 344.038 
202.483 369.45 202.573 349.522 188.547 335.367 188.457 355.295 
343.843 216.255 363.771 216.174 349.623 202.141 329.694 202.222 
335.237 8.023 355.165 8.031 369.262 -6.054 349.334 -6.062 
202.012 -133.182 216.069 -147.307 216.021 -167.235 201.964 -153.11 
7.755 -138.748 7.78 -158.675 -6.294 -172.783 -6.319 -152.856 
-153.346 -5.456 -133.418 -5.436 -147.495 -19.541 -167.423 -19.561 
-154.944 118.73 -174.621 121.886 -171.465 141.562 -151.789 138.407 
-174.626 121.666 -175.588 101.762 -195.493 102.723 -194.531 122.628 
-66.538 291.717 -78.15 307.911 -61.958 319.525 -50.344 303.331 
-78.332 307.807 -93.025 294.345 -106.487 309.038 -91.794 322.499 
137.919 348.35 118.281 351.741 121.672 371.377 141.309 367.986 
122.113 391.297 121.445 371.38 101.528 372.048 102.196 391.965 
302.775 247.036 291.499 263.466 307.93 274.742 319.205 258.312 
322.317 288.563 307.801 274.911 294.148 289.426 308.664 303.078 
367.719 55.197 348.067 58.505 351.376 78.155 371.027 74.847 
391.857 94.108 390.977 74.2 371.07 75.079 371.949 94.988 
258.196 -122.717 246.672 -106.459 262.93 -94.936 274.453 -111.193 
302.763 -112.313 288.048 -125.752 274.61 -111.037 289.325 -97.6 
74.598 -174.42 54.921 -171.274 58.068 -151.596 77.745 -154.742 
94.712 -175.424 93.755 -195.328 73.851 -194.371 74.808 -174.467 
-111.39 -77.893 -123.048 -61.731 -106.886 -50.073 -95.228 -66.235 
-97.861 -92.806 -112.647 -106.165 -126.007 -91.379 -111.22 -78.02 
-164.492 29.862 -151.675 14.602 -153.402 -5.251 -166.219 10.009 
-164.568 30.068 -175.979 46.405 -172.495 66.026 -161.084 49.688 
-194.684 83.631 -174.903 86.041 -172.493 66.26 -192.274 63.85 
-174.936 86.29 -193.669 93.085 -175.619 101.527 -156.885 94.732 
-136.006 235.699 -137.727 215.846 -152.982 203.025 -151.26 222.878 
-135.879 235.88 -132.416 255.504 -116.091 266.933 -119.554 247.309 
-131.567 279.554 -119.143 295.135 -103.562 282.711 -115.986 267.13 
-84.626 276.169 -103.396 282.864 -111.934 300.87 -93.164 294.175 
9.773 362.686 29.628 360.979 14.381 348.146 -5.473 349.853 
29.841 361.048 46.184 372.448 65.803 368.953 49.46 357.553 
63.92 388.773 83.735 390.881 85.843 371.065 66.027 368.957 
94.872 353.212 86.076 371.093 92.501 389.957 101.297 372.075 
202.807 349.45 222.663 347.75 235.501 332.509 215.646 334.208 
247.117 316.019 235.703 332.355 255.325 328.874 266.738 312.538 
266.962 312.425 279.538 327.884 294.996 315.309 282.42 299.85 
276.07 280.839 282.575 299.675 300.493 308.394 293.988 289.559 
349.713 201.968 362.547 186.723 360.841 166.869 348.008 182.114 
368.642 130.663 357.304 147.051 360.875 166.656 372.213 150.268 
368.705 130.449 388.474 132.959 390.984 113.19 371.215 110.68 
371.92 95.215 353.176 101.981 371.214 110.451 389.958 103.685 
349.226 -6.246 347.494 -26.097 332.231 -38.91 333.963 -19.058 
312.256 -70.097 315.78 -50.483 332.141 -39.107 328.616 -58.72 
300.002 -86.095 312.104 -70.263 327.936 -82.365 315.834 -98.197 
308.168 -104.41 289.493 -97.457 281.204 -79.336 299.879 -86.288 
181.902 -151.455 201.75 -153.222 186.467 -166.008 166.617 -164.242 
130.412 -172.2 146.747 -160.786 166.369 -164.264 150.034 -175.679 
110.4 -174.781 130.169 -172.275 132.675 -192.044 112.906 -194.55 
103.333 -193.472 94.926 -175.404 101.756 -156.685 110.164 -174.752 
-39.18 -135.74 -19.329 -137.487 -6.528 -152.759 -26.379 -151.012 
-58.992 -132.121 -70.39 -115.776 -50.772 -119.274 -39.374 -135.62 
-98.544 -119.041 -86.257 -103.353 -70.568 -115.64 -82.855 -131.328 
-104.453 -111.729 -97.731 -92.969 -79.712 -84.458 -86.435 -103.217 
