35.86 191.44 45.758 208.736 50.989 189.507 41.09 172.211 
108.807 190.338 118.139 207.946 137.189 213.797 127.856 196.189 
169.472 156.983 188.392 163.239 206.194 154.283 187.274 148.028 
190.338 90.835 208.375 82.362 215.138 63.617 197.101 72.09 
150.736 9.312 158.431 27.695 165.988 9.255 158.293 -9.127 
64.24 -21.391 71.047 -2.661 89.104 5.769 82.297 -12.96 
-12.376 41.506 6.117 48.929 24.443 41.102 5.95 33.678 
-17.654 139.689 -0.188 130.097 5.381 110.963 -12.086 120.555 
22.072 177.046 7.681 190.831 21.466 205.222 35.857 191.437 
98.21 207.631 97.896 227.556 117.821 227.871 118.136 207.946 
188.389 163.241 174.064 177.094 187.918 191.419 202.243 177.565 
208.376 82.365 207.833 102.285 227.753 102.828 228.296 82.908 
180.708 -4.179 165.99 9.256 179.425 23.974 194.143 10.539 
83.518 -32.853 82.298 -12.963 102.189 -11.743 103.408 -31.633 
7.66 5.547 -7.26 18.758 5.95 33.677 20.87 20.466 
-31.098 99.747 -31.995 119.655 -12.087 120.552 -11.19 100.645 
-35.188 130.219 -29.489 149.315 -11.957 158.788 -17.656 139.692 
27.029 215.543 45.084 223.976 63.814 217.174 45.759 208.741 
129.076 231.995 147.684 224.864 155.8 206.665 137.192 213.796 
206.197 154.28 212.886 173.052 221.43 155.05 214.741 136.277 
209.265 44.572 215.139 63.615 232.757 72.927 226.883 53.884 
141.513 -19.882 158.29 -9.129 177.758 -13.388 160.981 -24.142 
44.549 -18.321 64.238 -21.389 75.992 -37.482 56.302 -34.414 
-27.421 38.993 -22.935 58.409 -12.378 41.508 -16.864 22.091 
-48.039 77.222 -50.831 96.953 -31.099 99.745 -28.308 80.014 
-50.829 96.953 -53.708 116.672 -33.989 119.551 -31.11 99.832 
-20.364 188.023 -7.747 203.447 7.678 190.831 -4.939 175.406 
-7.745 203.445 4.872 218.869 20.297 206.252 7.679 190.829 
78.114 225.14 75.697 244.921 95.477 247.338 97.894 227.557 
97.894 227.558 95.477 247.339 115.258 249.756 117.674 229.975 
171.908 203.288 183.775 219.297 199.784 207.429 187.916 191.421 
187.918 191.421 199.784 207.43 215.794 195.566 203.928 179.557 
227.755 102.83 224.521 122.495 244.185 125.727 247.418 106.064 
230.997 83.158 227.754 102.82 247.415 106.063 250.659 86.401 
194.146 10.538 205.474 26.933 221.869 15.604 210.54 -0.79 
182.831 -5.929 194.117 10.495 210.541 -0.79 199.255 -17.213 
107.237 -51.192 103.41 -31.636 122.967 -27.809 126.794 -47.365 
87.818 -55.656 83.352 -36.236 102.772 -31.77 107.238 -51.19 
-3.292 -11.104 7.659 5.545 24.308 -5.406 13.357 -22.055 
-20.118 -0.431 -9.445 16.397 7.383 5.724 -3.29 -11.104 
-58.365 58.954 -38.76 55.382 -27.423 38.993 -47.028 42.565 
-58.366 58.956 -62.821 78.38 -52.237 95.264 -47.782 75.841 
-80.401 94.289 -66.807 108.86 -52.236 95.266 -65.83 80.695 
-66.808 108.861 -69.685 128.579 -53.708 116.671 -50.831 96.952 
-41.034 184.284 -28.02 169.193 -29.489 149.32 -42.503 164.412 
-41.035 184.288 -29.225 200.339 -9.524 203.338 -21.334 187.288 
-29.447 203.13 -29.658 223.056 -9.731 223.268 -9.52 203.341 
-7.745 203.444 -9.731 223.272 2.885 238.698 4.871 218.869 
44.273 243.891 57.777 258.546 58.591 238.635 45.087 223.98 
57.78 258.548 77.523 261.253 93.396 249.205 73.653 246.5 
79.571 263.553 93.92 277.381 107.749 263.032 93.4 249.204 
95.475 247.337 107.751 263.034 127.532 265.453 115.256 249.756 
147.688 224.865 160.375 240.233 180.212 242.129 167.525 226.761 
183.4 222.455 180.216 242.127 196.377 230.469 199.562 210.797 
199.565 210.796 199.996 230.72 219.919 230.288 219.487 210.365 
199.781 207.431 219.49 210.366 235.503 198.505 215.793 195.57 
221.433 155.048 241.255 157.101 256.722 144.537 236.901 142.484 
249.412 108.446 245.594 128.005 256.724 144.535 260.543 124.976 
249.413 108.444 263.399 122.64 277.595 108.654 263.609 94.458 
250.658 86.402 247.414 106.064 263.611 94.456 266.855 74.793 
226.884 53.88 241.736 40.595 242.845 20.698 227.992 33.983 
212.733 -0.5 223.399 16.334 242.843 20.695 232.177 3.862 
214.175 -20.378 212.732 -0.503 232.606 0.94 234.05 -18.934 
202.888 -36.805 199.256 -17.211 210.542 -0.788 214.174 -20.381 
146.102 -37.401 160.98 -24.145 159.833 -44.039 144.954 -57.295 
108.505 -52.05 127.815 -47.125 144.952 -57.296 125.642 -62.221 
96.667 -68.08 108.504 -52.049 124.535 -63.885 112.699 -79.917 
77.245 -72.547 87.82 -55.656 107.241 -51.191 96.666 -68.081 
20.272 -42.015 36.712 -30.753 56.3 -34.415 39.86 -45.677 
2.754 -32.512 -2.913 -13.408 14.603 -22.909 20.27 -42.014 
-20.685 -35.277 -22.735 -15.456 -2.913 -13.406 -0.863 -33.227 
-39.564 -4.783 -20.117 -0.432 -3.289 -11.106 -22.736 -15.457 
