23.692 209.436 35.552 225.45 38.49 205.74 26.63 189.726 
110.561 213.13 121.989 229.455 141.614 232.917 130.185 216.592 
186.736 172.472 206.306 176.233 222.803 165.054 203.233 161.294 
213.551 90.023 230.413 79.403 234.827 59.97 217.965 70.591 
164.818 -6.182 174.6 11.18 179.96 -8.013 170.179 -25.375 
61.055 -41.222 70.164 -23.497 89.137 -17.405 80.029 -35.129 
-28.93 30.237 -9.579 34.998 7.47 24.681 -11.881 19.921 
-37.051 144.006 -21.089 132.077 -18.237 112.354 -34.199 124.283 
12.515 192.93 -3.986 204.102 7.186 220.603 23.687 209.43 
102.418 225.646 98.613 245.206 118.173 249.013 121.979 229.452 
206.284 176.235 189.59 187.118 200.473 203.812 217.167 192.929 
230.412 79.406 226.074 98.856 245.524 103.194 249.862 83.744 
196.934 -18.456 179.963 -8.011 190.408 8.96 207.379 -1.485 
85.107 -54.4 80.032 -35.13 99.303 -30.055 104.378 -49.325 
-4.376 -7.247 -21.71 2.585 -11.879 19.918 5.455 10.087 
-48.74 100.136 -53.541 119.477 -34.2 124.277 -29.399 104.936 
-55.764 137.16 -47.375 155.237 -28.662 162.086 -37.051 144.01 
17.779 234.453 36.714 240.662 54.494 231.664 35.559 225.455 
135.662 251.938 153.325 242.709 159.289 223.695 141.626 232.924 
222.833 165.055 231.539 182.981 238.058 164.15 229.351 146.224 
226.945 41.665 234.828 59.967 253.344 67.334 245.461 49.032 
152.276 -34.135 170.176 -25.378 189.026 -31.843 171.126 -40.6 
42.115 -35.015 61.051 -41.223 70.051 -59.002 51.116 -52.794 
-44.18 30.573 -36.153 48.813 -28.932 30.24 -36.959 12.0 
-63.446 76.083 -68.122 95.454 -48.751 100.13 -44.075 80.759 
-68.13 95.45 -72.906 114.797 -53.559 119.574 -48.783 100.227 
-31.726 199.101 -20.36 215.468 -3.992 204.103 -15.358 187.735 
-20.364 215.468 -9.185 231.966 7.312 220.788 -3.866 204.291 
79.0 241.659 75.44 261.266 95.046 264.826 98.606 245.218 
98.828 245.269 95.044 264.835 114.609 268.619 118.394 249.054 
183.855 214.844 194.858 231.459 211.473 220.457 200.47 203.843 
200.542 203.83 211.488 220.481 228.14 209.535 217.193 192.884 
245.524 103.196 241.137 122.637 260.575 127.022 264.962 107.583 
249.926 83.749 245.527 103.185 264.962 107.585 269.361 88.149 
207.382 -1.485 217.582 15.635 234.701 5.436 224.502 -11.684 
197.271 -18.935 207.262 -1.693 224.504 -11.683 214.513 -28.925 
109.673 -68.538 104.38 -49.327 123.592 -44.034 128.885 -63.245 
90.936 -75.319 84.153 -56.582 102.89 -49.799 109.673 -68.536 
-13.829 -24.792 -4.376 -7.248 13.167 -16.701 3.714 -34.244 
-31.962 -16.527 -23.697 1.606 -5.564 -6.658 -13.828 -24.791 
-71.72 55.02 -52.889 48.501 -44.183 30.575 -63.014 37.094 
-71.72 55.023 -78.976 73.583 -70.982 91.837 -63.727 73.277 
-99.161 91.556 -85.214 105.789 -70.981 91.842 -84.928 77.609 
-85.216 105.791 -89.928 125.153 -72.905 114.795 -68.193 95.432 
-52.479 191.71 -42.375 174.533 -47.376 155.244 -57.48 172.42 
-52.474 191.715 -43.231 209.369 -24.211 215.316 -33.455 197.663 
-44.134 215.443 -44.01 235.371 -24.082 235.247 -24.206 215.319 
-20.604 215.629 -24.081 235.251 -12.664 251.585 -9.187 231.962 
39.499 260.403 55.418 272.39 52.637 252.657 36.718 240.67 
55.426 272.391 74.656 277.615 91.948 267.71 72.718 262.487 
78.207 282.137 92.633 295.886 106.381 281.46 91.956 267.712 
94.987 265.12 106.387 281.465 126.006 284.961 114.606 268.616 
153.337 242.712 168.553 255.58 188.412 253.92 173.196 241.052 
193.755 234.722 188.423 253.923 205.77 244.116 211.102 224.915 
211.115 224.916 211.533 244.84 231.456 244.422 231.038 224.498 
211.525 220.54 231.054 224.503 247.666 213.497 228.137 209.534 
238.081 164.141 257.952 162.645 270.945 147.536 251.073 149.033 
267.527 110.871 261.652 129.913 270.962 147.532 276.837 128.49 
267.533 110.861 281.434 125.139 295.712 111.237 281.811 96.959 
269.361 88.15 264.961 107.586 281.816 96.954 286.216 77.518 
245.462 49.029 257.754 33.345 255.355 13.562 243.063 29.246 
227.986 -11.074 236.569 6.911 255.354 13.559 246.771 -4.426 
229.633 -30.936 227.984 -11.077 247.842 -9.428 249.492 -29.286 
219.641 -48.18 214.514 -28.923 224.506 -11.682 229.633 -30.938 
154.263 -51.224 171.124 -40.603 166.713 -60.035 149.851 -70.657 
113.026 -70.521 131.466 -62.963 149.848 -70.658 131.409 -78.215 
101.226 -86.581 113.024 -70.52 129.084 -82.317 117.287 -98.378 
82.488 -93.368 90.939 -75.321 109.675 -68.536 101.224 -86.583 
14.353 -54.942 32.288 -46.255 51.111 -52.795 33.177 -61.481 
-4.335 -48.014 -12.648 -29.903 6.036 -36.83 14.35 -54.942 
-30.619 -51.61 -32.489 -31.771 -12.649 -29.9 -10.779 -49.739 
-50.626 -23.509 -31.962 -16.528 -13.827 -24.789 -32.492 -31.77 
