-37.328 333.87 -20.089 343.866 -25.211 324.607 -42.45 314.611 
151.69 350.7 168.951 360.659 188.198 355.495 170.937 345.537 
314.425 238.854 333.678 233.713 343.657 216.464 324.404 221.605 
350.361 44.742 360.367 27.509 355.257 8.247 345.25 25.481 
221.512 -127.932 238.798 -118.017 233.586 -137.251 216.3 -147.167 
8.042 -158.774 25.342 -148.882 44.569 -154.121 27.269 -164.012 
-147.39 -19.779 -128.163 -25.015 -118.27 -42.313 -137.497 -37.077 
-159.012 188.344 -149.046 171.088 -154.201 151.839 -164.167 169.095 
-42.641 314.485 -61.901 319.604 -56.781 338.862 -37.522 333.743 
151.498 350.728 141.488 367.958 158.718 377.97 168.729 360.739 
333.546 233.905 314.283 239.012 319.39 258.274 338.653 253.167 
360.476 27.716 350.485 44.958 367.728 54.949 377.719 37.707 
253.026 -142.164 233.752 -137.101 238.815 -117.827 258.089 -122.89 
37.557 -181.296 27.495 -164.096 44.695 -154.033 54.758 -171.233 
-123.181 -61.6 -142.462 -56.564 -137.426 -37.284 -118.145 -42.32 
-171.476 141.636 -181.487 158.867 -164.256 168.877 -154.245 151.647 
-173.086 202.641 -153.158 202.682 -139.038 188.62 -158.966 188.579 
-19.907 363.867 -5.789 349.805 -5.749 329.878 -19.867 343.941 
202.491 369.562 202.522 349.634 188.454 335.521 188.423 355.449 
343.736 216.26 363.664 216.282 349.59 202.175 329.661 202.153 
335.263 8.017 355.191 8.042 369.3 -6.031 349.372 -6.056 
201.967 -133.167 216.078 -147.238 216.106 -167.166 201.995 -153.095 
7.774 -138.8 7.804 -158.727 -6.265 -172.84 -6.296 -152.913 
-153.34 -5.511 -133.412 -5.478 -147.479 -19.592 -167.407 -19.625 
-154.979 118.581 -174.655 121.741 -171.494 141.417 -151.818 138.256 
-174.689 121.529 -175.688 101.626 -195.591 102.625 -194.592 122.528 
-66.563 291.654 -78.247 307.797 -62.106 319.482 -50.421 303.339 
-78.422 307.641 -93.199 294.271 -106.569 309.047 -91.792 322.417 
138.097 348.301 118.421 351.463 121.583 371.138 141.259 367.975 
122.373 391.072 121.369 371.17 101.467 372.173 102.47 392.076 
303.129 246.816 291.464 262.972 307.62 274.637 319.285 258.481 
322.237 288.165 307.462 274.794 294.09 289.567 308.864 302.939 
367.738 55.181 348.061 58.34 351.221 78.015 370.897 74.856 
391.885 93.947 390.864 74.045 370.963 75.065 371.984 94.967 
258.279 -122.794 246.605 -106.643 262.756 -94.969 274.429 -111.12 
302.711 -112.404 287.922 -125.761 274.565 -110.972 289.354 -97.616 
74.663 -174.417 54.991 -171.241 58.167 -151.568 77.84 -154.744 
94.786 -175.45 93.789 -195.352 73.887 -194.355 74.883 -174.453 
-111.372 -77.925 -123.033 -61.766 -106.874 -50.104 -95.213 -66.263 
-97.859 -92.854 -112.644 -106.215 -126.005 -91.429 -111.22 -78.069 
-164.512 29.796 -151.713 14.522 -153.463 -5.329 -166.262 9.945 
-164.528 30.013 -175.938 46.351 -172.454 65.972 -161.044 49.634 
-194.715 83.535 -174.935 85.959 -172.511 66.179 -192.291 63.755 
-174.93 86.178 -193.691 92.895 -175.676 101.412 -156.914 94.695 
-136.038 235.528 -137.768 215.675 -153.03 202.861 -151.298 222.714 
-135.951 235.726 -132.485 255.35 -116.158 266.776 -119.625 247.152 
-131.712 279.202 -119.446 294.908 -103.74 282.642 -116.006 266.936 
-84.839 276.118 -103.605 282.823 -112.134 300.833 -93.368 294.129 
9.694 362.713 29.546 360.972 14.278 348.166 -5.574 349.907 
29.796 361.001 46.135 372.409 65.755 368.923 49.417 357.515 
63.564 388.765 83.343 391.194 85.772 371.415 65.992 368.986 
94.52 353.396 86.01 371.415 92.733 390.175 101.244 372.156 
202.708 349.509 222.559 347.757 235.357 332.482 215.506 334.234 
246.973 316.058 235.567 332.399 255.187 328.91 266.593 312.569 
266.758 312.399 279.034 328.097 294.731 315.821 282.455 300.123 
275.944 281.226 282.653 299.99 300.665 308.514 293.956 289.75 
349.679 201.972 362.479 186.699 360.729 166.848 347.93 182.122 
368.709 130.662 357.298 147.0 360.782 166.621 372.193 150.283 
368.77 130.435 388.549 132.865 390.979 113.086 371.2 110.656 
371.949 95.189 353.183 101.894 371.194 110.422 389.96 103.717 
349.262 -6.236 347.517 -26.087 332.246 -38.889 333.991 -19.039 
312.307 -70.103 315.792 -50.483 332.129 -39.073 328.644 -58.694 
299.905 -85.989 312.175 -70.288 327.876 -82.558 315.606 -98.26 
308.272 -104.183 289.51 -97.467 280.993 -79.451 299.754 -86.167 
181.938 -151.461 201.788 -153.21 186.516 -166.01 166.665 -164.261 
130.47 -172.21 146.814 -160.808 166.433 -164.303 150.089 -175.705 
110.465 -174.678 130.246 -172.266 132.658 -192.047 112.877 -194.459 
103.521 -193.452 95.006 -175.435 101.725 -156.675 110.24 -174.692 
-39.146 -135.757 -19.296 -137.518 -6.507 -152.799 -26.356 -151.038 
-58.981 -132.161 -70.372 -115.811 -50.756 -119.316 -39.364 -135.667 
-98.523 -119.084 -86.241 -103.391 -70.548 -115.673 -82.83 -131.366 
-104.443 -111.771 -97.716 -93.013 -79.695 -84.506 -86.422 -103.264 
