-37.237 333.958 -19.961 343.89 -25.154 324.651 -42.43 314.718 
151.687 350.479 168.888 360.542 188.166 355.494 170.965 345.432 
314.412 238.895 333.661 233.737 343.624 216.478 324.376 221.636 
350.422 44.744 360.399 27.493 355.256 8.241 345.279 25.491 
221.386 -127.912 238.655 -117.968 233.476 -137.211 216.207 -147.155 
8.148 -158.816 25.403 -148.846 44.653 -153.997 27.398 -163.967 
-147.366 -19.828 -128.135 -25.05 -118.229 -42.34 -137.46 -37.119 
-159.043 188.456 -149.088 171.193 -154.256 151.947 -164.21 169.21 
-42.509 314.609 -61.781 319.681 -56.709 338.952 -37.437 333.88 
151.363 350.654 141.412 367.918 158.675 377.871 168.627 360.606 
333.602 233.949 314.337 239.044 319.432 258.31 338.698 253.214 
360.447 27.725 350.438 44.958 367.671 54.966 377.679 37.733 
252.921 -142.233 233.655 -137.139 238.749 -117.873 258.015 -122.967 
37.644 -181.252 27.634 -164.021 44.865 -154.011 54.875 -171.242 
-123.133 -61.65 -142.418 -56.627 -137.395 -37.343 -118.11 -42.366 
-171.451 141.728 -181.47 158.954 -164.244 168.973 -154.225 151.747 
-173.04 202.732 -153.112 202.758 -139.002 188.686 -158.93 188.66 
-19.83 363.917 -5.715 349.851 -5.679 329.925 -19.794 343.99 
202.465 369.504 202.495 349.576 188.427 335.464 188.396 355.392 
343.727 216.297 363.655 216.329 349.588 202.215 329.659 202.183 
335.214 8.012 355.142 8.041 369.254 -6.029 349.326 -6.058 
201.956 -133.193 216.067 -147.264 216.095 -167.192 201.984 -153.121 
7.89 -138.789 7.927 -158.716 -6.138 -172.833 -6.175 -152.906 
-153.339 -5.55 -133.411 -5.519 -147.481 -19.632 -167.409 -19.662 
-155.021 118.647 -174.694 121.823 -171.519 141.496 -151.845 138.321 
-174.687 121.583 -175.695 101.681 -195.597 102.688 -194.59 122.591 
-66.429 291.691 -78.096 307.845 -61.942 319.513 -50.274 303.359 
-78.286 307.708 -93.075 294.353 -106.431 309.142 -91.641 322.497 
138.002 348.317 118.325 351.471 121.479 371.147 141.156 367.993 
122.247 391.057 121.247 371.154 101.344 372.154 102.344 392.057 
303.113 246.78 291.439 262.93 307.589 274.604 319.262 258.454 
322.27 288.169 307.492 274.801 294.123 289.578 308.901 302.946 
367.737 55.201 348.06 58.365 351.225 78.039 370.9 74.876 
391.821 94.012 390.825 74.109 370.923 75.105 371.919 95.008 
258.173 -122.817 246.51 -106.659 262.667 -94.996 274.331 -111.154 
302.655 -112.44 287.868 -125.798 274.51 -111.011 289.297 -97.654 
74.777 -174.441 55.103 -171.277 58.267 -151.602 77.941 -154.766 
94.887 -175.475 93.885 -195.376 73.983 -194.374 74.986 -174.472 
-111.323 -77.969 -122.99 -61.814 -106.835 -50.147 -95.168 -66.302 
-97.838 -92.911 -112.63 -106.264 -125.983 -91.473 -111.192 -78.119 
-164.47 29.779 -151.67 14.506 -153.419 -5.345 -166.219 9.928 
-164.551 29.988 -175.961 46.326 -172.475 65.947 -161.066 49.608 
-194.698 83.536 -174.919 85.963 -172.491 66.184 -192.27 63.756 
-174.977 86.205 -193.738 92.922 -175.722 101.439 -156.961 94.722 
-136.011 235.613 -137.765 215.763 -153.042 202.967 -151.287 222.818 
-135.877 235.79 -132.384 255.409 -116.041 266.812 -119.535 247.194 
-131.619 279.274 -119.347 294.975 -103.646 282.703 -115.918 267.002 
-84.72 276.153 -103.48 282.875 -111.993 300.893 -93.232 294.171 
9.729 362.73 29.581 360.996 14.317 348.185 -5.535 349.919 
29.772 361.02 46.105 372.436 65.727 368.959 49.394 357.543 
63.485 388.765 83.263 391.201 85.699 371.423 65.921 368.987 
94.419 353.432 85.901 371.448 92.617 390.21 101.135 372.195 
202.72 349.473 222.572 347.732 235.378 332.464 215.527 334.205 
246.982 315.994 235.573 332.333 255.194 328.847 266.603 312.509 
266.792 312.386 279.065 328.087 294.765 315.814 282.492 300.114 
275.937 281.198 282.652 299.959 300.667 308.478 293.951 289.716 
349.65 201.998 362.457 186.731 360.718 166.88 347.911 182.148 
368.714 130.699 357.3 147.035 360.779 166.656 372.194 150.321 
368.735 130.472 388.513 132.902 390.944 113.123 371.165 110.693 
371.938 95.231 353.174 101.942 371.188 110.465 389.952 103.754 
349.271 -6.283 347.518 -26.133 332.242 -38.93 333.995 -19.08 
312.245 -70.12 315.741 -50.502 332.084 -39.101 328.589 -58.72 
299.86 -86.021 312.132 -70.321 327.832 -82.593 315.56 -98.293 
308.206 -104.202 289.446 -97.481 280.934 -79.464 299.694 -86.184 
181.938 -151.436 201.788 -153.18 186.519 -165.984 166.667 -164.239 
130.498 -172.224 146.838 -160.816 166.458 -164.304 150.118 -175.711 
110.507 -174.706 130.286 -172.278 132.715 -192.057 112.936 -194.486 
103.595 -193.472 95.074 -175.458 101.787 -156.695 110.308 -174.709 
-39.066 -135.809 -19.215 -137.561 -6.418 -152.836 -26.268 -151.084 
-58.897 -132.163 -70.304 -115.823 -50.684 -119.311 -39.277 -135.651 
-98.503 -119.164 -86.238 -103.458 -70.532 -115.723 -82.796 -131.429 
-104.399 -111.792 -97.675 -93.033 -79.655 -84.523 -86.379 -103.282 
