42.228 181.934 50.857 199.897 57.457 181.094 48.828 163.131 
107.886 178.615 116.004 196.815 134.613 203.944 126.495 185.744 
160.656 149.271 179.117 156.775 197.477 149.028 179.016 141.524 
178.656 91.433 197.193 84.118 205.127 65.838 186.591 73.153 
143.887 17.4 150.471 36.209 159.115 18.254 152.532 -0.555 
66.25 -11.271 71.872 7.847 89.366 17.39 83.744 -1.728 
-3.739 47.058 14.172 55.795 33.014 49.308 15.103 40.572 
-7.709 137.157 10.412 128.867 17.363 110.191 -0.757 118.481 
27.015 169.057 14.139 184.267 29.348 197.142 42.224 181.932 
96.144 198.48 97.81 218.338 117.668 216.673 116.002 196.815 
179.114 156.777 166.226 171.976 181.426 184.865 194.314 169.665 
197.193 84.12 198.616 103.997 218.492 102.574 217.069 82.697 
172.466 3.459 159.117 18.255 173.913 31.604 187.262 16.808 
83.005 -21.641 83.747 -1.727 103.661 -2.469 102.919 -22.383 
13.836 12.418 0.394 27.129 15.105 40.571 28.547 25.859 
-21.919 99.866 -20.647 119.753 -0.76 118.48 -2.032 98.593 
-24.705 126.758 -20.042 146.133 -3.044 156.535 -7.708 137.16 
31.803 205.723 49.397 215.079 68.454 209.255 50.86 199.899 
125.549 221.688 144.508 215.55 153.575 197.805 134.615 203.943 
197.479 149.025 203.248 168.1 212.656 150.533 206.886 131.458 
200.111 46.548 205.126 65.835 222.309 75.926 217.295 56.64 
136.223 -12.01 152.53 -0.557 172.161 -3.989 155.853 -15.442 
46.415 -9.305 66.245 -11.273 78.875 -26.686 59.046 -24.718 
-18.572 43.498 -15.455 63.181 -3.741 47.06 -6.858 27.377 
-39.613 77.926 -41.735 97.741 -21.92 99.864 -19.798 80.049 
-41.736 97.741 -43.925 117.548 -24.118 119.737 -21.929 99.93 
-13.952 181.988 -1.048 197.171 14.137 184.268 1.232 169.083 
-1.046 197.17 11.858 212.356 27.044 199.452 14.14 184.267 
77.99 216.261 75.913 236.081 95.732 238.157 97.808 218.338 
97.809 218.339 95.731 238.159 115.55 240.236 117.628 220.417 
165.653 197.047 177.834 212.818 193.606 200.638 181.425 184.867 
181.424 184.865 193.606 200.634 209.377 188.453 197.195 172.684 
218.494 102.574 215.71 122.308 235.441 125.091 238.226 105.359 
221.282 82.837 218.492 102.569 238.223 105.358 241.013 85.626 
187.264 16.808 199.029 32.892 215.113 21.127 203.348 5.043 
175.503 0.706 187.258 16.798 203.349 5.043 191.594 -11.048 
106.106 -42.055 102.923 -22.384 122.595 -19.2 125.778 -38.871 
86.506 -45.65 82.91 -26.05 102.509 -22.453 106.106 -42.053 
2.278 -3.817 13.838 12.416 30.07 0.856 18.511 -15.376 
-14.004 7.67 -2.518 23.954 13.766 12.468 2.28 -3.816 
-51.086 60.784 -31.25 58.875 -18.574 43.499 -38.41 45.408 
-51.086 60.786 -54.309 80.452 -42.682 96.636 -39.46 76.97 
-70.844 95.587 -57.288 110.193 -42.682 96.637 -56.238 82.031 
-57.29 110.194 -59.48 130.001 -43.926 117.545 -41.735 97.738 
-34.935 179.811 -20.514 166.057 -20.044 146.135 -34.464 159.89 
-34.934 179.813 -22.259 195.191 -2.423 197.102 -15.098 181.726 
-22.348 196.863 -22.588 216.79 -2.661 217.03 -2.421 197.103 
-1.046 197.17 -2.66 217.032 10.244 232.218 11.858 212.356 
46.667 234.822 58.694 250.712 61.425 230.973 49.399 215.083 
58.696 250.714 78.537 252.57 93.879 239.853 74.039 237.997 
80.096 254.245 94.487 268.03 108.272 253.64 93.881 239.855 
95.729 238.158 108.274 253.642 128.093 255.72 115.549 240.237 
144.51 215.553 155.719 232.03 175.296 235.754 164.086 219.278 
177.736 215.976 175.299 235.755 191.007 223.493 193.444 203.714 
193.446 203.712 193.985 223.633 213.905 223.094 213.366 203.173 
193.604 200.636 213.369 203.174 229.14 190.993 209.375 188.455 
212.659 150.531 232.212 154.379 248.758 143.275 229.206 139.427 
240.07 107.491 237.005 127.182 248.76 143.272 251.826 123.582 
240.071 107.488 254.178 121.563 268.253 107.456 254.145 93.381 
241.012 85.628 238.223 105.36 254.148 93.379 256.937 73.647 
217.296 56.638 233.317 44.787 236.266 25.079 220.245 36.929 
205.241 5.248 216.647 21.589 236.267 25.077 224.86 8.737 
206.416 -14.644 205.239 5.248 225.131 6.424 226.308 -13.468 
194.661 -30.738 191.594 -11.047 203.349 5.044 206.416 -14.646 
142.235 -29.994 155.851 -15.445 156.512 -35.361 142.895 -49.911 
106.813 -42.557 126.377 -38.763 142.893 -49.913 123.329 -53.707 
94.792 -58.453 106.811 -42.558 122.706 -54.576 110.688 -70.472 
75.191 -62.051 86.508 -45.649 106.108 -42.054 94.791 -58.456 
23.79 -35.353 39.215 -22.734 59.042 -24.719 43.619 -37.337 
6.916 -24.748 2.484 -5.32 19.356 -15.923 23.788 -35.352 
-15.465 -27.046 -17.355 -7.209 2.483 -5.318 4.373 -25.156 
-33.64 4.278 -14.003 7.669 2.281 -3.818 -17.357 -7.209 
