7.214 232.468 20.583 247.246 21.579 227.344 8.21 212.565 
113.757 241.771 126.67 256.949 146.534 258.551 133.621 243.372 
208.813 190.888 228.649 192.795 244.024 180.118 224.188 178.21 
242.528 88.433 258.301 76.253 260.843 56.488 245.07 68.668 
183.951 -26.337 195.687 -10.231 198.777 -29.918 187.041 -46.023 
57.99 -67.784 69.645 -51.62 89.316 -48.433 77.661 -64.597 
-50.411 14.555 -30.56 16.308 -15.285 3.511 -35.136 1.758 
-63.189 148.457 -48.791 134.681 -48.351 114.758 -62.749 128.534 
-0.611 214.135 -18.941 221.954 -11.122 240.283 7.208 232.464 
108.039 249.864 100.954 268.489 119.579 275.575 126.664 256.95 
228.643 192.796 210.394 200.801 218.398 219.05 236.648 211.046 
258.302 76.26 250.595 94.637 268.972 102.344 276.679 83.967 
217.579 -36.526 198.78 -29.914 205.392 -11.115 224.191 -17.727 
87.43 -81.968 77.665 -64.597 95.036 -54.832 104.801 -72.204 
-21.238 -22.765 -40.445 -17.453 -35.134 1.753 -15.927 -3.559 
-72.213 101.983 -80.753 119.988 -62.749 128.529 -54.208 110.524 
-83.034 146.652 -70.281 161.965 -50.436 163.776 -63.189 148.462 
5.068 259.752 24.88 261.885 40.398 249.384 20.586 247.251 
144.206 278.34 159.851 265.997 162.185 246.207 146.541 258.551 
244.03 180.113 255.776 196.211 258.854 176.523 247.107 160.424 
249.737 39.936 260.843 56.482 280.395 60.329 269.29 43.783 
167.647 -50.624 187.038 -46.027 203.999 -56.489 184.609 -61.085 
41.937 -55.972 57.984 -67.786 60.977 -87.488 44.93 -75.673 
-64.733 19.816 -51.227 34.469 -50.415 14.558 -63.921 -0.095 
-80.812 75.139 -89.933 92.858 -72.215 101.978 -63.094 84.26 
-89.93 92.855 -99.054 110.571 -81.338 119.695 -72.213 101.979 
-45.049 211.326 -37.31 229.689 -18.946 221.951 -26.685 203.588 
-37.309 229.684 -29.572 248.048 -11.208 240.311 -18.945 221.948 
82.322 261.415 75.246 280.044 93.874 287.12 100.95 268.49 
101.007 268.509 93.875 287.117 112.483 294.25 119.615 275.642 
200.129 227.023 208.097 245.288 226.362 237.321 218.394 219.056 
218.401 219.047 226.356 237.317 244.627 229.364 236.672 211.093 
268.974 102.347 261.387 120.775 279.813 128.361 287.4 109.934 
276.849 83.803 269.059 102.145 287.401 109.935 295.19 91.592 
224.196 -17.726 231.498 0.816 250.04 -6.487 242.737 -25.028 
217.456 -37.472 223.875 -18.607 242.741 -25.026 236.321 -43.891 
112.889 -90.419 104.804 -72.205 123.019 -64.12 131.103 -82.334 
96.588 -101.877 85.127 -85.576 101.428 -74.115 112.89 -90.416 
-27.393 -41.722 -21.237 -22.769 -2.284 -28.926 -8.441 -47.879 
-47.135 -39.007 -44.422 -19.265 -24.68 -21.978 -27.393 -41.72 
-88.267 48.141 -70.636 38.853 -64.737 19.819 -82.367 29.107 
-88.269 48.145 -99.313 64.733 -95.392 84.271 -84.349 67.683 
-123.551 85.411 -108.905 98.923 -95.392 84.276 -110.039 70.764 
-108.907 98.927 -118.032 116.642 -99.053 110.568 -89.928 92.852 
-67.935 198.717 -61.499 179.857 -70.285 161.971 -76.72 180.831 
-67.934 198.723 -63.033 218.038 -45.908 228.23 -50.81 208.916 
-65.804 229.315 -64.724 249.214 -44.825 248.134 -45.905 228.236 
-37.312 229.682 -44.825 248.139 -37.087 266.503 -29.574 248.045 
32.208 280.424 50.491 288.351 43.168 269.817 24.885 261.89 
50.496 288.354 68.05 297.784 87.132 292.039 69.578 282.609 
73.853 306.893 88.707 320.177 101.992 305.324 87.138 292.039 
93.864 287.133 101.995 305.326 120.61 312.441 112.478 294.248 
159.856 266.0 177.622 275.028 196.568 268.85 178.802 259.822 
205.919 251.248 196.574 268.849 215.627 263.012 224.973 245.411 
224.979 245.409 225.768 265.322 245.679 264.533 244.891 244.62 
226.355 237.322 244.897 244.62 263.169 236.669 244.627 229.371 
258.861 176.521 277.921 170.704 287.284 153.114 268.225 158.931 
291.775 116.564 281.963 133.908 287.289 153.111 297.101 135.766 
291.776 116.557 305.855 130.66 319.958 116.581 305.879 102.478 
295.188 91.599 287.415 109.949 305.886 102.47 313.659 84.12 
269.291 43.776 278.09 25.897 271.669 7.032 262.87 24.911 
250.349 -22.995 254.791 -3.569 271.668 7.026 267.226 -12.4 
251.546 -42.891 250.347 -23.0 270.238 -21.801 271.437 -41.692 
245.131 -61.765 236.325 -43.887 242.741 -25.021 251.545 -42.898 
166.086 -68.442 184.606 -61.089 176.711 -79.385 158.189 -86.739 
122.242 -94.737 138.557 -83.295 158.185 -86.741 141.869 -98.183 
109.474 -110.044 122.236 -94.739 137.541 -107.501 124.779 -122.806 
93.169 -121.509 96.591 -101.878 112.892 -90.416 109.47 -110.048 
8.247 -72.434 27.258 -66.458 44.925 -75.674 25.915 -81.651 
-11.468 -69.499 -23.332 -53.489 -3.622 -56.42 8.243 -72.432 
-42.986 -73.687 -43.262 -53.762 -23.336 -53.486 -23.06 -73.411 
-63.01 -51.053 -47.134 -39.009 -27.391 -41.718 -43.267 -53.762 
