-37.283 333.824 -20.055 343.84 -25.155 324.575 -42.383 314.559 
151.664 350.825 168.97 360.704 188.194 355.453 170.887 345.573 
314.465 238.934 333.703 233.736 343.63 216.457 324.393 221.655 
350.498 44.839 360.443 27.57 355.265 8.327 345.319 25.596 
221.403 -127.924 238.633 -117.911 233.53 -137.174 216.3 -147.187 
7.999 -158.787 25.262 -148.832 44.508 -153.999 27.245 -163.954 
-147.362 -19.789 -128.119 -24.97 -118.177 -42.239 -137.419 -37.058 
-159.031 188.406 -149.039 171.166 -154.165 151.908 -164.157 169.149 
-42.611 314.432 -61.865 319.574 -56.723 338.826 -37.47 333.684 
151.534 350.72 141.452 367.908 158.64 377.991 168.723 360.803 
333.624 233.916 314.35 238.977 319.411 258.252 338.685 253.191 
360.517 27.795 350.481 45.011 367.697 55.047 377.733 37.831 
252.951 -142.173 233.701 -137.016 238.858 -117.767 258.108 -122.924 
37.499 -181.257 27.485 -164.028 44.714 -154.014 54.728 -171.243 
-123.156 -61.605 -142.423 -56.518 -137.336 -37.251 -118.069 -42.339 
-171.443 141.67 -181.433 158.912 -164.19 168.902 -154.2 151.66 
-173.033 202.685 -153.105 202.72 -138.989 188.655 -158.917 188.619 
-19.889 363.836 -5.765 349.779 -5.717 329.852 -19.841 343.909 
202.517 369.49 202.546 349.562 188.477 335.45 188.448 355.378 
343.752 216.299 363.68 216.319 349.604 202.214 329.675 202.194 
335.278 8.074 355.206 8.107 369.32 -5.962 349.392 -5.994 
201.953 -133.199 216.079 -147.255 216.128 -167.183 202.002 -153.127 
7.743 -138.79 7.767 -158.717 -6.306 -172.825 -6.331 -152.898 
-153.327 -5.533 -133.399 -5.502 -147.468 -19.615 -167.396 -19.645 
-154.999 118.603 -174.675 121.764 -171.514 141.44 -151.838 138.279 
-174.687 121.554 -175.686 101.652 -195.589 102.651 -194.59 122.554 
-66.556 291.63 -78.22 307.786 -62.064 319.451 -50.399 303.295 
-78.401 307.646 -93.184 294.283 -106.547 309.066 -91.764 322.428 
138.051 348.252 118.372 351.394 121.514 371.072 141.193 367.93 
122.329 391.038 121.286 371.138 101.386 372.181 102.429 392.081 
303.101 246.768 291.473 262.952 307.657 274.58 319.284 258.396 
322.267 288.151 307.531 274.737 294.116 289.471 308.851 302.886 
367.727 55.288 348.045 58.418 351.177 78.098 370.857 74.967 
391.86 94.042 390.803 74.142 370.904 75.199 371.961 95.098 
258.311 -122.801 246.643 -106.647 262.797 -94.978 274.466 -111.132 
302.775 -112.349 288.007 -125.729 274.627 -110.961 289.395 -97.582 
74.639 -174.449 54.968 -171.267 58.15 -151.594 77.822 -154.777 
94.76 -175.49 93.749 -195.392 73.848 -194.381 74.858 -174.48 
-111.357 -77.912 -123.021 -61.755 -106.863 -50.091 -95.199 -66.249 
-97.873 -92.85 -112.663 -106.205 -126.018 -91.415 -111.228 -78.06 
-164.45 29.794 -151.641 14.528 -153.379 -5.324 -166.188 9.942 
-164.528 30.012 -175.95 46.343 -172.478 65.966 -161.057 49.635 
-194.708 83.549 -174.929 85.98 -172.498 66.201 -192.277 63.77 
-174.958 86.209 -193.718 92.93 -175.701 101.443 -156.94 94.722 
-136.028 235.601 -137.764 215.749 -153.029 202.94 -151.292 222.792 
-135.889 235.777 -132.413 255.399 -116.08 266.816 -119.556 247.195 
-131.685 279.271 -119.411 294.97 -103.712 282.695 -115.987 266.996 
-84.785 276.112 -103.555 282.807 -112.093 300.813 -93.323 294.118 
9.697 362.689 29.549 360.95 14.283 348.142 -5.569 349.88 
29.764 360.987 46.102 372.396 65.722 368.911 49.384 357.502 
63.498 388.758 83.277 391.19 85.709 371.411 65.93 368.979 
94.446 353.379 85.934 371.397 92.656 390.157 101.168 372.139 
202.761 349.444 222.612 347.698 235.415 332.427 215.564 334.173 
247.027 315.986 235.618 332.325 255.239 328.839 266.648 312.5 
266.825 312.352 279.111 328.042 294.8 315.756 282.514 300.066 
275.928 281.167 282.695 299.91 300.733 308.379 293.966 289.636 
349.65 202.004 362.454 186.734 360.709 166.884 347.906 182.154 
368.695 130.735 357.29 147.076 360.78 166.696 372.186 150.354 
368.735 130.553 388.512 133.001 390.96 113.225 371.183 110.777 
371.933 95.328 353.163 102.024 371.17 110.561 389.939 103.865 
349.278 -6.185 347.539 -26.036 332.273 -38.844 334.011 -18.993 
312.357 -70.076 315.844 -50.456 332.183 -39.048 328.696 -58.669 
299.953 -85.958 312.207 -70.244 327.921 -82.497 315.667 -98.211 
308.325 -104.177 289.571 -97.437 281.078 -79.411 299.83 -86.151 
181.952 -151.496 201.802 -153.247 186.529 -166.045 166.678 -164.294 
130.471 -172.241 146.813 -160.836 166.433 -164.328 150.091 -175.732 
110.454 -174.718 130.235 -172.311 132.643 -192.092 112.861 -194.5 
103.504 -193.47 94.983 -175.456 101.696 -156.694 110.217 -174.708 
-39.172 -135.734 -19.322 -137.5 -6.536 -152.784 -26.385 -151.018 
-59.004 -132.134 -70.395 -115.784 -50.779 -119.29 -39.387 -135.641 
-98.542 -119.066 -86.268 -103.368 -70.569 -115.643 -82.843 -131.341 
-104.475 -111.762 -97.743 -93.005 -79.72 -84.502 -86.452 -103.259 
