-37.319 333.829 -20.026 343.732 -25.252 324.502 -42.545 314.599 
151.706 350.72 168.933 360.737 188.197 355.639 170.97 345.622 
314.416 239.14 333.638 233.881 343.511 216.571 324.289 221.829 
350.473 44.893 360.389 27.607 355.177 8.373 345.262 25.659 
221.587 -127.677 238.902 -117.812 233.634 -137.031 216.319 -146.896 
8.231 -158.839 25.48 -148.86 44.733 -153.999 27.484 -163.979 
-147.347 -19.822 -128.104 -25.0 -118.159 -42.268 -137.402 -37.09 
-159.042 188.375 -149.051 171.134 -154.177 151.877 -164.169 169.118 
-42.801 314.511 -62.017 319.79 -56.737 339.005 -37.521 333.725 
151.484 350.776 141.486 368.013 158.722 378.013 168.721 360.776 
333.54 234.11 314.307 239.325 319.522 258.559 338.755 253.343 
360.446 27.836 350.589 45.155 367.908 55.012 377.765 37.693 
253.099 -142.16 233.864 -136.95 239.074 -117.715 258.309 -122.925 
37.721 -181.249 27.714 -164.017 44.946 -154.009 54.954 -171.242 
-123.092 -61.64 -142.363 -56.567 -137.29 -37.297 -118.019 -42.37 
-171.407 141.63 -181.434 158.851 -164.213 168.879 -154.185 151.658 
-173.074 202.652 -153.146 202.699 -139.022 188.641 -158.95 188.594 
-20.053 363.78 -5.803 349.85 -5.576 329.925 -19.826 343.854 
202.513 369.592 202.458 349.664 188.33 335.611 188.384 355.539 
343.633 216.367 363.56 216.451 349.53 202.301 329.601 202.216 
335.181 7.859 355.107 8.168 369.415 -5.703 349.489 -6.012 
201.749 -133.19 216.105 -147.012 216.482 -166.936 202.127 -153.115 
8.004 -138.797 8.032 -158.724 -6.039 -172.835 -6.067 -152.908 
-153.324 -5.535 -133.396 -5.495 -147.459 -19.615 -167.387 -19.654 
-154.99 118.544 -174.661 121.729 -171.477 141.401 -151.805 138.216 
-174.622 121.504 -175.673 101.604 -195.573 102.655 -194.522 122.555 
-66.51 291.799 -78.272 307.885 -62.188 319.648 -50.425 303.562 
-78.442 307.755 -93.17 294.331 -106.594 309.059 -91.866 322.482 
138.686 348.309 118.926 350.895 121.511 370.653 141.271 368.068 
122.924 390.532 121.282 370.672 101.422 372.315 103.064 392.175 
303.548 246.61 291.415 262.418 307.224 274.551 319.355 258.743 
322.166 287.798 307.104 274.751 294.056 289.811 309.117 302.859 
367.952 55.258 348.2 57.908 350.852 77.658 370.603 75.008 
391.931 93.674 390.491 73.798 370.616 75.239 372.056 95.114 
258.47 -122.769 246.595 -106.766 262.598 -94.891 274.473 -110.894 
302.777 -112.68 287.775 -125.796 274.659 -110.794 289.661 -97.678 
74.845 -174.43 55.164 -171.308 58.287 -151.626 77.968 -154.748 
94.954 -175.416 93.981 -195.319 74.077 -194.345 75.051 -174.442 
-111.29 -77.984 -122.937 -61.815 -106.768 -50.167 -95.121 -66.336 
-97.803 -92.951 -112.59 -106.309 -125.949 -91.522 -111.161 -78.163 
-164.462 29.8 -151.664 14.525 -153.415 -5.326 -166.213 9.949 
-164.523 30.004 -175.925 46.348 -172.43 65.967 -161.028 49.623 
-194.625 83.602 -174.837 85.958 -172.481 66.17 -192.269 63.814 
-174.898 86.158 -193.683 92.806 -175.7 101.389 -156.913 94.741 
-136.008 235.553 -137.764 215.702 -153.042 202.909 -151.285 222.759 
-135.891 235.741 -132.368 255.355 -116.007 266.733 -119.531 247.12 
-131.586 279.173 -119.322 294.88 -103.615 282.615 -115.879 266.909 
-84.639 276.233 -103.461 282.779 -112.142 300.716 -93.319 294.171 
9.724 362.678 29.571 360.882 14.267 348.118 -5.58 349.915 
29.785 360.986 46.109 372.414 65.734 368.953 49.41 357.524 
63.065 388.684 82.779 391.597 85.692 371.884 65.978 368.97 
94.035 353.729 85.934 371.936 93.08 390.538 101.181 372.331 
202.66 349.604 222.507 347.806 235.269 332.502 215.422 334.299 
246.833 316.029 235.429 332.371 255.048 328.88 266.453 312.537 
266.641 312.437 278.509 328.445 294.517 316.577 282.648 300.569 
275.7 281.783 282.79 300.405 300.972 308.56 293.882 289.938 
349.581 202.07 362.317 186.742 360.483 166.9 347.748 182.227 
368.717 130.776 357.203 147.041 360.562 166.683 372.076 150.418 
368.728 130.55 388.5 133.038 390.988 113.266 371.216 110.778 
372.072 95.33 353.277 101.956 371.252 110.56 390.046 103.933 
349.422 -6.209 347.62 -26.054 332.313 -38.813 334.115 -18.968 
312.336 -69.995 315.848 -50.379 332.201 -38.992 328.69 -58.608 
300.035 -85.936 312.254 -70.196 327.995 -82.415 315.775 -98.156 
308.616 -103.987 289.772 -97.504 281.033 -79.595 299.876 -86.078 
182.05 -151.408 201.9 -153.166 186.621 -165.959 166.771 -164.2 
130.604 -172.181 146.944 -160.774 166.564 -164.262 150.224 -175.669 
110.63 -174.783 130.389 -172.196 132.976 -191.955 113.217 -194.542 
103.544 -193.509 95.168 -175.427 102.031 -156.719 110.407 -174.801 
-38.959 -135.848 -19.106 -137.571 -6.286 -152.827 -26.139 -151.104 
-58.784 -132.23 -70.203 -115.899 -50.581 -119.372 -39.162 -135.704 
-98.397 -119.199 -86.125 -103.5 -70.424 -115.773 -82.697 -131.472 
-104.327 -111.844 -97.61 -93.082 -79.593 -84.566 -86.311 -103.327 
