-37.349 333.821 -20.089 343.783 -25.249 324.535 -42.508 314.572 
151.627 350.668 168.858 360.68 188.121 355.576 170.89 345.564 
314.444 239.137 333.671 233.897 343.561 216.596 324.334 221.836 
350.542 44.873 360.452 27.584 355.234 8.351 345.324 25.641 
221.564 -127.825 238.9 -117.996 233.592 -137.204 216.256 -147.032 
8.052 -158.806 25.318 -148.856 44.563 -154.028 27.297 -163.979 
-147.37 -19.733 -128.143 -24.972 -118.253 -42.271 -137.48 -37.032 
-159.01 188.419 -149.062 171.152 -154.237 151.908 -164.185 169.175 
-42.713 314.474 -61.963 319.626 -56.811 338.875 -37.561 333.723 
151.364 350.752 141.403 368.011 158.661 377.973 168.623 360.715 
333.598 234.092 314.32 239.14 319.368 258.418 338.646 253.37 
360.472 27.818 350.545 45.097 367.824 55.024 377.751 37.745 
253.062 -142.215 233.802 -137.098 238.919 -117.838 258.179 -122.955 
37.545 -181.215 27.51 -163.999 44.726 -153.964 54.762 -171.18 
-123.104 -61.588 -142.388 -56.564 -137.364 -37.28 -118.079 -42.305 
-171.414 141.762 -181.447 158.979 -164.23 169.013 -154.196 151.795 
-173.083 202.623 -153.155 202.673 -139.029 188.616 -158.957 188.567 
-20.035 363.827 -5.842 349.84 -5.696 329.913 -19.889 343.901 
202.42 369.56 202.42 349.632 188.329 335.542 188.33 355.47 
343.649 216.41 363.577 216.427 349.499 202.324 329.57 202.308 
335.198 7.932 355.125 8.146 369.366 -5.793 349.439 -6.007 
201.832 -133.183 216.049 -147.147 216.228 -167.075 202.011 -153.111 
7.84 -138.784 7.877 -158.711 -6.188 -172.828 -6.225 -152.901 
-153.369 -5.421 -133.441 -5.389 -147.509 -19.502 -167.437 -19.534 
-154.947 118.711 -174.617 121.905 -171.423 141.575 -151.753 138.381 
-174.648 121.698 -175.703 101.798 -195.603 102.852 -194.548 122.752 
-66.516 291.636 -78.245 307.746 -62.135 319.475 -50.406 303.365 
-78.43 307.622 -93.277 294.33 -106.569 309.178 -91.721 322.468 
138.295 348.354 118.577 351.237 121.459 370.954 141.178 368.071 
122.558 390.835 121.241 370.951 101.357 372.267 102.673 392.152 
303.034 246.989 291.443 263.199 307.653 274.789 319.243 258.58 
322.245 288.423 307.54 274.974 294.091 289.678 308.796 303.126 
367.88 55.253 348.148 58.048 350.943 77.778 370.674 74.983 
391.899 93.754 390.552 73.872 370.67 75.219 372.018 95.102 
258.358 -122.807 246.541 -106.761 262.587 -94.944 274.404 -110.99 
302.708 -112.522 287.809 -125.756 274.575 -110.857 289.474 -97.624 
74.635 -174.449 54.965 -171.26 58.155 -151.588 77.825 -154.778 
94.759 -175.474 93.713 -195.374 73.813 -194.327 74.86 -174.428 
-111.279 -77.94 -122.939 -61.78 -106.778 -50.12 -95.119 -66.281 
-97.808 -92.919 -112.595 -106.278 -125.954 -91.491 -111.167 -78.132 
-164.483 29.941 -151.689 14.662 -153.447 -5.188 -166.24 10.091 
-164.567 30.135 -175.947 46.494 -172.427 66.108 -161.047 49.749 
-194.643 83.668 -174.864 86.097 -172.435 66.318 -192.214 63.889 
-174.896 86.331 -193.68 92.981 -175.696 101.562 -156.91 94.913 
-136.068 235.499 -137.828 215.648 -153.109 202.858 -151.348 222.708 
-135.935 235.67 -132.425 255.287 -116.073 266.676 -119.583 247.061 
-131.702 279.135 -119.453 294.855 -103.734 282.606 -115.982 266.887 
-84.736 276.208 -103.557 282.759 -112.232 300.699 -93.412 294.148 
9.679 362.656 29.527 360.874 14.232 348.1 -5.616 349.882 
29.74 360.957 46.082 372.36 65.701 368.868 49.359 357.465 
63.267 388.621 83.016 391.281 85.677 371.532 65.928 368.871 
94.386 353.537 85.902 371.568 92.653 390.318 101.137 372.287 
202.646 349.565 222.497 347.806 235.289 332.527 215.439 334.285 
246.889 316.059 235.471 332.392 255.094 328.916 266.511 312.584 
266.716 312.485 279.048 328.139 294.701 315.808 282.369 300.154 
275.95 281.172 282.532 299.98 300.486 308.626 293.904 289.817 
349.538 202.103 362.315 186.81 360.536 166.963 347.759 182.255 
368.646 130.81 357.191 147.117 360.621 166.747 372.077 150.441 
368.673 130.572 388.425 133.213 391.066 113.461 371.314 110.82 
372.014 95.341 353.295 102.174 371.363 110.579 390.083 103.746 
349.384 -6.23 347.588 -26.075 332.285 -38.839 334.081 -18.993 
312.359 -70.072 315.817 -50.447 332.139 -39.015 328.681 -58.641 
299.913 -85.918 312.252 -70.271 327.899 -82.61 315.56 -98.257 
308.426 -104.004 289.605 -97.454 280.93 -79.514 299.749 -86.064 
181.935 -151.462 201.786 -153.207 186.517 -166.01 166.665 -164.266 
130.461 -172.212 146.816 -160.826 166.432 -164.341 150.076 -175.726 
110.447 -174.66 130.229 -172.255 132.634 -192.037 112.852 -194.442 
103.549 -193.493 94.986 -175.499 101.654 -156.72 110.217 -174.715 
-39.075 -135.814 -19.223 -137.556 -6.419 -152.825 -26.269 -151.083 
-58.883 -132.206 -70.292 -115.868 -50.672 -119.353 -39.263 -135.691 
-98.454 -119.152 -86.175 -103.457 -70.48 -115.737 -82.759 -131.431 
-104.357 -111.816 -97.638 -93.055 -79.621 -84.54 -86.34 -103.301 
