-37.233 333.849 -19.911 343.702 -25.192 324.487 -42.513 314.633 
151.661 350.613 168.881 360.642 188.149 355.557 170.929 345.528 
314.372 239.363 333.571 234.023 343.371 216.671 324.172 222.011 
350.825 45.176 360.528 27.769 355.081 8.601 345.378 26.007 
221.441 -127.831 238.598 -117.694 233.633 -136.994 216.476 -147.13 
8.136 -158.831 25.354 -148.799 44.623 -153.88 27.405 -163.913 
-147.278 -19.839 -128.031 -25.005 -118.075 -42.267 -137.322 -37.101 
-158.977 188.37 -149.107 171.059 -154.368 151.838 -164.239 169.149 
-42.777 314.576 -61.979 319.907 -56.648 339.108 -37.446 333.777 
151.402 350.721 141.443 367.981 158.703 377.941 168.662 360.68 
333.428 234.215 314.226 239.547 319.559 258.748 338.76 253.416 
360.571 27.985 350.775 45.338 368.128 55.135 377.924 37.781 
253.187 -141.803 233.864 -136.928 238.738 -117.606 258.061 -122.48 
37.652 -181.163 27.62 -163.945 44.838 -153.912 54.87 -171.13 
-123.055 -61.655 -142.319 -56.553 -137.218 -37.29 -117.954 -42.392 
-171.556 141.692 -181.55 158.932 -164.31 168.926 -154.316 151.686 
-172.893 202.781 -152.965 202.656 -138.963 188.477 -158.891 188.602 
-20.018 363.738 -5.72 349.859 -5.423 329.934 -19.722 343.814 
202.406 369.545 202.421 349.617 188.341 335.516 188.326 355.444 
343.435 216.442 363.362 216.616 349.395 202.402 329.467 202.229 
335.062 7.791 354.981 8.395 369.493 -5.262 349.574 -5.866 
202.354 -133.01 216.274 -147.27 216.033 -167.197 202.113 -152.937 
8.014 -138.817 7.942 -158.744 -6.2 -172.784 -6.128 -152.857 
-153.209 -5.552 -133.281 -5.572 -147.386 -19.649 -167.314 -19.628 
-154.905 118.78 -174.606 121.78 -171.605 141.481 -151.905 138.481 
-174.614 121.576 -175.395 101.664 -195.308 102.444 -194.527 122.357 
-67.087 291.998 -78.487 308.341 -62.144 319.743 -50.743 303.399 
-78.678 308.217 -92.883 294.242 -106.859 308.448 -92.653 322.422 
139.031 348.236 119.225 350.438 121.427 370.243 141.233 368.042 
123.503 390.047 121.214 370.251 101.418 372.54 103.706 392.336 
304.239 246.101 291.383 261.327 306.609 274.183 319.464 258.957 
322.154 286.599 306.453 274.328 294.182 290.029 309.883 302.299 
368.203 55.328 348.425 57.776 350.873 77.552 370.65 75.104 
391.942 93.778 390.539 73.9 370.662 75.302 372.064 95.18 
258.194 -122.315 246.694 -106.04 262.969 -94.541 274.469 -110.815 
302.765 -112.561 287.781 -125.697 274.644 -110.712 289.629 -97.577 
74.749 -174.436 55.089 -171.184 58.341 -151.523 78.001 -154.775 
94.882 -175.279 94.051 -195.189 74.142 -194.358 74.972 -174.448 
-111.251 -77.969 -122.915 -61.811 -106.757 -50.147 -95.093 -66.305 
-97.733 -92.89 -112.489 -106.284 -125.882 -91.528 -111.126 -78.134 
-164.299 29.802 -151.511 14.519 -153.277 -5.331 -166.064 9.953 
-164.383 30.03 -175.814 46.353 -172.355 65.978 -160.924 49.655 
-194.733 83.364 -174.978 85.978 -172.364 66.223 -192.119 63.609 
-175.031 86.208 -193.637 93.344 -175.435 101.455 -156.829 94.319 
-135.939 235.578 -137.628 215.722 -152.863 202.877 -151.173 222.733 
-135.814 235.775 -132.276 255.386 -115.906 266.751 -119.446 247.141 
-131.335 279.416 -118.867 294.962 -103.322 282.493 -115.79 266.948 
-84.341 276.12 -103.163 282.666 -111.844 300.604 -93.022 294.058 
9.76 362.712 29.612 360.972 14.345 348.166 -5.507 349.905 
29.815 361.049 46.16 372.448 65.779 368.95 49.433 357.551 
63.211 388.683 82.941 391.479 85.737 371.748 66.006 368.953 
94.518 353.792 85.964 371.79 92.642 390.566 101.196 372.568 
202.615 349.553 222.467 347.816 235.276 332.55 215.424 334.287 
246.804 316.055 235.436 332.423 255.048 328.887 266.415 312.52 
266.572 312.386 278.233 328.546 294.393 316.886 282.732 300.726 
275.932 281.929 282.901 300.598 301.029 308.871 294.06 290.202 
349.5 202.19 362.248 186.873 360.43 167.029 347.683 182.346 
368.57 130.875 357.074 147.153 360.456 166.792 371.952 150.514 
368.624 130.638 388.427 132.862 390.65 113.058 370.847 110.835 
372.078 95.394 353.107 101.496 370.836 110.596 389.807 104.494 
349.469 -6.08 347.7 -25.928 332.413 -38.713 334.182 -18.864 
312.273 -69.82 315.875 -50.221 332.28 -38.909 328.679 -58.509 
300.206 -85.966 312.137 -70.006 328.098 -81.937 316.166 -97.897 
308.514 -104.185 289.772 -97.411 281.311 -79.369 300.052 -86.143 
182.022 -151.237 201.873 -152.973 186.609 -165.783 166.757 -164.047 
130.59 -172.154 146.89 -160.691 166.522 -164.111 150.222 -175.575 
110.591 -174.816 130.343 -172.175 132.984 -191.927 113.232 -194.568 
103.298 -193.459 95.107 -175.293 102.16 -156.656 110.351 -174.822 
-38.99 -135.767 -19.139 -137.518 -6.342 -152.793 -26.192 -151.042 
-58.8 -132.156 -70.217 -115.824 -50.595 -119.299 -39.178 -135.632 
-98.391 -119.162 -86.127 -103.456 -70.42 -115.72 -82.683 -131.426 
-104.328 -111.753 -97.553 -93.012 -79.511 -84.551 -86.286 -103.292 
