-37.309 333.911 -20.012 343.808 -25.245 324.579 -42.542 314.682 
151.646 350.721 168.895 360.702 188.148 355.562 170.9 345.582 
314.281 238.915 333.537 233.787 343.527 216.544 324.271 221.672 
350.308 44.766 360.348 27.551 355.275 8.28 345.235 25.494 
221.551 -127.923 238.827 -117.991 233.634 -137.23 216.358 -147.162 
8.141 -158.811 25.432 -148.905 44.664 -154.126 27.373 -164.033 
-147.351 -19.846 -128.1 -24.995 -118.129 -42.248 -137.38 -37.099 
-159.103 188.267 -149.146 171.006 -154.311 151.759 -164.268 169.02 
-42.532 314.571 -61.823 319.57 -56.825 338.86 -37.534 333.861 
151.496 350.695 141.422 367.888 158.614 377.963 168.689 360.77 
333.407 233.997 314.186 239.257 319.446 258.479 338.667 253.219 
360.423 27.761 350.426 45.0 367.664 54.997 377.661 37.758 
253.111 -142.184 233.821 -137.18 238.825 -117.89 258.115 -122.894 
37.623 -181.28 27.584 -164.065 44.798 -154.026 54.837 -171.24 
-123.147 -61.668 -142.407 -56.553 -137.292 -37.294 -118.031 -42.409 
-171.484 141.538 -181.521 158.754 -164.305 168.791 -154.269 151.575 
-173.095 202.55 -153.167 202.58 -139.055 188.509 -158.983 188.48 
-19.865 363.845 -5.732 349.797 -5.671 329.87 -19.804 343.918 
202.469 369.58 202.447 349.652 188.341 335.576 188.363 355.504 
343.616 216.321 363.544 216.439 349.538 202.264 329.609 202.146 
335.304 8.115 355.232 8.063 369.286 -6.065 349.358 -6.013 
202.158 -133.067 216.172 -147.234 216.064 -167.162 202.05 -152.995 
7.888 -138.785 7.954 -158.712 -6.091 -172.85 -6.157 -152.923 
-153.321 -5.585 -133.393 -5.549 -147.459 -19.666 -167.387 -19.701 
-155.039 118.491 -174.715 121.654 -171.552 141.33 -151.876 138.167 
-174.711 121.442 -175.658 101.536 -195.563 102.483 -194.617 122.388 
-66.522 291.621 -78.17 307.79 -62.002 319.438 -50.354 303.27 
-78.347 307.64 -93.189 294.342 -106.486 309.184 -91.644 322.481 
138.148 348.211 118.458 351.283 121.53 370.972 141.22 367.9 
122.549 390.9 121.346 371.008 101.454 372.212 102.657 392.103 
303.389 246.757 291.447 262.71 307.4 274.653 319.341 258.7 
322.201 287.937 307.226 274.791 294.079 289.766 309.054 302.912 
367.668 55.215 347.988 58.353 351.127 78.031 370.806 74.893 
391.778 93.963 390.736 74.062 370.836 75.105 371.879 95.006 
258.296 -122.795 246.635 -106.636 262.795 -94.975 274.456 -111.134 
302.748 -112.336 287.99 -125.728 274.599 -110.97 289.356 -97.58 
74.726 -174.428 55.048 -171.283 58.194 -151.604 77.871 -154.75 
94.843 -175.411 93.876 -195.314 73.972 -194.347 74.939 -174.444 
-111.324 -77.978 -123.009 -61.835 -106.866 -50.151 -95.182 -66.293 
-97.839 -92.937 -112.619 -106.303 -125.985 -91.523 -111.205 -78.157 
-164.429 29.745 -151.625 14.475 -153.369 -5.377 -166.173 9.893 
-164.513 29.945 -175.948 46.266 -172.494 65.892 -161.059 49.571 
-194.726 83.431 -174.949 85.881 -172.499 66.105 -192.276 63.655 
-174.994 86.09 -193.73 92.876 -175.684 101.327 -156.947 94.541 
-136.066 235.465 -137.811 215.614 -153.082 202.812 -151.336 222.663 
-135.903 235.653 -132.424 255.275 -116.089 266.689 -119.569 247.069 
-131.747 279.066 -119.584 294.851 -103.798 282.688 -115.961 266.903 
-84.875 276.115 -103.622 282.872 -112.1 300.906 -93.353 294.149 
9.773 362.646 29.623 360.887 14.343 348.095 -5.507 349.854 
29.845 360.986 46.191 372.383 65.809 368.884 49.463 357.487 
63.38 388.671 83.128 391.335 85.793 371.586 66.044 368.922 
94.341 353.516 86.011 371.62 92.922 390.311 101.252 372.208 
202.647 349.545 222.497 347.776 235.281 332.49 215.432 334.259 
246.871 316.049 235.485 332.404 255.101 328.89 266.487 312.535 
266.644 312.394 278.712 328.252 294.57 316.184 282.501 300.326 
275.914 281.489 282.693 300.227 300.736 308.684 293.957 289.946 
349.617 202.032 362.412 186.755 360.658 166.906 347.862 182.183 
368.697 130.718 357.265 147.04 360.723 166.666 372.156 150.343 
368.739 130.479 388.526 132.84 390.887 113.053 371.1 110.692 
371.866 95.227 353.105 101.945 371.121 110.461 389.883 103.743 
349.247 -6.204 347.526 -26.057 332.27 -38.878 333.991 -19.025 
312.347 -70.097 315.847 -50.479 332.193 -39.082 328.693 -58.7 
299.828 -85.883 312.21 -70.271 327.823 -82.654 315.44 -98.266 
308.322 -104.054 289.527 -97.432 280.919 -79.46 299.714 -86.081 
181.982 -151.346 201.835 -153.066 186.581 -165.888 166.727 -164.168 
130.538 -172.187 146.867 -160.764 166.491 -164.233 150.162 -175.656 
110.525 -174.7 130.299 -172.23 132.769 -192.004 112.995 -194.474 
103.508 -193.47 95.061 -175.421 101.851 -156.686 110.298 -174.735 
-39.036 -135.882 -19.183 -137.612 -6.369 -152.872 -26.221 -151.143 
-58.836 -132.24 -70.251 -115.907 -50.629 -119.384 -39.214 -135.719 
-98.452 -119.235 -86.195 -103.523 -70.483 -115.781 -82.74 -131.492 
-104.371 -111.852 -97.664 -93.087 -79.652 -84.561 -86.36 -103.326 
