2.659 238.585 16.437 252.983 16.875 233.06 3.097 218.662 
114.412 249.609 127.708 264.453 147.606 265.547 134.31 250.703 
214.662 195.99 234.535 197.46 249.628 184.447 229.754 182.976 
250.393 88.15 265.879 75.609 267.962 55.79 252.475 68.331 
189.139 -31.706 201.28 -15.903 203.869 -35.662 191.728 -51.465 
57.198 -74.857 69.363 -59.072 89.125 -56.512 76.961 -72.296 
-56.181 10.573 -36.286 11.723 -21.406 -1.531 -41.301 -2.681 
-70.122 149.679 -56.098 135.523 -56.191 115.595 -70.215 129.752 
-4.133 219.845 -22.871 226.63 -16.086 245.366 2.651 238.581 
109.499 256.342 101.387 274.543 119.588 282.656 127.7 264.455 
234.53 197.466 215.882 204.49 222.906 223.139 241.555 216.114 
265.876 75.615 257.229 93.568 275.182 102.216 283.83 84.262 
223.002 -41.25 203.875 -35.657 209.468 -16.53 228.595 -22.123 
87.729 -89.067 76.965 -72.296 93.736 -61.533 104.5 -78.304 
-26.279 -26.531 -45.712 -22.116 -41.297 -2.684 -21.864 -7.099 
-78.519 102.814 -87.834 120.431 -70.217 129.746 -60.902 112.129 
-90.05 149.51 -76.083 163.725 -56.156 163.901 -70.123 149.686 
1.796 266.5 21.707 267.301 36.353 253.789 16.442 252.988 
146.446 285.44 161.34 272.2 162.51 252.307 147.617 265.547 
249.633 184.44 262.273 199.846 264.229 180.016 251.588 164.609 
255.87 39.94 267.96 55.781 287.711 58.433 275.62 42.592 
172.044 -54.618 191.722 -51.47 207.862 -63.159 188.185 -66.306 
42.384 -61.524 57.193 -74.857 58.238 -94.757 43.428 -81.425 
-69.937 17.173 -55.098 30.475 -56.185 10.577 -71.024 -2.725 
-84.965 75.374 -95.462 92.314 -78.522 102.81 -68.026 85.871 
-95.462 92.312 -105.961 109.25 -89.023 119.749 -78.524 102.812 
-48.224 214.308 -41.709 233.14 -22.877 226.627 -29.391 207.794 
-41.712 233.139 -35.2 251.973 -16.367 245.461 -22.879 226.628 
83.208 266.37 75.031 284.543 93.204 292.719 101.38 274.546 
101.426 274.568 93.2 292.719 111.351 300.945 119.577 282.794 
204.224 230.084 211.165 248.764 229.845 241.823 222.903 223.144 
222.979 223.113 229.843 241.821 248.551 234.958 241.687 216.251 
275.184 102.221 266.483 120.15 284.41 128.85 293.112 110.922 
284.086 84.227 275.25 102.089 293.112 110.924 301.947 93.061 
228.6 -22.121 234.766 -3.172 253.716 -9.338 247.55 -28.288 
223.201 -42.475 228.282 -23.206 247.551 -28.287 242.47 -47.555 
113.569 -96.05 104.503 -78.305 122.249 -69.239 131.315 -86.984 
98.432 -109.01 85.473 -93.872 100.61 -80.913 113.569 -96.051 
-31.093 -45.872 -26.277 -26.535 -6.94 -31.351 -11.756 -50.688 
-51.008 -45.178 -50.317 -25.263 -30.401 -25.953 -31.092 -45.869 
-92.634 46.173 -75.282 36.374 -69.941 17.175 -87.293 26.974 
-92.636 46.178 -104.573 62.135 -101.731 81.859 -89.794 65.902 
-129.852 83.729 -114.859 96.857 -101.732 81.864 -116.724 68.736 
-114.861 96.86 -125.362 113.796 -105.962 109.246 -95.46 92.31 
-72.082 200.335 -66.502 181.204 -76.084 163.732 -81.663 182.863 
-72.08 200.341 -68.401 219.926 -51.95 231.173 -55.63 211.589 
-71.817 232.695 -70.3 252.566 -50.43 251.048 -51.947 231.178 
-41.713 233.133 -50.428 251.055 -43.918 269.889 -35.203 251.968 
30.086 285.389 48.795 292.253 40.42 274.171 21.711 267.307 
48.8 292.257 65.697 302.821 85.115 298.342 68.218 287.779 
72.097 313.421 87.178 326.447 100.204 311.366 85.124 298.34 
93.189 292.724 100.212 311.373 118.366 319.594 111.343 300.945 
161.35 272.2 179.623 280.151 198.166 272.853 179.893 264.901 
208.619 255.879 198.175 272.852 217.561 268.235 228.005 251.263 
228.013 251.257 229.067 271.157 248.966 270.103 247.912 250.203 
229.84 241.823 247.92 250.202 266.629 243.344 248.549 234.965 
264.238 180.013 282.933 173.111 291.272 155.013 272.577 161.914 
298.052 118.812 287.167 135.505 291.273 155.005 302.158 138.312 
298.056 118.807 312.307 132.736 326.236 118.485 311.985 104.556 
301.95 93.067 293.109 110.926 311.989 104.55 320.83 86.691 
275.621 42.584 283.465 24.265 276.057 5.766 268.214 24.084 
256.722 -25.576 259.898 -5.903 276.054 5.761 272.878 -13.912 
257.589 -45.49 256.717 -25.582 276.625 -24.71 277.497 -44.618 
252.508 -64.768 242.474 -47.551 247.554 -28.282 257.587 -45.499 
169.366 -72.875 188.181 -66.311 179.518 -84.257 160.702 -90.82 
125.331 -101.066 140.893 -88.619 160.699 -90.821 145.137 -103.269 
112.036 -115.916 125.326 -101.067 140.175 -114.358 126.884 -129.206 
96.896 -128.879 98.435 -109.011 113.571 -96.05 112.033 -115.918 
6.846 -77.206 26.009 -71.74 43.424 -81.425 24.262 -86.892 
-13.001 -75.366 -25.732 -60.036 -5.89 -61.874 6.841 -77.205 
-46.225 -79.384 -45.656 -59.465 -25.737 -60.033 -26.305 -79.952 
-65.576 -58.777 -51.007 -45.181 -31.091 -45.869 -45.661 -59.465 
