-37.263 333.94 -19.992 343.882 -25.174 324.64 -42.445 314.698 
151.718 350.589 168.951 360.597 188.213 355.488 170.98 345.48 
314.449 238.899 333.692 233.72 343.636 216.45 324.393 221.63 
350.383 44.845 360.379 27.606 355.258 8.348 345.261 25.587 
221.455 -127.914 238.701 -117.93 233.566 -137.185 216.32 -147.169 
8.052 -158.794 25.347 -148.895 44.576 -154.124 27.281 -164.024 
-147.382 -19.835 -128.147 -25.043 -118.229 -42.327 -137.464 -37.118 
-159.071 188.369 -149.14 171.093 -154.334 151.854 -164.265 169.13 
-42.549 314.581 -61.82 319.656 -56.745 338.926 -37.474 333.851 
151.461 350.665 141.495 367.921 158.75 377.888 168.717 360.632 
333.607 233.882 314.343 238.984 319.445 258.247 338.709 253.146 
360.465 27.817 350.463 45.053 367.698 55.055 377.7 37.819 
253.021 -142.157 233.758 -137.049 238.866 -117.787 258.128 -122.894 
37.572 -181.294 27.495 -164.102 44.687 -154.025 54.764 -171.217 
-123.126 -61.65 -142.406 -56.609 -137.366 -37.33 -118.086 -42.371 
-171.453 141.644 -181.495 158.857 -164.282 168.899 -154.24 151.686 
-173.068 202.645 -153.14 202.672 -139.03 188.601 -158.958 188.573 
-19.834 363.928 -5.723 349.857 -5.695 329.93 -19.805 344.001 
202.497 369.487 202.526 349.559 188.456 335.448 188.427 355.376 
343.71 216.302 363.638 216.333 349.57 202.22 329.641 202.189 
335.273 8.102 355.201 8.132 369.313 -5.938 349.385 -5.968 
201.981 -133.171 216.094 -147.24 216.125 -167.168 202.012 -153.099 
7.81 -138.813 7.834 -158.74 -6.24 -172.849 -6.264 -152.922 
-153.343 -5.544 -133.415 -5.514 -147.485 -19.626 -167.413 -19.657 
-155.018 118.594 -174.694 121.753 -171.535 141.429 -151.858 138.27 
-174.674 121.538 -175.676 101.635 -195.578 102.636 -194.577 122.539 
-66.483 291.678 -78.146 307.835 -61.99 319.499 -50.326 303.342 
-78.336 307.712 -93.123 294.353 -106.482 309.14 -91.695 322.498 
138.107 348.312 118.433 351.482 121.603 371.155 141.277 367.985 
122.392 391.046 121.381 371.144 101.478 372.155 102.489 392.057 
303.137 246.729 291.479 262.892 307.642 274.549 319.298 258.387 
322.303 288.069 307.515 274.712 294.157 289.5 308.945 302.856 
367.715 55.281 348.038 58.441 351.2 78.116 370.875 74.956 
391.833 94.055 390.822 74.152 370.921 75.163 371.932 95.066 
258.331 -122.779 246.653 -106.632 262.8 -94.954 274.478 -111.101 
302.775 -112.363 287.993 -125.728 274.628 -110.946 289.41 -97.582 
74.662 -174.401 54.987 -171.238 58.151 -151.563 77.825 -154.726 
94.772 -175.453 93.763 -195.354 73.861 -194.344 74.871 -174.443 
-111.322 -77.976 -123.001 -61.829 -106.854 -50.151 -95.175 -66.297 
-97.831 -92.917 -112.619 -106.274 -125.977 -91.487 -111.189 -78.129 
-164.468 29.793 -151.666 14.522 -153.411 -5.329 -166.214 9.942 
-164.529 30.01 -175.943 46.345 -172.463 65.967 -161.049 49.631 
-194.696 83.549 -174.916 85.97 -172.496 66.19 -192.276 63.769 
-174.952 86.189 -193.713 92.905 -175.699 101.423 -156.936 94.707 
-136.053 235.555 -137.799 215.704 -153.072 202.903 -151.324 222.754 
-135.903 235.752 -132.416 255.372 -116.077 266.781 -119.564 247.161 
-131.659 279.272 -119.387 294.974 -103.686 282.702 -115.957 267.001 
-84.749 276.155 -103.511 282.87 -112.029 300.886 -93.267 294.17 
9.765 362.709 29.616 360.961 14.344 348.16 -5.507 349.908 
29.827 361.041 46.166 372.448 65.786 368.961 49.447 357.554 
63.591 388.751 83.371 391.175 85.795 371.395 66.015 368.971 
94.536 353.428 86.021 371.445 92.74 390.206 101.255 372.189 
202.746 349.482 222.596 347.722 235.387 332.442 215.537 334.202 
246.98 315.959 235.581 332.305 255.199 328.807 266.599 312.462 
266.805 312.324 279.085 328.019 294.779 315.739 282.498 300.045 
275.97 281.129 282.688 299.889 300.704 308.405 293.986 289.645 
349.665 202.046 362.466 186.774 360.719 166.923 347.918 182.196 
368.671 130.744 357.261 147.082 360.746 166.703 372.156 150.365 
368.744 130.524 388.523 132.951 390.95 113.172 371.17 110.745 
371.91 95.281 353.146 101.992 371.159 110.514 389.923 103.803 
349.274 -6.166 347.536 -26.017 332.269 -38.825 334.008 -18.974 
312.358 -70.076 315.836 -50.454 332.169 -39.039 328.691 -58.661 
299.937 -85.959 312.208 -70.258 327.909 -82.528 315.639 -98.229 
308.34 -104.158 289.576 -97.449 281.052 -79.437 299.816 -86.146 
181.94 -151.458 201.79 -153.202 186.521 -166.006 166.669 -164.261 
130.469 -172.217 146.805 -160.803 166.426 -164.284 150.09 -175.697 
110.457 -174.701 130.236 -172.273 132.664 -192.052 112.885 -194.48 
103.508 -193.454 94.989 -175.439 101.703 -156.677 110.222 -174.692 
-39.106 -135.773 -19.255 -137.528 -6.461 -152.805 -26.31 -151.05 
-58.938 -132.207 -70.343 -115.867 -50.724 -119.356 -39.319 -135.697 
-98.473 -119.148 -86.209 -103.443 -70.502 -115.708 -82.767 -131.413 
-104.428 -111.848 -97.706 -93.088 -79.688 -84.576 -86.41 -103.336 
