-37.057 334.023 -19.666 343.754 -25.082 324.576 -42.473 314.845 
151.797 350.341 168.99 360.416 188.272 355.382 171.078 345.307 
314.477 238.819 333.705 233.582 343.597 216.283 324.37 221.52 
350.33 44.742 360.446 27.572 355.458 8.279 345.342 25.449 
221.262 -127.871 238.395 -117.694 233.476 -137.005 216.343 -147.182 
7.968 -158.803 25.168 -148.739 44.446 -153.786 27.246 -163.849 
-147.381 -19.646 -128.127 -24.785 -118.146 -42.032 -137.4 -36.893 
-158.838 188.674 -148.797 171.462 -153.868 152.19 -163.909 169.402 
-42.619 314.745 -61.811 320.11 -56.447 339.302 -37.254 333.937 
151.552 350.398 141.504 367.606 158.711 377.655 168.76 360.447 
333.614 233.786 314.412 239.119 319.746 258.32 338.947 252.987 
360.472 27.794 350.332 44.949 367.487 55.089 377.627 37.934 
253.018 -141.838 233.711 -136.901 238.648 -117.594 257.955 -122.531 
37.632 -181.036 27.478 -163.889 44.625 -153.736 54.779 -170.882 
-123.084 -61.431 -142.353 -56.346 -137.269 -37.079 -118.0 -42.163 
-171.128 141.922 -181.178 159.129 -163.97 169.18 -153.92 151.972 
-172.65 203.186 -152.724 202.88 -138.852 188.574 -158.777 188.88 
-19.76 363.775 -5.472 349.885 -5.19 329.96 -19.478 343.85 
202.332 369.582 202.653 349.656 188.791 335.34 188.47 355.265 
343.71 216.096 363.632 216.585 349.892 202.152 329.969 201.663 
335.435 7.926 355.362 8.086 369.566 -5.892 349.639 -6.052 
202.364 -132.916 216.133 -147.323 215.682 -167.246 201.913 -152.839 
7.978 -138.796 7.753 -158.722 -6.496 -172.653 -6.271 -152.727 
-153.203 -5.322 -133.275 -5.407 -147.426 -19.438 -167.353 -19.354 
-155.171 118.49 -174.769 122.099 -171.16 141.698 -151.562 138.089 
-174.803 121.869 -175.348 101.948 -195.268 102.493 -194.723 122.414 
-66.213 292.101 -78.037 308.142 -61.997 319.966 -50.173 303.925 
-78.237 308.002 -92.285 293.869 -106.419 307.917 -92.371 322.05 
136.61 348.313 117.238 352.991 121.916 372.361 141.287 367.683 
121.218 392.278 121.7 372.356 101.778 371.875 101.296 391.797 
303.273 247.06 291.845 263.385 308.169 274.814 319.597 258.489 
322.395 288.813 308.037 274.996 294.218 289.353 308.576 303.171 
367.537 55.312 348.139 59.884 352.712 79.279 372.109 74.707 
390.694 96.085 391.973 76.198 372.087 74.92 370.808 94.806 
258.137 -122.363 246.313 -106.323 262.353 -94.498 274.178 -110.539 
302.357 -113.632 286.748 -126.02 274.36 -110.41 289.97 -98.024 
74.64 -174.302 54.998 -170.944 58.356 -151.301 77.998 -154.659 
94.743 -175.62 93.422 -195.503 73.539 -194.182 74.86 -174.299 
-111.38 -77.859 -122.978 -61.653 -106.772 -50.056 -95.175 -66.261 
-97.793 -92.748 -112.54 -106.151 -125.943 -91.405 -111.197 -78.001 
-164.243 30.039 -151.476 14.738 -153.268 -5.109 -166.035 10.192 
-164.279 30.271 -175.686 46.611 -172.198 66.231 -160.791 49.891 
-194.574 83.636 -174.815 86.226 -172.224 66.468 -191.983 63.877 
-174.813 86.466 -193.482 93.435 -175.353 101.708 -156.684 94.738 
-135.639 235.719 -137.382 215.867 -152.652 203.063 -150.908 222.915 
-135.525 235.878 -132.142 255.517 -115.864 267.012 -119.247 247.374 
-131.607 279.335 -119.482 295.15 -103.667 283.025 -115.792 267.21 
-85.282 275.072 -103.489 283.174 -110.633 301.777 -92.427 293.675 
10.052 362.676 29.896 360.85 14.574 348.109 -5.271 349.935 
30.101 360.911 46.492 372.243 66.096 368.665 49.705 357.333 
64.683 388.54 84.544 390.171 86.174 370.31 66.313 368.679 
95.862 352.818 86.392 370.351 92.094 389.446 101.564 371.913 
202.874 349.587 222.707 347.641 235.355 332.242 215.522 334.187 
246.904 315.726 235.543 332.098 255.153 328.555 266.514 312.183 
266.72 312.058 279.603 327.262 294.806 314.379 281.923 299.175 
276.615 279.851 282.106 299.007 299.533 308.67 294.042 289.514 
349.944 201.944 362.482 186.455 360.394 166.637 347.857 182.127 
368.85 130.576 357.238 146.772 360.479 166.434 372.091 150.239 
368.859 130.352 388.732 131.823 390.203 111.949 370.329 110.478 
370.821 95.017 352.2 102.118 370.387 110.263 389.007 103.163 
349.559 -6.25 347.741 -26.093 332.423 -38.84 334.241 -18.996 
312.202 -69.882 315.864 -50.294 332.304 -39.033 328.642 -58.621 
300.098 -86.015 312.057 -70.076 327.997 -82.036 316.037 -97.975 
309.114 -103.883 290.118 -97.861 280.945 -80.17 299.94 -86.193 
181.819 -151.245 201.677 -152.899 186.467 -165.772 166.607 -164.118 
130.409 -172.062 146.77 -160.684 166.384 -164.207 150.023 -175.585 
110.389 -174.44 130.176 -172.076 132.54 -191.863 112.753 -194.227 
103.969 -193.422 94.959 -175.647 101.157 -156.708 110.167 -174.483 
-39.139 -135.644 -19.287 -137.384 -6.481 -152.651 -26.332 -150.911 
-58.947 -132.035 -70.334 -115.683 -50.719 -119.193 -39.331 -135.546 
-98.469 -118.958 -86.183 -103.269 -70.493 -115.556 -82.779 -131.245 
-104.4 -111.678 -97.661 -92.924 -79.635 -84.429 -86.374 -103.183 
