-37.152 333.842 -19.996 343.982 -24.958 324.681 -42.113 314.542 
151.677 350.724 168.97 360.627 188.2 355.401 170.907 345.498 
314.363 238.773 333.644 233.737 343.717 216.542 324.437 221.578 
350.452 44.779 360.409 27.517 355.244 8.27 345.287 25.532 
221.338 -128.125 238.509 -118.01 233.52 -137.303 216.349 -147.418 
7.963 -158.783 25.219 -148.816 44.468 -153.97 27.212 -163.937 
-147.396 -19.706 -128.168 -24.941 -118.274 -42.238 -137.502 -37.004 
-158.963 188.405 -149.066 171.11 -154.297 151.881 -164.194 169.176 
-42.338 314.42 -61.631 319.41 -56.641 338.702 -37.348 333.712 
151.481 350.809 141.567 368.095 158.852 378.01 168.767 360.724 
333.504 233.92 314.189 238.822 319.091 258.138 338.407 253.235 
360.503 27.727 350.439 44.926 367.639 54.99 377.703 37.79 
253.019 -142.064 233.703 -137.163 238.604 -117.847 257.92 -122.748 
37.487 -181.212 27.428 -164.009 44.63 -153.95 54.689 -171.152 
-123.169 -61.528 -142.454 -56.507 -137.433 -37.223 -118.148 -42.244 
-171.476 141.731 -181.501 158.954 -164.278 168.979 -154.254 151.756 
-173.019 202.687 -153.091 202.707 -138.986 188.63 -158.914 188.61 
-19.542 364.004 -5.616 349.751 -5.847 329.825 -19.773 344.079 
202.492 369.454 202.512 349.526 188.435 335.421 188.416 355.349 
343.791 216.327 363.718 216.146 349.501 202.184 329.573 202.364 
335.254 8.163 355.182 8.046 369.189 -6.128 349.262 -6.011 
202.318 -133.128 216.133 -147.489 215.747 -167.413 201.932 -153.052 
7.801 -138.81 7.751 -158.737 -6.375 -172.793 -6.325 -152.866 
-153.337 -5.41 -133.409 -5.417 -147.505 -19.503 -167.433 -19.495 
-154.948 118.714 -174.627 121.854 -171.487 141.533 -151.808 138.393 
-174.662 121.662 -175.666 101.759 -195.569 102.763 -194.565 122.665 
-66.65 291.513 -78.115 307.811 -61.817 319.278 -50.351 302.979 
-78.276 307.664 -93.119 294.368 -106.415 309.211 -91.573 322.506 
137.944 348.464 118.31 351.873 121.718 371.506 141.352 368.098 
121.967 391.48 121.516 371.557 101.593 372.008 102.044 391.931 
302.242 247.529 291.437 264.274 308.181 275.079 318.985 258.335 
322.147 289.287 308.026 275.227 293.966 289.348 308.087 303.407 
367.651 55.216 347.985 58.44 351.21 78.104 370.875 74.88 
391.897 93.93 390.828 74.031 370.929 75.1 371.999 94.999 
258.118 -122.63 246.761 -106.255 263.136 -94.899 274.493 -111.274 
302.81 -111.942 288.312 -125.614 274.64 -111.116 289.138 -97.445 
74.592 -174.432 54.932 -171.18 58.184 -151.519 77.844 -154.771 
94.74 -175.403 93.807 -195.308 73.902 -194.375 74.835 -174.47 
-111.369 -77.879 -123.017 -61.71 -106.847 -50.063 -95.2 -66.232 
-97.842 -92.84 -112.63 -106.197 -125.988 -91.409 -111.199 -78.052 
-164.467 29.93 -151.689 14.638 -153.467 -5.21 -166.245 10.082 
-164.485 30.16 -175.874 46.513 -172.364 66.129 -160.975 49.776 
-194.699 83.613 -174.928 86.106 -172.435 66.335 -192.206 63.842 
-174.916 86.32 -193.672 93.05 -175.651 101.554 -156.894 94.824 
-136.065 235.603 -137.743 215.745 -152.971 202.892 -151.292 222.749 
-135.953 235.812 -132.493 255.437 -116.169 266.868 -119.63 247.244 
-131.582 279.473 -119.154 295.051 -103.576 282.624 -116.004 267.046 
-84.596 276.288 -103.424 282.815 -112.122 300.745 -93.293 294.217 
9.839 362.685 29.693 360.975 14.445 348.145 -5.409 349.855 
29.913 361.013 46.279 372.382 65.891 368.849 49.525 357.48 
63.832 388.719 83.629 391.001 85.91 371.204 66.114 368.922 
94.702 353.199 86.145 371.196 92.82 389.973 101.377 371.976 
202.696 349.414 222.555 347.755 235.424 332.54 215.565 334.199 
247.012 316.083 235.615 332.43 255.233 328.929 266.629 312.581 
266.817 312.442 279.525 327.791 294.874 315.083 282.166 299.734 
275.927 280.722 282.356 299.584 300.238 308.375 293.809 289.514 
349.604 201.979 362.527 186.809 360.938 166.946 348.015 182.115 
368.604 130.687 357.333 147.121 360.984 166.711 372.255 150.277 
368.663 130.453 388.389 133.285 391.221 113.559 371.495 110.727 
371.964 95.236 353.325 102.288 371.49 110.481 390.129 103.43 
349.15 -6.214 347.421 -26.066 332.16 -38.881 333.889 -19.029 
312.306 -70.165 315.742 -50.536 332.051 -39.086 328.615 -58.715 
299.922 -86.061 312.174 -70.345 327.889 -82.597 315.637 -98.313 
307.898 -104.445 289.294 -97.302 281.191 -79.097 299.794 -86.24 
181.886 -151.41 201.736 -153.15 186.47 -165.957 166.618 -164.217 
130.459 -172.248 146.772 -160.803 166.4 -164.245 150.087 -175.691 
110.457 -174.72 130.238 -172.305 132.653 -192.085 112.872 -194.5 
103.414 -193.445 94.981 -175.39 101.786 -156.66 110.218 -174.716 
-39.152 -135.725 -19.301 -137.48 -6.507 -152.758 -26.357 -151.003 
-58.968 -132.154 -70.369 -115.811 -50.751 -119.305 -39.349 -135.649 
-98.49 -119.066 -86.209 -103.374 -70.516 -115.656 -82.797 -131.348 
-104.411 -111.79 -97.703 -93.025 -79.691 -84.5 -86.399 -103.265 
