-37.355 333.807 -20.134 343.834 -25.221 324.567 -42.443 314.539 
151.655 350.548 168.863 360.598 188.137 355.536 170.929 345.487 
314.405 239.08 333.635 233.855 343.539 216.562 324.309 221.787 
350.603 44.894 360.521 27.609 355.312 8.374 345.394 25.659 
221.361 -127.92 238.592 -117.908 233.487 -137.171 216.256 -147.182 
8.088 -158.755 25.373 -148.837 44.608 -154.046 27.323 -163.964 
-147.345 -19.87 -128.108 -25.073 -118.185 -42.353 -137.422 -37.15 
-159.042 188.361 -149.116 171.082 -154.314 151.845 -164.241 169.123 
-42.66 314.422 -61.918 319.548 -56.792 338.804 -37.535 333.678 
151.402 350.657 141.398 367.89 158.631 377.896 168.636 360.662 
333.5 234.039 314.259 239.224 319.444 258.466 338.686 253.28 
360.559 27.842 350.496 45.042 367.697 55.105 377.759 37.904 
252.948 -142.208 233.694 -137.07 238.832 -117.816 258.086 -122.954 
37.545 -181.203 27.52 -163.98 44.743 -153.955 54.768 -171.178 
-123.058 -61.682 -142.333 -56.623 -137.274 -37.349 -117.999 -42.408 
-171.445 141.675 -181.498 158.881 -164.292 168.934 -154.239 151.728 
-173.088 202.606 -153.16 202.641 -139.044 188.574 -158.972 188.539 
-20.023 363.811 -5.859 349.795 -5.753 329.868 -19.918 343.884 
202.461 369.547 202.435 349.619 188.326 335.547 188.352 355.474 
343.63 216.357 363.557 216.462 349.542 202.297 329.613 202.192 
335.276 8.143 355.204 8.162 369.308 -5.916 349.38 -5.935 
202.008 -133.162 216.057 -147.296 215.996 -167.224 201.948 -153.09 
7.841 -138.742 7.916 -158.669 -6.122 -172.813 -6.197 -152.886 
-153.297 -5.562 -133.369 -5.527 -147.435 -19.643 -167.363 -19.678 
-155.0 118.618 -174.671 121.811 -171.477 141.482 -151.807 138.288 
-174.71 121.606 -175.667 101.701 -195.572 102.658 -194.615 122.563 
-66.569 291.625 -78.259 307.763 -62.122 319.454 -50.431 303.316 
-78.417 307.596 -93.268 294.309 -106.555 309.161 -91.704 322.447 
138.171 348.225 118.469 351.219 121.463 370.92 141.165 367.925 
122.519 390.844 121.244 370.956 101.357 372.231 102.632 392.118 
303.335 246.796 291.456 262.796 307.456 274.675 319.334 258.675 
322.21 287.999 307.273 274.809 294.082 289.744 309.018 302.935 
367.763 55.333 348.064 58.357 351.089 78.053 370.786 75.029 
391.819 94.006 390.679 74.111 370.785 75.25 371.925 95.146 
258.256 -122.808 246.542 -106.687 262.663 -94.973 274.377 -111.094 
302.705 -112.422 287.909 -125.771 274.56 -110.975 289.356 -97.627 
74.625 -174.407 54.95 -171.252 58.105 -151.576 77.781 -154.731 
94.729 -175.372 93.744 -195.274 73.842 -194.29 74.826 -174.388 
-111.269 -78.044 -122.946 -61.896 -106.797 -50.219 -95.121 -66.368 
-97.733 -92.966 -112.519 -106.326 -125.879 -91.54 -111.094 -78.18 
-164.448 29.779 -151.651 14.503 -153.405 -5.348 -166.201 9.928 
-164.483 30.023 -175.903 46.354 -172.43 65.976 -161.01 49.645 
-194.728 83.553 -174.95 85.993 -172.51 66.215 -192.288 63.775 
-174.939 86.241 -193.681 93.012 -175.641 101.477 -156.899 94.705 
-136.038 235.468 -137.787 215.617 -153.061 202.818 -151.311 222.669 
-135.935 235.661 -132.453 255.283 -116.117 266.695 -119.599 247.075 
-131.763 279.021 -119.607 294.812 -103.816 282.656 -115.972 266.865 
-84.919 276.152 -103.688 282.851 -112.222 300.859 -93.454 294.16 
9.627 362.683 29.478 360.932 14.203 348.134 -5.648 349.886 
29.715 360.943 46.053 372.352 65.673 368.866 49.335 357.458 
63.194 388.663 82.937 391.371 85.645 371.629 65.903 368.92 
94.236 353.515 85.883 371.607 92.77 390.307 101.123 372.215 
202.638 349.524 222.486 347.745 235.263 332.453 215.415 334.232 
246.854 316.022 235.467 332.376 255.083 328.863 266.47 312.509 
266.638 312.379 278.755 328.2 294.575 316.082 282.457 300.262 
275.923 281.422 282.662 300.175 300.686 308.672 293.948 289.919 
349.626 202.074 362.415 186.792 360.652 166.943 347.863 182.225 
368.723 130.78 357.275 147.092 360.715 166.72 372.162 150.409 
368.755 130.568 388.534 133.002 390.967 113.223 371.188 110.79 
371.943 95.352 353.192 102.099 371.222 110.587 389.973 103.839 
349.309 -6.18 347.578 -26.032 332.316 -38.846 334.047 -18.994 
312.34 -70.089 315.816 -50.467 332.149 -39.051 328.672 -58.673 
299.827 -85.915 312.227 -70.316 327.826 -82.715 315.427 -98.315 
308.312 -104.018 289.496 -97.454 280.834 -79.508 299.649 -86.072 
181.872 -151.424 201.724 -153.155 186.463 -165.968 166.61 -164.237 
130.419 -172.204 146.766 -160.807 166.384 -164.308 150.037 -175.705 
110.409 -174.705 130.182 -172.223 132.664 -191.995 112.892 -194.478 
103.362 -193.466 94.942 -175.405 101.759 -156.68 110.179 -174.742 
-39.047 -135.807 -19.195 -137.549 -6.391 -152.818 -26.241 -151.076 
-58.859 -132.211 -70.264 -115.871 -50.645 -119.36 -39.24 -135.702 
-98.415 -119.185 -86.145 -103.484 -70.443 -115.754 -82.713 -131.456 
-104.331 -111.895 -97.613 -93.133 -79.596 -84.618 -86.315 -103.379 
