-1.688 244.695 12.499 258.69 12.363 238.763 -1.824 224.768 
115.062 257.435 128.773 271.897 148.694 272.427 134.982 257.966 
220.508 201.143 240.412 202.12 255.177 188.737 235.273 187.759 
258.223 87.891 273.397 74.974 274.994 55.111 259.819 68.028 
194.25 -37.032 206.768 -21.526 208.88 -41.342 196.361 -56.847 
56.3 -81.791 68.894 -66.348 88.72 -64.333 76.125 -79.777 
-61.947 6.871 -42.029 7.508 -27.496 -6.125 -47.413 -6.762 
-76.867 151.101 -63.187 136.612 -63.761 116.692 -77.44 131.182 
-7.53 225.635 -26.585 231.471 -20.749 250.524 -1.695 244.688 
111.026 262.821 101.948 280.559 119.686 289.639 128.765 271.9 
240.407 202.128 221.411 208.15 227.432 227.146 246.429 221.125 
273.395 74.981 263.842 92.47 281.331 102.023 290.884 84.534 
228.269 -45.958 208.883 -41.339 213.503 -21.954 232.888 -26.573 
87.704 -95.999 76.13 -79.777 92.352 -68.203 103.926 -84.425 
-31.64 -30.123 -51.203 -26.33 -47.41 -6.767 -27.846 -10.561 
-84.866 103.988 -94.747 121.293 -77.442 131.175 -67.561 113.869 
-96.736 152.63 -81.61 165.605 -61.741 164.084 -76.867 151.109 
-1.147 273.211 18.77 272.599 32.422 258.083 12.504 258.695 
148.784 292.353 162.818 278.205 162.738 258.278 148.704 272.426 
255.185 188.729 268.748 203.329 269.482 183.416 255.917 168.815 
261.888 40.092 274.994 55.103 294.876 56.451 281.77 41.439 
176.493 -58.429 196.358 -56.853 211.52 -69.786 191.654 -71.361 
42.884 -67.056 56.295 -81.794 55.356 -101.7 41.945 -86.961 
-75.029 14.725 -59.013 26.583 -61.953 6.874 -77.969 -4.984 
-88.876 76.087 -100.82 92.039 -84.868 103.983 -72.924 88.03 
-100.82 92.038 -112.766 107.989 -96.816 119.935 -84.87 103.984 
-50.979 217.348 -45.845 236.602 -26.59 231.469 -31.725 212.214 
-45.846 236.603 -40.711 255.857 -21.456 250.722 -26.592 231.468 
84.36 271.183 74.981 288.766 92.563 298.144 101.942 280.561 
101.937 280.562 92.56 298.146 110.144 307.523 119.521 289.938 
208.346 232.888 214.083 251.972 233.167 246.235 227.429 227.152 
227.484 227.136 233.167 246.235 252.267 240.553 246.583 221.454 
281.335 102.028 271.458 119.337 288.767 129.212 298.643 111.904 
291.345 84.684 281.384 101.944 298.643 111.905 308.604 94.645 
232.891 -26.57 237.802 -7.257 257.115 -12.168 252.204 -31.481 
229.047 -47.54 232.597 -27.931 252.206 -31.48 248.656 -51.088 
114.085 -101.573 103.931 -84.427 121.078 -74.273 131.232 -91.418 
100.391 -116.048 85.916 -102.353 99.611 -87.878 114.086 -101.573 
-34.877 -49.79 -31.639 -30.127 -11.976 -33.365 -15.214 -53.028 
-54.746 -51.302 -56.26 -31.432 -36.39 -29.917 -34.876 -49.788 
-97.022 44.264 -79.911 34.051 -75.034 14.729 -92.145 24.942 
-97.024 44.269 -109.751 59.604 -107.907 79.446 -95.18 64.111 
-135.954 82.229 -120.542 94.863 -107.909 79.451 -123.32 66.818 
-120.544 94.866 -132.491 110.815 -112.766 107.986 -100.818 92.036 
-76.169 202.029 -71.349 182.693 -81.614 165.612 -86.433 184.949 
-76.166 202.035 -73.648 221.803 -57.889 234.001 -60.408 214.234 
-77.708 236.06 -75.656 255.883 -55.834 253.831 -57.886 234.009 
-45.847 236.596 -55.834 253.841 -50.702 273.097 -40.715 255.852 
28.096 290.219 47.142 296.082 37.821 278.469 18.775 272.606 
47.148 296.086 63.323 307.725 82.991 304.518 66.816 292.879 
70.304 319.881 85.665 332.576 98.36 317.215 82.999 304.52 
92.547 298.159 98.367 317.218 115.959 326.579 110.139 307.52 
162.829 278.206 181.525 285.105 199.623 276.764 180.927 269.865 
211.149 260.498 199.632 276.761 219.275 273.406 230.792 257.143 
230.799 257.138 232.205 277.016 252.083 275.609 250.676 255.731 
233.161 246.242 250.685 255.728 269.784 250.044 252.26 240.559 
269.487 183.408 287.771 175.482 295.095 156.95 276.811 164.875 
304.198 121.263 292.259 137.219 295.099 156.943 307.038 140.988 
304.202 121.253 318.69 134.935 332.372 120.446 317.883 106.764 
308.602 94.653 298.64 111.912 317.888 106.753 327.851 89.494 
281.769 41.431 288.694 22.746 280.378 4.636 273.453 23.321 
263.15 -27.913 265.024 -8.073 280.377 4.63 278.503 -15.21 
263.565 -47.843 263.147 -27.921 283.07 -27.503 283.488 -47.425 
260.016 -67.459 248.658 -51.085 252.206 -31.476 263.564 -47.85 
172.602 -77.22 191.65 -71.367 182.32 -88.975 163.271 -94.828 
128.605 -107.259 143.362 -93.866 163.266 -94.831 148.509 -108.223 
114.646 -121.489 128.599 -107.262 142.826 -121.216 128.873 -135.443 
100.95 -135.97 100.394 -116.05 114.086 -101.572 114.642 -121.492 
5.458 -81.972 24.732 -76.91 41.939 -86.96 22.666 -92.022 
-14.46 -81.181 -27.981 -66.544 -8.07 -67.333 5.452 -81.971 
-49.478 -84.77 -47.847 -64.91 -27.986 -66.541 -29.617 -86.401 
-67.721 -66.429 -54.745 -51.305 -34.876 -49.785 -47.851 -64.91 
