-37.306 333.988 -20.001 343.87 -25.25 324.647 -42.555 314.765 
151.747 350.662 169.002 360.632 188.252 355.481 170.998 345.511 
314.423 239.031 333.662 233.838 343.594 216.561 324.355 221.754 
350.325 44.768 360.365 27.554 355.292 8.283 345.252 25.497 
221.387 -127.94 238.638 -117.964 233.494 -137.216 216.242 -147.192 
8.067 -158.806 25.332 -148.855 44.577 -154.027 27.312 -163.978 
-147.363 -19.829 -128.124 -25.021 -118.191 -42.296 -137.431 -37.104 
-159.04 188.337 -149.144 171.041 -154.376 151.812 -164.272 169.108 
-42.539 314.661 -61.822 319.687 -56.796 338.97 -37.513 333.943 
151.514 350.678 141.521 367.918 158.761 377.912 168.755 360.671 
333.576 234.013 314.303 239.081 319.37 258.354 338.643 253.286 
360.382 27.793 350.433 45.059 367.7 55.008 377.649 37.741 
252.938 -142.225 233.682 -137.095 238.811 -117.839 258.068 -122.968 
37.52 -181.244 27.519 -164.008 44.756 -154.007 54.756 -171.244 
-123.138 -61.65 -142.408 -56.569 -137.328 -37.301 -118.058 -42.381 
-171.492 141.633 -181.586 158.816 -164.403 168.909 -154.31 151.727 
-173.066 202.634 -153.138 202.668 -139.023 188.601 -158.951 188.567 
-19.832 363.896 -5.731 349.816 -5.716 329.889 -19.817 343.969 
202.535 369.5 202.566 349.572 188.498 335.459 188.467 355.387 
343.701 216.382 363.629 216.414 349.561 202.3 329.632 202.269 
335.244 8.015 355.172 8.066 369.299 -5.989 349.371 -6.04 
201.982 -133.215 216.069 -147.31 216.064 -167.238 201.977 -153.143 
7.841 -138.791 7.88 -158.718 -6.183 -172.837 -6.223 -152.91 
-153.33 -5.567 -133.402 -5.528 -147.465 -19.646 -167.393 -19.685 
-155.028 118.571 -174.702 121.741 -171.533 141.415 -151.858 138.246 
-174.688 121.513 -175.698 101.61 -195.601 102.621 -194.59 122.523 
-66.464 291.722 -78.136 307.873 -61.985 319.546 -50.313 303.394 
-78.313 307.742 -93.107 294.39 -106.458 309.184 -91.665 322.534 
138.071 348.319 118.404 351.531 121.616 371.198 141.284 367.985 
122.322 391.096 121.385 371.19 101.479 372.126 102.416 392.032 
303.126 246.813 291.422 262.942 307.551 274.645 319.253 258.517 
322.254 288.095 307.411 274.799 294.114 289.641 308.957 302.937 
367.765 55.234 348.096 58.445 351.308 78.111 370.976 74.9 
391.805 94.086 390.857 74.18 370.953 75.129 371.901 95.034 
258.233 -122.825 246.555 -106.678 262.702 -95.0 274.381 -111.147 
302.687 -112.478 287.884 -125.82 274.543 -111.017 289.345 -97.676 
74.64 -174.467 54.967 -171.294 58.14 -151.62 77.813 -154.793 
94.765 -175.46 93.757 -195.362 73.856 -194.354 74.864 -174.452 
-111.318 -77.973 -123.004 -61.831 -106.862 -50.145 -95.176 -66.287 
-97.816 -92.933 -112.593 -106.303 -125.963 -91.527 -111.187 -78.156 
-164.459 29.747 -151.649 14.482 -153.385 -5.37 -166.195 9.895 
-164.544 29.94 -175.954 46.277 -172.47 65.898 -161.06 49.56 
-194.668 83.484 -174.887 85.901 -172.47 66.121 -192.25 63.703 
-174.957 86.132 -193.72 92.844 -175.707 101.366 -156.944 94.654 
-136.013 235.539 -137.764 215.688 -153.04 202.891 -151.287 222.742 
-135.896 235.755 -132.399 255.373 -116.053 266.772 -119.551 247.155 
-131.645 279.27 -119.378 294.975 -103.673 282.708 -115.94 267.003 
-84.742 276.156 -103.496 282.896 -111.991 300.923 -93.237 294.183 
9.75 362.662 29.6 360.907 14.323 348.111 -5.527 349.866 
29.798 361.015 46.134 372.426 65.755 368.944 49.419 357.533 
63.586 388.741 83.368 391.151 85.778 371.37 65.996 368.96 
94.492 353.4 86.014 371.435 92.772 390.182 101.25 372.148 
202.778 349.512 222.627 347.746 235.414 332.461 215.564 334.227 
246.985 315.988 235.587 332.334 255.205 328.835 266.603 312.488 
266.786 312.394 279.025 328.121 294.751 315.882 282.512 300.155 
275.971 281.242 282.657 300.014 300.658 308.56 293.972 289.788 
349.617 202.067 362.426 186.802 360.688 166.95 347.879 182.216 
368.709 130.758 357.291 147.091 360.766 166.713 372.184 150.38 
368.728 130.515 388.511 132.905 390.901 113.121 371.118 110.731 
371.917 95.265 353.154 101.978 371.168 110.498 389.932 103.785 
349.283 -6.274 347.525 -26.124 332.247 -38.917 334.004 -19.068 
312.277 -70.144 315.77 -50.525 332.113 -39.123 328.619 -58.742 
299.859 -86.025 312.155 -70.344 327.836 -82.64 315.54 -98.321 
308.249 -104.191 289.476 -97.505 280.931 -79.503 299.703 -86.189 
181.925 -151.443 201.775 -153.197 186.499 -165.993 166.648 -164.238 
130.493 -172.244 146.84 -160.847 166.458 -164.346 150.111 -175.744 
110.476 -174.658 130.258 -172.253 132.662 -192.035 112.88 -194.44 
103.527 -193.483 95.005 -175.47 101.717 -156.707 110.239 -174.721 
-39.076 -135.821 -19.225 -137.57 -6.426 -152.844 -26.276 -151.095 
-58.869 -132.208 -70.282 -115.873 -50.661 -119.353 -39.248 -135.689 
-98.448 -119.195 -86.179 -103.493 -70.476 -115.763 -82.746 -131.465 
-104.349 -111.85 -97.641 -93.085 -79.63 -84.559 -86.337 -103.324 
