-37.266 333.873 -20.022 343.861 -25.153 324.605 -42.397 314.617 
151.598 350.819 168.895 360.716 188.123 355.484 170.827 345.587 
314.39 238.809 333.651 233.696 343.655 216.461 324.395 221.574 
350.446 44.773 360.404 27.511 355.239 8.265 345.281 25.527 
221.405 -127.911 238.661 -117.944 233.506 -137.194 216.25 -147.16 
8.089 -158.806 25.347 -148.843 44.596 -154.001 27.337 -163.964 
-147.389 -19.77 -128.134 -24.903 -118.148 -42.147 -137.403 -37.014 
-159.02 188.348 -149.04 171.1 -154.179 151.847 -164.159 169.094 
-42.572 314.481 -61.829 319.608 -56.702 338.864 -37.444 333.737 
151.533 350.75 141.448 367.936 158.634 378.022 168.72 360.835 
333.509 233.887 314.255 239.025 319.393 258.279 338.647 253.141 
360.492 27.708 350.485 44.94 367.717 54.948 377.725 37.716 
252.971 -142.224 233.709 -137.117 238.816 -117.854 258.078 -122.962 
37.597 -181.236 27.575 -164.012 44.799 -153.99 54.821 -171.214 
-123.192 -61.616 -142.447 -56.482 -137.314 -37.228 -118.058 -42.362 
-171.497 141.65 -181.492 158.889 -164.253 168.885 -154.257 151.645 
-173.085 202.635 -153.157 202.666 -139.044 188.596 -158.972 188.565 
-19.847 363.853 -5.735 349.785 -5.704 329.858 -19.816 343.926 
202.392 369.539 202.428 349.611 188.363 335.495 188.327 355.423 
343.73 216.248 363.658 216.279 349.59 202.166 329.661 202.136 
335.272 8.025 355.2 8.049 369.307 -6.025 349.379 -6.049 
201.964 -133.199 216.076 -147.27 216.105 -167.198 201.993 -153.127 
7.845 -138.776 7.87 -158.703 -6.202 -172.812 -6.228 -152.885 
-153.363 -5.509 -133.435 -5.481 -147.506 -19.591 -167.434 -19.619 
-154.986 118.59 -174.662 121.752 -171.5 141.427 -151.824 138.266 
-174.694 121.54 -175.699 101.638 -195.602 102.643 -194.597 122.545 
-66.502 291.662 -78.167 307.818 -62.012 319.484 -50.346 303.328 
-78.33 307.669 -93.115 294.308 -106.476 309.094 -91.691 322.453 
138.081 348.283 118.406 351.448 121.571 371.122 141.246 367.957 
122.376 391.051 121.368 371.148 101.465 372.157 102.474 392.059 
303.119 246.819 291.45 262.973 307.605 274.641 319.272 258.487 
322.221 288.172 307.443 274.805 294.074 289.582 308.853 302.95 
367.706 55.195 348.031 58.366 351.203 78.039 370.877 74.868 
391.846 93.986 390.829 74.084 370.928 75.101 371.945 95.003 
258.235 -122.806 246.567 -106.651 262.722 -94.983 274.39 -111.138 
302.718 -112.451 287.929 -125.807 274.573 -111.018 289.362 -97.663 
74.72 -174.438 55.044 -171.282 58.2 -151.606 77.876 -154.762 
94.834 -175.442 93.835 -195.344 73.933 -194.345 74.932 -174.443 
-111.358 -77.933 -123.03 -61.781 -106.878 -50.11 -95.206 -66.262 
-97.883 -92.908 -112.679 -106.257 -126.028 -91.462 -111.232 -78.112 
-164.454 29.816 -151.657 14.54 -153.41 -5.31 -166.207 9.965 
-164.518 30.012 -175.937 46.344 -172.463 65.966 -161.044 49.634 
-194.699 83.53 -174.919 85.959 -172.491 66.179 -192.27 63.751 
-174.942 86.183 -193.705 92.896 -175.691 101.417 -156.928 94.703 
-136.028 235.513 -137.768 215.661 -153.035 202.854 -151.295 222.706 
-135.928 235.724 -132.447 255.345 -116.111 266.759 -119.592 247.138 
-131.658 279.215 -119.388 294.918 -103.685 282.649 -115.954 266.946 
-84.766 276.127 -103.529 282.842 -112.047 300.857 -93.285 294.142 
9.728 362.699 29.58 360.958 14.311 348.152 -5.54 349.893 
29.814 360.981 46.152 372.39 65.772 368.906 49.435 357.496 
63.575 388.75 83.354 391.178 85.782 371.399 66.002 368.971 
94.53 353.366 86.015 371.383 92.733 390.144 101.249 372.127 
202.628 349.505 222.479 347.763 235.285 332.495 215.433 334.236 
246.917 316.073 235.503 332.408 255.124 328.928 266.538 312.593 
266.715 312.429 278.99 328.128 294.688 315.855 282.414 300.155 
275.907 281.243 282.618 300.006 300.63 308.529 293.919 289.766 
349.69 201.963 362.488 186.688 360.737 166.838 347.939 182.113 
368.682 130.656 357.279 146.999 360.772 166.618 372.175 150.275 
368.742 130.45 388.522 132.871 390.943 113.091 371.163 110.67 
371.915 95.221 353.153 101.937 371.168 110.454 389.93 103.738 
349.253 -6.261 347.501 -26.11 332.225 -38.907 333.977 -19.058 
312.28 -70.15 315.774 -50.531 332.117 -39.129 328.623 -58.748 
299.865 -86.034 312.142 -70.338 327.838 -82.615 315.561 -98.311 
308.252 -104.221 289.491 -97.503 280.976 -79.487 299.737 -86.205 
181.93 -151.431 201.781 -153.173 186.513 -165.979 166.662 -164.237 
130.497 -172.252 146.83 -160.835 166.452 -164.311 150.119 -175.728 
110.498 -174.686 130.276 -172.252 132.71 -192.031 112.932 -194.464 
103.572 -193.479 95.043 -175.469 101.747 -156.703 110.276 -174.714 
-39.111 -135.782 -19.26 -137.533 -6.463 -152.808 -26.313 -151.057 
-58.933 -132.152 -70.333 -115.809 -50.715 -119.303 -39.314 -135.648 
-98.515 -119.143 -86.246 -103.441 -70.543 -115.711 -82.812 -131.413 
-104.431 -111.789 -97.705 -93.03 -79.684 -84.523 -86.411 -103.281 
