-37.246 333.847 -20.008 343.845 -25.128 324.586 -42.367 314.588 
151.701 350.791 168.994 360.694 188.225 355.468 170.931 345.565 
314.382 238.842 333.637 233.706 343.62 216.459 324.365 221.595 
350.384 44.79 360.385 27.553 355.268 8.293 345.267 25.53 
221.404 -127.888 238.656 -117.912 233.511 -137.164 216.26 -147.14 
8.024 -158.808 25.281 -148.842 44.531 -153.998 27.273 -163.964 
-147.355 -19.801 -128.106 -24.955 -118.139 -42.211 -137.389 -37.057 
-159.071 188.346 -149.078 171.106 -154.202 151.849 -164.196 169.089 
-42.604 314.497 -61.862 319.619 -56.74 338.876 -37.482 333.755 
151.605 350.719 141.537 367.915 158.732 377.984 168.802 360.788 
333.545 233.949 314.285 239.063 319.398 258.323 338.659 253.21 
360.424 27.771 350.448 45.022 367.698 54.998 377.675 37.748 
252.992 -142.178 233.727 -137.078 238.827 -117.814 258.092 -122.914 
37.5 -181.231 27.499 -163.995 44.735 -153.993 54.737 -171.229 
-123.169 -61.646 -142.428 -56.526 -137.309 -37.268 -118.049 -42.388 
-171.48 141.634 -181.472 158.875 -164.231 168.867 -154.239 151.626 
-173.079 202.621 -153.151 202.646 -139.042 188.573 -158.97 188.548 
-19.854 363.889 -5.725 349.837 -5.669 329.91 -19.799 343.962 
202.491 369.519 202.524 349.591 188.457 335.477 188.424 355.405 
343.738 216.249 363.666 216.279 349.597 202.167 329.668 202.137 
335.265 8.068 355.193 8.091 369.3 -5.984 349.372 -6.007 
201.948 -133.194 216.066 -147.258 216.105 -167.186 201.987 -153.122 
7.784 -138.792 7.822 -158.719 -6.242 -172.836 -6.28 -152.91 
-153.325 -5.532 -133.397 -5.496 -147.463 -19.613 -167.391 -19.649 
-155.006 118.587 -174.683 121.736 -171.534 141.414 -151.856 138.265 
-174.703 121.511 -175.706 101.609 -195.609 102.612 -194.606 122.515 
-66.561 291.643 -78.218 307.805 -62.057 319.463 -50.4 303.301 
-78.416 307.686 -93.203 294.328 -106.561 309.116 -91.774 322.473 
138.203 348.273 118.521 351.396 121.644 371.077 141.326 367.954 
122.539 390.989 121.426 371.092 101.53 372.204 102.642 392.101 
303.035 246.904 291.42 263.096 307.612 274.712 319.226 258.52 
322.212 288.361 307.494 274.928 294.059 289.645 308.777 303.078 
367.741 55.21 348.054 58.305 351.149 77.99 370.836 74.896 
391.853 93.908 390.757 74.01 370.861 75.105 371.956 95.003 
258.271 -122.753 246.635 -106.575 262.812 -94.939 274.449 -111.116 
302.798 -112.364 288.033 -125.746 274.65 -110.981 289.415 -97.599 
74.648 -174.441 54.973 -171.279 58.135 -151.603 77.81 -154.765 
94.788 -175.461 93.774 -195.362 73.873 -194.348 74.887 -174.447 
-111.328 -77.955 -123.006 -61.807 -106.858 -50.13 -95.181 -66.277 
-97.857 -92.928 -112.648 -106.283 -126.002 -91.492 -111.212 -78.137 
-164.463 29.79 -151.645 14.531 -153.371 -5.322 -166.188 9.937 
-164.524 29.993 -175.953 46.318 -172.492 65.942 -161.063 49.618 
-194.723 83.503 -174.944 85.936 -172.511 66.158 -192.289 63.724 
-174.955 86.155 -193.723 92.851 -175.718 101.388 -156.949 94.692 
-136.085 235.538 -137.817 215.685 -153.079 202.873 -151.347 222.725 
-135.932 235.729 -132.456 255.351 -116.123 266.768 -119.6 247.147 
-131.716 279.263 -119.441 294.962 -103.743 282.687 -116.017 266.988 
-84.783 276.15 -103.557 282.832 -112.108 300.832 -93.333 294.15 
9.77 362.682 29.622 360.939 14.352 348.134 -5.499 349.877 
29.84 361.023 46.189 372.417 65.806 368.913 49.457 357.519 
63.61 388.714 83.388 391.154 85.828 371.376 66.05 368.936 
94.65 353.424 86.07 371.41 92.721 390.195 101.301 372.209 
202.706 349.487 222.559 347.752 235.37 332.488 215.517 334.223 
246.975 316.073 235.562 332.409 255.183 328.928 266.596 312.592 
266.77 312.489 279.105 328.141 294.756 315.806 282.421 300.155 
275.838 281.251 282.57 300.007 300.592 308.509 293.86 289.754 
349.642 201.949 362.448 186.68 360.706 166.83 347.9 182.098 
368.71 130.671 357.302 147.01 360.789 166.631 372.197 150.291 
368.713 130.456 388.485 132.943 390.972 113.171 371.201 110.684 
371.963 95.224 353.204 101.951 371.225 110.458 389.983 103.73 
349.304 -6.213 347.557 -26.063 332.285 -38.865 334.032 -19.014 
312.323 -70.066 315.82 -50.447 332.165 -39.048 328.668 -58.666 
299.973 -85.969 312.243 -70.268 327.945 -82.538 315.674 -98.239 
308.307 -104.137 289.549 -97.408 281.045 -79.386 299.802 -86.115 
181.918 -151.417 201.768 -153.163 186.498 -165.966 166.646 -164.219 
130.485 -172.242 146.819 -160.825 166.441 -164.302 150.107 -175.718 
110.481 -174.668 130.262 -172.251 132.68 -192.031 112.899 -194.449 
103.561 -193.478 95.02 -175.473 101.711 -156.703 110.253 -174.707 
-39.132 -135.803 -19.282 -137.562 -6.491 -152.841 -26.34 -151.083 
-58.932 -132.177 -70.329 -115.83 -50.711 -119.33 -39.314 -135.677 
-98.5 -119.145 -86.223 -103.449 -70.527 -115.727 -82.804 -131.422 
-104.4 -111.812 -97.685 -93.049 -79.67 -84.53 -86.385 -103.293 
