-37.285 333.987 -19.959 343.832 -25.249 324.619 -42.575 314.774 
151.685 350.812 168.979 360.713 188.209 355.486 170.915 345.584 
314.434 238.942 333.68 233.776 343.637 216.514 324.39 221.68 
350.488 44.76 360.369 27.454 355.119 8.23 345.238 25.536 
221.371 -127.86 238.653 -117.938 233.448 -137.174 216.166 -147.096 
8.092 -158.815 25.321 -148.801 44.585 -153.903 27.356 -163.917 
-147.357 -19.77 -128.128 -25.002 -118.231 -42.297 -137.46 -37.066 
-159.037 188.421 -149.078 171.161 -154.242 151.914 -164.2 169.174 
-42.574 314.655 -61.853 319.7 -56.808 338.978 -37.529 333.932 
151.495 350.78 141.537 368.041 158.796 378.0 168.755 360.74 
333.608 234.011 314.308 238.974 319.271 258.274 338.571 253.311 
360.399 27.678 350.497 44.971 367.79 54.873 377.692 37.58 
252.884 -142.215 233.639 -137.044 238.81 -117.799 258.055 -122.97 
37.594 -181.186 27.582 -163.956 44.812 -153.944 54.824 -171.174 
-123.136 -61.579 -142.423 -56.564 -137.408 -37.279 -118.121 -42.294 
-171.4 141.688 -181.436 158.904 -164.219 168.939 -154.184 151.723 
-173.037 202.659 -153.109 202.707 -138.984 188.649 -158.912 188.602 
-19.797 363.878 -5.673 349.821 -5.625 329.894 -19.749 343.951 
202.463 369.51 202.511 349.582 188.456 335.457 188.407 355.385 
343.767 216.319 363.695 216.239 349.548 202.205 329.619 202.285 
335.114 7.802 355.041 8.022 369.286 -5.913 349.359 -6.133 
201.709 -133.243 215.959 -147.173 216.184 -167.1 201.935 -153.169 
7.903 -138.779 7.887 -158.706 -6.216 -172.785 -6.2 -152.858 
-153.305 -5.492 -133.377 -5.47 -147.453 -19.576 -167.381 -19.598 
-154.931 118.642 -174.61 121.782 -171.469 141.461 -151.79 138.32 
-174.603 121.561 -175.697 101.663 -195.595 102.757 -194.501 122.655 
-66.498 291.721 -78.19 307.858 -62.055 319.551 -50.362 303.414 
-78.355 307.691 -93.104 294.291 -106.505 309.04 -91.755 322.44 
138.286 348.42 118.592 351.469 121.641 371.161 141.335 368.112 
122.481 391.036 121.433 371.136 101.532 372.184 102.58 392.084 
302.685 247.15 291.389 263.568 307.807 274.863 319.101 258.446 
322.203 288.732 307.705 275.061 294.033 289.558 308.531 303.229 
367.838 55.108 348.122 58.014 351.028 77.728 370.743 74.822 
391.891 93.697 390.637 73.809 370.75 75.063 372.004 94.951 
258.253 -122.848 246.537 -106.728 262.656 -95.012 274.372 -111.132 
302.65 -112.57 287.777 -125.833 274.514 -110.961 289.387 -97.698 
74.708 -174.426 55.037 -171.243 58.22 -151.57 77.891 -154.754 
94.819 -175.459 93.805 -195.36 73.904 -194.346 74.917 -174.445 
-111.334 -77.907 -122.996 -61.748 -106.836 -50.087 -95.175 -66.246 
-97.856 -92.874 -112.658 -106.217 -126.001 -91.415 -111.199 -78.072 
-164.432 29.835 -151.638 14.556 -153.395 -5.294 -166.189 9.985 
-164.507 30.038 -175.916 46.377 -172.43 65.997 -161.021 49.658 
-194.637 83.602 -174.854 85.997 -172.459 66.214 -192.242 63.819 
-174.911 86.214 -193.7 92.85 -175.722 101.444 -156.931 94.808 
-136.072 235.595 -137.795 215.742 -153.052 202.923 -151.328 222.776 
-135.92 235.762 -132.425 255.381 -116.081 266.783 -119.576 247.165 
-131.556 279.362 -119.161 294.966 -103.557 282.572 -115.952 266.967 
-84.562 276.203 -103.392 282.729 -112.091 300.657 -93.262 294.131 
9.835 362.678 29.684 360.899 14.391 348.122 -5.457 349.902 
29.898 360.993 46.252 372.379 65.868 368.866 49.514 357.48 
63.701 388.673 83.485 391.064 85.876 371.28 66.092 368.889 
94.754 353.397 86.089 371.342 92.652 390.159 101.316 372.213 
202.719 349.506 222.572 347.784 235.393 332.528 215.54 334.25 
246.993 316.072 235.566 332.399 255.19 328.934 266.617 312.607 
266.799 312.495 279.34 327.982 294.826 315.441 282.285 299.954 
275.957 280.951 282.437 299.795 300.343 308.538 293.863 289.694 
349.597 201.975 362.394 186.699 360.642 166.85 347.845 182.125 
368.623 130.656 357.219 146.998 360.71 166.617 372.115 150.275 
368.653 130.413 388.397 133.112 391.096 113.368 371.352 110.669 
372.01 95.189 353.296 102.038 371.371 110.427 390.086 103.578 
349.279 -6.352 347.464 -26.196 332.147 -38.944 333.963 -19.1 
312.208 -70.153 315.716 -50.537 332.067 -39.147 328.559 -58.763 
299.915 -86.096 312.084 -70.317 327.864 -82.487 315.694 -98.266 
308.307 -104.332 289.562 -97.567 281.093 -79.529 299.836 -86.294 
181.899 -151.482 201.746 -153.262 186.454 -166.038 166.605 -164.257 
130.45 -172.235 146.776 -160.808 166.4 -164.272 150.074 -175.699 
110.463 -174.665 130.249 -172.293 132.62 -192.08 112.834 -194.451 
103.622 -193.437 95.023 -175.46 101.654 -156.668 110.253 -174.645 
-39.084 -135.774 -19.232 -137.513 -6.425 -152.779 -26.276 -151.04 
-58.903 -132.153 -70.317 -115.819 -50.696 -119.297 -39.282 -135.632 
-98.494 -119.131 -86.227 -103.428 -70.523 -115.695 -82.79 -131.399 
-104.411 -111.766 -97.683 -93.008 -79.662 -84.501 -86.39 -103.259 
