-19.038 277.097 -3.057 289.002 -5.939 269.284 -21.92 257.379 
122.017 295.86 137.774 308.059 157.542 305.544 141.785 293.344 
251.736 224.813 271.577 222.956 284.293 207.612 264.452 209.47 
297.118 83.73 310.46 68.928 309.427 49.027 296.085 63.83 
215.864 -65.855 230.149 -51.96 229.873 -71.886 215.587 -85.78 
46.042 -113.95 60.402 -100.133 80.326 -100.518 65.965 -114.335 
-92.548 -6.431 -72.679 -7.959 -59.71 -23.088 -79.579 -21.56 
-108.746 162.78 -96.608 146.976 -99.2 127.218 -111.338 143.021 
-23.367 257.639 -42.822 261.955 -38.506 281.409 -19.051 277.093 
121.551 296.472 109.962 312.683 126.172 324.273 137.762 308.062 
271.572 222.969 251.835 225.718 254.584 245.456 274.321 242.707 
310.461 68.939 298.203 84.65 313.914 96.909 326.173 81.197 
249.682 -74.103 229.879 -71.879 232.103 -52.075 251.907 -54.299 
77.573 -130.54 65.973 -114.336 82.177 -102.737 93.776 -118.941 
-66.416 -46.488 -85.457 -40.606 -79.575 -21.567 -60.535 -27.448 
-119.945 116.173 -129.061 133.893 -111.341 143.009 -102.225 125.289 
-126.167 172.465 -107.007 177.945 -89.584 168.272 -108.744 162.792 
-10.026 307.676 8.106 299.412 15.085 280.747 -3.048 289.011 
164.814 324.101 172.804 305.845 165.545 287.287 157.555 305.544 
284.302 207.601 302.264 216.231 295.666 197.428 277.702 188.798 
291.515 40.285 309.429 49.014 328.269 42.52 310.354 33.79 
197.117 -78.291 215.581 -85.787 223.337 -104.143 204.873 -96.647 
40.473 -94.812 46.033 -113.948 36.434 -131.411 30.873 -112.276 
-101.706 5.776 -82.403 10.725 -92.553 -6.424 -111.856 -11.373 
-108.281 90.512 -126.943 97.504 -119.951 116.165 -101.29 109.174 
-126.942 97.503 -145.929 103.557 -139.874 122.543 -120.888 116.489 
-57.281 237.752 -62.154 257.074 -42.833 261.949 -37.958 242.626 
-62.162 257.065 -67.156 276.357 -47.865 281.351 -42.871 262.06 
98.379 296.468 82.157 308.044 93.732 324.264 109.953 312.689 
109.991 312.752 93.724 324.263 105.235 340.53 121.502 329.019 
234.891 242.375 231.8 262.062 251.486 265.153 254.577 245.467 
254.78 245.51 251.476 265.161 271.127 268.467 274.431 248.816 
313.917 96.916 297.509 108.227 308.82 124.633 325.227 113.323 
331.686 85.894 314.741 96.381 325.227 113.326 342.172 102.839 
251.916 -54.295 247.987 -34.758 267.524 -30.83 271.452 -50.367 
261.786 -76.829 253.389 -58.757 271.461 -50.36 279.857 -68.432 
110.726 -129.429 93.781 -118.943 104.267 -101.997 121.212 -112.483 
110.626 -149.355 90.7 -149.254 90.801 -129.327 110.728 -129.428 
-58.702 -64.868 -66.415 -46.493 -48.04 -38.78 -40.327 -57.155 
-71.984 -79.724 -86.839 -66.442 -73.557 -51.586 -58.701 -64.868 
-121.782 36.653 -105.353 25.373 -101.712 5.781 -118.141 17.06 
-121.784 36.66 -136.621 49.964 -137.705 69.862 -122.868 56.559 
-163.707 80.75 -145.268 88.308 -137.71 69.869 -156.149 62.311 
-145.269 88.314 -163.991 95.136 -145.929 103.552 -127.205 96.73 
-97.953 213.646 -95.086 193.926 -107.004 177.955 -109.87 197.676 
-97.948 213.657 -99.056 233.554 -85.77 248.406 -84.663 228.51 
-104.671 254.703 -98.383 273.613 -79.473 267.325 -85.761 248.415 
-62.435 256.993 -79.469 267.336 -84.2 286.694 -67.166 276.351 
20.293 315.194 40.058 317.738 27.882 301.963 8.117 299.419 
40.069 317.743 52.986 332.917 72.849 334.514 59.933 319.339 
63.343 352.026 80.85 361.544 90.369 344.037 72.861 334.518 
93.565 324.37 90.382 344.042 102.042 360.203 105.225 340.531 
172.816 305.845 192.532 308.745 208.524 296.855 188.808 293.955 
224.032 284.324 208.536 296.853 228.352 298.951 243.849 286.422 
243.862 286.419 248.775 305.732 268.087 300.819 263.174 281.506 
251.427 265.414 263.187 281.501 282.878 284.561 271.118 268.474 
295.677 197.421 311.971 185.948 315.379 166.315 299.085 177.788 
334.218 134.663 318.248 146.583 315.384 166.304 331.354 154.384 
334.223 134.652 351.021 145.373 361.742 128.575 344.944 117.854 
342.174 102.846 325.457 113.694 344.948 117.844 361.665 106.996 
310.354 33.779 314.154 14.217 303.008 -2.302 299.208 17.259 
295.351 -38.33 291.719 -18.736 303.005 -2.313 306.637 -21.907 
290.747 -57.729 295.35 -38.341 314.738 -42.944 310.136 -62.332 
298.208 -76.214 279.864 -68.427 272.4 -49.951 290.743 -57.737 
185.378 -100.808 204.866 -96.652 194.025 -113.372 174.535 -117.528 
143.709 -137.685 154.945 -121.226 174.528 -117.534 163.292 -133.992 
125.428 -145.64 143.7 -137.686 151.653 -155.958 133.382 -163.912 
122.512 -165.357 110.631 -149.359 113.541 -129.646 125.423 -145.644 
-5.418 -106.005 14.023 -101.625 30.865 -112.275 11.426 -116.655 
-25.202 -108.45 -40.916 -96.197 -21.14 -93.749 -5.425 -106.003 
-67.547 -105.438 -58.857 -87.505 -40.924 -96.195 -49.613 -114.128 
-74.808 -99.455 -71.984 -79.728 -56.038 -67.777 -58.862 -87.504 
