11.822 226.289 24.792 241.418 26.32 221.549 13.35 206.42 
113.054 233.991 125.608 249.467 145.429 251.532 132.874 236.056 
202.922 185.841 222.713 188.173 238.357 175.827 218.566 173.495 
234.717 88.818 250.75 76.984 253.72 57.278 237.686 69.113 
178.749 -20.901 190.052 -4.489 193.665 -24.086 182.362 -40.499 
58.75 -60.625 69.814 -44.051 89.357 -40.154 78.293 -56.729 
-44.629 18.733 -24.853 21.184 -9.136 8.933 -28.913 6.483 
-56.12 147.336 -41.321 133.991 -40.293 114.09 -55.091 127.435 
2.957 208.436 -14.893 217.296 -6.033 235.145 11.817 226.285 
106.632 243.359 100.525 262.327 119.492 268.436 125.601 249.467 
222.708 188.176 204.844 197.008 213.675 214.872 231.54 206.04 
250.748 76.989 243.946 95.719 262.676 102.522 269.479 83.791 
212.074 -31.723 193.669 -24.082 201.31 -5.677 219.715 -13.318 
86.914 -74.697 78.296 -56.729 96.264 -48.112 104.882 -66.08 
-16.455 -18.801 -35.323 -12.388 -28.91 6.479 -10.042 0.066 
-65.901 101.404 -73.509 119.822 -55.091 127.43 -47.483 109.012 
-75.763 143.988 -64.243 160.249 -44.6 163.601 -56.12 147.34 
8.525 252.925 28.165 256.297 44.437 244.795 24.797 241.422 
142.024 271.166 158.321 259.696 161.734 240.064 145.438 251.533 
238.364 175.825 249.248 192.518 253.357 173.019 242.472 156.325 
243.555 40.135 253.724 57.273 273.033 62.2 262.863 45.062 
163.324 -46.41 182.356 -40.502 199.991 -49.782 180.96 -55.69 
41.653 -50.384 58.746 -60.626 63.59 -79.956 46.497 -69.714 
-59.383 22.618 -47.323 38.482 -44.633 18.737 -56.694 2.873 
-76.392 75.244 -84.226 93.567 -65.903 101.402 -58.068 83.078 
-84.224 93.568 -92.064 111.889 -73.742 119.728 -65.903 101.407 
-41.603 208.294 -32.75 226.147 -14.897 217.295 -23.749 199.442 
-32.749 226.145 -23.911 244.005 -6.05 235.167 -14.888 217.308 
81.554 256.223 75.445 275.192 94.413 281.3 100.522 262.331 
100.523 262.326 94.415 281.295 113.384 287.403 119.492 268.434 
195.859 223.808 204.793 241.621 222.606 232.686 213.672 214.875 
213.771 214.827 222.606 232.688 240.468 223.854 231.633 205.993 
262.679 102.524 256.132 121.347 274.953 127.892 281.5 109.07 
269.57 83.54 262.77 102.272 281.501 109.071 288.301 90.339 
219.721 -13.319 228.03 4.793 246.143 -3.516 237.834 -21.629 
211.819 -32.455 219.416 -14.032 237.839 -21.628 230.242 -40.05 
112.093 -84.659 104.885 -66.081 123.464 -58.873 130.672 -77.451 
94.877 -94.689 84.844 -77.472 102.061 -67.439 112.094 -84.656 
-23.729 -37.356 -16.455 -18.804 2.098 -26.078 -5.176 -44.63 
-43.136 -32.835 -38.616 -13.427 -19.208 -17.947 -23.728 -37.355 
-83.876 50.119 -65.937 41.441 -59.388 22.62 -77.327 31.298 
-83.876 50.123 -93.951 67.317 -88.918 86.598 -78.842 69.405 
-117.094 87.174 -102.72 100.977 -88.918 86.603 -103.292 72.8 
-102.723 100.979 -110.56 119.299 -92.063 111.888 -84.225 93.566 
-63.75 197.072 -56.372 178.56 -64.246 160.254 -71.623 178.766 
-63.748 197.075 -57.611 216.034 -39.866 225.102 -46.002 206.143 
-59.778 225.838 -59.045 245.753 -39.13 245.02 -39.863 225.105 
-32.751 226.143 -39.13 245.023 -30.291 262.883 -23.912 244.003 
34.34 275.25 52.102 284.286 45.932 265.338 28.17 256.302 
52.106 284.289 70.231 292.572 88.904 285.612 70.779 277.33 
75.426 300.284 90.099 313.767 103.583 299.094 88.91 285.61 
94.366 281.433 103.589 299.098 122.602 305.067 113.379 287.403 
158.329 259.698 175.505 269.804 194.795 264.805 177.619 254.699 
203.049 246.662 194.803 264.803 213.462 257.806 221.708 239.665 
221.715 239.66 222.314 259.579 242.232 258.98 241.633 239.061 
222.696 232.88 241.64 239.061 259.407 230.037 240.463 223.856 
253.365 173.016 272.733 168.33 283.115 151.321 263.746 156.007 
285.371 114.564 276.634 132.475 283.121 151.317 291.857 133.407 
285.373 114.558 299.337 128.775 313.554 114.81 299.589 100.594 
288.298 90.343 281.576 109.103 299.595 100.591 306.317 81.831 
262.865 45.056 272.625 27.683 267.242 8.496 257.482 25.869 
244.079 -20.134 249.732 -1.024 267.241 8.49 261.588 -10.619 
245.496 -40.015 244.076 -20.138 263.952 -18.718 265.373 -38.594 
237.9 -58.444 230.244 -40.045 237.84 -21.623 245.496 -40.02 
162.797 -63.896 180.957 -55.694 173.916 -74.336 155.755 -82.538 
119.381 -88.29 136.375 -77.882 155.751 -82.54 138.757 -92.947 
107.018 -103.924 119.377 -88.291 135.01 -100.65 122.651 -116.282 
89.798 -113.959 94.88 -94.69 112.097 -84.658 107.016 -103.927 
9.729 -67.665 28.535 -61.075 46.492 -69.714 27.686 -76.304 
-9.789 -63.623 -20.73 -46.968 -1.217 -51.008 9.725 -67.663 
-39.723 -67.791 -40.641 -47.885 -20.734 -46.967 -19.816 -66.872 
-60.054 -43.369 -43.136 -32.837 -23.727 -37.352 -40.644 -47.884 
