-37.314 333.884 -20.051 343.84 -25.218 324.594 -42.48 314.637 
151.671 350.605 168.886 360.643 188.157 355.568 170.941 345.53 
314.306 238.867 333.564 233.742 343.558 216.501 324.3 221.626 
350.501 44.889 360.422 27.606 355.217 8.37 345.296 25.653 
221.536 -127.805 238.81 -117.869 233.621 -137.11 216.347 -147.045 
8.103 -158.776 25.384 -148.852 44.621 -154.054 27.34 -163.978 
-147.363 -19.887 -128.113 -25.038 -118.143 -42.291 -137.393 -37.141 
-159.042 188.374 -149.09 171.11 -154.261 151.865 -164.213 169.129 
-42.637 314.496 -61.89 319.639 -56.747 338.891 -37.494 333.748 
151.421 350.761 141.452 368.015 158.706 377.985 168.675 360.73 
333.438 233.928 314.201 239.133 319.406 258.369 338.642 253.164 
360.512 27.8 350.553 45.06 367.814 55.019 377.773 37.758 
253.039 -142.139 233.792 -136.975 238.957 -117.728 258.204 -122.892 
37.589 -181.282 27.542 -164.073 44.752 -154.026 54.799 -171.236 
-123.109 -61.694 -142.369 -56.578 -137.252 -37.319 -117.992 -42.435 
-171.481 141.65 -181.514 158.868 -164.297 168.901 -154.264 151.683 
-173.101 202.658 -153.173 202.703 -139.05 188.644 -158.978 188.599 
-19.972 363.843 -5.786 349.85 -5.649 329.923 -19.836 343.917 
202.474 369.596 202.459 349.668 188.359 335.588 188.374 355.516 
343.633 216.296 363.561 216.343 349.504 202.219 329.575 202.172 
335.235 8.009 355.162 8.173 369.369 -5.801 349.441 -5.965 
201.968 -133.108 216.135 -147.123 216.242 -167.051 202.076 -153.036 
7.837 -138.801 7.894 -158.728 -6.156 -172.859 -6.213 -152.933 
-153.315 -5.6 -133.387 -5.56 -147.449 -19.679 -167.377 -19.719 
-155.008 118.549 -174.68 121.734 -171.495 141.405 -151.823 138.221 
-174.732 121.509 -175.744 101.607 -195.646 102.618 -194.635 122.52 
-66.496 291.698 -78.209 307.819 -62.089 319.533 -50.375 303.412 
-78.352 307.656 -93.22 294.387 -106.489 309.255 -91.621 322.523 
138.332 348.313 118.615 351.207 121.509 370.923 141.225 368.029 
122.634 390.835 121.292 370.952 101.41 372.294 102.751 392.177 
303.167 246.865 291.466 262.996 307.597 274.697 319.297 258.566 
322.234 288.208 307.443 274.855 294.089 289.645 308.88 302.998 
367.806 55.232 348.082 58.082 350.932 77.804 370.655 74.954 
391.9 93.743 390.59 73.859 370.706 75.168 372.016 95.053 
258.39 -122.783 246.585 -106.728 262.64 -94.923 274.445 -110.978 
302.744 -112.427 287.875 -125.696 274.607 -110.828 289.475 -97.56 
74.699 -174.405 55.026 -171.237 58.194 -151.562 77.868 -154.731 
94.818 -175.481 93.796 -195.381 73.895 -194.36 74.917 -174.459 
-111.318 -78.029 -122.999 -61.883 -106.854 -50.203 -95.173 -66.348 
-97.792 -92.946 -112.567 -106.317 -125.939 -91.542 -111.163 -78.17 
-164.478 29.726 -151.673 14.458 -153.415 -5.394 -166.22 9.875 
-164.534 29.959 -175.932 46.305 -172.433 65.923 -161.035 49.577 
-194.714 83.487 -174.936 85.924 -172.499 66.146 -192.277 63.709 
-174.934 86.155 -193.705 92.841 -175.704 101.387 -156.931 94.7 
-136.008 235.538 -137.775 215.688 -153.06 202.903 -151.292 222.752 
-135.904 235.752 -132.393 255.368 -116.039 266.756 -119.551 247.141 
-131.643 279.149 -119.437 294.9 -103.685 282.694 -115.891 266.942 
-84.759 276.291 -103.563 282.888 -112.194 300.85 -93.39 294.252 
9.724 362.706 29.571 360.911 14.267 348.146 -5.58 349.942 
29.795 360.964 46.144 372.356 65.761 368.851 49.412 357.458 
63.283 388.639 83.027 391.339 85.727 371.596 65.984 368.895 
94.377 353.554 85.951 371.612 92.761 390.341 101.188 372.282 
202.648 349.548 222.497 347.778 235.281 332.492 215.432 334.261 
246.895 316.053 235.486 332.391 255.107 328.906 266.516 312.567 
266.689 312.411 278.94 328.128 294.656 315.877 282.405 300.16 
275.965 281.225 282.598 300.016 300.575 308.613 293.942 289.823 
349.597 202.012 362.368 186.714 360.58 166.867 347.81 182.165 
368.654 130.707 357.203 147.017 360.638 166.646 372.089 150.337 
368.717 130.49 388.478 133.065 391.053 113.304 371.292 110.729 
371.975 95.267 353.249 102.082 371.309 110.505 390.035 103.691 
349.341 -6.149 347.574 -25.998 332.289 -38.784 334.056 -18.935 
312.407 -70.038 315.855 -50.411 332.171 -38.971 328.723 -58.598 
299.902 -85.835 312.277 -70.217 327.896 -82.593 315.52 -98.211 
308.462 -103.926 289.631 -97.406 280.927 -79.48 299.757 -86.0 
182.015 -151.422 201.868 -153.147 186.611 -165.966 166.758 -164.241 
130.551 -172.176 146.902 -160.785 166.519 -164.293 150.168 -175.684 
110.532 -174.701 130.308 -172.249 132.76 -192.026 112.984 -194.478 
103.549 -193.467 95.046 -175.445 101.777 -156.689 110.28 -174.712 
-39.05 -135.804 -19.199 -137.55 -6.397 -152.821 -26.248 -151.075 
-58.878 -132.226 -70.294 -115.893 -50.672 -119.369 -39.256 -135.703 
-98.444 -119.169 -86.169 -103.472 -70.471 -115.748 -82.746 -131.445 
-104.361 -111.871 -97.656 -93.105 -79.645 -84.577 -86.35 -103.343 
