-37.335 333.932 -20.059 343.866 -25.251 324.627 -42.526 314.693 
151.707 350.498 168.924 360.534 188.194 355.457 170.977 345.421 
314.448 239.055 333.678 233.826 343.578 216.531 324.348 221.76 
350.338 44.756 360.35 27.525 355.245 8.262 345.234 25.493 
221.428 -127.918 238.7 -117.978 233.516 -137.22 216.244 -147.16 
8.121 -158.813 25.383 -148.857 44.63 -154.024 27.367 -163.98 
-147.389 -19.836 -128.144 -25.007 -118.192 -42.271 -137.437 -37.1 
-159.059 188.449 -149.147 171.162 -154.361 151.929 -164.274 169.215 
-42.57 314.527 -61.84 319.604 -56.763 338.873 -37.493 333.796 
151.428 350.68 141.492 367.953 158.764 377.891 168.701 360.617 
333.644 234.035 314.364 239.074 319.403 258.355 338.683 253.316 
360.417 27.762 350.441 45.013 367.692 54.989 377.668 37.738 
252.987 -142.219 233.718 -137.134 238.804 -117.865 258.072 -122.95 
37.627 -181.272 27.59 -164.056 44.806 -154.02 54.843 -171.235 
-123.134 -61.655 -142.399 -56.557 -137.301 -37.293 -118.036 -42.391 
-171.463 141.733 -181.528 158.931 -164.33 168.997 -154.264 151.798 
-173.095 202.702 -153.167 202.74 -139.049 188.677 -158.977 188.638 
-19.884 363.859 -5.769 349.794 -5.732 329.867 -19.848 343.932 
202.506 369.52 202.537 349.592 188.469 335.479 188.438 355.407 
343.686 216.363 363.614 216.394 349.546 202.281 329.617 202.251 
335.231 8.004 355.158 8.04 369.275 -6.026 349.347 -6.061 
201.963 -133.223 216.074 -147.294 216.101 -167.222 201.991 -153.151 
7.862 -138.804 7.901 -158.731 -6.162 -172.849 -6.201 -152.922 
-153.342 -5.53 -133.414 -5.494 -147.479 -19.61 -167.407 -19.647 
-155.001 118.661 -174.673 121.84 -171.494 141.513 -151.821 138.334 
-174.73 121.642 -175.737 101.739 -195.64 102.746 -194.633 122.649 
-66.509 291.697 -78.179 307.849 -62.028 319.52 -50.357 303.368 
-78.329 307.684 -93.112 294.321 -106.475 309.103 -91.693 322.466 
138.096 348.278 118.422 351.452 121.596 371.124 141.27 367.95 
122.39 391.077 121.39 371.174 101.487 372.174 102.488 392.077 
303.117 246.846 291.439 262.994 307.587 274.672 319.264 258.524 
322.225 288.166 307.432 274.814 294.08 289.606 308.873 302.958 
367.74 55.235 348.065 58.409 351.239 78.081 370.913 74.908 
391.823 94.05 390.82 74.147 370.918 75.15 371.922 95.053 
258.237 -122.793 246.571 -106.637 262.727 -94.971 274.393 -111.127 
302.711 -112.442 287.918 -125.794 274.566 -111.0 289.36 -97.649 
74.742 -174.451 55.068 -171.286 58.233 -151.611 77.907 -154.776 
94.855 -175.489 93.85 -195.39 73.948 -194.385 74.953 -174.483 
-111.348 -78.006 -123.032 -61.863 -106.889 -50.179 -95.205 -66.323 
-97.815 -92.942 -112.587 -106.318 -125.963 -91.546 -111.191 -78.17 
-164.482 29.826 -151.692 14.544 -153.455 -5.305 -166.244 9.977 
-164.538 30.072 -175.937 46.418 -172.44 66.036 -161.04 49.691 
-194.74 83.628 -174.96 86.049 -172.54 66.269 -192.32 63.848 
-174.94 86.292 -193.7 93.012 -175.683 101.526 -156.922 94.806 
-136.038 235.57 -137.782 215.719 -153.053 202.916 -151.308 222.767 
-135.926 235.761 -132.438 255.381 -116.098 266.788 -119.586 247.169 
-131.644 279.238 -119.369 294.938 -103.67 282.663 -115.944 266.964 
-84.779 276.148 -103.54 282.867 -112.055 300.884 -93.294 294.165 
9.734 362.689 29.585 360.945 14.315 348.141 -5.536 349.885 
29.834 361.0 46.175 372.404 65.794 368.913 49.453 357.509 
63.6 388.762 83.38 391.182 85.801 371.402 66.021 368.981 
94.555 353.385 86.034 371.399 92.747 390.162 101.268 372.148 
202.761 349.471 222.612 347.719 235.41 332.444 215.559 334.196 
247.022 316.009 235.622 332.353 255.24 328.857 266.641 312.513 
266.784 312.371 279.052 328.075 294.756 315.808 282.488 300.104 
275.931 281.24 282.652 299.999 300.669 308.512 293.948 289.753 
349.617 202.081 362.421 186.812 360.678 166.961 347.874 182.231 
368.72 130.797 357.309 147.135 360.793 166.756 372.204 150.418 
368.714 130.548 388.493 132.975 390.92 113.195 371.141 110.769 
371.945 95.294 353.186 102.017 371.205 110.528 389.964 103.805 
349.258 -6.271 347.507 -26.121 332.232 -38.919 333.983 -19.069 
312.281 -70.129 315.772 -50.509 332.113 -39.105 328.622 -58.725 
299.897 -86.029 312.166 -70.326 327.868 -82.595 315.599 -98.297 
308.251 -104.214 289.493 -97.488 280.986 -79.468 299.743 -86.194 
181.928 -151.45 201.779 -153.195 186.509 -165.998 166.657 -164.252 
130.499 -172.266 146.833 -160.851 166.455 -164.328 150.121 -175.744 
110.51 -174.733 130.289 -172.304 132.718 -192.083 112.939 -194.512 
103.587 -193.493 95.063 -175.48 101.772 -156.716 110.296 -174.729 
-39.066 -135.82 -19.214 -137.548 -6.398 -152.807 -26.25 -151.08 
-58.892 -132.253 -70.317 -115.926 -50.693 -119.391 -39.268 -135.719 
-98.454 -119.214 -86.192 -103.506 -70.484 -115.769 -82.746 -131.477 
-104.393 -111.896 -97.687 -93.131 -79.676 -84.604 -86.382 -103.369 
