-37.298 333.837 -20.052 343.822 -25.187 324.567 -42.433 314.582 
151.762 350.589 168.984 360.616 188.251 355.529 171.03 345.502 
314.319 238.859 333.584 233.763 343.603 216.536 324.338 221.633 
350.294 44.759 360.35 27.554 355.295 8.278 345.239 25.483 
221.457 -127.883 238.718 -117.925 233.554 -137.171 216.293 -147.13 
8.113 -158.8 25.402 -148.89 44.635 -154.108 27.345 -164.018 
-147.386 -19.777 -128.158 -25.011 -118.263 -42.308 -137.491 -37.074 
-159.052 188.475 -149.061 171.233 -154.188 151.977 -164.179 169.218 
-42.632 314.486 -61.886 319.622 -56.75 338.876 -37.495 333.739 
151.495 350.685 141.524 367.938 158.777 377.91 168.748 360.656 
333.495 233.972 314.244 239.124 319.396 258.375 338.647 253.223 
360.386 27.786 350.436 45.052 367.701 55.002 377.652 37.737 
252.977 -142.185 233.716 -137.074 238.827 -117.813 258.088 -122.924 
37.613 -181.257 27.557 -164.053 44.762 -153.997 54.818 -171.201 
-123.164 -61.623 -142.445 -56.587 -137.409 -37.306 -118.128 -42.342 
-171.484 141.76 -181.455 159.014 -164.201 168.985 -154.23 151.731 
-173.064 202.733 -153.136 202.773 -139.017 188.71 -158.945 188.671 
-19.895 363.87 -5.78 349.804 -5.745 329.877 -19.86 343.943 
202.518 369.53 202.54 349.602 188.466 335.495 188.443 355.423 
343.711 216.343 363.639 216.389 349.582 202.265 329.653 202.219 
335.269 8.067 355.197 8.061 369.284 -6.034 349.356 -6.028 
202.004 -133.147 216.111 -147.222 216.134 -167.15 202.027 -153.075 
7.875 -138.806 7.92 -158.733 -6.139 -172.856 -6.184 -152.929 
-153.371 -5.497 -133.443 -5.463 -147.51 -19.578 -167.438 -19.611 
-155.026 118.704 -174.703 121.857 -171.549 141.534 -151.873 138.381 
-174.693 121.634 -175.686 101.731 -195.589 102.724 -194.596 122.627 
-66.519 291.646 -78.192 307.796 -62.042 319.47 -50.369 303.319 
-78.373 307.691 -93.153 294.324 -106.519 309.104 -91.74 322.47 
138.15 348.335 118.473 351.488 121.626 371.164 141.303 368.011 
122.449 391.05 121.393 371.15 101.493 372.206 102.549 392.106 
303.102 246.869 291.427 263.018 307.576 274.693 319.25 258.544 
322.224 288.248 307.458 274.866 294.076 289.631 308.842 303.012 
367.769 55.225 348.093 58.386 351.254 78.061 370.93 74.9 
391.828 94.024 390.82 74.121 370.919 75.129 371.926 95.031 
258.227 -122.809 246.552 -106.659 262.702 -94.985 274.377 -111.135 
302.684 -112.478 287.885 -125.824 274.539 -111.025 289.338 -97.68 
74.693 -174.422 55.02 -171.251 58.191 -151.577 77.864 -154.748 
94.815 -175.433 93.795 -195.334 73.894 -194.313 74.914 -174.412 
-111.315 -77.949 -122.986 -61.796 -106.833 -50.126 -95.163 -66.278 
-97.827 -92.929 -112.61 -106.292 -125.973 -91.51 -111.191 -78.146 
-164.482 29.855 -151.681 14.583 -153.428 -5.268 -166.229 10.004 
-164.559 30.077 -175.959 46.422 -172.462 66.041 -161.062 49.696 
-194.687 83.623 -174.907 86.046 -172.483 66.266 -192.263 63.843 
-174.951 86.272 -193.713 92.986 -175.699 101.506 -156.936 94.791 
-136.046 235.629 -137.792 215.778 -153.065 202.977 -151.317 222.828 
-135.914 235.796 -132.422 255.416 -116.079 266.82 -119.572 247.201 
-131.672 279.277 -119.402 294.979 -103.699 282.709 -115.97 267.006 
-84.771 276.139 -103.533 282.856 -112.049 300.872 -93.288 294.155 
9.714 362.686 29.565 360.936 14.291 348.137 -5.56 349.887 
29.78 361.025 46.124 372.426 65.742 368.931 49.399 357.53 
63.546 388.742 83.324 391.177 85.76 371.399 65.981 368.963 
94.552 353.456 86.009 371.459 92.698 390.231 101.242 372.228 
202.736 349.529 222.589 347.792 235.397 332.526 215.545 334.264 
246.974 316.054 235.559 332.388 255.181 328.91 266.596 312.575 
266.785 312.473 279.072 328.163 294.761 315.877 282.474 300.187 
275.886 281.266 282.622 300.02 300.646 308.519 293.91 289.765 
349.645 202.047 362.446 186.774 360.699 166.924 347.898 182.196 
368.697 130.741 357.284 147.077 360.765 166.699 372.178 150.362 
368.727 130.503 388.504 132.948 390.949 113.171 371.172 110.726 
371.947 95.258 353.189 101.987 371.211 110.493 389.968 103.764 
349.268 -6.261 347.515 -26.111 332.24 -38.908 333.992 -19.058 
312.267 -70.137 315.758 -50.518 332.1 -39.114 328.608 -58.733 
299.902 -86.061 312.165 -70.355 327.871 -82.619 315.608 -98.325 
308.212 -104.233 289.458 -97.494 280.963 -79.468 299.716 -86.207 
181.973 -151.41 201.823 -153.163 186.548 -165.96 166.697 -164.206 
130.517 -172.192 146.863 -160.793 166.481 -164.291 150.135 -175.69 
110.509 -174.659 130.288 -172.23 132.717 -192.009 112.938 -194.438 
103.554 -193.469 95.049 -175.447 101.777 -156.691 110.283 -174.712 
-39.038 -135.836 -19.185 -137.574 -6.378 -152.841 -26.229 -151.103 
-58.85 -132.221 -70.259 -115.884 -50.639 -119.368 -39.229 -135.706 
-98.446 -119.176 -86.165 -103.483 -70.471 -115.765 -82.752 -131.458 
-104.35 -111.826 -97.638 -93.063 -79.624 -84.542 -86.336 -103.305 
