-37.255 333.944 -19.975 343.871 -25.175 324.633 -42.455 314.707 
151.73 350.675 168.98 360.654 188.233 355.513 170.983 345.534 
314.301 238.797 333.564 233.696 343.578 216.467 324.315 221.568 
350.402 44.847 360.421 27.62 355.325 8.355 345.306 25.581 
221.419 -127.859 238.662 -117.868 233.534 -137.125 216.292 -147.116 
8.044 -158.788 25.31 -148.837 44.555 -154.01 27.289 -163.96 
-147.371 -19.845 -128.126 -25.018 -118.176 -42.283 -137.421 -37.11 
-159.067 188.341 -149.132 171.067 -154.322 151.827 -164.257 169.101 
-42.543 314.548 -61.81 319.64 -56.718 338.906 -37.451 333.814 
151.505 350.68 141.51 367.919 158.749 377.914 168.744 360.675 
333.473 233.917 314.227 239.087 319.396 258.333 338.642 253.163 
360.498 27.823 350.478 45.048 367.704 55.068 377.724 37.843 
252.978 -142.133 233.72 -137.011 238.842 -117.753 258.101 -122.875 
37.554 -181.274 27.532 -164.05 44.756 -154.028 54.778 -171.252 
-123.106 -61.638 -142.369 -56.536 -137.268 -37.273 -118.004 -42.375 
-171.474 141.655 -181.525 158.862 -164.317 168.913 -154.266 151.705 
-173.124 202.618 -153.196 202.645 -139.085 188.573 -159.013 188.546 
-19.777 363.908 -5.674 349.829 -5.657 329.902 -19.759 343.981 
202.505 369.503 202.521 349.575 188.443 335.472 188.426 355.4 
343.699 216.271 363.627 216.332 349.579 202.198 329.651 202.138 
335.323 8.161 355.251 8.141 369.328 -5.963 349.4 -5.944 
201.938 -133.147 216.085 -147.181 216.164 -167.109 202.017 -153.075 
7.771 -138.799 7.798 -158.726 -6.274 -172.836 -6.301 -152.909 
-153.304 -5.546 -133.376 -5.519 -147.448 -19.629 -167.376 -19.656 
-154.998 118.618 -174.673 121.787 -171.504 141.461 -151.83 138.293 
-174.706 121.589 -175.717 101.687 -195.62 102.698 -194.608 122.6 
-66.525 291.682 -78.173 307.85 -62.005 319.499 -50.356 303.331 
-78.338 307.675 -93.114 294.303 -106.485 309.079 -91.71 322.449 
138.146 348.308 118.47 351.467 121.628 371.142 141.304 367.983 
122.546 391.027 121.432 371.13 101.535 372.244 102.649 392.141 
303.099 246.808 291.411 262.948 307.551 274.636 319.238 258.496 
322.229 288.175 307.44 274.82 294.084 289.608 308.873 302.963 
367.751 55.274 348.071 58.415 351.213 78.093 370.892 74.952 
391.825 94.044 390.809 74.142 370.908 75.158 371.924 95.06 
258.297 -122.781 246.623 -106.631 262.774 -94.957 274.447 -111.107 
302.754 -112.331 287.998 -125.724 274.605 -110.967 289.362 -97.576 
74.708 -174.429 55.033 -171.271 58.191 -151.595 77.866 -154.752 
94.843 -175.464 93.851 -195.366 73.948 -194.374 74.941 -174.471 
-111.367 -77.991 -123.029 -61.832 -106.87 -50.17 -95.208 -66.329 
-97.843 -92.895 -112.628 -106.257 -125.989 -91.472 -111.204 -78.111 
-164.465 29.785 -151.668 14.509 -153.42 -5.342 -166.218 9.934 
-164.526 30.027 -175.928 46.37 -172.435 65.989 -161.032 49.646 
-194.719 83.576 -174.94 86.006 -172.51 66.227 -192.289 63.797 
-174.949 86.242 -193.707 92.967 -175.688 101.476 -156.93 94.751 
-136.03 235.489 -137.777 215.638 -153.05 202.837 -151.302 222.688 
-135.927 235.718 -132.446 255.339 -116.11 266.752 -119.591 247.132 
-131.641 279.217 -119.362 294.913 -103.666 282.634 -115.945 266.938 
-84.769 276.116 -103.53 282.835 -112.045 300.852 -93.284 294.133 
9.825 362.718 29.674 360.942 14.383 348.163 -5.466 349.939 
29.905 361.004 46.264 372.383 65.878 368.861 49.519 357.482 
63.645 388.735 83.421 391.19 85.876 371.414 66.1 368.959 
94.674 353.435 86.106 371.426 92.769 390.207 101.338 372.216 
202.72 349.514 222.572 347.775 235.379 332.508 215.527 334.247 
246.945 316.036 235.545 332.381 255.164 328.884 266.564 312.539 
266.753 312.426 279.06 328.1 294.733 315.793 282.425 300.12 
275.911 281.183 282.586 299.959 300.582 308.516 293.907 289.74 
349.625 201.988 362.431 186.72 360.691 166.869 347.885 182.137 
368.721 130.712 357.301 147.043 360.773 166.666 372.193 150.334 
368.727 130.487 388.501 132.956 390.969 113.181 371.195 110.713 
371.956 95.263 353.205 102.011 371.235 110.498 389.986 103.75 
349.273 -6.148 347.543 -26.0 332.282 -38.814 334.012 -18.962 
312.363 -70.073 315.837 -50.45 332.168 -39.031 328.694 -58.654 
299.963 -85.98 312.193 -70.247 327.926 -82.476 315.696 -98.209 
308.295 -104.21 289.549 -97.45 281.073 -79.416 299.819 -86.174 
181.967 -151.426 201.818 -153.161 186.554 -165.972 166.702 -164.236 
130.529 -172.201 146.864 -160.786 166.485 -164.266 150.15 -175.68 
110.536 -174.707 130.312 -172.258 132.761 -192.034 112.984 -194.483 
103.586 -193.463 95.072 -175.446 101.791 -156.686 110.306 -174.703 
-39.16 -135.765 -19.309 -137.51 -6.507 -152.781 -26.358 -151.036 
-58.989 -132.196 -70.391 -115.853 -50.773 -119.346 -39.37 -135.689 
-98.525 -119.127 -86.245 -103.433 -70.55 -115.713 -82.83 -131.407 
-104.434 -111.818 -97.714 -93.057 -79.697 -84.543 -86.416 -103.304 
