-37.247 333.874 -20.004 343.865 -25.132 324.609 -42.375 314.618 
151.633 350.605 168.86 360.623 188.125 355.526 170.898 345.508 
314.33 238.779 333.599 233.697 343.63 216.478 324.361 221.56 
350.533 44.736 360.455 27.454 355.251 8.218 345.329 25.5 
221.449 -127.879 238.707 -117.915 233.549 -137.164 216.291 -147.128 
8.014 -158.8 25.304 -148.891 44.536 -154.11 27.247 -164.019 
-147.383 -19.764 -128.132 -24.911 -118.159 -42.163 -137.41 -37.016 
-158.992 188.406 -149.029 171.148 -154.188 151.9 -164.151 169.158 
-42.549 314.502 -61.806 319.63 -56.679 338.886 -37.422 333.758 
151.377 350.667 141.393 367.913 158.638 377.898 168.623 360.652 
333.507 233.916 314.258 239.074 319.415 258.323 338.664 253.165 
360.506 27.68 350.47 44.896 367.686 54.932 377.722 37.716 
253.02 -142.193 233.754 -137.1 238.847 -117.833 258.113 -122.926 
37.531 -181.257 27.478 -164.051 44.684 -153.998 54.737 -171.204 
-123.124 -61.606 -142.381 -56.479 -137.254 -37.223 -117.997 -42.35 
-171.456 141.709 -181.466 158.94 -164.234 168.95 -154.225 151.718 
-173.047 202.697 -153.119 202.726 -139.008 188.655 -158.936 188.627 
-19.855 363.864 -5.736 349.802 -5.695 329.875 -19.814 343.937 
202.398 369.531 202.43 349.604 188.363 335.49 188.33 355.418 
343.749 216.277 363.677 216.314 349.613 202.197 329.684 202.161 
335.251 8.001 355.179 8.013 369.279 -6.07 349.351 -6.082 
201.991 -133.168 216.103 -147.237 216.134 -167.165 202.021 -153.096 
7.786 -138.779 7.815 -158.706 -6.256 -172.817 -6.285 -152.89 
-153.322 -5.458 -133.394 -5.428 -147.463 -19.54 -167.391 -19.571 
-154.966 118.652 -174.641 121.817 -171.476 141.492 -151.801 138.327 
-174.675 121.61 -175.684 101.707 -195.587 102.716 -194.578 122.619 
-66.487 291.693 -78.158 307.844 -62.007 319.516 -50.335 303.365 
-78.311 307.678 -93.098 294.319 -106.457 309.105 -91.671 322.463 
138.02 348.305 118.342 351.451 121.488 371.128 141.166 367.982 
122.278 391.03 121.257 371.128 101.355 372.15 102.377 392.052 
303.1 246.839 291.437 262.997 307.595 274.66 319.257 258.502 
322.228 288.242 307.469 274.854 294.079 289.612 308.839 303.0 
367.741 55.162 348.065 58.329 351.233 78.002 370.908 74.836 
391.829 93.944 390.815 74.041 370.914 75.055 371.928 94.957 
258.278 -122.778 246.597 -106.633 262.742 -94.952 274.423 -111.097 
302.77 -112.413 287.986 -125.775 274.624 -110.99 289.409 -97.63 
74.631 -174.437 54.959 -171.261 58.136 -151.588 77.808 -154.764 
94.752 -175.441 93.739 -195.343 73.837 -194.33 74.85 -174.429 
-111.337 -77.989 -123.004 -61.833 -106.849 -50.166 -95.182 -66.321 
-97.801 -92.929 -112.588 -106.288 -125.947 -91.501 -111.16 -78.142 
-164.477 29.864 -151.679 14.589 -153.431 -5.262 -166.229 10.013 
-164.508 30.076 -175.916 46.415 -172.43 66.035 -161.021 49.696 
-194.698 83.595 -174.919 86.024 -172.49 66.245 -192.269 63.816 
-174.926 86.254 -193.688 92.967 -175.675 101.488 -156.912 94.775 
-135.978 235.575 -137.722 215.723 -152.993 202.92 -151.248 222.772 
-135.89 235.787 -132.403 255.407 -116.064 266.815 -119.551 247.196 
-131.613 279.25 -119.344 294.954 -103.641 282.685 -115.909 266.981 
-84.755 276.167 -103.518 282.883 -112.036 300.898 -93.274 294.183 
9.716 362.675 29.568 360.938 14.303 348.129 -5.549 349.866 
29.751 360.99 46.085 372.404 65.706 368.926 49.373 357.511 
63.469 388.728 83.247 391.166 85.685 371.388 65.907 368.95 
94.413 353.404 85.899 371.422 92.619 390.182 101.133 372.165 
202.655 349.54 222.507 347.805 235.318 332.541 215.465 334.276 
246.916 316.05 235.498 332.383 255.12 328.908 266.538 312.575 
266.754 312.464 279.027 328.163 294.726 315.89 282.453 300.19 
275.876 281.257 282.612 300.011 300.636 308.51 293.899 289.756 
349.67 201.972 362.471 186.699 360.722 166.848 347.922 182.122 
368.706 130.665 357.301 147.007 360.792 166.626 372.197 150.284 
368.733 130.434 388.512 132.863 390.941 113.084 371.162 110.654 
371.946 95.183 353.183 101.897 371.197 110.417 389.96 103.703 
349.273 -6.275 347.524 -26.125 332.25 -38.925 333.999 -19.075 
312.315 -70.124 315.806 -50.504 332.147 -39.1 328.656 -58.719 
299.953 -86.004 312.227 -70.306 327.925 -82.58 315.652 -98.278 
308.304 -104.157 289.541 -97.442 281.023 -79.428 299.785 -86.142 
181.934 -151.401 201.786 -153.136 186.522 -165.946 166.67 -164.211 
130.477 -172.226 146.811 -160.811 166.433 -164.289 150.099 -175.704 
110.455 -174.671 130.234 -172.244 132.661 -192.024 112.882 -194.45 
103.497 -193.473 94.981 -175.457 101.699 -156.696 110.215 -174.713 
-39.137 -135.799 -19.286 -137.554 -6.492 -152.832 -26.342 -151.076 
-58.933 -132.175 -70.334 -115.832 -50.716 -119.326 -39.314 -135.67 
-98.482 -119.151 -86.211 -103.451 -70.51 -115.723 -82.781 -131.423 
-104.389 -111.857 -97.673 -93.095 -79.658 -84.577 -86.374 -103.339 
