-37.34 333.929 -20.064 343.862 -25.256 324.623 -42.532 314.689 
151.678 350.503 168.886 360.553 188.16 355.491 170.952 345.441 
314.385 238.854 333.646 233.741 343.651 216.507 324.39 221.619 
350.481 44.802 360.447 27.545 355.291 8.295 345.325 25.553 
221.394 -127.941 238.641 -117.957 233.505 -137.212 216.258 -147.195 
8.088 -158.801 25.358 -148.857 44.6 -154.038 27.33 -163.981 
-147.426 -19.843 -128.194 -25.063 -118.286 -42.352 -137.518 -37.133 
-159.024 188.443 -149.121 171.151 -154.347 151.92 -164.249 169.213 
-42.56 314.527 -61.836 319.581 -56.783 338.857 -37.506 333.803 
151.408 350.684 141.458 367.949 158.721 377.901 168.673 360.636 
333.511 233.912 314.261 239.064 319.413 258.315 338.664 253.163 
360.543 27.767 350.525 44.994 367.752 55.011 377.77 37.784 
252.947 -142.207 233.687 -137.089 238.805 -117.829 258.065 -122.948 
37.562 -181.295 27.535 -164.074 44.756 -154.047 54.783 -171.268 
-123.126 -61.638 -142.406 -56.597 -137.365 -37.318 -118.085 -42.359 
-171.447 141.733 -181.533 158.92 -164.346 169.006 -154.26 151.819 
-173.066 202.735 -153.138 202.755 -139.033 188.679 -158.961 188.658 
-19.901 363.861 -5.776 349.805 -5.728 329.878 -19.852 343.935 
202.441 369.544 202.469 349.616 188.399 335.505 188.371 355.433 
343.724 216.31 363.652 216.347 349.588 202.229 329.659 202.192 
335.314 8.065 355.242 8.065 369.333 -6.026 349.405 -6.026 
201.923 -133.222 216.051 -147.276 216.104 -167.204 201.976 -153.15 
7.845 -138.839 7.881 -158.766 -6.185 -172.882 -6.221 -152.955 
-153.355 -5.525 -133.427 -5.497 -147.498 -19.608 -167.426 -19.636 
-154.972 118.67 -174.645 121.843 -171.473 141.516 -151.799 138.344 
-174.697 121.634 -175.718 101.732 -195.619 102.753 -194.599 122.655 
-66.525 291.646 -78.177 307.81 -62.013 319.464 -50.36 303.299 
-78.348 307.677 -93.129 294.313 -106.494 309.095 -91.712 322.458 
138.114 348.286 118.431 351.405 121.551 371.087 141.233 367.967 
122.458 391.035 121.343 371.139 101.447 372.254 102.561 392.15 
303.131 246.868 291.492 263.044 307.668 274.683 319.306 258.508 
322.233 288.239 307.495 274.827 294.082 289.563 308.82 302.976 
367.764 55.251 348.079 58.36 351.188 78.043 370.872 74.934 
391.889 93.974 390.81 74.075 370.912 75.154 371.991 95.053 
258.25 -122.835 246.605 -106.664 262.775 -95.019 274.421 -111.189 
302.722 -112.403 287.963 -125.794 274.573 -111.035 289.331 -97.646 
74.703 -174.418 55.028 -171.256 58.19 -151.581 77.864 -154.742 
94.827 -175.493 93.816 -195.395 73.914 -194.383 74.926 -174.482 
-111.338 -77.994 -123.007 -61.84 -106.853 -50.171 -95.184 -66.325 
-97.837 -92.954 -112.638 -106.297 -125.981 -91.496 -111.18 -78.153 
-164.509 29.813 -151.717 14.533 -153.476 -5.317 -166.268 9.963 
-164.536 30.061 -175.946 46.399 -172.462 66.02 -161.051 49.682 
-194.742 83.609 -174.963 86.037 -172.535 66.258 -192.314 63.83 
-174.948 86.274 -193.711 92.985 -175.698 101.508 -156.935 94.796 
-136.003 235.59 -137.746 215.738 -153.016 202.934 -151.272 222.786 
-135.897 235.78 -132.418 255.402 -116.083 266.817 -119.562 247.196 
-131.635 279.267 -119.357 294.963 -103.66 282.686 -115.938 266.989 
-84.74 276.154 -103.511 282.847 -112.05 300.853 -93.28 294.159 
9.696 362.722 29.548 360.981 14.28 348.175 -5.572 349.915 
29.783 361.013 46.129 372.411 65.747 368.911 49.401 357.514 
63.526 388.763 83.301 391.218 85.756 371.442 65.981 368.987 
94.582 353.439 85.995 371.422 92.639 390.21 101.226 372.227 
202.659 349.507 222.512 347.777 235.327 332.516 215.474 334.246 
246.949 316.082 235.537 332.419 255.158 328.937 266.57 312.6 
266.758 312.448 279.086 328.105 294.742 315.777 282.414 300.12 
275.919 281.226 282.628 299.989 300.64 308.513 293.93 289.75 
349.686 202.041 362.485 186.767 360.734 166.917 347.935 182.191 
368.687 130.734 357.283 147.077 360.776 166.696 372.179 150.353 
368.753 130.512 388.525 132.992 391.006 113.22 371.233 110.739 
371.967 95.273 353.213 102.013 371.24 110.508 389.993 103.768 
349.271 -6.223 347.526 -26.074 332.255 -38.877 334.0 -19.026 
312.315 -70.123 315.807 -50.504 332.149 -39.1 328.657 -58.72 
299.898 -86.025 312.151 -70.31 327.866 -82.563 315.613 -98.278 
308.246 -104.245 289.495 -97.499 281.008 -79.47 299.758 -86.216 
181.926 -151.474 201.775 -153.23 186.499 -166.025 166.648 -164.268 
130.479 -172.221 146.823 -160.819 166.442 -164.314 150.098 -175.716 
110.497 -174.705 130.277 -172.282 132.699 -192.062 112.919 -194.485 
103.577 -193.456 95.045 -175.447 101.746 -156.68 110.278 -174.689 
-39.076 -135.827 -19.224 -137.575 -6.425 -152.848 -26.275 -151.1 
-58.902 -132.229 -70.308 -115.889 -50.689 -119.377 -39.282 -135.718 
-98.469 -119.183 -86.191 -103.488 -70.495 -115.766 -82.773 -131.462 
-104.383 -111.868 -97.669 -93.105 -79.654 -84.586 -86.368 -103.348 
