-37.281 333.881 -20.025 343.848 -25.179 324.598 -42.436 314.631 
151.698 350.563 168.931 360.57 188.193 355.46 170.959 345.453 
314.329 238.712 333.608 233.671 343.676 216.473 324.396 221.515 
350.435 44.721 360.356 27.438 355.151 8.203 345.23 25.486 
221.429 -127.911 238.715 -117.995 233.504 -137.229 216.218 -147.145 
8.108 -158.775 25.358 -148.797 44.611 -153.938 27.361 -163.917 
-147.361 -19.823 -128.132 -25.054 -118.234 -42.35 -137.463 -37.118 
-158.98 188.427 -149.084 171.131 -154.318 151.902 -164.213 169.199 
-42.582 314.49 -61.839 319.615 -56.714 338.872 -37.456 333.746 
151.412 350.743 141.474 368.015 158.746 377.954 168.684 360.681 
333.497 233.869 314.232 238.964 319.327 258.23 338.592 253.135 
360.439 27.658 350.491 44.925 367.759 54.872 377.706 37.605 
252.92 -142.227 233.662 -137.103 238.786 -117.845 258.044 -122.969 
37.548 -181.262 27.539 -164.031 44.77 -154.021 54.78 -171.252 
-123.115 -61.634 -142.401 -56.615 -137.383 -37.331 -118.097 -42.349 
-171.432 141.719 -181.52 158.904 -164.335 168.993 -154.247 151.807 
-173.017 202.695 -153.09 202.737 -138.969 188.676 -158.897 188.634 
-19.896 363.859 -5.753 349.821 -5.678 329.894 -19.821 343.932 
202.473 369.54 202.549 349.612 188.513 335.467 188.437 355.395 
343.777 216.264 363.705 216.23 349.591 202.163 329.662 202.198 
335.148 7.833 355.075 8.001 369.284 -5.971 349.357 -6.139 
201.864 -133.18 216.017 -147.208 216.106 -167.136 201.952 -153.107 
7.861 -138.772 7.916 -158.699 -6.135 -172.829 -6.191 -152.902 
-153.305 -5.544 -133.377 -5.516 -147.448 -19.627 -167.376 -19.655 
-154.987 118.621 -174.657 121.817 -171.462 141.487 -151.792 138.291 
-174.645 121.603 -175.653 101.701 -195.556 102.709 -194.548 122.611 
-66.47 291.689 -78.168 307.821 -62.037 319.52 -50.338 303.388 
-78.301 307.663 -93.122 294.341 -106.444 309.161 -91.623 322.482 
138.067 348.348 118.389 351.5 121.541 371.176 141.218 368.024 
122.295 391.129 121.32 371.225 101.416 372.2 102.391 392.104 
302.902 246.944 291.427 263.237 307.72 274.712 319.194 258.42 
322.197 288.433 307.58 274.89 294.035 289.506 308.652 303.05 
367.786 55.117 348.097 58.202 351.182 77.888 370.87 74.804 
391.905 93.858 390.816 73.959 370.919 75.048 372.008 94.947 
258.217 -122.877 246.466 -106.782 262.561 -95.031 274.312 -111.126 
302.601 -112.544 287.752 -125.834 274.462 -110.985 289.312 -97.696 
74.678 -174.418 55.0 -171.279 58.14 -151.6 77.818 -154.739 
94.793 -175.474 93.809 -195.377 73.906 -194.393 74.89 -174.491 
-111.328 -77.974 -122.989 -61.814 -106.829 -50.153 -95.168 -66.313 
-97.839 -92.932 -112.63 -106.287 -125.985 -91.496 -111.194 -78.141 
-164.413 29.796 -151.608 14.526 -153.351 -5.325 -166.156 9.944 
-164.503 30.021 -175.913 46.359 -172.428 65.98 -161.018 49.641 
-194.655 83.573 -174.877 86.011 -172.439 66.233 -192.217 63.795 
-174.939 86.249 -193.693 92.985 -175.669 101.483 -156.914 94.747 
-136.008 235.611 -137.761 215.76 -153.038 202.964 -151.284 222.815 
-135.873 235.82 -132.367 255.437 -116.017 266.83 -119.523 247.214 
-131.592 279.327 -119.299 295.012 -103.614 282.719 -115.907 267.034 
-84.699 276.23 -103.484 282.882 -112.063 300.868 -93.278 294.216 
9.725 362.71 29.576 360.957 14.3 348.161 -5.551 349.914 
29.789 361.016 46.125 372.427 65.746 368.945 49.41 357.534 
63.66 388.803 83.455 391.102 85.754 371.307 65.959 369.008 
94.615 353.352 85.977 371.31 92.567 390.117 101.205 372.159 
202.738 349.473 222.59 347.738 235.4 332.473 215.548 334.209 
247.046 316.061 235.6 332.374 255.228 328.932 266.674 312.619 
266.83 312.463 279.244 328.052 294.833 315.639 282.419 300.05 
275.876 281.142 282.586 299.906 300.598 308.429 293.888 289.666 
349.689 201.957 362.478 186.676 360.716 166.827 347.927 182.108 
368.648 130.644 357.254 146.993 360.757 166.61 372.151 150.262 
368.737 130.436 388.508 132.934 391.006 113.164 371.235 110.666 
371.964 95.19 353.203 101.91 371.22 110.424 389.981 103.704 
349.257 -6.33 347.478 -26.177 332.185 -38.953 333.964 -19.106 
312.262 -70.179 315.739 -50.557 332.073 -39.141 328.595 -58.763 
299.833 -86.041 312.129 -70.36 327.81 -82.656 315.514 -98.337 
308.26 -104.201 289.475 -97.549 280.897 -79.562 299.681 -86.215 
181.899 -151.462 201.75 -153.206 186.481 -166.01 166.629 -164.266 
130.453 -172.243 146.785 -160.824 166.407 -164.298 150.075 -175.717 
110.466 -174.741 130.245 -172.311 132.675 -192.091 112.896 -194.52 
103.529 -193.474 95.015 -175.456 101.735 -156.696 110.248 -174.714 
-39.045 -135.813 -19.192 -137.539 -6.375 -152.796 -26.227 -151.071 
-58.855 -132.207 -70.278 -115.879 -50.655 -119.347 -39.231 -135.675 
-98.46 -119.186 -86.19 -103.485 -70.488 -115.756 -82.758 -131.457 
-104.385 -111.834 -97.663 -93.074 -79.645 -84.562 -86.367 -103.322 
