-37.244 333.864 -19.998 343.848 -25.133 324.594 -42.379 314.609 
151.651 350.697 168.906 360.668 188.156 355.517 170.902 345.547 
314.373 238.878 333.628 233.745 343.613 216.499 324.358 221.632 
350.419 44.765 360.397 27.514 355.254 8.262 345.277 25.512 
221.459 -127.905 238.726 -117.957 233.551 -137.201 216.283 -147.149 
8.054 -158.777 25.311 -148.81 44.56 -153.964 27.304 -163.931 
-147.415 -19.786 -128.167 -24.946 -118.205 -42.204 -137.453 -37.045 
-159.029 188.41 -149.077 171.146 -154.248 151.9 -164.2 169.165 
-42.572 314.489 -61.83 319.612 -56.707 338.869 -37.449 333.746 
151.479 350.734 141.45 367.954 158.669 377.984 168.699 360.764 
333.505 233.948 314.241 239.05 319.344 258.314 338.607 253.211 
360.478 27.744 350.48 44.982 367.718 54.98 377.716 37.742 
253.032 -142.211 233.759 -137.143 238.828 -117.87 258.1 -122.939 
37.541 -181.231 27.545 -163.991 44.784 -153.996 54.78 -171.235 
-123.174 -61.611 -142.434 -56.494 -137.317 -37.235 -118.058 -42.352 
-171.495 141.708 -181.5 158.942 -164.266 168.947 -154.261 151.712 
-173.096 202.704 -153.168 202.734 -139.056 188.664 -158.984 188.634 
-19.817 363.861 -5.707 349.791 -5.678 329.864 -19.788 343.934 
202.426 369.583 202.47 349.655 188.411 335.532 188.367 355.46 
343.69 216.29 363.618 216.324 349.553 202.209 329.624 202.174 
335.257 8.013 355.185 8.039 369.295 -6.034 349.367 -6.06 
201.974 -133.186 216.092 -147.25 216.13 -167.178 202.012 -153.114 
7.788 -138.806 7.816 -158.733 -6.255 -172.844 -6.283 -152.917 
-153.346 -5.493 -133.418 -5.462 -147.488 -19.575 -167.416 -19.605 
-155.001 118.649 -174.676 121.813 -171.512 141.489 -151.837 138.324 
-174.697 121.589 -175.699 101.686 -195.602 102.688 -194.6 122.591 
-66.514 291.662 -78.177 307.819 -62.02 319.483 -50.356 303.326 
-78.346 307.68 -93.131 294.319 -106.492 309.104 -91.708 322.464 
138.063 348.285 118.388 351.45 121.553 371.124 141.228 367.959 
122.35 391.07 121.342 371.167 101.44 372.174 102.447 392.077 
303.078 246.847 291.407 263.0 307.559 274.671 319.23 258.519 
322.201 288.209 307.421 274.843 294.054 289.622 308.834 302.988 
367.721 55.212 348.045 58.38 351.214 78.054 370.889 74.886 
391.85 93.979 390.831 74.077 370.93 75.096 371.949 94.998 
258.257 -122.781 246.577 -106.635 262.724 -94.955 274.403 -111.102 
302.729 -112.404 287.949 -125.772 274.582 -110.993 289.361 -97.626 
74.698 -174.421 55.024 -171.257 58.188 -151.582 77.862 -154.745 
94.838 -175.467 93.832 -195.368 73.93 -194.362 74.936 -174.461 
-111.395 -77.966 -123.067 -61.815 -106.915 -50.143 -95.243 -66.294 
-97.868 -92.903 -112.654 -106.263 -126.013 -91.476 -111.227 -78.117 
-164.506 29.828 -151.699 14.56 -153.44 -5.291 -166.246 9.976 
-164.545 30.047 -175.956 46.385 -172.472 66.006 -161.062 49.668 
-194.719 83.579 -174.939 86.0 -172.518 66.22 -192.298 63.799 
-174.949 86.224 -193.71 92.94 -175.695 101.458 -156.933 94.741 
-136.021 235.586 -137.764 215.734 -153.034 202.93 -151.29 222.782 
-135.934 235.815 -132.446 255.436 -116.106 266.843 -119.594 247.224 
-131.633 279.275 -119.361 294.976 -103.66 282.703 -115.933 267.002 
-84.775 276.168 -103.538 282.882 -112.057 300.897 -93.295 294.182 
9.765 362.683 29.616 360.933 14.342 348.134 -5.509 349.884 
29.826 360.972 46.164 372.38 65.784 368.894 49.446 357.486 
63.56 388.749 83.339 391.172 85.763 371.393 65.984 368.969 
94.505 353.377 85.988 371.393 92.704 390.155 101.221 372.139 
202.647 349.525 222.499 347.795 235.314 332.534 215.461 334.264 
246.94 316.093 235.514 332.42 255.138 328.954 266.563 312.627 
266.734 312.46 279.001 328.165 294.705 315.899 282.438 300.194 
275.908 281.272 282.614 300.037 300.624 308.565 293.919 289.8 
349.645 202.003 362.448 186.732 360.704 166.881 347.9 182.152 
368.665 130.688 357.258 147.028 360.746 166.648 372.153 150.308 
368.745 130.462 388.525 132.886 390.948 113.106 371.169 110.683 
371.907 95.213 353.145 101.929 371.16 110.447 389.922 103.731 
349.255 -6.27 347.509 -26.12 332.238 -38.922 333.984 -19.072 
312.294 -70.166 315.78 -50.545 332.119 -39.137 328.632 -58.758 
299.867 -86.036 312.141 -70.337 327.839 -82.61 315.566 -98.309 
308.268 -104.212 289.504 -97.5 280.983 -79.487 299.746 -86.198 
181.942 -151.44 201.794 -153.173 186.532 -165.985 166.679 -164.252 
130.513 -172.243 146.842 -160.819 166.465 -164.287 150.137 -175.711 
110.521 -174.725 130.299 -172.291 132.734 -192.069 112.955 -194.504 
103.587 -193.466 95.063 -175.454 101.772 -156.69 110.296 -174.703 
-39.129 -135.78 -19.279 -137.537 -6.486 -152.815 -26.335 -151.059 
-58.955 -132.207 -70.353 -115.862 -50.735 -119.36 -39.337 -135.706 
-98.492 -119.148 -86.226 -103.444 -70.521 -115.711 -82.787 -131.415 
-104.451 -111.851 -97.729 -93.091 -79.711 -84.578 -86.433 -103.338 
