-37.047 333.991 -19.712 343.82 -25.019 324.612 -42.354 314.783 
151.894 350.211 169.066 360.323 188.358 355.331 171.186 345.219 
314.352 238.731 333.631 233.688 343.697 216.49 324.418 221.533 
349.748 44.579 360.173 27.595 355.535 8.215 345.11 25.199 
221.591 -127.621 238.941 -117.817 233.604 -137.017 216.254 -146.82 
8.137 -158.841 25.37 -148.833 44.632 -153.941 27.399 -163.949 
-147.299 -19.704 -128.048 -24.856 -118.079 -42.11 -137.33 -36.958 
-158.797 188.628 -148.914 171.325 -154.16 152.1 -164.044 169.403 
-42.582 314.685 -61.788 320.001 -56.472 339.206 -37.267 333.89 
151.66 350.253 141.538 367.418 158.702 377.541 168.825 360.376 
333.549 233.899 314.25 238.867 319.217 258.166 338.516 253.198 
360.216 27.831 349.868 44.861 366.899 55.209 377.246 38.179 
253.02 -142.256 233.817 -136.93 239.143 -117.727 258.346 -123.053 
37.81 -181.187 27.596 -164.077 44.706 -153.862 54.921 -170.973 
-123.014 -61.528 -142.286 -56.456 -137.213 -37.185 -117.942 -42.258 
-171.514 141.992 -181.376 159.308 -164.061 169.171 -154.198 151.855 
-172.654 203.043 -152.726 202.855 -138.769 188.632 -158.696 188.82 
-19.567 363.863 -5.436 349.814 -5.377 329.887 -19.508 343.937 
202.518 369.478 202.73 349.551 188.791 335.311 188.579 355.238 
343.821 216.293 363.747 216.561 349.848 202.282 329.921 202.013 
335.504 8.427 355.427 8.012 369.222 -6.369 349.299 -5.954 
201.797 -133.034 216.068 -146.943 216.325 -166.869 202.054 -152.961 
8.191 -138.853 7.919 -158.778 -6.363 -172.675 -6.091 -152.75 
-153.201 -5.375 -133.273 -5.463 -147.426 -19.492 -167.354 -19.404 
-154.911 119.035 -174.607 122.063 -171.58 141.76 -151.883 138.732 
-174.591 121.831 -175.116 101.91 -195.037 102.435 -194.512 122.356 
-65.009 291.835 -77.503 307.358 -61.98 319.854 -49.485 304.33 
-77.681 307.225 -92.68 294.104 -105.801 309.103 -90.802 322.223 
136.169 348.232 116.914 353.369 122.051 372.622 141.305 367.486 
120.574 392.507 121.82 372.618 101.931 371.372 100.685 391.261 
302.095 247.855 291.649 264.825 308.619 275.271 319.064 258.301 
322.037 290.085 308.525 275.44 293.878 288.951 307.391 303.597 
366.972 55.435 347.64 60.276 352.481 79.606 371.812 74.765 
390.845 95.784 391.727 75.875 371.819 74.994 370.938 94.902 
258.505 -122.887 246.151 -107.25 261.788 -94.897 274.141 -110.533 
302.317 -113.71 286.674 -126.055 274.329 -110.411 289.973 -98.068 
74.805 -174.289 55.149 -171.013 58.426 -151.356 78.081 -154.632 
94.911 -175.393 93.812 -195.29 73.915 -194.191 75.014 -174.294 
-111.163 -77.861 -122.86 -61.727 -106.727 -50.03 -95.029 -66.164 
-97.788 -92.943 -112.681 -106.184 -125.922 -91.291 -111.029 -78.05 
-164.277 29.997 -151.492 14.71 -153.261 -5.139 -166.046 10.147 
-164.375 30.225 -175.81 46.546 -172.354 66.172 -160.92 49.851 
-194.82 83.47 -175.076 86.17 -172.376 66.426 -192.12 63.726 
-175.139 86.419 -193.546 94.05 -175.134 101.671 -156.726 94.039 
-135.819 235.801 -137.466 215.941 -152.674 203.063 -151.026 222.923 
-135.694 235.961 -132.243 255.587 -115.924 267.025 -119.376 247.399 
-131.816 279.111 -119.906 295.089 -103.929 283.179 -115.838 267.202 
-85.481 275.408 -103.771 283.321 -111.108 301.848 -92.819 293.936 
10.127 362.587 29.969 360.743 14.635 348.016 -5.208 349.86 
30.191 360.826 46.526 372.238 66.148 368.757 49.812 357.344 
64.704 388.621 84.561 390.304 86.244 370.448 66.388 368.765 
95.187 352.574 86.479 370.499 92.996 389.331 101.704 371.407 
202.946 349.464 222.773 347.461 235.376 332.025 215.549 334.028 
247.055 315.624 235.569 331.909 255.206 328.515 266.691 312.23 
266.884 312.126 279.894 327.221 294.988 314.212 281.978 299.117 
275.955 280.021 282.127 298.968 299.888 308.002 293.716 289.055 
349.907 202.051 362.46 186.574 360.394 166.755 347.84 182.231 
368.947 130.687 357.286 146.847 360.468 166.519 372.128 150.359 
368.968 130.445 388.803 132.366 390.725 112.532 370.89 110.61 
370.96 95.128 352.528 102.705 370.919 110.38 389.35 102.804 
349.23 -6.163 347.63 -26.026 332.453 -38.94 334.053 -19.077 
312.083 -69.879 315.829 -50.306 332.317 -39.116 328.571 -58.688 
299.783 -85.832 311.981 -70.075 327.738 -82.273 315.54 -98.03 
309.238 -103.442 290.099 -97.89 280.492 -80.432 299.631 -85.983 
181.987 -151.242 201.834 -153.021 186.543 -165.798 166.694 -164.019 
130.502 -171.96 146.862 -160.58 166.476 -164.102 150.116 -175.481 
110.552 -174.82 130.274 -171.965 133.129 -191.687 113.407 -194.542 
103.359 -193.534 95.102 -175.398 102.087 -156.735 110.345 -174.872 
-38.962 -135.654 -19.109 -137.379 -6.292 -152.637 -26.144 -150.912 
-58.795 -132.125 -70.225 -115.802 -50.6 -119.261 -39.17 -135.585 
-98.359 -119.124 -86.097 -103.416 -70.388 -115.679 -82.651 -131.387 
-104.218 -111.887 -97.614 -93.085 -79.65 -84.46 -86.254 -103.262 
