-29.497 309.446 -12.165 319.281 -17.466 300.071 -34.798 290.236 
135.14 328.293 152.19 338.608 171.541 333.845 154.49 323.53 
283.801 238.974 303.29 234.817 314.131 218.096 294.642 222.253 
329.855 70.039 341.017 53.53 337.237 33.964 326.075 50.473 
224.737 -97.57 241.321 -86.52 237.407 -106.06 220.824 -117.11 
26.974 -138.705 44.011 -128.368 63.367 -133.105 46.33 -143.443 
-122.651 -13.021 -103.549 -18.699 -94.059 -36.221 -113.16 -30.542 
-135.812 178.775 -126.431 161.194 -132.229 142.129 -141.61 159.709 
-37.017 290.979 -55.478 298.484 -47.973 316.944 -29.512 309.439 
134.502 329.396 125.288 347.065 142.956 356.28 152.171 338.611 
303.276 234.835 283.99 239.851 289.006 259.137 308.292 254.121 
341.024 53.553 330.916 70.727 348.09 80.834 358.198 63.66 
256.233 -112.666 237.434 -106.053 244.047 -87.254 262.846 -93.867 
52.415 -162.431 46.352 -143.448 65.335 -137.385 71.398 -156.368 
-104.869 -57.499 -122.48 -48.174 -113.155 -30.563 -95.544 -39.889 
-153.584 134.177 -160.359 152.918 -141.618 159.693 -134.843 140.952 
-150.73 191.997 -130.839 193.212 -115.915 180.006 -135.806 178.792 
-13.618 339.159 1.471 326.143 2.937 306.27 -12.151 319.286 
183.931 349.46 186.225 329.664 173.851 314.045 171.557 333.84 
314.138 218.077 333.874 220.834 321.869 204.929 302.132 202.172 
317.496 31.18 337.232 33.942 353.14 21.94 333.404 19.178 
205.07 -104.894 220.802 -117.125 223.278 -136.899 207.545 -124.667 
23.776 -119.023 26.95 -138.696 15.284 -154.851 12.11 -135.179 
-130.332 0.179 -110.583 2.845 -122.663 -13.004 -142.412 -15.67 
-136.141 112.031 -155.931 114.372 -153.59 134.162 -133.8 131.821 
-155.934 114.358 -170.234 100.479 -184.113 114.778 -169.814 128.658 
-57.432 270.362 -70.519 285.389 -55.493 298.477 -42.405 283.45 
-70.53 285.382 -88.959 292.966 -81.374 311.394 -62.947 303.809 
123.094 327.267 103.286 329.444 105.463 349.252 125.272 347.075 
124.865 353.718 105.444 349.25 100.976 368.671 120.397 373.139 
273.13 247.113 261.083 262.987 276.957 275.033 289.003 259.159 
293.801 264.42 276.942 275.043 287.564 291.903 304.423 281.28 
348.097 80.855 328.373 83.708 331.226 103.429 350.949 100.577 
376.765 89.294 358.205 82.038 350.949 100.597 369.509 107.853 
262.866 -93.856 251.317 -77.616 267.557 -66.067 279.106 -82.307 
298.218 -103.014 278.307 -102.206 279.115 -82.295 299.025 -83.104 
90.803 -160.978 71.413 -156.384 76.008 -136.993 95.398 -141.587 
109.697 -167.384 103.289 -186.252 84.421 -179.844 90.828 -160.976 
-95.225 -74.963 -104.857 -57.517 -87.412 -47.886 -77.78 -65.331 
-84.734 -91.929 -101.68 -102.414 -112.165 -85.467 -95.219 -74.982 
-148.461 32.252 -132.763 19.978 -130.342 0.197 -146.04 12.472 
-148.473 32.269 -162.902 46.014 -163.386 65.936 -148.956 52.191 
-186.527 82.046 -166.913 85.569 -163.39 65.955 -183.004 62.432 
-166.917 85.582 -186.546 89.016 -170.239 100.468 -150.609 97.034 
-120.761 228.646 -118.463 208.851 -130.836 193.23 -133.133 213.025 
-120.755 228.662 -121.208 248.584 -107.44 262.992 -106.988 243.07 
-124.241 273.715 -113.534 290.522 -96.727 279.814 -107.435 263.008 
-76.987 277.037 -96.719 279.824 -108.701 295.748 -88.969 292.96 
13.903 341.738 33.705 343.977 21.286 328.392 1.484 326.153 
33.723 343.981 46.928 358.905 66.818 360.121 53.614 345.197 
61.479 379.325 80.673 384.681 86.03 365.487 66.836 360.13 
97.351 349.076 86.046 365.488 89.657 385.086 100.962 368.675 
186.241 329.659 206.029 332.01 221.684 319.68 201.896 317.329 
237.281 307.249 221.703 319.676 241.506 321.904 257.084 309.477 
257.101 309.465 266.289 327.149 283.972 317.962 274.784 300.278 
271.092 280.694 274.8 300.273 291.266 311.496 287.558 291.917 
321.88 204.909 337.864 193.008 340.751 173.291 324.767 185.192 
359.67 141.674 343.672 153.556 340.762 173.27 356.76 161.388 
359.674 141.652 378.661 147.7 384.709 128.712 365.721 122.664 
369.515 107.871 349.786 110.685 365.726 122.645 385.454 119.831 
333.4 19.157 337.046 -0.434 325.771 -16.865 322.125 2.726 
316.537 -52.53 313.77 -32.796 325.768 -16.885 328.535 -36.62 
306.322 -69.666 316.523 -52.548 333.641 -62.748 323.44 -79.867 
318.867 -85.166 299.046 -83.099 286.494 -67.622 306.313 -69.689 
188.016 -128.772 207.519 -124.682 196.621 -141.365 177.118 -145.455 
144.234 -162.093 157.221 -146.978 177.092 -145.474 164.105 -160.588 
124.998 -167.411 144.204 -162.099 149.516 -181.306 130.309 -186.617 
117.313 -185.815 109.72 -167.391 117.378 -148.994 124.972 -167.418 
-23.746 -126.693 -4.074 -123.513 12.084 -135.175 -7.587 -138.355 
-43.684 -127.455 -58.309 -113.92 -38.397 -113.148 -23.771 -126.684 
-85.369 -121.873 -75.834 -104.375 -58.335 -113.91 -67.87 -131.408 
-95.271 -108.855 -84.721 -91.949 -65.307 -87.454 -75.857 -104.36 
