-37.149 333.921 -19.964 344.011 -24.981 324.725 -42.166 314.635 
151.715 350.47 168.931 360.508 188.201 355.433 170.986 345.395 
314.316 238.578 333.606 233.578 343.711 216.402 324.421 221.402 
350.115 44.478 360.329 27.367 355.452 8.045 345.238 25.156 
221.463 -127.868 238.751 -117.956 233.535 -137.189 216.247 -147.101 
8.134 -158.822 25.386 -148.848 44.638 -153.994 27.385 -163.968 
-147.362 -19.789 -128.122 -24.981 -118.189 -42.255 -137.429 -37.064 
-158.912 188.538 -148.918 171.298 -154.042 152.041 -164.036 169.28 
-42.308 314.533 -61.611 319.486 -56.658 338.788 -37.355 333.835 
151.467 350.515 141.439 367.735 158.658 377.764 168.687 360.544 
333.491 233.792 314.2 238.789 319.197 258.08 338.488 253.083 
360.345 27.59 350.154 44.714 367.278 54.906 377.47 37.782 
252.975 -142.303 233.74 -137.092 238.951 -117.857 258.186 -123.068 
37.639 -181.233 27.59 -164.025 44.798 -153.976 54.847 -171.184 
-123.096 -61.588 -142.376 -56.548 -137.336 -37.269 -118.056 -42.309 
-171.329 141.781 -181.316 159.025 -164.072 169.013 -154.085 151.769 
-172.95 202.799 -153.022 202.881 -138.873 188.848 -158.801 188.766 
-19.628 364.041 -5.64 349.849 -5.784 329.922 -19.772 344.114 
202.405 369.494 202.551 349.566 188.564 335.373 188.418 355.3 
343.826 216.207 363.754 216.244 349.69 202.127 329.761 202.09 
335.423 8.304 355.347 7.862 369.121 -6.539 349.198 -6.096 
201.909 -133.191 216.053 -147.229 216.128 -167.157 201.984 -153.119 
7.997 -138.816 7.921 -158.743 -6.224 -172.78 -6.148 -152.853 
-153.317 -5.508 -133.389 -5.478 -147.458 -19.591 -167.386 -19.621 
-155.01 118.603 -174.668 121.869 -171.402 141.528 -151.744 138.262 
-174.654 121.624 -175.801 101.729 -195.696 102.875 -194.549 122.77 
-66.018 291.476 -77.82 307.532 -61.765 319.336 -49.962 303.28 
-77.998 307.432 -93.094 294.423 -106.103 309.518 -91.007 322.526 
137.118 348.324 117.617 352.426 121.719 371.927 141.22 367.825 
121.531 391.86 121.505 371.932 101.577 371.958 101.603 391.886 
302.436 247.27 291.439 263.889 308.058 274.886 319.054 258.267 
322.27 288.899 307.928 275.065 294.093 289.406 308.435 303.24 
367.338 55.138 347.815 59.136 351.814 78.658 371.336 74.66 
391.546 94.542 391.248 74.616 371.324 74.913 371.621 94.839 
258.339 -122.927 246.587 -106.833 262.681 -95.081 274.433 -111.175 
302.755 -112.11 288.146 -125.662 274.593 -111.053 289.203 -97.501 
74.728 -174.393 55.056 -171.22 58.229 -151.546 77.902 -154.719 
94.845 -175.379 93.875 -195.283 73.972 -194.313 74.942 -174.41 
-111.297 -77.901 -122.96 -61.742 -106.802 -50.079 -95.139 -66.238 
-97.84 -92.857 -112.617 -106.227 -125.987 -91.45 -111.21 -78.08 
-164.464 29.827 -151.648 14.567 -153.375 -5.285 -166.192 9.974 
-164.519 30.061 -175.901 46.419 -172.383 66.033 -161.001 49.676 
-194.518 83.738 -174.726 86.061 -172.403 66.269 -192.195 63.946 
-174.772 86.284 -193.662 92.629 -175.818 101.5 -156.927 95.155 
-135.925 235.756 -137.671 215.905 -152.944 203.104 -151.196 222.955 
-135.799 235.94 -132.308 255.559 -115.967 266.964 -119.458 247.346 
-131.74 279.22 -119.675 295.081 -103.814 283.017 -115.878 267.155 
-85.037 276.074 -103.664 283.158 -111.826 301.337 -93.2 294.254 
9.829 362.712 29.682 360.981 14.42 348.167 -5.432 349.897 
29.895 361.042 46.237 372.444 65.856 368.951 49.514 357.549 
64.263 388.815 84.107 390.64 85.932 370.796 66.088 368.971 
95.168 353.043 86.16 370.818 92.359 389.757 101.367 371.982 
202.783 349.474 222.635 347.737 235.444 332.471 215.592 334.208 
247.072 316.008 235.63 332.324 255.257 328.877 266.699 312.562 
266.893 312.432 279.702 327.698 294.967 314.889 282.158 299.623 
276.188 280.489 282.318 299.45 300.059 308.524 293.929 289.563 
349.748 201.918 362.589 186.678 360.893 166.824 348.052 182.063 
368.756 130.623 357.421 147.014 360.996 166.618 372.331 150.228 
368.766 130.384 388.565 132.644 390.825 112.845 371.026 110.584 
371.637 95.099 352.966 102.063 371.093 110.341 389.764 103.377 
349.141 -6.288 347.399 -26.139 332.13 -38.944 333.872 -19.093 
312.348 -70.235 315.73 -50.596 332.008 -39.102 328.626 -58.74 
299.69 -85.878 312.249 -70.407 327.72 -82.966 315.161 -98.437 
308.107 -104.022 289.331 -97.345 280.777 -79.348 299.552 -86.025 
181.906 -151.44 201.757 -153.171 186.496 -165.985 166.644 -164.253 
130.459 -172.182 146.826 -160.813 166.438 -164.346 150.071 -175.715 
110.492 -174.787 130.248 -172.176 132.859 -191.932 113.103 -194.543 
103.362 -193.505 95.051 -175.393 101.981 -156.71 110.292 -174.822 
-39.039 -135.783 -19.186 -137.509 -6.369 -152.767 -26.222 -151.041 
-58.866 -132.172 -70.284 -115.84 -50.662 -119.314 -39.244 -135.646 
-98.482 -119.158 -86.216 -103.454 -70.511 -115.722 -82.777 -131.426 
-104.404 -111.749 -97.661 -92.997 -79.633 -84.505 -86.376 -103.258 
