-25.095 294.523 -8.408 305.418 -12.504 285.916 -29.19 275.021 
128.528 313.839 145.014 325.034 164.588 321.292 148.101 310.097 
268.778 233.572 288.469 230.507 300.225 214.416 280.535 217.481 
315.433 77.892 327.779 62.249 325.448 42.458 313.102 58.101 
222.457 -82.34 237.78 -69.6 235.953 -89.443 220.63 -102.184 
36.718 -127.953 52.286 -115.513 72.09 -117.725 56.522 -130.165 
-109.157 -9.658 -89.531 -13.112 -78.096 -29.432 -97.722 -25.978 
-123.658 171.453 -112.736 154.785 -116.799 135.276 -127.721 151.943 
-31.082 275.506 -50.094 281.48 -44.12 300.491 -25.108 294.517 
128.187 314.345 117.492 331.159 134.306 341.855 145.001 325.041 
288.463 230.521 268.827 233.924 272.23 253.559 291.865 250.157 
327.781 62.263 316.057 78.377 332.17 90.102 343.895 73.988 
255.512 -93.298 235.962 -89.436 239.823 -69.886 259.373 -73.747 
65.215 -148.105 56.531 -130.168 74.468 -121.485 83.151 -139.422 
-88.307 -52.551 -106.295 -43.975 -97.719 -25.988 -79.731 -34.564 
-138.702 125.974 -146.193 144.44 -127.727 151.931 -120.235 133.465 
-139.367 183.726 -119.589 186.164 -103.879 173.904 -123.658 171.465 
-11.925 325.039 4.437 313.665 7.965 294.053 -8.397 305.427 
175.077 338.241 179.656 318.846 169.181 301.894 164.602 321.289 
300.237 214.405 319.493 219.535 309.506 202.292 290.248 197.161 
306.174 37.368 325.445 42.444 342.66 32.408 323.39 27.331 
203.95 -91.268 220.619 -102.188 224.684 -121.697 208.015 -110.777 
33.278 -108.321 36.708 -127.951 25.252 -144.257 21.823 -124.627 
-117.157 3.339 -97.48 6.494 -109.162 -9.65 -128.839 -12.806 
-121.345 103.762 -141.126 106.182 -138.705 125.963 -118.925 123.542 
-141.124 106.175 -160.644 102.165 -164.654 121.685 -145.134 125.696 
-56.478 254.023 -67.015 270.937 -50.103 281.475 -39.565 264.562 
-67.018 270.933 -79.612 286.377 -64.168 298.97 -51.575 283.526 
111.313 312.214 92.363 318.382 98.532 337.331 117.481 331.162 
117.943 332.854 98.524 337.33 103.0 356.749 122.419 352.273 
254.239 244.984 245.654 262.968 263.638 271.552 272.222 253.569 
274.168 254.649 263.631 271.562 280.544 282.1 291.081 265.187 
332.172 90.111 313.315 96.558 319.762 115.413 338.619 108.967 
355.978 86.768 336.197 89.189 338.619 108.969 358.399 106.547 
259.383 -73.745 250.441 -55.937 268.249 -46.994 277.192 -64.803 
281.87 -92.59 265.637 -81.031 277.195 -64.798 293.427 -76.357 
102.212 -145.262 83.159 -139.425 88.997 -120.371 108.05 -126.208 
113.209 -161.883 96.587 -172.873 85.597 -156.251 102.219 -145.26 
-77.152 -69.076 -88.302 -52.56 -71.786 -41.409 -60.636 -57.926 
-79.405 -88.883 -99.205 -86.625 -96.947 -66.825 -77.147 -69.083 
-136.462 34.705 -120.318 23.023 -117.163 3.346 -133.307 15.028 
-136.468 34.712 -151.254 48.073 -152.261 67.975 -137.476 54.614 
-176.172 82.907 -156.758 87.4 -152.265 67.985 -171.68 63.492 
-156.76 87.408 -176.506 90.09 -160.648 102.157 -140.901 99.475 
-110.215 221.784 -107.525 202.039 -119.586 186.175 -122.275 205.921 
-110.213 221.795 -111.269 241.695 -97.944 256.513 -96.889 236.614 
-115.749 265.469 -106.804 283.277 -88.996 274.332 -97.941 256.524 
-69.779 269.043 -88.991 274.34 -98.83 291.669 -79.619 286.373 
16.842 329.282 36.64 331.555 24.248 315.948 4.45 313.675 
36.654 331.562 49.3 346.962 69.133 348.909 56.486 333.509 
61.969 367.507 80.559 374.685 87.737 356.095 69.146 348.917 
96.157 338.028 87.751 356.096 94.584 374.816 102.989 356.748 
179.671 318.844 199.458 321.21 215.122 308.891 195.335 306.525 
231.128 296.994 215.137 308.887 234.853 311.785 250.844 299.892 
250.859 299.887 258.217 318.407 276.736 311.049 269.378 292.529 
262.395 273.861 269.391 292.52 287.531 300.768 280.535 282.109 
309.515 202.278 325.511 190.394 328.418 170.68 312.422 182.564 
348.684 139.918 332.187 151.097 328.428 170.667 344.924 159.487 
348.69 139.902 366.847 148.114 375.059 129.956 356.901 121.745 
358.401 106.555 339.331 112.341 356.907 121.734 375.976 115.948 
323.389 27.317 327.058 7.731 315.802 -8.714 312.133 10.873 
309.182 -44.949 304.987 -25.468 315.795 -8.726 319.991 -28.207 
301.242 -63.239 309.181 -44.962 327.458 -52.902 319.519 -71.179 
313.156 -79.216 293.435 -76.355 281.515 -60.386 301.235 -63.248 
188.577 -115.214 208.005 -110.785 197.4 -127.655 177.97 -132.084 
147.003 -152.03 158.351 -135.649 177.958 -132.089 166.611 -148.471 
127.933 -157.856 146.993 -152.036 152.812 -171.096 133.753 -176.915 
125.433 -177.628 113.214 -161.886 115.706 -142.116 127.924 -157.858 
-14.434 -118.152 5.031 -113.882 21.813 -124.627 2.349 -128.896 
-34.286 -119.977 -49.61 -107.239 -29.767 -105.41 -14.442 -118.149 
-76.299 -116.312 -67.497 -98.434 -49.619 -107.236 -58.42 -125.114 
-84.971 -108.025 -79.404 -88.891 -61.937 -79.297 -67.504 -98.432 
