-37.175 333.961 -19.924 343.938 -25.068 324.686 -42.318 314.709 
151.696 350.484 168.886 360.565 188.17 355.54 170.98 345.458 
314.305 238.888 333.561 233.757 343.549 216.512 324.293 221.644 
350.405 44.758 360.456 27.551 355.396 8.276 345.345 25.484 
221.587 -127.889 238.852 -117.938 233.68 -137.183 216.414 -147.133 
8.099 -158.822 25.349 -148.843 44.602 -153.985 27.352 -163.963 
-147.374 -19.855 -128.13 -25.032 -118.185 -42.3 -137.428 -37.122 
-159.041 188.319 -149.097 171.05 -154.277 151.807 -164.221 169.076 
-42.438 314.549 -61.713 319.61 -56.652 338.884 -37.377 333.823 
151.462 350.533 141.412 367.74 158.618 377.791 168.669 360.584 
333.488 233.964 314.257 239.185 319.478 258.417 338.71 253.195 
360.499 27.78 350.327 44.916 367.463 55.088 377.635 37.952 
253.111 -142.161 233.852 -137.041 238.971 -117.782 258.23 -122.901 
37.635 -181.256 27.596 -164.042 44.81 -154.003 54.849 -171.217 
-123.138 -61.673 -142.399 -56.56 -137.287 -37.3 -118.026 -42.412 
-171.505 141.608 -181.525 158.833 -164.299 168.853 -154.279 151.628 
-173.084 202.62 -153.156 202.653 -139.042 188.586 -158.97 188.553 
-19.74 363.954 -5.62 349.893 -5.577 329.966 -19.697 344.027 
202.411 369.584 202.469 349.656 188.421 335.524 188.362 355.452 
343.665 216.325 363.592 216.509 349.633 202.288 329.704 202.104 
335.368 8.271 355.295 8.079 369.249 -6.147 349.322 -5.955 
202.127 -133.097 216.199 -147.207 216.172 -167.135 202.1 -153.025 
7.837 -138.817 7.863 -158.744 -6.21 -172.853 -6.236 -152.926 
-153.306 -5.568 -133.378 -5.536 -147.446 -19.65 -167.374 -19.682 
-154.996 118.561 -174.673 121.71 -171.524 141.388 -151.846 138.238 
-174.711 121.506 -175.736 101.604 -195.637 102.629 -194.613 122.53 
-66.327 291.655 -78.049 307.77 -61.934 319.493 -50.212 303.377 
-78.209 307.588 -93.091 294.335 -106.343 309.217 -91.461 322.469 
137.766 348.17 118.137 351.608 121.575 371.236 141.204 367.798 
122.3 391.125 121.384 371.218 101.477 372.134 102.393 392.041 
303.491 246.49 291.401 262.331 307.243 274.421 319.331 258.579 
322.252 287.584 307.132 274.605 294.152 289.725 309.273 302.704 
367.525 55.309 347.921 58.896 351.509 78.497 371.111 74.911 
391.639 94.442 391.031 74.524 371.114 75.131 371.721 95.05 
258.42 -122.807 246.677 -106.707 262.777 -94.964 274.52 -111.065 
302.808 -112.217 288.08 -125.64 274.656 -110.912 289.385 -97.49 
74.758 -174.444 55.088 -171.253 58.279 -151.582 77.949 -154.773 
94.884 -175.516 93.868 -195.417 73.967 -194.402 74.983 -174.5 
-111.354 -78.018 -123.031 -61.87 -106.884 -50.193 -95.206 -66.341 
-97.815 -92.931 -112.596 -106.296 -125.962 -91.515 -111.181 -78.15 
-164.445 29.757 -151.651 14.478 -153.409 -5.372 -166.202 9.907 
-164.484 29.985 -175.881 46.332 -172.38 65.95 -160.983 49.603 
-194.681 83.486 -174.905 85.939 -172.452 66.163 -192.228 63.71 
-174.898 86.161 -193.686 92.801 -175.706 101.392 -156.917 94.751 
-135.994 235.52 -137.753 215.67 -153.034 202.878 -151.274 222.728 
-135.875 235.757 -132.389 255.377 -116.05 266.786 -119.536 247.167 
-131.754 279.032 -119.701 294.902 -103.831 282.85 -115.883 266.98 
-85.048 276.043 -103.701 283.055 -111.933 301.203 -93.279 294.191 
9.872 362.79 29.723 361.043 14.451 348.241 -5.4 349.988 
29.935 361.093 46.267 372.511 65.889 369.037 49.558 357.619 
63.794 388.867 83.59 391.155 85.878 371.359 66.082 369.071 
94.598 353.389 86.065 371.397 92.766 390.165 101.298 372.157 
202.677 349.601 222.525 347.813 235.294 332.514 215.447 334.303 
246.896 316.05 235.485 332.387 255.106 328.904 266.517 312.566 
266.729 312.455 278.78 328.326 294.65 316.275 282.599 300.405 
275.868 281.536 282.775 300.228 300.876 308.562 293.969 289.87 
349.673 202.065 362.47 186.789 360.717 166.939 347.92 182.215 
368.77 130.775 357.337 147.097 360.793 166.722 372.227 150.401 
368.78 130.546 388.604 132.57 390.629 112.745 370.804 110.721 
371.743 95.27 352.911 101.79 370.837 110.495 389.668 103.975 
349.25 -6.153 347.536 -26.006 332.285 -38.833 333.999 -18.979 
312.417 -70.089 315.854 -50.46 332.164 -39.011 328.727 -58.64 
299.818 -85.806 312.298 -70.271 327.833 -82.751 315.354 -98.286 
308.357 -103.921 289.54 -97.359 280.875 -79.414 299.691 -85.976 
182.045 -151.412 201.898 -153.124 186.649 -165.953 166.795 -164.24 
130.623 -172.261 146.945 -160.828 166.57 -164.285 150.248 -175.718 
110.6 -174.637 130.393 -172.322 132.707 -192.115 112.914 -194.43 
103.798 -193.44 95.125 -175.498 101.68 -156.68 110.352 -174.622 
-39.092 -135.796 -19.242 -137.547 -6.445 -152.822 -26.295 -151.071 
-58.914 -132.201 -70.312 -115.856 -50.695 -119.353 -39.296 -135.7 
-98.463 -119.132 -86.182 -103.438 -70.489 -115.72 -82.769 -131.413 
-104.398 -111.856 -97.678 -93.095 -79.661 -84.581 -86.381 -103.341 
