-37.295 333.902 -20.017 343.832 -25.212 324.593 -42.49 314.663 
151.617 350.611 168.845 360.627 188.109 355.527 170.881 345.511 
314.436 238.98 333.67 233.77 343.587 216.484 324.352 221.695 
350.35 44.73 360.37 27.504 355.275 8.239 345.255 25.465 
221.415 -127.893 238.671 -117.926 233.517 -137.176 216.26 -147.143 
8.078 -158.809 25.354 -148.876 44.593 -154.068 27.317 -164.001 
-147.398 -19.802 -128.148 -24.955 -118.18 -42.21 -137.43 -37.057 
-159.029 188.456 -149.085 171.188 -154.264 151.945 -164.208 169.213 
-42.562 314.547 -61.829 319.639 -56.737 338.905 -37.47 333.813 
151.387 350.667 141.399 367.911 158.642 377.9 168.63 360.656 
333.572 233.976 314.295 239.029 319.348 258.306 338.625 253.252 
360.392 27.732 350.437 44.995 367.7 54.95 377.655 37.687 
252.975 -142.2 233.715 -137.083 238.832 -117.823 258.092 -122.94 
37.587 -181.284 27.547 -164.07 44.761 -154.03 54.801 -171.244 
-123.18 -61.639 -142.442 -56.529 -137.332 -37.268 -118.07 -42.378 
-171.439 141.716 -181.472 158.934 -164.254 168.966 -154.221 151.748 
-173.038 202.744 -153.11 202.77 -139.001 188.698 -158.929 188.671 
-19.887 363.887 -5.775 349.818 -5.745 329.891 -19.856 343.96 
202.381 369.535 202.414 349.607 188.347 335.493 188.315 355.421 
343.709 216.291 363.637 216.317 349.566 202.208 329.637 202.181 
335.253 8.013 355.181 8.039 369.291 -6.033 349.363 -6.059 
201.97 -133.201 216.085 -147.268 216.119 -167.196 202.004 -153.129 
7.822 -138.814 7.857 -158.741 -6.209 -172.857 -6.244 -152.93 
-153.383 -5.537 -133.455 -5.503 -147.523 -19.618 -167.451 -19.651 
-155.002 118.63 -174.676 121.8 -171.506 141.474 -151.832 138.304 
-174.671 121.566 -175.69 101.664 -195.592 102.683 -194.573 122.585 
-66.477 291.681 -78.134 307.843 -61.974 319.501 -50.315 303.34 
-78.281 307.706 -93.077 294.357 -106.426 309.153 -91.63 322.501 
138.028 348.294 118.352 351.456 121.515 371.131 141.19 367.968 
122.311 391.034 121.303 371.131 101.401 372.139 102.408 392.042 
303.062 246.815 291.381 262.96 307.527 274.64 319.206 258.495 
322.171 288.193 307.394 274.824 294.024 289.6 308.801 302.969 
367.758 55.171 348.082 58.342 351.255 78.015 370.929 74.844 
391.805 93.963 390.807 74.06 370.905 75.058 371.903 94.961 
258.254 -122.79 246.588 -106.634 262.744 -94.968 274.41 -111.124 
302.725 -112.408 287.942 -125.771 274.579 -110.988 289.362 -97.626 
74.711 -174.445 55.037 -171.285 58.198 -151.609 77.872 -154.77 
94.821 -175.463 93.825 -195.365 73.923 -194.37 74.918 -174.468 
-111.35 -77.965 -123.023 -61.814 -106.873 -50.141 -95.199 -66.291 
-97.851 -92.937 -112.634 -106.3 -125.997 -91.517 -111.214 -78.154 
-164.471 29.805 -151.677 14.528 -153.432 -5.323 -166.227 9.955 
-164.56 30.008 -175.972 46.345 -172.489 65.966 -161.078 49.629 
-194.705 83.548 -174.925 85.975 -172.498 66.196 -192.278 63.769 
-174.981 86.202 -193.741 92.922 -175.725 101.436 -156.964 94.717 
-135.974 235.626 -137.738 215.776 -153.022 202.989 -151.257 222.838 
-135.842 235.824 -132.341 255.442 -115.994 266.839 -119.495 247.222 
-131.569 279.307 -119.295 295.006 -103.596 282.732 -115.87 267.033 
-84.696 276.175 -103.455 282.901 -111.964 300.92 -93.205 294.195 
9.72 362.667 29.571 360.916 14.296 348.118 -5.555 349.869 
29.781 361.009 46.12 372.415 65.74 368.927 49.401 357.521 
63.528 388.721 83.307 391.152 85.738 371.373 65.959 368.942 
94.468 353.388 85.954 371.406 92.674 390.166 101.188 372.149 
202.655 349.52 222.508 347.788 235.321 332.525 215.468 334.258 
246.92 316.026 235.503 332.36 255.125 328.883 266.542 312.55 
266.733 312.428 279.0 328.133 294.704 315.867 282.437 300.162 
275.86 281.233 282.573 299.995 300.586 308.516 293.873 289.754 
349.627 201.976 362.427 186.702 360.678 166.852 347.878 182.126 
368.678 130.66 357.276 147.003 360.77 166.622 372.172 150.279 
368.703 130.415 388.483 132.836 390.904 113.056 371.124 110.635 
371.926 95.174 353.166 101.894 371.183 110.408 389.944 103.688 
349.301 -6.275 347.541 -26.124 332.261 -38.916 334.021 -19.067 
312.275 -70.115 315.778 -50.497 332.125 -39.102 328.623 -58.72 
299.895 -86.005 312.17 -70.308 327.868 -82.584 315.592 -98.281 
308.258 -104.185 289.499 -97.461 280.99 -79.442 299.748 -86.166 
181.933 -151.428 201.784 -153.172 186.514 -165.975 166.663 -164.231 
130.489 -172.252 146.826 -160.839 166.447 -164.321 150.11 -175.733 
110.476 -174.69 130.255 -172.261 132.684 -192.04 112.905 -194.469 
103.546 -193.489 95.022 -175.476 101.732 -156.713 110.256 -174.726 
-39.102 -135.834 -19.25 -137.576 -6.446 -152.845 -26.296 -151.103 
-58.894 -132.223 -70.297 -115.881 -50.678 -119.372 -39.274 -135.715 
-98.469 -119.205 -86.193 -103.508 -70.495 -115.784 -82.771 -131.481 
-104.365 -111.847 -97.654 -93.083 -79.64 -84.561 -86.351 -103.325 
