19.397 215.899 31.723 231.558 34.08 211.77 21.754 196.111 
111.669 220.986 123.582 236.961 143.302 239.833 131.389 223.858 
192.905 177.456 212.583 180.601 228.721 168.909 209.043 165.765 
221.58 89.603 238.082 78.43 241.85 58.862 225.348 70.035 
170.163 -11.77 180.644 5.179 185.218 -14.217 174.737 -31.166 
60.103 -48.541 70.002 -31.245 89.232 -26.015 79.332 -43.311 
-34.891 25.922 -15.334 29.746 1.199 18.621 -18.359 14.797 
-44.164 145.392 -28.659 132.874 -26.547 113.059 -42.052 125.576 
8.946 198.923 -8.025 209.368 2.42 226.339 19.391 215.893 
104.205 232.29 99.535 251.662 118.907 256.334 123.578 236.961 
212.579 180.604 195.411 190.721 205.528 207.89 222.697 197.772 
238.079 78.435 232.762 97.64 251.968 102.957 257.284 83.752 
202.851 -23.485 185.214 -14.208 194.492 3.429 212.129 -5.848 
85.799 -62.161 79.335 -43.311 98.185 -36.847 104.649 -55.697 
-8.852 -11.736 -26.87 -3.223 -18.357 14.794 -0.339 6.281 
-55.274 100.682 -61.109 119.737 -42.054 125.572 -36.219 106.517 
-63.273 139.751 -53.754 157.258 -34.643 162.906 -44.163 145.398 
14.44 241.481 33.674 246.69 50.959 236.774 31.724 231.565 
138.26 259.109 155.462 249.048 160.511 229.771 143.309 239.832 
228.726 168.905 238.228 186.421 243.896 167.317 234.393 149.8 
233.149 40.927 241.851 58.855 260.681 65.378 251.979 47.45 
156.392 -38.957 174.738 -31.176 193.212 -38.646 174.867 -46.427 
41.703 -40.887 60.101 -48.542 67.698 -66.965 49.3 -59.31 
-50.061 27.54 -40.525 45.038 -34.895 25.923 -44.43 8.424 
-68.514 75.799 -74.335 94.857 -55.277 100.679 -49.455 81.62 
-74.334 94.857 -80.205 113.901 -61.161 119.772 -55.29 100.729 
-35.44 202.799 -25.016 219.783 -8.032 209.36 -18.456 192.376 
-25.008 219.793 -14.566 236.767 2.407 226.325 -8.035 209.353 
80.109 247.211 75.656 266.635 95.079 271.088 99.532 251.664 
99.748 251.715 95.078 271.088 114.451 275.758 119.121 256.385 
188.508 218.263 198.875 235.281 215.894 224.913 205.526 207.896 
205.769 207.754 215.892 224.918 233.057 214.796 222.933 197.632 
251.975 102.963 246.921 122.241 266.196 127.293 271.25 108.017 
257.349 83.509 252.049 102.719 271.258 108.02 276.558 88.809 
212.147 -5.85 221.796 11.585 239.232 1.936 229.583 -15.499 
202.669 -23.818 211.978 -6.198 229.598 -15.507 220.289 -33.126 
110.598 -74.718 104.65 -55.699 123.67 -49.752 129.617 -68.77 
92.3 -82.61 84.407 -64.313 102.704 -56.419 110.597 -74.716 
-17.596 -29.646 -8.852 -11.739 9.055 -20.482 0.311 -38.389 
-36.239 -22.608 -29.202 -3.964 -10.558 -11.001 -17.595 -29.645 
-76.379 53.297 -57.887 45.869 -50.064 27.541 -68.555 34.969 
-76.378 53.3 -84.728 71.395 -77.837 90.093 -69.487 71.998 
-106.017 90.055 -91.946 104.166 -77.835 90.095 -91.906 75.984 
-91.948 104.169 -97.817 123.212 -80.201 113.897 -74.332 94.853 
-56.664 193.97 -47.608 176.219 -53.758 157.264 -62.812 175.016 
-56.662 193.977 -48.54 212.175 -29.93 219.3 -38.052 201.103 
-49.849 219.61 -49.544 239.536 -29.618 239.231 -29.923 219.305 
-25.083 219.833 -29.616 239.239 -19.099 256.165 -14.566 236.76 
37.788 266.195 54.483 277.076 50.373 257.577 33.678 246.696 
54.489 277.079 73.373 283.442 91.226 274.588 72.342 268.225 
77.553 289.079 92.044 302.758 105.723 288.267 91.232 274.587 
94.987 271.483 105.727 288.268 125.191 292.543 114.451 275.757 
155.469 249.05 171.485 260.908 191.195 257.967 175.179 246.109 
197.631 239.104 191.2 257.966 209.085 249.175 215.515 230.314 
215.517 230.309 215.966 250.232 235.888 249.783 235.439 229.86 
216.066 225.216 235.444 229.86 252.431 219.441 233.052 214.798 
243.903 167.314 263.648 164.619 275.703 148.752 255.958 151.447 
274.402 111.948 267.433 130.618 275.707 148.747 282.676 130.077 
274.403 111.943 288.293 126.232 302.582 112.342 288.692 98.053 
276.557 88.812 271.476 108.081 288.694 98.049 293.776 78.78 
251.982 47.444 263.338 31.07 259.79 11.461 248.433 27.835 
233.86 -14.686 241.413 3.755 259.793 11.454 252.24 -6.987 
235.47 -34.555 233.862 -14.693 253.724 -13.085 255.332 -32.947 
226.142 -52.171 220.289 -33.122 229.619 -15.514 235.472 -34.562 
157.44 -56.096 174.869 -46.437 169.375 -65.592 151.945 -75.251 
115.173 -77.269 133.14 -68.647 151.94 -75.255 133.974 -83.877 
103.244 -93.234 115.17 -77.269 131.135 -89.195 119.209 -105.16 
84.945 -101.129 92.303 -82.61 110.6 -74.717 103.243 -93.237 
12.479 -59.718 30.805 -51.889 49.298 -59.312 30.973 -67.14 
-6.568 -53.85 -15.885 -36.235 3.159 -42.101 12.477 -59.716 
-34.128 -57.714 -35.748 -37.853 -15.886 -36.233 -14.266 -56.094 
-54.396 -30.821 -36.239 -22.609 -17.593 -29.641 -35.75 -37.853 
