-37.227 333.86 -19.99 343.862 -25.106 324.602 -42.343 314.601 
151.652 350.742 168.904 360.717 188.156 355.571 170.904 345.596 
314.369 238.9 333.617 233.737 343.577 216.477 324.329 221.639 
350.535 44.816 360.487 27.551 355.315 8.306 345.364 25.571 
221.504 -127.855 238.75 -117.87 233.616 -137.125 216.37 -147.11 
8.126 -158.853 25.406 -148.926 44.643 -154.125 27.363 -164.052 
-147.407 -19.791 -128.155 -24.938 -118.182 -42.189 -137.433 -37.043 
-159.033 188.443 -149.097 171.17 -154.286 151.93 -164.222 169.203 
-42.58 314.515 -61.832 319.66 -56.687 338.911 -37.435 333.766 
151.498 350.694 141.459 367.908 158.671 377.948 168.712 360.735 
333.502 233.966 314.254 239.128 319.416 258.376 338.664 253.214 
360.537 27.73 350.469 44.927 367.666 54.995 377.734 37.798 
253.119 -142.09 233.844 -137.03 238.904 -117.755 258.179 -122.815 
37.647 -181.287 27.579 -164.09 44.777 -154.022 54.845 -171.219 
-123.188 -61.63 -142.448 -56.516 -137.334 -37.256 -118.073 -42.371 
-171.44 141.709 -181.486 158.919 -164.276 168.965 -154.23 151.755 
-173.04 202.739 -153.112 202.757 -139.008 188.679 -158.936 188.661 
-19.831 363.912 -5.721 349.841 -5.693 329.914 -19.803 343.985 
202.412 369.578 202.419 349.65 188.335 335.554 188.327 355.482 
343.7 216.251 363.628 216.324 349.59 202.182 329.661 202.108 
335.316 8.163 355.244 8.125 369.308 -5.993 349.38 -5.955 
202.083 -133.136 216.165 -147.236 216.151 -167.164 202.07 -153.064 
7.894 -138.825 7.924 -158.752 -6.145 -172.865 -6.176 -152.938 
-153.392 -5.513 -133.464 -5.481 -147.533 -19.595 -167.461 -19.626 
-155.019 118.627 -174.692 121.803 -171.517 141.476 -151.844 138.301 
-174.678 121.581 -175.699 101.68 -195.6 102.7 -194.58 122.602 
-66.531 291.688 -78.17 307.862 -61.997 319.503 -50.356 303.328 
-78.357 307.74 -93.141 294.378 -106.503 309.162 -91.719 322.523 
138.159 348.297 118.474 351.402 121.579 371.086 141.264 367.981 
122.512 390.979 121.353 371.085 101.459 372.244 102.618 392.138 
303.154 246.833 291.416 262.937 307.521 274.674 319.257 258.57 
322.221 288.191 307.385 274.887 294.08 289.722 308.916 303.026 
367.716 55.179 348.032 58.292 351.146 77.974 370.829 74.861 
391.794 93.903 390.73 74.003 370.832 75.067 371.895 94.966 
258.332 -122.637 246.72 -106.443 262.914 -94.83 274.527 -111.025 
302.87 -112.247 288.128 -125.656 274.72 -110.914 289.461 -97.506 
74.724 -174.462 55.051 -171.287 58.226 -151.614 77.899 -154.788 
94.841 -175.463 93.838 -195.364 73.936 -194.361 74.94 -174.459 
-111.363 -77.966 -123.039 -61.818 -106.891 -50.141 -95.214 -66.29 
-97.865 -92.949 -112.649 -106.31 -126.011 -91.526 -111.226 -78.164 
-164.49 29.836 -151.695 14.559 -153.451 -5.292 -166.246 9.985 
-164.585 30.04 -175.984 46.386 -172.485 66.004 -161.087 49.658 
-194.692 83.593 -174.911 86.011 -172.494 66.23 -192.274 63.813 
-174.976 86.231 -193.744 92.928 -175.738 101.464 -156.969 94.766 
-135.99 235.622 -137.746 215.772 -153.024 202.977 -151.267 222.828 
-135.86 235.811 -132.372 255.431 -116.032 266.839 -119.52 247.219 
-131.645 279.284 -119.392 295.0 -103.676 282.748 -115.928 267.032 
-84.753 276.183 -103.517 282.895 -112.038 300.909 -93.275 294.197 
9.774 362.702 29.624 360.945 14.346 348.151 -5.505 349.908 
29.834 361.018 46.192 372.399 65.806 368.88 49.449 357.499 
63.469 388.671 83.233 391.225 85.786 371.461 66.023 368.908 
94.541 353.498 86.003 371.504 92.697 390.273 101.236 372.268 
202.629 349.573 222.482 347.84 235.294 332.577 215.441 334.31 
246.87 316.095 235.477 332.446 255.094 328.94 266.487 312.59 
266.682 312.492 278.958 328.19 294.656 315.915 282.38 300.217 
275.925 281.241 282.528 300.043 300.491 308.669 293.888 289.868 
349.647 201.944 362.453 186.675 360.711 166.824 347.905 182.093 
368.739 130.649 357.321 146.982 360.795 166.604 372.214 150.272 
368.736 130.419 388.51 132.887 390.978 113.113 371.204 110.645 
371.939 95.183 353.198 101.959 371.241 110.419 389.981 103.643 
349.274 -6.135 347.558 -25.988 332.305 -38.813 334.022 -18.96 
312.371 -70.027 315.86 -50.407 332.199 -39.0 328.711 -58.62 
299.981 -85.894 312.252 -70.193 327.953 -82.463 315.683 -98.164 
308.342 -104.064 289.585 -97.333 281.083 -79.311 299.839 -86.042 
181.982 -151.4 201.833 -153.14 186.567 -165.947 166.715 -164.207 
130.527 -172.214 146.858 -160.793 166.48 -164.265 150.15 -175.686 
110.528 -174.729 130.301 -172.252 132.777 -192.025 113.004 -194.502 
103.552 -193.509 95.063 -175.48 101.809 -156.729 110.298 -174.758 
-39.055 -135.859 -19.203 -137.599 -6.397 -152.866 -26.248 -151.126 
-58.868 -132.234 -70.285 -115.901 -50.663 -119.377 -39.246 -135.71 
-98.472 -119.235 -86.214 -103.524 -70.502 -115.782 -82.76 -131.493 
-104.389 -111.873 -97.684 -93.106 -79.674 -84.578 -86.379 -103.344 
