-37.253 333.983 -19.968 343.901 -25.177 324.666 -42.462 314.748 
151.701 350.521 168.917 360.556 188.187 355.479 170.971 345.443 
314.301 238.787 333.576 233.728 343.628 216.521 324.354 221.58 
350.375 44.698 360.354 27.448 355.212 8.195 345.234 25.445 
221.516 -127.871 238.798 -117.95 233.594 -137.186 216.311 -147.107 
8.208 -158.801 25.475 -148.852 44.719 -154.027 27.452 -163.976 
-147.406 -19.87 -128.172 -25.084 -118.26 -42.371 -137.493 -37.156 
-159.01 188.466 -149.117 171.169 -154.352 151.941 -164.246 169.238 
-42.511 314.585 -61.785 319.649 -56.722 338.922 -37.448 333.858 
151.429 350.7 141.475 367.963 158.738 377.917 168.692 360.654 
333.433 233.893 314.189 239.07 319.366 258.314 338.61 253.137 
360.427 27.672 350.441 44.917 367.687 54.902 377.672 37.657 
253.069 -142.156 233.796 -137.089 238.863 -117.815 258.136 -122.883 
37.673 -181.264 27.631 -164.052 44.843 -154.009 54.886 -171.221 
-123.108 -61.666 -142.388 -56.622 -137.344 -37.344 -118.065 -42.388 
-171.453 141.752 -181.527 158.945 -164.333 169.019 -154.259 151.826 
-173.087 202.762 -153.159 202.791 -139.048 188.72 -158.976 188.691 
-19.803 363.914 -5.685 349.851 -5.644 329.924 -19.763 343.987 
202.48 369.524 202.509 349.596 188.44 335.484 188.411 355.412 
343.697 216.309 363.625 216.333 349.552 202.225 329.623 202.201 
335.237 7.964 355.165 7.976 369.264 -6.106 349.336 -6.118 
201.998 -133.176 216.123 -147.233 216.17 -167.161 202.046 -153.104 
7.957 -138.843 8.001 -158.77 -6.059 -172.892 -6.103 -152.965 
-153.337 -5.548 -133.409 -5.516 -147.477 -19.629 -167.405 -19.662 
-154.978 118.66 -174.65 121.849 -171.461 141.52 -151.79 138.331 
-174.689 121.629 -175.702 101.727 -195.604 102.739 -194.591 122.642 
-66.501 291.695 -78.155 307.859 -61.992 319.514 -50.337 303.35 
-78.33 307.697 -93.118 294.339 -106.476 309.127 -91.688 322.484 
138.092 348.296 118.413 351.436 121.553 371.114 141.232 367.974 
122.387 391.07 121.332 371.17 101.432 372.225 102.487 392.125 
303.084 246.86 291.444 263.034 307.618 274.675 319.258 258.501 
322.202 288.241 307.468 274.826 294.051 289.559 308.786 302.975 
367.709 55.145 348.03 58.292 351.178 77.969 370.856 74.822 
391.835 93.91 390.774 74.01 370.876 75.071 371.936 94.971 
258.298 -122.736 246.627 -106.584 262.779 -94.912 274.45 -111.065 
302.758 -112.343 287.979 -125.711 274.611 -110.932 289.39 -97.565 
74.745 -174.414 55.072 -171.245 58.241 -151.571 77.914 -154.74 
94.844 -175.429 93.849 -195.331 73.947 -194.337 74.942 -174.434 
-111.319 -78.023 -122.997 -61.876 -106.85 -50.197 -95.171 -66.344 
-97.792 -92.98 -112.571 -106.347 -125.938 -91.567 -111.159 -78.2 
-164.504 29.792 -151.707 14.516 -153.459 -5.334 -166.256 9.941 
-164.535 30.037 -175.94 46.378 -172.45 65.998 -161.044 49.656 
-194.716 83.6 -174.936 86.017 -172.519 66.236 -192.3 63.82 
-174.936 86.263 -193.692 92.991 -175.672 101.497 -156.914 94.768 
-136.003 235.616 -137.762 215.766 -153.042 202.974 -151.282 222.824 
-135.922 235.82 -132.426 255.439 -116.081 266.839 -119.578 247.221 
-131.625 279.284 -119.345 294.98 -103.65 282.7 -115.929 267.005 
-84.758 276.184 -103.525 282.888 -112.054 300.898 -93.288 294.194 
9.777 362.739 29.628 360.987 14.353 348.19 -5.498 349.942 
29.829 361.029 46.173 372.428 65.792 368.931 49.447 357.532 
63.561 388.779 83.339 391.211 85.772 371.433 65.993 369.0 
94.51 353.414 85.989 371.427 92.702 390.191 101.223 372.177 
202.707 349.477 222.559 347.741 235.37 332.477 215.518 334.212 
246.982 316.031 235.566 332.365 255.188 328.888 266.604 312.554 
266.775 312.415 279.061 328.105 294.75 315.82 282.464 300.13 
275.875 281.244 282.635 299.989 300.67 308.465 293.909 289.72 
349.674 202.029 362.47 186.753 360.716 166.903 347.92 182.18 
368.646 130.704 357.247 147.05 360.746 166.668 372.144 150.322 
368.719 130.476 388.496 132.921 390.94 113.143 371.163 110.699 
371.917 95.219 353.153 101.929 371.166 110.453 389.93 103.743 
349.221 -6.286 347.468 -26.136 332.192 -38.933 333.945 -19.083 
312.291 -70.131 315.788 -50.513 332.132 -39.113 328.636 -58.732 
299.911 -85.983 312.166 -70.27 327.879 -82.524 315.625 -98.237 
308.28 -104.171 289.53 -97.421 281.045 -79.391 299.794 -86.14 
181.974 -151.412 201.825 -153.155 186.556 -165.959 166.704 -164.216 
130.527 -172.226 146.861 -160.811 166.483 -164.289 150.148 -175.704 
110.511 -174.661 130.291 -172.243 132.709 -192.024 112.929 -194.441 
103.591 -193.453 95.054 -175.446 101.75 -156.678 110.287 -174.685 
-38.963 -135.856 -19.11 -137.581 -6.292 -152.839 -26.144 -151.114 
-58.811 -132.305 -70.241 -115.982 -50.616 -119.441 -39.186 -135.765 
-98.399 -119.261 -86.134 -103.556 -70.428 -115.821 -82.693 -131.526 
-104.345 -111.926 -97.633 -93.163 -79.62 -84.641 -86.331 -103.404 
