-37.323 333.814 -20.094 343.827 -25.196 324.564 -42.425 314.55 
151.631 350.821 168.927 360.72 188.156 355.491 170.861 345.591 
314.429 239.0 333.669 233.808 343.601 216.531 324.362 221.724 
350.31 44.796 360.361 27.588 355.299 8.314 345.249 25.522 
221.368 -127.894 238.625 -117.927 233.471 -137.176 216.215 -147.144 
8.018 -158.782 25.303 -148.866 44.538 -154.076 27.252 -163.993 
-147.393 -19.818 -128.144 -24.974 -118.179 -42.23 -137.428 -37.074 
-159.019 188.409 -149.083 171.136 -154.271 151.895 -164.207 169.168 
-42.671 314.491 -61.922 319.64 -56.774 338.891 -37.522 333.742 
151.541 350.724 141.457 367.911 158.643 377.996 168.728 360.809 
333.603 234.019 314.337 239.113 319.431 258.379 338.697 253.285 
360.404 27.816 350.403 45.052 367.639 55.053 377.64 37.817 
252.919 -142.233 233.673 -137.065 238.84 -117.819 258.087 -122.986 
37.458 -181.251 27.432 -164.03 44.654 -154.003 54.68 -171.225 
-123.193 -61.667 -142.452 -56.548 -137.332 -37.289 -118.073 -42.409 
-171.416 141.688 -181.449 158.906 -164.231 168.939 -154.198 151.721 
-173.034 202.691 -153.106 202.722 -138.994 188.653 -158.922 188.622 
-19.896 363.863 -5.815 349.763 -5.829 329.836 -19.909 343.936 
202.422 369.528 202.44 349.6 188.363 335.496 188.345 355.424 
343.718 216.34 363.646 216.397 349.596 202.266 329.667 202.209 
335.29 8.117 355.218 8.089 369.289 -6.022 349.361 -5.994 
201.861 -133.246 216.02 -147.268 216.117 -167.196 201.958 -153.174 
7.814 -138.777 7.858 -158.704 -6.203 -172.825 -6.246 -152.898 
-153.383 -5.537 -133.455 -5.508 -147.525 -19.62 -167.453 -19.649 
-154.994 118.623 -174.667 121.801 -171.489 141.474 -151.816 138.296 
-174.655 121.589 -175.667 101.687 -195.569 102.698 -194.557 122.601 
-66.543 291.669 -78.22 307.816 -62.074 319.494 -50.396 303.347 
-78.397 307.718 -93.141 294.312 -106.547 309.056 -91.803 322.461 
137.993 348.282 118.33 351.524 121.572 371.185 141.235 367.943 
122.261 391.101 121.348 371.194 101.441 372.106 102.354 392.014 
303.2 246.735 291.415 262.804 307.485 274.589 319.269 258.52 
322.278 288.01 307.383 274.773 294.145 289.667 309.04 302.904 
367.683 55.278 348.027 58.567 351.317 78.22 370.972 74.932 
391.758 94.18 390.884 74.271 370.976 75.145 371.85 95.054 
258.255 -122.842 246.574 -106.697 262.719 -95.016 274.4 -111.161 
302.715 -112.444 287.933 -125.808 274.568 -111.026 289.35 -97.663 
74.538 -174.431 54.864 -171.266 58.029 -151.591 77.703 -154.756 
94.645 -175.435 93.657 -195.337 73.755 -194.35 74.742 -174.447 
-111.348 -77.97 -123.032 -61.826 -106.888 -50.143 -95.205 -66.286 
-97.851 -92.927 -112.623 -106.303 -125.999 -91.531 -111.227 -78.155 
-164.477 29.834 -151.682 14.557 -153.438 -5.294 -166.233 9.984 
-164.568 30.063 -175.967 46.408 -172.47 66.027 -161.071 49.681 
-194.678 83.606 -174.899 86.032 -172.473 66.253 -192.252 63.827 
-174.944 86.244 -193.706 92.959 -175.691 101.477 -156.929 94.762 
-136.012 235.605 -137.758 215.754 -153.031 202.952 -151.283 222.804 
-135.884 235.811 -132.406 255.433 -116.073 266.849 -119.55 247.228 
-131.658 279.33 -119.374 295.023 -103.682 282.739 -115.966 267.047 
-84.789 276.105 -103.53 282.879 -111.992 300.921 -93.251 294.146 
9.674 362.611 29.526 360.869 14.257 348.064 -5.595 349.805 
29.746 360.953 46.071 372.381 65.695 368.918 49.371 357.49 
63.498 388.725 83.276 391.165 85.715 371.387 65.937 368.948 
94.385 353.37 85.963 371.431 92.779 390.157 101.201 372.096 
202.639 349.51 222.49 347.754 235.285 332.477 215.434 334.232 
246.878 316.018 235.492 332.372 255.107 328.859 266.493 312.504 
266.696 312.376 278.865 328.157 294.645 315.989 282.476 300.208 
275.952 281.301 282.673 300.061 300.69 308.574 293.969 289.814 
349.641 202.04 362.454 186.778 360.722 166.926 347.909 182.188 
368.729 130.749 357.308 147.079 360.78 166.702 372.201 150.372 
368.739 130.512 388.528 132.859 390.875 113.07 371.086 110.723 
371.871 95.265 353.103 101.964 371.111 110.498 389.879 103.798 
349.29 -6.237 347.534 -26.087 332.256 -38.881 334.012 -19.032 
312.279 -70.103 315.765 -50.483 332.103 -39.074 328.617 -58.695 
299.959 -86.059 312.181 -70.32 327.92 -82.542 315.698 -98.281 
308.228 -104.275 289.493 -97.482 281.049 -79.433 299.783 -86.225 
181.877 -151.489 201.725 -153.256 186.442 -166.042 166.592 -164.276 
130.383 -172.238 146.739 -160.853 166.354 -164.368 149.998 -175.753 
110.346 -174.643 130.132 -172.269 132.506 -192.055 112.72 -194.429 
103.412 -193.46 94.872 -175.456 101.564 -156.686 110.104 -174.691 
-39.109 -135.838 -19.256 -137.569 -6.443 -152.83 -26.295 -151.1 
-58.9 -132.199 -70.309 -115.862 -50.689 -119.346 -39.279 -135.684 
-98.494 -119.176 -86.218 -103.479 -70.52 -115.756 -82.797 -131.453 
-104.383 -111.822 -97.67 -93.059 -79.656 -84.538 -86.369 -103.301 
