-37.025 333.785 -19.707 343.644 -24.982 324.427 -42.3 314.568 
151.626 350.718 168.968 360.535 188.172 355.215 170.83 345.397 
314.325 239.342 333.47 233.81 343.095 216.36 323.951 221.893 
350.816 45.074 360.443 27.626 354.913 8.481 345.286 25.929 
221.117 -128.027 238.114 -117.624 233.452 -136.998 216.455 -147.402 
8.146 -158.464 25.481 -148.635 44.689 -153.942 27.354 -163.772 
-147.234 -19.659 -128.012 -24.913 -118.135 -42.22 -137.357 -36.966 
-158.835 188.563 -148.724 171.391 -153.717 152.099 -163.828 169.271 
-42.47 314.438 -61.698 319.673 -56.463 338.9 -37.235 333.665 
151.506 350.68 141.614 367.978 158.912 377.871 168.805 360.572 
333.332 233.986 314.218 239.624 319.857 258.738 338.97 253.099 
360.518 27.844 350.914 45.304 368.375 54.908 377.978 37.447 
253.037 -141.384 233.628 -136.864 238.148 -117.455 257.557 -121.975 
37.474 -181.133 27.568 -163.842 44.859 -153.936 54.765 -171.227 
-123.099 -61.496 -142.369 -56.416 -137.289 -37.147 -118.02 -42.227 
-170.867 141.753 -181.015 158.903 -163.864 169.051 -153.717 151.901 
-172.788 202.899 -152.86 202.839 -138.811 188.705 -158.739 188.766 
-19.855 363.686 -5.505 349.86 -5.134 329.936 -19.484 343.762 
202.25 369.397 202.511 349.471 188.606 335.197 188.345 355.123 
343.183 216.157 363.105 216.651 349.368 202.215 329.445 201.722 
334.943 7.367 354.851 8.267 369.564 -5.174 349.656 -6.073 
202.731 -132.834 216.246 -147.477 215.448 -167.389 201.933 -152.746 
7.6 -138.494 7.932 -158.419 -5.922 -172.742 -6.254 -152.818 
-153.199 -5.405 -133.272 -5.331 -147.31 -19.474 -167.238 -19.549 
-154.886 118.362 -174.492 121.933 -170.921 141.539 -151.315 137.967 
-174.507 121.713 -175.967 101.838 -195.841 103.298 -194.381 123.173 
-68.295 292.082 -78.804 309.012 -61.874 319.522 -51.364 302.592 
-78.98 308.875 -92.15 293.919 -107.106 307.089 -93.936 322.044 
138.721 348.274 118.979 350.99 121.695 370.731 141.437 368.015 
123.545 390.573 121.495 370.751 101.672 372.802 103.723 392.624 
304.679 245.88 291.628 260.94 306.688 273.991 319.738 258.931 
322.516 286.047 306.536 274.142 294.63 290.121 310.61 302.026 
368.408 55.137 348.7 58.095 351.659 77.801 371.366 74.843 
391.239 95.085 391.334 75.157 371.407 75.062 371.312 94.99 
257.75 -121.86 246.949 -105.113 263.696 -94.312 274.497 -111.059 
302.807 -111.713 288.314 -125.39 274.637 -110.897 289.13 -97.221 
74.667 -174.365 54.986 -171.241 58.11 -151.559 77.791 -154.683 
94.792 -175.183 94.012 -195.095 74.1 -194.315 74.88 -174.403 
-111.294 -77.804 -123.004 -61.68 -106.88 -49.97 -95.17 -66.094 
-97.661 -92.634 -112.356 -106.094 -125.816 -91.4 -111.121 -77.94 
-164.28 29.943 -151.493 14.658 -153.259 -5.191 -166.046 10.093 
-164.34 30.169 -175.658 46.571 -172.063 66.172 -160.745 49.77 
-194.097 84.007 -174.291 86.209 -172.089 66.404 -191.894 64.201 
-174.318 86.449 -193.454 92.007 -175.993 101.609 -156.856 96.051 
-135.516 235.575 -137.424 215.739 -152.8 203.062 -150.891 222.899 
-135.37 235.761 -131.905 255.385 -115.579 266.812 -119.044 247.188 
-131.012 279.504 -118.532 295.04 -102.996 282.561 -115.475 267.024 
-84.251 275.494 -102.823 282.719 -110.846 300.961 -92.274 293.735 
10.014 362.72 29.864 360.949 14.576 348.166 -5.273 349.937 
30.079 361.031 46.541 372.26 66.123 368.559 49.661 357.33 
64.253 388.373 84.07 390.463 86.161 370.646 66.343 368.555 
96.498 353.536 86.368 370.697 91.34 389.994 101.47 372.833 
202.718 349.384 222.576 347.71 235.433 332.486 215.576 334.159 
246.789 315.859 235.624 332.366 255.19 328.589 266.355 312.082 
266.53 311.951 278.848 327.616 294.512 315.299 282.194 299.634 
277.299 280.238 282.365 299.51 299.574 309.557 294.508 290.284 
349.481 202.035 362.318 186.793 360.616 166.938 347.78 182.181 
368.346 130.712 357.038 147.121 360.646 166.72 371.953 150.31 
368.425 130.498 388.293 132.033 389.828 112.165 369.96 110.63 
371.288 95.211 352.276 101.184 369.943 110.404 388.955 104.431 
349.539 -6.26 347.456 -26.078 331.969 -38.619 334.052 -18.801 
312.313 -70.015 315.641 -50.367 331.886 -38.827 328.559 -58.475 
300.135 -86.065 312.161 -70.176 328.05 -82.203 316.024 -98.091 
307.74 -104.619 289.29 -97.086 281.572 -78.714 300.021 -86.247 
181.868 -151.206 201.727 -152.849 186.523 -165.73 166.663 -164.087 
130.504 -172.187 146.799 -160.715 166.433 -164.125 150.138 -175.597 
110.448 -174.162 130.283 -172.244 132.201 -192.08 112.366 -193.997 
103.827 -193.029 95.006 -175.16 101.403 -156.288 110.224 -174.157 
-39.061 -135.623 -19.213 -137.409 -6.443 -152.706 -26.29 -150.92 
-58.874 -132.008 -70.242 -115.641 -50.63 -119.175 -39.262 -135.542 
-98.388 -118.877 -86.083 -103.203 -70.409 -115.508 -82.713 -131.182 
-104.332 -111.53 -97.522 -92.802 -79.464 -84.374 -86.273 -103.103 
