-37.25 333.818 -20.014 343.82 -25.129 324.56 -42.366 314.558 
151.704 350.556 168.911 360.607 188.186 355.548 170.978 345.496 
314.442 238.803 333.694 233.659 343.671 216.409 324.418 221.552 
350.455 44.823 360.449 27.582 355.324 8.324 345.331 25.565 
221.405 -127.882 238.649 -117.894 233.518 -137.15 216.274 -147.138 
8.008 -158.801 25.295 -148.888 44.528 -154.101 27.241 -164.015 
-147.372 -19.741 -128.121 -24.892 -118.152 -42.146 -137.402 -36.995 
-159.061 188.341 -149.075 171.097 -154.207 151.842 -164.193 169.086 
-42.599 314.459 -61.851 319.603 -56.707 338.855 -37.454 333.71 
151.384 350.695 141.441 367.964 158.709 377.908 168.653 360.639 
333.588 233.843 314.332 238.973 319.461 258.229 338.718 253.1 
360.475 27.791 350.471 45.026 367.705 55.03 377.709 37.795 
252.994 -142.167 233.734 -137.05 238.852 -117.79 258.111 -122.908 
37.531 -181.255 27.479 -164.048 44.686 -153.997 54.738 -171.203 
-123.185 -61.597 -142.441 -56.468 -137.312 -37.212 -118.056 -42.341 
-171.469 141.618 -181.469 158.855 -164.231 168.854 -154.232 151.617 
-173.059 202.607 -153.131 202.651 -139.008 188.592 -158.936 188.547 
-19.874 363.863 -5.754 349.802 -5.712 329.875 -19.832 343.936 
202.494 369.534 202.515 349.606 188.44 335.5 188.419 355.428 
343.773 216.232 363.701 216.259 349.631 202.149 329.702 202.122 
335.297 8.128 355.225 8.139 369.324 -5.945 349.396 -5.955 
201.949 -133.192 216.069 -147.254 216.11 -167.182 201.99 -153.12 
7.763 -138.777 7.801 -158.704 -6.263 -172.822 -6.301 -152.895 
-153.357 -5.474 -133.43 -5.436 -147.494 -19.554 -167.422 -19.592 
-155.014 118.584 -174.692 121.731 -171.545 141.409 -151.867 138.262 
-174.683 121.53 -175.676 101.627 -195.58 102.62 -194.587 122.523 
-66.52 291.632 -78.189 307.784 -62.037 319.455 -50.367 303.302 
-78.371 307.646 -93.15 294.279 -106.517 309.058 -91.738 322.424 
138.071 348.367 118.391 351.501 121.526 371.18 141.206 368.046 
122.361 391.046 121.305 371.146 101.405 372.202 102.461 392.102 
303.16 246.756 291.513 262.925 307.682 274.573 319.329 258.404 
322.286 288.149 307.543 274.743 294.136 289.485 308.879 302.891 
367.779 55.226 348.099 58.369 351.242 78.046 370.921 74.904 
391.845 93.974 390.808 74.073 370.908 75.11 371.945 95.011 
258.289 -122.748 246.61 -106.601 262.756 -94.922 274.435 -111.069 
302.777 -112.376 287.995 -125.74 274.631 -110.958 289.413 -97.595 
74.638 -174.465 54.967 -171.28 58.152 -151.608 77.823 -154.793 
94.766 -175.467 93.735 -195.368 73.835 -194.337 74.866 -174.437 
-111.357 -77.923 -123.038 -61.777 -106.892 -50.097 -95.212 -66.242 
-97.869 -92.876 -112.646 -106.246 -126.016 -91.469 -111.238 -78.099 
-164.462 29.851 -151.656 14.583 -153.396 -5.269 -166.203 9.999 
-164.546 30.043 -175.962 46.377 -172.485 65.999 -161.069 49.665 
-194.702 83.561 -174.923 85.989 -172.494 66.21 -192.273 63.781 
-174.963 86.194 -193.724 92.91 -175.71 101.428 -156.947 94.712 
-136.064 235.545 -137.794 215.692 -153.055 202.878 -151.325 222.731 
-135.913 235.718 -132.439 255.34 -116.107 266.759 -119.582 247.138 
-131.684 279.22 -119.415 294.923 -103.712 282.653 -115.982 266.95 
-84.779 276.111 -103.546 282.812 -112.078 300.822 -93.31 294.12 
9.726 362.669 29.577 360.923 14.305 348.121 -5.546 349.867 
29.784 361.012 46.126 372.416 65.745 368.925 49.404 357.521 
63.53 388.739 83.308 391.177 85.746 371.399 65.968 368.961 
94.494 353.46 85.961 371.469 92.661 390.236 101.194 372.228 
202.751 349.506 222.602 347.76 235.404 332.489 215.553 334.235 
247.015 316.012 235.608 332.352 255.228 328.864 266.635 312.524 
266.831 312.377 279.123 328.063 294.807 315.772 282.516 300.086 
275.94 281.171 282.697 299.917 300.73 308.396 293.973 289.649 
349.688 201.952 362.481 186.673 360.723 166.824 347.93 182.103 
368.707 130.668 357.307 147.013 360.804 166.632 372.204 150.287 
368.728 130.455 388.505 132.902 390.952 113.125 371.175 110.678 
371.968 95.224 353.206 101.939 371.221 110.458 389.983 103.743 
349.307 -6.157 347.572 -26.008 332.307 -38.818 334.043 -18.967 
312.359 -70.054 315.836 -50.432 332.169 -39.016 328.692 -58.638 
299.98 -85.981 312.228 -70.261 327.947 -82.509 315.7 -98.228 
308.297 -104.162 289.545 -97.42 281.053 -79.393 299.805 -86.135 
181.921 -151.45 201.771 -153.202 186.496 -165.999 166.645 -164.247 
130.459 -172.231 146.803 -160.83 166.422 -164.325 150.078 -175.727 
110.443 -174.69 130.224 -172.278 132.636 -192.059 112.854 -194.471 
103.499 -193.501 94.987 -175.482 101.71 -156.723 110.221 -174.742 
-39.145 -135.761 -19.295 -137.523 -6.506 -152.804 -26.355 -151.043 
-58.955 -132.159 -70.363 -115.821 -50.743 -119.307 -39.335 -135.646 
-98.512 -119.131 -86.249 -103.424 -70.541 -115.687 -82.804 -131.394 
-104.435 -111.787 -97.716 -93.026 -79.7 -84.511 -86.418 -103.272 
