66.802 142.478 70.122 162.127 81.669 145.886 78.349 126.236 
103.011 132.115 106.321 151.766 122.557 163.321 119.247 143.67 
124.907 119.307 140.977 131.092 160.673 128.063 144.604 116.278 
132.005 94.93 151.754 92.268 163.836 76.42 144.087 79.083 
117.532 51.962 119.779 71.763 132.191 56.173 129.944 36.372 
76.782 31.243 78.269 51.115 93.372 64.116 91.885 44.243 
34.666 67.674 50.055 80.334 69.888 78.405 54.499 65.744 
32.879 123.477 52.572 120.429 64.341 104.349 44.649 107.397 
47.757 136.599 41.881 155.641 60.922 161.517 66.798 142.475 
88.733 161.144 98.116 178.723 115.696 169.34 106.313 151.76 
140.972 131.091 135.197 150.164 154.27 155.94 160.045 136.867 
151.751 92.272 161.141 109.848 178.718 100.458 169.327 82.881 
138.201 37.174 132.192 56.174 151.193 62.183 157.201 43.182 
82.852 26.481 91.888 44.243 109.65 35.207 100.614 17.446 
41.251 40.873 35.44 59.935 54.501 65.746 60.312 46.684 
17.576 99.547 27.187 117.004 44.644 107.392 35.032 89.936 
17.287 111.065 19.537 130.866 35.13 143.275 32.879 123.475 
50.349 164.612 66.088 176.833 85.859 174.347 70.12 162.125 
110.329 179.055 130.102 176.571 142.327 160.835 122.554 163.319 
160.672 128.06 163.059 147.844 175.361 132.168 172.974 112.382 
161.564 56.624 163.836 76.422 179.442 88.814 177.169 69.016 
114.755 23.47 129.942 36.373 149.805 34.757 134.618 21.855 
56.865 31.803 76.785 31.243 90.474 16.762 70.555 17.322 
20.351 62.415 21.165 82.327 34.669 67.672 33.856 47.761 
-1.869 79.142 -2.35 99.064 17.572 99.545 18.053 79.623 
-2.354 99.063 -2.837 118.985 17.086 119.468 17.568 99.546 
13.715 154.697 27.327 169.25 41.881 155.639 28.269 141.085 
27.33 169.251 40.743 183.989 55.481 170.577 42.068 155.84 
78.209 177.605 77.087 197.501 96.982 198.624 98.105 178.728 
98.103 178.72 96.985 198.617 116.881 199.735 117.999 179.838 
139.329 169.129 152.515 184.07 167.456 170.884 154.27 155.943 
154.269 155.94 167.455 170.881 182.396 157.696 169.21 142.755 
178.716 100.462 177.475 120.352 197.363 121.592 198.604 101.703 
179.964 80.563 178.713 100.451 198.601 101.701 199.851 81.813 
157.201 43.184 170.352 58.156 185.324 45.006 172.173 30.033 
144.052 28.207 157.201 43.181 172.175 30.032 159.026 15.059 
101.956 -2.436 100.616 17.446 120.499 18.786 121.839 -1.096 
82.075 -3.777 80.734 16.104 100.616 17.445 101.957 -2.437 
27.696 26.263 41.251 40.871 55.858 27.316 42.303 12.708 
13.091 39.824 26.648 54.43 41.253 40.873 27.697 26.267 
-16.406 64.664 2.436 71.151 20.347 62.415 1.504 55.928 
-16.406 64.668 -16.574 84.596 -2.602 98.805 -2.434 78.878 
-30.782 98.625 -16.782 112.807 -2.6 98.807 -16.6 84.625 
-16.782 112.808 -17.264 132.729 -2.836 118.985 -2.354 99.062 
-8.197 155.08 10.687 148.715 19.538 130.861 0.655 137.227 
-8.199 155.085 5.87 169.199 25.798 169.23 11.729 155.118 
5.875 169.831 6.473 189.75 26.392 189.152 25.794 169.233 
27.329 169.248 26.391 189.154 39.803 203.893 40.741 183.987 
56.087 194.068 61.201 213.329 71.204 196.094 66.091 176.833 
61.204 213.326 81.125 213.79 95.54 200.03 75.619 199.567 
82.107 214.753 96.824 228.189 110.26 213.472 95.543 200.036 
96.982 198.617 110.261 213.476 130.157 214.594 116.879 199.735 
130.096 176.571 134.743 195.949 151.732 206.365 147.084 186.987 
152.68 186.469 151.727 206.375 166.475 192.973 167.428 173.068 
167.434 173.068 168.379 192.973 188.283 192.028 187.338 172.123 
167.454 170.882 187.342 172.123 202.283 158.938 182.395 157.697 
175.358 132.167 192.314 142.636 211.706 138.05 194.749 127.58 
199.987 103.138 198.617 123.019 211.706 138.046 213.076 118.165 
199.988 103.132 214.594 116.689 228.151 102.084 213.545 88.527 
199.853 81.814 198.601 101.703 213.549 88.525 214.801 68.636 
177.17 69.014 196.456 64.001 206.55 46.819 187.264 51.832 
173.751 30.079 186.683 45.241 206.547 46.818 193.616 31.656 
173.466 10.15 173.751 30.075 193.676 29.79 193.391 9.865 
160.318 -4.826 159.027 15.06 172.176 30.033 173.466 10.148 
128.423 2.917 134.619 21.856 143.631 4.083 137.435 -14.857 
102.574 -2.994 122.46 -1.706 137.433 -14.856 117.547 -16.145 
88.848 -17.443 102.573 -2.995 117.02 -16.72 103.295 -31.168 
68.965 -18.784 82.076 -3.777 101.958 -2.436 88.847 -17.443 
43.084 -7.202 51.74 10.748 70.553 17.318 61.897 -0.631 
28.454 6.332 27.684 26.244 42.309 12.709 43.079 -7.204 
8.478 5.622 7.768 25.536 27.684 26.246 28.393 6.331 
-6.826 39.11 13.089 39.827 27.678 26.252 7.763 25.535 
