-32.211 318.443 -14.435 327.452 -20.634 308.513 -38.41 299.504 
139.935 336.931 157.42 346.492 176.543 340.89 159.059 331.329 
293.94 240.711 313.182 235.53 323.125 218.259 303.883 223.441 
338.194 62.254 348.082 44.952 342.84 25.726 332.952 43.028 
223.753 -108.348 241.419 -99.126 235.448 -118.138 217.782 -127.36 
20.454 -145.163 38.475 -136.655 57.233 -143.382 39.212 -151.89 
-130.621 -16.202 -111.958 -23.189 -103.702 -41.325 -122.365 -34.338 
-143.475 181.999 -135.096 163.919 -141.955 145.209 -150.334 163.289 
-40.203 300.157 -58.474 308.114 -50.517 326.384 -32.247 318.427 
139.248 338.257 131.0 356.397 149.139 364.646 157.388 346.506 
313.169 235.568 294.274 241.9 300.606 260.795 319.501 254.463 
348.101 44.986 339.562 62.992 357.567 71.531 366.106 53.525 
253.56 -126.519 235.49 -118.116 243.893 -100.046 261.963 -108.449 
45.572 -170.81 39.256 -151.91 58.157 -145.595 64.472 -164.495 
-111.552 -60.418 -129.965 -52.796 -122.343 -34.384 -103.93 -42.007 
-161.385 137.317 -168.837 155.798 -150.355 163.25 -142.903 144.768 
-158.286 195.359 -138.387 196.42 -123.565 183.099 -143.465 182.038 
-15.14 347.381 -0.537 333.822 0.202 313.909 -14.401 327.467 
189.72 355.86 191.017 335.974 177.873 320.996 176.577 340.882 
323.142 218.225 342.998 219.925 330.161 204.683 310.304 202.984 
322.985 23.801 342.824 25.685 358.184 12.99 338.345 11.106 
202.081 -115.049 217.738 -127.376 220.093 -147.165 204.436 -134.837 
17.359 -125.459 20.406 -145.151 8.635 -161.231 5.588 -141.539 
-138.034 -2.814 -118.234 -0.561 -130.642 -16.155 -150.442 -18.408 
-147.344 112.844 -166.584 118.036 -161.391 137.276 -142.152 132.083 
-166.599 117.997 -173.202 99.195 -192.004 105.798 -185.401 124.6 
-60.718 280.008 -73.66 295.161 -58.508 308.104 -45.565 292.951 
-73.68 295.139 -93.607 294.993 -93.753 314.921 -73.827 315.066 
129.935 336.505 110.034 337.538 111.067 357.438 130.968 356.405 
127.666 368.422 111.037 357.44 100.054 374.068 116.683 385.051 
285.597 247.693 272.464 262.681 287.452 275.814 300.584 260.826 
306.954 271.828 287.436 275.842 291.449 295.361 310.967 291.346 
357.578 71.565 337.724 73.295 339.454 93.146 359.307 91.417 
387.487 91.34 373.338 77.306 359.305 91.454 373.454 105.488 
262.004 -108.432 250.265 -92.329 266.369 -80.59 278.107 -96.694 
304.744 -105.951 286.799 -114.617 278.133 -96.672 296.078 -88.007 
83.524 -170.493 64.516 -164.511 70.498 -145.502 89.506 -151.484 
103.42 -168.791 105.127 -188.644 85.273 -190.352 83.566 -170.498 
-104.182 -78.985 -111.532 -60.462 -93.009 -53.113 -85.659 -71.636 
-89.699 -92.739 -103.413 -107.196 -117.871 -93.482 -104.156 -79.024 
-154.688 30.083 -139.571 17.099 -138.061 -2.771 -153.179 10.212 
-154.706 30.132 -168.67 44.35 -168.49 64.276 -154.526 50.059 
-191.872 80.087 -172.309 83.883 -168.513 64.32 -188.076 60.524 
-172.308 83.927 -191.134 90.46 -173.202 99.152 -154.376 92.619 
-127.144 231.525 -125.494 211.666 -138.37 196.457 -140.02 216.316 
-127.134 231.562 -127.1 251.489 -112.985 265.557 -113.019 245.63 
-129.276 277.037 -117.825 293.346 -101.515 281.894 -112.967 265.585 
-81.794 278.962 -101.501 281.922 -113.343 297.949 -93.636 294.99 
12.135 349.245 31.967 351.201 19.326 335.795 -0.506 333.839 
31.998 351.211 45.82 365.565 65.744 365.942 51.922 351.587 
61.446 385.409 80.898 389.737 85.226 370.285 65.774 365.957 
97.218 354.348 85.256 370.286 88.066 390.014 100.029 374.077 
191.047 335.962 210.858 338.116 226.39 325.631 206.579 323.477 
241.275 312.342 226.422 325.627 246.319 326.736 261.172 313.45 
261.199 313.43 271.46 330.514 288.542 320.254 278.282 303.17 
275.493 283.422 278.303 303.15 294.239 315.113 291.429 295.386 
330.182 204.653 345.979 192.505 348.558 172.745 332.762 184.894 
364.902 139.71 349.901 152.829 348.57 172.712 363.571 159.594 
364.92 139.677 384.321 144.23 388.874 124.829 369.473 120.276 
373.462 105.52 353.696 108.063 369.471 120.24 389.236 117.697 
338.335 11.059 341.369 -8.636 329.587 -24.708 326.553 -5.013 
316.358 -59.121 315.846 -39.2 329.569 -24.751 330.082 -44.672 
304.792 -75.405 316.336 -59.163 332.578 -70.707 321.034 -86.95 
315.586 -92.173 296.102 -87.989 285.285 -71.253 304.768 -75.438 
184.673 -137.665 204.403 -134.87 192.428 -150.798 172.697 -153.592 
138.2 -166.592 152.737 -152.96 172.654 -153.601 158.117 -167.232 
118.644 -170.623 138.163 -166.608 142.178 -186.127 122.659 -190.142 
108.824 -187.985 103.46 -168.793 113.238 -151.43 118.602 -170.622 
-29.639 -130.651 -9.797 -128.799 5.541 -141.519 -14.299 -143.371 
-49.616 -130.455 -63.575 -116.234 -43.648 -116.419 -29.689 -130.641 
-91.507 -120.242 -79.583 -104.276 -63.616 -116.201 -75.54 -132.167 
-98.497 -110.643 -89.672 -92.775 -70.799 -86.38 -79.623 -104.248 
