-37.335 333.937 -20.041 343.838 -25.269 324.608 -42.563 314.707 
151.739 350.584 168.969 360.597 188.232 355.494 171.002 345.481 
314.36 238.849 333.623 233.745 343.635 216.514 324.372 221.618 
350.344 44.724 360.353 27.492 355.245 8.23 345.236 25.463 
221.503 -127.897 238.813 -118.023 233.555 -137.244 216.245 -147.118 
8.07 -158.829 25.335 -148.878 44.58 -154.05 27.315 -164.001 
-147.347 -19.862 -128.099 -25.024 -118.14 -42.284 -137.387 -37.122 
-159.053 188.373 -149.109 171.105 -154.288 151.862 -164.232 169.13 
-42.57 314.611 -61.854 319.637 -56.828 338.92 -37.544 333.894 
151.477 350.681 141.509 367.936 158.763 377.905 168.732 360.651 
333.537 233.947 314.279 239.07 319.401 258.328 338.66 253.206 
360.393 27.724 350.431 44.983 367.69 54.945 377.652 37.686 
253.051 -142.23 233.768 -137.202 238.796 -117.918 258.079 -122.946 
37.567 -181.254 27.541 -164.033 44.763 -154.007 54.789 -171.229 
-123.124 -61.674 -142.39 -56.583 -137.3 -37.317 -118.033 -42.408 
-171.452 141.643 -181.503 158.85 -164.295 168.901 -154.244 151.693 
-173.074 202.657 -153.146 202.686 -139.035 188.615 -158.963 188.586 
-19.885 363.874 -5.764 349.814 -5.72 329.887 -19.841 343.947 
202.509 369.502 202.542 349.574 188.476 335.46 188.443 355.388 
343.764 216.333 363.692 216.344 349.609 202.245 329.68 202.235 
335.23 7.99 355.158 8.03 369.277 -6.034 349.349 -6.073 
201.924 -133.161 216.053 -147.215 216.106 -167.143 201.977 -153.089 
7.849 -138.793 7.871 -158.72 -6.205 -172.827 -6.227 -152.9 
-153.333 -5.585 -133.405 -5.558 -147.477 -19.668 -167.405 -19.695 
-154.996 118.586 -174.67 121.754 -171.503 141.428 -151.828 138.261 
-174.683 121.556 -175.691 101.653 -195.593 102.661 -194.586 122.563 
-66.522 291.669 -78.174 307.834 -62.01 319.487 -50.357 303.322 
-78.356 307.692 -93.147 294.338 -106.501 309.13 -91.71 322.483 
138.129 348.332 118.45 351.475 121.593 371.152 141.271 368.01 
122.369 391.046 121.346 371.144 101.444 372.168 102.468 392.069 
303.076 246.85 291.447 263.032 307.629 274.661 319.257 258.479 
322.255 288.243 307.519 274.829 294.104 289.564 308.839 302.978 
367.727 55.188 348.047 58.326 351.186 78.004 370.865 74.866 
391.844 93.941 390.78 74.041 370.881 75.106 371.946 95.005 
258.238 -122.81 246.582 -106.647 262.744 -94.99 274.401 -111.153 
302.718 -112.431 287.944 -125.804 274.571 -111.03 289.345 -97.658 
74.682 -174.454 55.009 -171.284 58.18 -151.61 77.853 -154.78 
94.799 -175.449 93.805 -195.351 73.902 -194.357 74.897 -174.455 
-111.318 -77.994 -122.999 -61.849 -106.853 -50.168 -95.173 -66.314 
-97.818 -92.94 -112.598 -106.306 -125.965 -91.526 -111.185 -78.16 
-164.453 29.781 -151.645 14.515 -153.383 -5.337 -166.191 9.929 
-164.56 30.017 -175.979 46.35 -172.504 65.972 -161.086 49.64 
-194.705 83.561 -174.926 85.996 -172.491 66.218 -192.27 63.783 
-174.982 86.217 -193.742 92.938 -175.725 101.451 -156.964 94.73 
-136.052 235.541 -137.796 215.69 -153.067 202.887 -151.322 222.738 
-135.926 235.72 -132.44 255.341 -116.102 266.75 -119.588 247.13 
-131.681 279.24 -119.4 294.934 -103.706 282.652 -115.988 266.958 
-84.754 276.126 -103.522 282.824 -112.057 300.831 -93.289 294.133 
9.71 362.7 29.561 360.956 14.291 348.152 -5.56 349.896 
29.756 361.052 46.096 372.458 65.716 368.969 49.376 357.563 
63.523 388.751 83.303 391.175 85.727 371.396 65.948 368.971 
94.466 353.444 85.965 371.468 92.699 390.224 101.199 372.2 
202.751 349.481 222.603 347.736 235.406 332.466 215.555 334.21 
247.004 315.996 235.591 332.332 255.212 328.851 266.626 312.516 
266.818 312.399 279.096 328.095 294.791 315.818 282.513 300.121 
275.899 281.217 282.663 299.961 300.699 308.433 293.936 289.689 
349.648 202.021 362.45 186.75 360.704 166.899 347.902 182.171 
368.692 130.72 357.289 147.064 360.783 166.683 372.186 150.339 
368.711 130.489 388.489 132.93 390.929 113.152 371.152 110.711 
371.943 95.244 353.173 101.936 371.178 110.476 389.948 103.784 
349.294 -6.289 347.54 -26.139 332.263 -38.934 334.017 -19.085 
312.267 -70.128 315.771 -50.511 332.12 -39.117 328.616 -58.735 
299.902 -86.043 312.167 -70.337 327.873 -82.603 315.608 -98.308 
308.22 -104.214 289.467 -97.473 280.974 -79.447 299.726 -86.188 
181.927 -151.418 201.778 -153.164 186.507 -165.966 166.656 -164.22 
130.488 -172.232 146.825 -160.821 166.446 -164.304 150.108 -175.715 
110.472 -174.666 130.252 -172.246 132.672 -192.027 112.891 -194.446 
103.541 -193.478 95.015 -175.466 101.723 -156.702 110.249 -174.713 
-39.114 -135.831 -19.262 -137.57 -6.456 -152.837 -26.307 -151.098 
-58.915 -132.196 -70.328 -115.861 -50.707 -119.341 -39.293 -135.677 
-98.49 -119.178 -86.222 -103.475 -70.518 -115.744 -82.786 -131.447 
-104.388 -111.857 -97.682 -93.091 -79.67 -84.564 -86.377 -103.329 
