71.306 134.925 73.767 154.7 86.01 138.977 83.548 119.201 
101.857 123.498 104.335 143.271 120.069 155.501 117.591 135.727 
118.085 113.952 133.701 126.333 153.497 124.045 137.882 111.665 
123.366 95.814 143.197 93.857 155.836 78.451 136.005 80.408 
112.705 58.732 114.315 78.595 127.221 63.411 125.611 43.549 
78.816 39.625 79.855 59.526 94.661 72.863 93.622 52.962 
42.246 71.613 57.253 84.725 77.134 83.386 62.128 70.274 
40.755 120.724 60.562 118.538 73.023 102.987 53.216 105.172 
51.859 130.551 47.485 149.993 66.926 154.367 71.3 134.925 
87.554 154.016 98.304 170.795 115.083 160.047 104.334 143.267 
133.701 126.337 129.482 145.814 148.958 150.033 153.177 130.556 
143.198 93.861 153.99 110.613 170.743 99.821 159.95 83.069 
131.564 43.966 127.222 63.415 146.671 67.758 151.013 48.309 
83.029 36.088 93.624 52.965 110.502 42.37 99.907 25.492 
46.844 46.595 42.65 66.077 62.13 70.272 66.325 50.79 
25.634 99.415 36.551 116.086 53.222 105.169 42.305 88.498 
25.449 107.956 27.239 127.804 42.54 140.572 40.749 120.724 
53.923 156.534 69.252 169.266 89.094 167.43 73.765 154.698 
107.333 170.828 127.176 168.992 139.909 153.664 120.066 155.5 
153.496 124.043 155.251 143.893 168.047 128.617 166.291 108.766 
154.111 58.6 155.836 78.453 171.094 91.271 169.369 71.418 
110.618 30.42 125.61 43.547 145.495 42.229 130.502 29.101 
58.903 40.248 78.82 39.626 92.464 25.101 72.547 25.724 
27.929 66.364 28.752 86.275 42.249 71.614 41.427 51.703 
6.163 79.036 5.711 98.959 25.634 99.41 26.085 79.487 
5.712 98.962 5.241 118.884 25.163 119.356 25.635 99.433 
19.312 149.303 33.056 163.732 47.486 149.989 33.742 135.559 
33.059 163.729 46.534 178.411 61.215 164.936 47.74 150.256 
78.396 169.891 77.495 189.799 97.402 190.7 98.303 170.792 
98.323 170.792 97.406 190.699 117.312 191.616 118.23 171.709 
134.188 163.411 147.564 178.182 162.335 164.807 148.959 150.036 
148.958 150.031 162.333 164.802 177.105 151.428 163.73 136.657 
170.741 99.818 169.775 119.724 189.678 120.689 190.645 100.785 
171.704 79.914 170.739 99.818 190.643 100.783 191.608 80.879 
151.013 48.31 164.387 63.083 179.16 49.709 165.786 34.936 
137.641 33.535 151.015 48.308 165.788 34.934 152.414 20.162 
100.953 5.59 99.908 25.489 119.809 26.534 120.854 6.635 
81.052 4.548 80.008 24.448 99.907 25.492 100.952 5.593 
33.177 32.091 46.845 46.593 61.347 32.925 47.679 18.423 
18.677 45.764 32.347 60.264 46.847 46.594 33.176 32.094 
-8.845 64.425 9.14 73.008 27.926 66.36 9.942 57.777 
-8.849 64.423 -8.865 84.351 5.214 98.453 5.23 78.525 
-22.961 98.787 -8.706 112.712 5.219 98.456 -9.036 84.532 
-8.708 112.713 -9.179 132.634 5.241 118.881 5.711 98.959 
-2.472 149.548 16.889 144.831 27.244 127.805 7.883 132.523 
-2.478 149.548 11.581 163.671 31.508 163.718 17.45 149.595 
11.588 164.415 12.285 184.331 32.201 183.634 31.504 163.719 
33.058 163.728 32.202 183.637 45.674 198.321 46.531 178.412 
58.073 185.762 61.835 205.332 73.013 188.835 69.251 169.265 
61.837 205.329 81.759 205.746 96.143 191.954 76.22 191.536 
82.68 206.641 97.367 220.109 110.835 205.421 96.147 191.953 
97.408 190.699 110.835 205.424 130.742 206.341 117.315 191.616 
127.174 168.992 130.589 188.626 146.886 200.094 143.472 180.46 
147.683 180.191 146.891 200.103 161.531 186.583 162.323 166.671 
162.325 166.664 163.198 186.573 183.106 185.7 182.233 165.791 
162.333 164.802 182.236 165.792 197.009 152.42 177.107 151.43 
168.045 128.615 184.312 140.127 203.953 136.765 187.687 125.253 
191.829 101.993 190.689 121.888 203.951 136.762 205.091 116.867 
191.829 101.988 206.422 115.558 219.993 100.965 205.399 87.395 
191.61 80.879 190.643 100.784 205.401 87.393 206.369 67.489 
169.365 71.417 188.952 67.749 200.209 51.306 180.622 54.973 
167.21 34.961 180.324 49.966 200.206 51.304 187.092 36.299 
166.779 15.036 167.212 34.959 187.135 34.525 186.701 14.603 
153.407 0.26 152.415 20.163 165.788 34.937 166.779 15.035 
125.968 9.695 130.5 29.1 141.017 12.174 136.485 -7.231 
101.709 4.882 121.604 6.027 136.481 -7.232 116.586 -8.376 
87.621 -9.216 101.707 4.881 115.803 -9.205 101.718 -23.301 
67.72 -10.262 81.053 4.549 100.953 5.593 87.62 -9.217 
48.032 -1.745 54.603 17.068 72.552 25.724 65.981 6.911 
33.635 12.036 33.193 31.958 47.593 18.183 48.034 -1.74 
13.714 11.588 13.262 31.51 33.185 31.961 33.637 12.04 
-1.242 45.177 18.678 45.764 33.177 32.093 13.258 31.507 
