-37.258 333.724 -20.016 343.715 -25.143 324.458 -42.386 314.467 
151.464 350.899 168.761 360.796 187.99 355.564 170.693 345.667 
314.37 239.34 333.571 234.005 343.375 216.656 324.175 221.991 
350.983 45.259 360.571 27.789 354.998 8.657 345.41 26.126 
221.275 -127.951 238.326 -117.636 233.563 -136.986 216.512 -147.301 
8.205 -158.895 25.42 -148.856 44.691 -153.93 27.476 -163.969 
-147.283 -19.893 -128.04 -25.074 -118.098 -42.344 -137.34 -37.162 
-159.036 188.351 -149.077 171.091 -154.24 151.844 -164.199 169.104 
-42.621 314.356 -61.872 319.506 -56.722 338.756 -37.471 333.606 
151.248 350.928 141.338 368.216 158.625 378.127 168.536 360.839 
333.497 234.207 314.266 239.428 319.487 258.66 338.719 253.439 
360.608 28.044 350.869 45.429 368.254 55.169 377.994 37.783 
253.142 -141.642 233.791 -136.881 238.552 -117.53 257.903 -122.291 
37.792 -181.159 27.677 -163.989 44.847 -153.874 54.962 -171.044 
-122.977 -61.655 -142.26 -56.625 -137.231 -37.344 -117.948 -42.373 
-171.395 141.636 -181.442 158.845 -164.233 168.893 -154.186 151.684 
-172.975 202.684 -153.047 202.614 -139.006 188.474 -158.934 188.544 
-19.93 363.762 -5.763 349.748 -5.653 329.822 -19.821 343.835 
202.361 369.485 202.254 349.557 188.088 335.542 188.195 355.47 
343.484 216.474 363.412 216.401 349.27 202.362 329.341 202.435 
334.979 7.815 354.898 8.437 369.421 -5.208 349.503 -5.83 
202.604 -132.952 216.3 -147.427 215.75 -167.347 202.053 -152.872 
8.192 -138.844 8.024 -158.771 -6.186 -172.742 -6.018 -152.816 
-153.202 -5.615 -133.274 -5.635 -147.38 -19.712 -167.308 -19.691 
-155.057 118.509 -174.718 121.765 -171.462 141.425 -151.802 138.17 
-174.72 121.533 -175.606 101.625 -195.514 102.51 -194.629 122.418 
-67.584 291.722 -78.636 308.303 -62.056 319.356 -51.002 302.775 
-78.819 308.177 -93.107 294.286 -106.998 308.575 -92.71 322.465 
139.384 348.427 119.532 350.159 121.263 370.01 141.116 368.278 
123.534 389.762 121.046 369.99 101.274 372.478 103.762 392.25 
303.867 246.251 291.293 261.711 306.754 274.284 319.326 258.824 
322.103 287.045 306.636 274.482 294.071 289.948 309.538 302.512 
368.314 55.419 348.478 57.341 350.401 77.175 370.236 75.253 
392.179 93.177 390.053 73.363 370.24 75.489 372.365 95.303 
258.096 -122.13 246.951 -105.61 263.471 -94.465 274.616 -110.985 
302.984 -111.851 288.407 -125.439 274.819 -110.862 289.396 -97.276 
74.807 -174.355 55.148 -171.094 58.41 -151.435 78.068 -154.696 
94.912 -175.378 93.918 -195.28 74.016 -194.287 75.01 -174.385 
-111.161 -77.959 -122.86 -61.827 -106.729 -50.127 -95.029 -66.259 
-97.72 -92.941 -112.531 -106.273 -125.863 -91.461 -111.052 -78.129 
-164.295 29.722 -151.489 14.454 -153.231 -5.398 -166.036 9.87 
-164.378 29.939 -175.782 46.281 -172.29 65.901 -160.886 49.558 
-194.552 83.411 -174.782 85.916 -172.277 66.146 -192.046 63.641 
-174.826 86.159 -193.613 92.801 -175.632 101.39 -156.844 94.747 
-136.076 235.535 -137.752 215.678 -152.978 202.822 -151.302 222.679 
-135.934 235.705 -132.396 255.316 -116.027 266.682 -119.565 247.071 
-131.31 279.542 -118.649 294.931 -103.26 282.27 -115.921 266.881 
-84.075 276.414 -103.074 282.428 -112.256 300.114 -93.257 294.1 
9.682 362.648 29.538 360.95 14.297 348.111 -5.558 349.809 
29.731 361.054 46.078 372.45 65.696 368.949 49.349 357.553 
62.791 388.629 82.471 391.761 85.603 372.081 65.923 368.949 
93.867 353.925 85.813 372.152 93.007 390.737 101.061 372.509 
202.465 349.473 222.327 347.853 235.226 332.664 215.364 334.283 
246.767 316.161 235.416 332.54 255.024 328.985 266.375 312.606 
266.574 312.479 278.147 328.703 294.369 317.13 282.796 300.907 
275.583 282.233 282.97 300.74 301.279 308.604 293.893 290.097 
349.333 202.154 362.22 186.954 360.585 167.095 347.698 182.295 
368.422 130.897 357.084 147.285 360.655 166.89 371.993 150.502 
368.439 130.681 388.177 133.426 390.922 113.688 371.184 110.943 
372.397 95.523 353.459 101.723 371.235 110.73 390.173 104.53 
349.438 -6.049 347.612 -25.892 332.289 -38.633 334.115 -18.79 
312.39 -69.877 315.838 -50.25 332.154 -38.81 328.706 -58.437 
300.302 -85.994 312.289 -70.075 328.207 -82.062 316.221 -97.98 
308.061 -104.427 289.528 -97.102 281.604 -78.818 300.136 -86.143 
181.973 -151.259 201.83 -152.924 186.612 -165.788 166.754 -164.123 
130.578 -172.092 146.929 -160.7 166.546 -164.208 150.195 -175.599 
110.606 -174.811 130.349 -172.104 133.056 -191.847 113.313 -194.554 
103.396 -193.5 95.132 -175.367 102.111 -156.701 110.374 -174.835 
-38.926 -135.797 -19.072 -137.509 -6.245 -152.759 -26.098 -151.046 
-58.748 -132.191 -70.173 -115.865 -50.55 -119.329 -39.123 -135.656 
-98.356 -119.209 -86.102 -103.495 -70.387 -115.75 -82.641 -131.464 
-104.274 -111.85 -97.562 -93.087 -79.548 -84.566 -86.261 -103.329 
