46.922 174.682 54.565 193.086 62.174 174.669 54.531 156.265 
107.118 169.841 114.309 188.426 132.536 196.483 125.345 177.898 
154.002 143.531 172.065 151.948 190.789 145.128 172.727 136.71 
169.88 91.962 188.743 85.536 197.538 67.653 178.674 74.08 
138.825 23.642 144.568 42.725 154.0 25.171 148.257 6.088 
67.937 -3.572 72.679 15.784 89.718 26.117 84.976 6.761 
2.954 51.122 20.369 60.809 39.532 55.345 22.118 45.658 
-0.192 134.98 18.349 127.677 26.296 109.403 7.755 116.705 
30.758 163.026 19.105 179.191 35.269 190.844 46.923 174.679 
94.627 191.566 97.767 211.244 117.445 208.105 114.306 188.426 
172.064 151.95 160.344 168.067 176.461 179.787 188.181 163.67 
188.744 85.538 191.661 105.251 211.374 102.333 208.457 82.62 
166.201 9.413 154.001 25.171 169.759 37.37 181.958 21.613 
82.739 -13.042 84.978 6.76 104.779 4.522 102.541 -15.28 
18.615 17.692 6.384 33.425 22.117 45.655 34.348 29.922 
-14.89 99.926 -11.956 119.637 7.754 116.703 4.82 96.992 
-16.838 124.026 -12.815 143.544 3.831 154.5 -0.192 134.983 
35.316 198.239 52.57 208.208 71.82 203.057 54.566 193.088 
122.809 213.873 141.987 208.455 151.716 191.065 132.539 196.483 
190.79 145.126 195.907 164.386 205.908 147.15 200.791 127.889 
193.108 48.221 197.538 67.65 214.409 78.256 209.979 58.827 
132.244 -5.775 148.256 6.088 167.967 3.153 151.954 -8.709 
48.053 -2.22 67.934 -3.57 81.038 -18.583 61.157 -17.233 
-11.71 46.932 -9.437 66.73 2.955 51.123 0.681 31.326 
-33.06 78.38 -34.748 98.237 -14.892 99.925 -13.204 80.068 
-34.75 98.238 -36.437 118.095 -16.581 119.782 -14.894 99.926 
-9.009 177.212 4.058 192.256 19.103 179.19 6.036 164.145 
4.06 192.255 17.12 207.306 32.172 194.246 19.112 179.196 
77.926 209.376 76.057 229.216 95.896 231.085 97.765 211.245 
97.765 211.246 95.896 231.086 115.736 232.956 117.605 213.116 
160.854 192.18 173.246 207.786 188.852 195.394 176.46 179.789 
176.463 179.783 188.851 195.392 204.46 183.005 192.072 167.396 
211.376 102.335 208.9 122.109 228.673 124.584 231.148 104.81 
213.856 82.556 211.374 102.329 231.145 104.81 233.627 85.038 
181.96 21.613 194.02 37.476 209.884 25.416 197.823 9.552 
169.901 5.742 181.958 21.609 197.824 9.552 185.767 -6.314 
105.315 -35.014 102.542 -15.281 122.276 -12.507 125.049 -32.24 
85.623 -38.062 82.574 -18.37 102.266 -15.321 105.316 -35.013 
6.62 1.776 18.614 17.69 34.528 5.696 22.534 -10.218 
-9.3 13.762 2.685 29.683 18.606 17.698 6.621 1.777 
-45.279 62.069 -25.361 61.453 -11.712 46.932 -31.631 47.549 
-45.28 62.071 -47.675 81.854 -35.379 97.536 -32.984 77.753 
-63.54 96.483 -49.986 111.091 -35.378 97.537 -48.932 82.929 
-49.988 111.093 -51.662 130.949 -36.437 118.093 -34.762 98.236 
-30.242 175.983 -14.811 163.374 -12.815 143.547 -28.247 156.156 
-30.242 175.985 -17.07 190.939 2.818 192.2 -10.354 177.247 
-17.108 192.033 -17.277 211.96 2.65 212.129 2.819 192.202 
4.061 192.252 2.651 212.13 15.709 227.183 17.119 207.305 
48.402 227.697 59.234 244.425 63.403 224.938 52.571 208.211 
59.237 244.427 79.117 245.8 94.146 232.715 74.266 231.341 
80.427 247.166 94.879 260.887 108.6 246.435 94.148 232.715 
95.894 231.086 108.601 246.437 128.442 248.306 115.734 232.955 
141.99 208.454 152.024 225.672 171.293 230.751 161.259 213.534 
173.293 210.922 171.295 230.75 186.728 218.143 188.726 198.315 
188.729 198.315 189.376 218.232 209.292 217.586 208.646 197.668 
188.851 195.395 208.648 197.67 224.255 185.28 204.459 183.006 
205.91 147.149 225.153 152.327 242.422 142.383 223.179 137.204 
232.916 106.807 230.302 126.563 242.423 142.381 245.037 122.625 
232.916 106.804 247.133 120.768 261.097 106.55 246.879 92.587 
233.627 85.039 231.146 104.811 246.882 92.585 249.363 72.812 
209.98 58.824 226.805 48.147 231.152 28.699 214.327 39.377 
199.599 9.718 211.445 25.743 231.151 28.698 219.306 12.673 
200.518 -10.19 199.598 9.716 219.504 10.636 220.424 -9.27 
188.461 -26.058 185.768 -6.313 197.825 9.552 200.518 -10.192 
139.438 -24.217 151.953 -8.71 154.069 -28.524 141.554 -44.032 
105.768 -35.352 125.458 -32.281 141.552 -44.032 121.862 -47.103 
93.549 -51.094 105.767 -35.351 121.51 -47.57 109.291 -63.312 
73.856 -54.145 85.623 -38.062 105.316 -35.012 93.548 -51.094 
26.707 -30.239 41.237 -16.601 61.154 -17.233 46.624 -30.87 
10.317 -18.901 6.745 0.704 23.133 -10.633 26.705 -30.238 
-11.399 -20.86 -13.11 -1.007 6.745 0.705 8.456 -19.149 
-29.032 10.978 -9.299 13.761 6.622 1.776 -13.111 -1.007 
