-37.277 333.876 -20.013 343.83 -25.182 324.585 -42.445 314.631 
151.693 350.652 168.937 360.64 188.193 355.508 170.948 345.521 
314.325 238.82 333.593 233.736 343.623 216.516 324.355 221.6 
350.543 44.776 360.445 27.482 355.217 8.252 345.316 25.547 
221.414 -127.918 238.676 -117.96 233.511 -137.207 216.249 -147.165 
8.194 -158.798 25.485 -148.892 44.717 -154.113 27.426 -164.02 
-147.416 -19.734 -128.171 -24.907 -118.221 -42.172 -137.466 -36.999 
-159.031 188.492 -149.048 171.246 -154.183 151.992 -164.167 169.237 
-42.598 314.505 -61.861 319.609 -56.757 338.871 -37.494 333.767 
151.482 350.672 141.483 367.908 158.719 377.909 168.719 360.672 
333.441 233.937 314.19 239.088 319.34 258.339 338.591 253.188 
360.513 27.698 350.456 44.902 367.659 54.959 377.717 37.755 
252.93 -142.179 233.664 -137.087 238.756 -117.82 258.022 -122.912 
37.716 -181.319 27.633 -164.13 44.822 -154.047 54.905 -171.235 
-123.209 -61.581 -142.473 -56.479 -137.372 -37.216 -118.108 -42.318 
-171.467 141.785 -181.45 159.032 -164.203 169.014 -154.22 151.767 
-173.034 202.757 -153.106 202.78 -138.999 188.706 -158.927 188.683 
-19.828 363.891 -5.717 349.821 -5.686 329.894 -19.798 343.964 
202.45 369.516 202.479 349.588 188.409 335.476 188.38 355.404 
343.679 216.283 363.607 216.316 349.541 202.202 329.612 202.168 
335.215 8.024 355.143 8.053 369.254 -6.017 349.326 -6.046 
201.962 -133.142 216.074 -147.212 216.104 -167.14 201.992 -153.07 
7.939 -138.773 7.974 -158.7 -6.092 -172.815 -6.127 -152.888 
-153.39 -5.446 -133.462 -5.422 -147.536 -19.53 -167.464 -19.554 
-155.038 118.729 -174.713 121.9 -171.541 141.574 -151.867 138.403 
-174.685 121.673 -175.687 101.77 -195.589 102.772 -194.588 122.675 
-66.518 291.635 -78.181 307.793 -62.025 319.457 -50.361 303.299 
-78.35 307.667 -93.141 294.312 -106.496 309.102 -91.706 322.456 
138.101 348.29 118.426 351.454 121.589 371.128 141.265 367.965 
122.38 391.044 121.372 371.141 101.469 372.15 102.478 392.052 
303.073 246.893 291.401 263.044 307.553 274.716 319.224 258.565 
322.158 288.252 307.38 274.886 294.012 289.663 308.791 303.03 
367.706 55.182 348.031 58.356 351.206 78.028 370.879 74.855 
391.806 93.965 390.793 74.063 370.892 75.076 371.904 94.978 
258.217 -122.821 246.55 -106.666 262.704 -94.998 274.372 -111.153 
302.663 -112.413 287.875 -125.77 274.517 -110.982 289.305 -97.625 
74.808 -174.441 55.134 -171.276 58.298 -151.601 77.972 -154.766 
94.94 -175.459 93.935 -195.36 74.033 -194.355 75.039 -174.453 
-111.375 -77.918 -123.048 -61.767 -106.897 -50.094 -95.224 -66.244 
-97.863 -92.891 -112.63 -106.272 -126.011 -91.505 -111.244 -78.124 
-164.493 29.904 -151.7 14.625 -153.458 -5.225 -166.251 10.054 
-164.577 30.11 -175.964 46.464 -172.452 66.079 -161.065 49.725 
-194.683 83.656 -174.903 86.081 -172.479 66.301 -192.258 63.876 
-174.971 86.303 -193.732 93.019 -175.717 101.537 -156.955 94.82 
-136.007 235.627 -137.762 215.777 -153.04 202.982 -151.284 222.833 
-135.88 235.791 -132.387 255.41 -116.043 266.813 -119.537 247.194 
-131.64 279.268 -119.367 294.968 -103.667 282.695 -115.94 266.995 
-84.756 276.13 -103.516 282.85 -112.03 300.868 -93.269 294.147 
9.792 362.679 29.643 360.937 14.374 348.132 -5.477 349.874 
29.851 361.029 46.19 372.436 65.81 368.949 49.471 357.542 
63.601 388.738 83.379 391.169 85.81 371.39 66.031 368.959 
94.54 353.401 86.026 371.418 92.745 390.179 101.26 372.162 
202.679 349.543 222.53 347.799 235.334 332.529 215.483 334.273 
246.888 316.066 235.476 332.403 255.097 328.921 266.509 312.584 
266.676 312.491 278.951 328.191 294.649 315.917 282.375 300.218 
275.836 281.317 282.549 300.079 300.562 308.6 293.849 289.838 
349.644 201.988 362.447 186.717 360.702 166.867 347.899 182.137 
368.666 130.675 357.257 147.015 360.744 166.635 372.152 150.296 
368.71 130.449 388.49 132.874 390.914 113.094 371.135 110.67 
371.907 95.204 353.145 101.92 371.161 110.438 389.923 103.722 
349.206 -6.237 347.456 -26.087 332.183 -38.886 333.932 -19.036 
312.246 -70.111 315.737 -50.491 332.078 -39.088 328.587 -58.707 
299.834 -85.991 312.107 -70.292 327.806 -82.565 315.532 -98.264 
308.235 -104.204 289.473 -97.485 280.959 -79.469 299.719 -86.187 
181.971 -151.399 201.822 -153.135 186.558 -165.945 166.706 -164.21 
130.588 -172.218 146.917 -160.796 166.541 -164.266 150.211 -175.689 
110.614 -174.655 130.392 -172.219 132.828 -191.998 113.05 -194.433 
103.696 -193.472 95.168 -175.461 101.872 -156.696 110.401 -174.707 
-39.034 -135.822 -19.181 -137.548 -6.365 -152.807 -26.217 -151.081 
-58.867 -132.197 -70.281 -115.862 -50.66 -119.341 -39.246 -135.676 
-98.48 -119.162 -86.2 -103.468 -70.506 -115.748 -82.785 -131.442 
-104.379 -111.816 -97.676 -93.049 -79.667 -84.519 -86.37 -103.286 
