-37.162 333.953 -19.794 343.725 -25.165 324.535 -42.533 314.763 
151.757 350.523 168.959 360.582 188.236 355.531 171.034 345.472 
314.291 239.104 333.521 233.876 343.422 216.582 324.193 221.809 
350.654 44.944 360.504 27.621 355.221 8.406 345.37 25.729 
221.579 -127.704 238.885 -117.825 233.633 -137.048 216.326 -146.927 
8.167 -158.775 25.425 -148.811 44.674 -153.968 27.416 -163.932 
-147.298 -19.79 -128.072 -25.03 -118.182 -42.33 -137.409 -37.09 
-158.997 188.371 -149.149 171.047 -154.436 151.834 -164.284 169.157 
-42.738 314.659 -61.926 320.04 -56.546 339.227 -37.358 333.846 
151.523 350.587 141.469 367.792 158.672 377.848 168.728 360.643 
333.432 234.088 314.242 239.462 319.617 258.652 338.807 253.277 
360.543 27.869 350.552 45.111 367.794 55.102 377.785 37.86 
253.065 -142.104 233.809 -136.972 238.941 -117.716 258.197 -122.848 
37.605 -181.209 27.646 -163.949 44.906 -153.989 54.866 -171.249 
-123.121 -61.63 -142.397 -56.575 -137.342 -37.3 -118.066 -42.355 
-171.575 141.729 -181.609 158.946 -164.391 168.98 -154.357 151.762 
-172.948 202.697 -153.02 202.644 -138.967 188.515 -158.895 188.568 
-19.947 363.769 -5.619 349.92 -5.281 329.996 -19.608 343.845 
202.456 369.656 202.574 349.728 188.568 335.554 188.45 355.482 
343.529 216.392 363.455 216.724 349.601 202.401 329.675 202.069 
335.197 7.883 355.123 8.186 369.426 -5.69 349.501 -5.992 
201.877 -133.097 216.141 -147.013 216.386 -166.94 202.123 -153.023 
7.834 -138.733 7.969 -158.66 -6.026 -172.846 -6.161 -152.919 
-153.265 -5.527 -133.337 -5.496 -147.406 -19.609 -167.334 -19.64 
-154.888 118.83 -174.592 121.814 -171.608 141.517 -151.904 138.533 
-174.577 121.588 -175.428 101.679 -195.338 102.53 -194.487 122.44 
-66.33 292.031 -78.146 308.077 -62.101 319.894 -50.284 303.848 
-78.323 307.938 -92.777 294.22 -106.495 308.674 -92.041 322.392 
138.227 348.106 118.528 351.116 121.538 370.815 141.237 367.804 
122.966 390.705 121.323 370.845 101.463 372.488 103.106 392.348 
304.112 246.149 291.429 261.519 306.798 274.203 319.481 258.833 
322.279 286.773 306.677 274.377 294.28 289.978 309.882 302.374 
367.877 55.352 348.21 58.57 351.428 78.236 371.095 75.018 
391.649 94.536 391.005 74.618 371.088 75.262 371.733 95.18 
258.347 -122.732 246.437 -106.755 262.414 -94.845 274.324 -110.822 
302.575 -113.016 287.383 -125.911 274.487 -110.718 289.68 -97.824 
74.764 -174.48 55.088 -171.33 58.239 -151.652 77.915 -154.803 
94.895 -175.371 93.983 -195.277 74.077 -194.365 74.989 -174.459 
-111.329 -77.967 -122.979 -61.799 -106.811 -50.149 -95.162 -66.317 
-97.795 -92.887 -112.551 -106.28 -125.944 -91.524 -111.188 -78.131 
-164.385 29.812 -151.583 14.541 -153.33 -5.31 -166.132 9.961 
-164.484 30.023 -175.918 46.344 -172.463 65.97 -161.028 49.648 
-194.775 83.42 -175.01 85.961 -172.469 66.196 -192.234 63.655 
-175.083 86.19 -193.665 93.385 -175.438 101.438 -156.855 94.243 
-135.883 235.531 -137.646 215.681 -152.929 202.892 -151.165 222.742 
-135.717 235.75 -132.219 255.369 -115.874 266.768 -119.372 247.151 
-131.515 279.168 -119.339 294.944 -103.563 282.769 -115.739 266.993 
-84.752 275.877 -103.385 282.944 -111.563 301.117 -92.931 294.049 
9.875 362.762 29.722 360.963 14.417 348.202 -5.43 350.0 
29.898 361.017 46.244 372.414 65.862 368.915 49.516 357.518 
63.701 388.787 83.492 391.118 85.823 371.327 66.032 368.996 
94.997 353.521 86.039 371.322 92.292 390.244 101.25 372.443 
202.751 349.608 222.593 347.759 235.315 332.422 215.473 334.271 
246.913 316.004 235.515 332.35 255.133 328.852 266.532 312.506 
266.666 312.356 278.621 328.299 294.564 316.345 282.609 300.401 
276.209 281.455 282.762 300.273 300.702 308.947 294.149 290.129 
349.652 202.197 362.303 186.8 360.361 166.968 347.71 182.365 
368.741 130.894 357.16 147.111 360.438 166.767 372.019 150.55 
368.759 130.672 388.604 132.493 390.425 112.649 370.581 110.827 
371.763 95.4 352.833 101.626 370.621 110.609 389.552 104.383 
349.426 -6.232 347.69 -26.084 332.426 -38.894 334.161 -19.042 
312.174 -69.947 315.835 -50.358 332.275 -39.096 328.613 -58.685 
299.962 -85.99 312.064 -70.159 327.895 -82.261 315.793 -98.092 
308.734 -103.94 289.816 -97.673 280.872 -79.867 299.788 -86.133 
182.05 -151.304 201.897 -153.086 186.604 -165.861 166.756 -164.079 
130.598 -172.214 146.887 -160.734 166.523 -164.134 150.234 -175.615 
110.574 -174.556 130.367 -172.236 132.686 -192.028 112.894 -194.348 
103.706 -193.383 95.117 -175.401 101.758 -156.614 110.347 -174.595 
-39.027 -135.805 -19.177 -137.566 -6.387 -152.847 -26.236 -151.086 
-58.838 -132.175 -70.243 -115.835 -50.624 -119.324 -39.218 -135.665 
-98.424 -119.128 -86.14 -103.438 -70.449 -115.722 -82.733 -131.413 
-104.322 -111.779 -97.605 -93.017 -79.588 -84.501 -86.306 -103.263 
