-37.257 333.853 -20.011 343.838 -25.145 324.583 -42.391 314.598 
151.737 350.621 168.985 360.602 188.239 355.464 170.99 345.483 
314.296 238.781 333.573 233.734 343.636 216.533 324.358 221.58 
350.68 44.913 360.474 27.558 355.127 8.361 345.334 25.716 
221.469 -127.835 238.788 -117.977 233.513 -137.194 216.194 -147.052 
8.087 -158.802 25.372 -148.884 44.607 -154.092 27.322 -164.01 
-147.398 -19.806 -128.15 -24.966 -118.189 -42.225 -137.437 -37.064 
-159.0 188.428 -149.088 171.141 -154.302 151.908 -164.215 169.194 
-42.641 314.485 -61.878 319.688 -56.676 338.924 -37.439 333.721 
151.468 350.774 141.551 368.059 158.835 377.977 168.753 360.692 
333.494 233.942 314.237 239.07 319.366 258.327 338.622 253.199 
360.569 27.749 350.584 44.995 367.83 54.98 377.815 37.734 
252.992 -142.227 233.734 -137.1 238.862 -117.842 258.119 -122.97 
37.629 -181.296 27.525 -164.12 44.702 -154.016 54.805 -171.193 
-123.132 -61.609 -142.401 -56.524 -137.316 -37.257 -118.048 -42.341 
-171.39 141.684 -181.475 158.872 -164.287 168.957 -154.202 151.769 
-173.063 202.712 -153.135 202.76 -139.01 188.703 -158.938 188.655 
-19.902 363.835 -5.744 349.813 -5.647 329.886 -19.805 343.909 
202.535 369.513 202.563 349.585 188.492 335.475 188.465 355.403 
343.761 216.353 363.689 216.293 349.557 202.244 329.628 202.304 
335.112 7.911 355.039 8.171 369.312 -5.736 349.386 -5.995 
201.713 -133.254 215.985 -147.162 216.242 -167.089 201.971 -153.181 
7.877 -138.81 7.865 -158.737 -6.234 -172.82 -6.222 -152.893 
-153.335 -5.519 -133.407 -5.489 -147.476 -19.601 -167.404 -19.632 
-154.908 118.603 -174.583 121.766 -171.42 141.441 -151.745 138.278 
-174.626 121.541 -175.741 101.644 -195.637 102.759 -194.523 122.656 
-66.474 291.754 -78.193 307.871 -62.077 319.591 -50.357 303.474 
-78.338 307.713 -93.121 294.35 -106.484 309.134 -91.701 322.496 
138.353 348.387 118.646 351.345 121.604 371.051 141.311 368.093 
122.537 390.986 121.375 371.092 101.481 372.253 102.642 392.147 
302.844 247.088 291.475 263.455 307.842 274.823 319.21 258.457 
322.28 288.593 307.726 274.982 294.113 289.535 308.667 303.146 
367.869 55.194 348.141 58.018 350.967 77.744 370.693 74.919 
391.909 93.694 390.587 73.81 370.704 75.132 372.026 95.016 
258.309 -122.822 246.528 -106.749 262.601 -94.969 274.381 -111.041 
302.714 -112.56 287.825 -125.805 274.58 -110.917 289.468 -97.672 
74.691 -174.424 55.022 -171.227 58.22 -151.557 77.889 -154.755 
94.801 -175.457 93.761 -195.357 73.861 -194.318 74.901 -174.418 
-111.331 -77.946 -123.002 -61.794 -106.849 -50.123 -95.178 -66.276 
-97.867 -92.929 -112.67 -106.27 -126.011 -91.467 -111.208 -78.126 
-164.468 29.804 -151.672 14.528 -153.425 -5.323 -166.221 9.953 
-164.497 30.016 -175.91 46.352 -172.429 65.973 -161.016 49.637 
-194.681 83.553 -174.9 85.963 -172.49 66.182 -192.271 63.771 
-174.887 86.192 -193.684 92.808 -175.714 101.421 -156.917 94.805 
-136.005 235.609 -137.752 215.758 -153.024 202.957 -151.277 222.808 
-135.917 235.82 -132.408 255.436 -116.055 266.825 -119.565 247.21 
-131.536 279.341 -119.186 294.981 -103.547 282.631 -115.896 266.991 
-84.587 276.308 -103.421 282.82 -112.134 300.743 -93.3 294.23 
9.745 362.692 29.593 360.912 14.3 348.136 -5.548 349.916 
29.823 360.949 46.169 372.347 65.787 368.849 49.442 357.451 
63.513 388.688 83.283 391.188 85.784 371.418 66.013 368.918 
94.63 353.439 86.022 371.412 92.644 390.208 101.252 372.235 
202.752 349.467 222.604 347.72 235.406 332.449 215.555 334.195 
247.031 316.016 235.615 332.35 255.237 328.872 266.652 312.538 
266.831 312.409 279.32 327.938 294.849 315.45 282.36 299.921 
276.029 280.953 282.537 299.787 300.457 308.503 293.948 289.669 
349.602 202.027 362.382 186.737 360.608 166.89 347.827 182.179 
368.627 130.711 357.206 147.041 360.677 166.664 372.098 150.334 
368.661 130.464 388.404 133.167 391.107 113.423 371.364 110.72 
372.033 95.237 353.321 102.093 371.399 110.476 390.111 103.621 
349.321 -6.204 347.526 -26.05 332.223 -38.814 334.018 -18.968 
312.297 -70.044 315.76 -50.42 332.085 -38.993 328.622 -58.617 
299.987 -85.994 312.203 -70.25 327.946 -82.465 315.731 -98.209 
308.389 -104.152 289.609 -97.486 281.045 -79.494 299.824 -86.16 
181.905 -151.462 201.754 -153.223 186.474 -166.013 166.624 -164.252 
130.465 -172.259 146.802 -160.847 166.423 -164.329 150.086 -175.741 
110.458 -174.612 130.247 -172.262 132.597 -192.051 112.808 -194.401 
103.636 -193.458 95.011 -175.494 101.616 -156.693 110.24 -174.658 
-39.093 -135.783 -19.242 -137.534 -6.445 -152.808 -26.295 -151.058 
-58.91 -132.164 -70.32 -115.827 -50.7 -119.31 -39.289 -135.648 
-98.504 -119.19 -86.249 -103.476 -70.535 -115.731 -82.789 -131.444 
-104.406 -111.811 -97.686 -93.05 -79.668 -84.537 -86.389 -103.297 
