-37.289 333.917 -20.023 343.867 -25.196 324.623 -42.462 314.672 
151.668 350.827 168.986 360.687 188.203 355.413 170.885 345.554 
314.381 238.796 333.648 233.706 343.672 216.483 324.406 221.573 
350.483 44.74 360.407 27.459 355.206 8.222 345.281 25.503 
221.434 -127.862 238.696 -117.904 233.532 -137.151 216.271 -147.109 
8.001 -158.729 25.311 -148.855 44.532 -154.112 27.223 -163.987 
-147.396 -19.775 -128.153 -24.953 -118.208 -42.221 -137.451 -37.042 
-159.002 188.402 -149.02 171.156 -154.156 151.901 -164.139 169.147 
-42.582 314.539 -61.849 319.628 -56.761 338.894 -37.493 333.806 
151.6 350.766 141.542 367.969 158.743 378.028 168.802 360.825 
333.581 233.89 314.306 238.951 319.367 258.225 338.641 253.165 
360.447 27.708 350.476 44.962 367.73 54.932 377.701 37.678 
252.979 -142.183 233.73 -137.027 238.886 -117.778 258.136 -122.934 
37.491 -181.304 27.409 -164.115 44.599 -154.033 54.68 -171.222 
-123.16 -61.591 -142.421 -56.479 -137.31 -37.219 -118.049 -42.331 
-171.429 141.679 -181.433 158.913 -164.199 168.918 -154.194 151.684 
-173.052 202.674 -153.124 202.722 -138.999 188.665 -158.927 188.617 
-19.864 363.874 -5.734 349.823 -5.678 329.896 -19.808 343.948 
202.447 369.481 202.523 349.553 188.486 335.409 188.411 355.337 
343.802 216.316 363.729 216.279 349.613 202.214 329.684 202.252 
335.168 7.87 355.095 8.019 369.291 -5.967 349.364 -6.116 
201.877 -133.195 216.058 -147.195 216.186 -167.123 202.004 -153.122 
7.756 -138.729 7.804 -158.656 -6.252 -172.781 -6.301 -152.854 
-153.328 -5.483 -133.4 -5.458 -147.473 -19.566 -167.401 -19.591 
-154.988 118.604 -174.661 121.782 -171.483 141.455 -151.81 138.277 
-174.677 121.573 -175.682 101.67 -195.585 102.675 -194.58 122.577 
-66.46 291.682 -78.174 307.803 -62.053 319.517 -50.339 303.396 
-78.337 307.66 -93.122 294.3 -106.483 309.085 -91.698 322.445 
138.107 348.325 118.438 351.528 121.641 371.196 141.31 367.993 
122.309 391.152 121.408 371.244 101.5 372.145 102.401 392.052 
302.934 246.878 291.449 263.164 307.735 274.648 319.218 258.363 
322.246 288.346 307.607 274.826 294.086 289.464 308.725 302.984 
367.811 55.173 348.132 58.32 351.279 77.997 370.957 74.85 
391.877 93.959 390.855 74.057 370.954 75.079 371.976 94.981 
258.32 -122.8 246.565 -106.709 262.656 -94.954 274.412 -111.045 
302.724 -112.467 287.882 -125.764 274.585 -110.922 289.427 -97.625 
74.588 -174.421 54.914 -171.254 58.081 -151.579 77.755 -154.746 
94.725 -175.449 93.725 -195.351 73.823 -194.35 74.824 -174.448 
-111.365 -77.929 -123.029 -61.771 -106.871 -50.107 -95.207 -66.265 
-97.849 -92.863 -112.634 -106.225 -125.995 -91.44 -111.21 -78.078 
-164.513 29.832 -151.711 14.56 -153.457 -5.291 -166.259 9.98 
-164.519 30.071 -175.926 46.411 -172.438 66.031 -161.031 49.691 
-194.718 83.583 -174.94 86.024 -172.499 66.246 -192.277 63.805 
-174.931 86.236 -193.697 92.939 -175.688 101.469 -156.921 94.765 
-136.013 235.58 -137.747 215.728 -153.011 202.917 -151.276 222.77 
-135.924 235.792 -132.444 255.414 -116.108 266.827 -119.589 247.207 
-131.616 279.294 -119.311 294.969 -103.636 282.664 -115.941 266.989 
-84.738 276.189 -103.517 282.858 -112.079 300.853 -93.301 294.183 
9.745 362.713 29.596 360.973 14.329 348.166 -5.523 349.906 
29.819 361.009 46.146 372.433 65.77 368.965 49.443 357.541 
63.73 388.831 83.529 391.092 85.79 371.293 65.991 369.032 
94.649 353.296 86.031 371.264 92.641 390.063 101.26 372.096 
202.738 349.46 222.59 347.715 235.393 332.444 215.541 334.189 
247.045 316.018 235.61 332.339 255.236 328.884 266.67 312.563 
266.854 312.416 279.246 328.023 294.852 315.632 282.46 300.025 
275.891 281.134 282.642 299.883 300.673 308.367 293.922 289.618 
349.68 201.994 362.475 186.716 360.719 166.866 347.924 182.144 
368.689 130.675 357.294 147.024 360.797 166.641 372.192 150.292 
368.727 130.438 388.502 132.901 390.965 113.126 371.19 110.664 
371.995 95.202 353.225 101.896 371.231 110.435 390.001 103.74 
349.276 -6.323 347.495 -26.171 332.2 -38.945 333.982 -19.098 
312.275 -70.161 315.74 -50.537 332.067 -39.112 328.601 -58.736 
299.929 -86.044 312.184 -70.331 327.897 -82.586 315.642 -98.299 
308.322 -104.159 289.55 -97.47 281.008 -79.466 299.779 -86.156 
181.95 -151.464 201.799 -153.223 186.521 -166.015 166.67 -164.257 
130.48 -172.21 146.821 -160.804 166.441 -164.293 150.1 -175.699 
110.464 -174.736 130.241 -172.29 132.688 -192.067 112.911 -194.513 
103.437 -193.454 94.969 -175.415 101.737 -156.672 110.205 -174.711 
-39.143 -135.741 -19.292 -137.496 -6.498 -152.773 -26.347 -151.018 
-58.961 -132.15 -70.359 -115.804 -50.742 -119.302 -39.343 -135.648 
-98.508 -119.076 -86.225 -103.385 -70.533 -115.669 -82.816 -131.36 
-104.424 -111.776 -97.702 -93.016 -79.684 -84.504 -86.405 -103.264 
