-37.846 333.422 -20.671 343.53 -25.668 324.239 -42.843 314.131 
150.915 350.672 168.066 360.818 187.368 355.865 170.217 345.718 
313.686 238.973 333.055 234.285 343.436 217.275 324.067 221.963 
349.974 45.641 360.176 28.522 355.285 9.204 345.083 26.323 
222.405 -127.111 239.983 -117.723 234.192 -136.79 216.614 -146.179 
8.756 -158.94 25.869 -148.729 45.19 -153.61 28.077 -163.821 
-146.962 -20.074 -127.725 -25.276 -117.802 -42.557 -137.039 -37.354 
-158.917 187.943 -148.97 170.676 -154.146 151.432 -164.093 168.699 
-42.932 313.982 -62.254 318.859 -57.377 338.18 -38.055 333.303 
150.736 350.651 140.53 367.767 157.645 377.973 167.851 360.858 
332.958 234.503 313.565 239.092 318.155 258.485 337.547 253.896 
360.225 28.763 350.066 45.906 367.209 56.066 377.369 38.922 
253.474 -142.364 234.363 -136.717 240.009 -117.606 259.121 -123.253 
38.584 -180.94 28.269 -163.889 45.32 -153.575 55.634 -170.625 
-122.686 -61.876 -141.96 -56.812 -136.896 -37.539 -117.623 -42.603 
-171.43 141.277 -181.418 158.521 -164.173 168.509 -154.186 151.265 
-173.101 202.087 -153.174 202.273 -138.952 188.315 -158.879 188.128 
-20.131 363.545 -6.27 349.228 -6.593 329.304 -20.453 343.621 
201.879 369.65 201.565 349.725 187.255 335.857 187.569 355.783 
343.556 217.088 363.477 216.556 349.015 202.846 329.094 203.379 
335.262 9.495 355.184 8.983 368.908 -5.465 348.987 -4.953 
201.563 -132.949 216.415 -146.236 217.522 -166.133 202.67 -152.846 
8.867 -138.982 8.548 -158.907 -5.768 -172.77 -5.448 -152.845 
-152.841 -5.755 -132.913 -5.792 -147.03 -19.857 -166.958 -19.82 
-155.191 118.026 -174.828 121.419 -171.435 141.056 -151.798 137.663 
-174.87 121.205 -174.714 101.277 -194.642 101.121 -194.798 121.049 
-64.757 290.643 -77.649 305.838 -62.455 318.731 -49.562 303.536 
-77.812 305.705 -94.469 294.765 -105.408 311.422 -88.752 322.361 
138.753 347.971 118.888 349.553 120.469 369.417 140.334 367.836 
123.296 389.096 120.273 369.399 100.576 372.422 103.599 392.12 
302.091 246.65 290.079 262.55 305.979 274.563 317.99 258.663 
321.487 287.093 305.847 274.745 293.497 290.384 309.138 302.732 
367.285 56.295 347.425 57.949 349.08 77.807 368.939 76.153 
392.729 91.465 388.369 72.02 368.925 76.38 373.285 95.825 
259.263 -123.135 246.66 -107.698 262.097 -95.095 274.7 -110.532 
303.037 -111.516 288.411 -125.05 274.876 -110.424 289.502 -96.89 
75.457 -174.061 55.824 -170.652 59.234 -151.018 78.867 -154.427 
95.512 -175.756 93.823 -195.611 73.968 -193.923 75.657 -174.067 
-111.015 -78.316 -122.564 -62.076 -106.324 -50.527 -94.775 -66.767 
-97.18 -92.983 -111.671 -106.662 -125.35 -92.171 -110.859 -78.491 
-164.163 29.517 -151.292 14.304 -152.948 -5.555 -165.819 9.658 
-164.204 29.742 -175.727 46.0 -172.379 65.644 -160.856 49.386 
-194.962 82.821 -175.229 85.595 -172.455 65.861 -192.189 63.087 
-175.227 85.822 -193.352 94.102 -174.681 101.064 -156.555 92.783 
-136.192 235.164 -137.849 215.305 -153.063 202.435 -151.406 222.294 
-136.096 235.345 -132.654 254.973 -116.34 266.418 -119.783 246.791 
-131.912 278.844 -119.647 294.55 -103.941 282.285 -116.206 266.579 
-84.507 277.456 -103.8 282.446 -113.914 299.616 -94.621 294.626 
9.128 362.214 28.991 360.601 13.805 347.697 -6.057 349.31 
29.209 360.649 45.376 372.3 65.046 369.107 48.88 357.456 
62.103 388.841 81.781 391.99 84.929 372.313 65.252 369.164 
92.89 353.967 85.131 372.322 92.624 390.788 100.383 372.432 
201.771 349.62 221.628 347.931 234.473 332.695 214.617 334.385 
246.352 316.421 234.68 332.573 254.354 329.405 266.026 313.253 
266.219 313.112 277.798 329.331 294.016 317.753 282.437 301.534 
274.867 283.019 282.612 301.379 301.07 308.887 293.326 290.526 
349.078 202.624 361.938 187.401 360.266 167.545 347.407 182.768 
368.405 131.389 356.94 147.688 360.358 167.32 371.823 151.021 
368.422 131.13 388.033 134.672 391.574 115.061 371.964 111.52 
373.332 96.061 354.339 102.092 372.034 111.257 391.027 105.226 
348.906 -5.18 347.646 -25.067 332.691 -38.239 333.952 -18.352 
312.401 -69.252 316.101 -49.67 332.562 -38.441 328.862 -58.022 
299.723 -84.934 312.288 -69.467 327.755 -82.032 315.19 -97.499 
308.59 -102.884 289.643 -96.709 280.613 -78.946 299.559 -85.121 
182.628 -151.107 202.471 -152.926 187.154 -165.672 167.309 -163.852 
131.114 -171.733 147.475 -160.355 167.089 -163.879 150.728 -175.256 
111.121 -174.234 130.896 -171.773 133.358 -191.548 113.582 -194.009 
105.144 -193.319 95.726 -175.757 101.484 -156.68 110.902 -174.242 
-38.444 -136.004 -18.577 -137.567 -5.636 -152.72 -25.502 -151.157 
-58.302 -132.485 -69.769 -116.188 -50.136 -119.602 -38.669 -135.9 
-97.944 -119.319 -85.603 -103.674 -69.956 -116.015 -82.297 -131.661 
-103.891 -111.874 -97.016 -93.17 -78.928 -84.806 -85.804 -103.51 
