53.089 164.87 59.379 183.78 68.303 165.962 62.013 147.052 
106.009 158.172 111.963 177.19 129.62 186.428 123.666 167.41 
145.102 135.936 162.569 145.529 181.703 139.962 164.237 130.369 
158.181 92.753 177.413 87.532 187.321 70.241 168.089 75.462 
132.178 32.14 136.784 51.529 147.237 34.562 142.631 15.174 
70.398 6.876 73.994 26.477 90.397 37.794 86.801 18.193 
12.271 56.36 28.994 67.198 48.482 63.036 31.759 52.199 
9.898 131.715 28.904 125.725 38.107 108.05 19.102 114.04 
35.815 154.931 25.874 172.202 43.144 182.143 53.085 164.871 
92.692 182.273 97.773 201.541 117.042 196.461 111.961 177.192 
162.567 145.532 152.523 162.744 169.734 172.788 179.778 155.576 
177.412 87.533 182.334 106.844 201.644 101.922 196.723 82.612 
157.747 17.631 147.239 34.563 164.171 45.071 174.679 28.139 
82.535 -1.273 86.802 18.193 106.268 13.925 102.0 -5.54 
25.226 24.783 14.786 41.757 31.76 52.197 42.2 35.222 
-5.29 99.914 -0.157 119.169 19.098 114.037 13.966 94.782 
-6.351 120.186 -3.011 139.833 13.242 151.363 9.902 131.716 
39.929 188.101 56.741 198.8 76.193 194.478 59.382 183.779 
119.063 203.327 138.48 198.84 149.037 181.94 129.62 186.426 
181.705 139.959 185.992 159.42 196.722 142.629 192.434 123.166 
183.593 50.668 187.321 70.244 203.799 81.45 200.071 61.874 
126.928 2.904 142.63 15.174 162.41 12.748 146.708 0.477 
50.488 7.674 70.399 6.874 83.913 -7.772 64.002 -6.971 
-2.204 51.551 -0.773 71.427 12.27 56.361 10.839 36.484 
-24.034 78.866 -25.184 98.761 -5.29 99.911 -4.139 80.017 
-25.184 98.764 -26.331 118.659 -6.436 119.806 -5.289 99.911 
-2.262 170.531 10.968 185.432 25.87 172.203 12.64 157.301 
10.971 185.433 24.189 200.345 39.102 187.127 25.884 172.215 
77.912 199.91 76.278 219.771 96.138 221.404 97.772 201.544 
97.771 201.542 96.141 221.404 116.002 223.034 117.633 203.173 
154.34 185.443 166.992 200.839 182.388 188.186 169.735 172.792 
169.736 172.785 182.385 188.183 197.783 175.535 185.134 160.137 
201.644 101.923 199.555 121.742 219.373 123.83 221.462 104.012 
203.735 82.106 201.645 101.924 221.462 104.014 223.552 84.196 
174.68 28.139 187.105 43.719 202.685 31.294 190.26 15.714 
162.256 12.556 174.68 28.137 190.261 15.714 177.837 0.134 
104.32 -25.333 102.002 -5.541 121.794 -3.222 124.113 -23.014 
84.544 -27.773 82.102 -7.996 101.879 -5.554 104.321 -25.331 
12.667 9.309 25.227 24.781 40.698 12.222 28.139 -3.25 
-2.803 21.869 9.756 37.341 25.228 24.782 12.669 9.31 
-37.008 63.58 -17.116 64.774 -2.206 51.552 -22.098 50.358 
-37.01 63.582 -38.51 83.453 -25.52 98.565 -24.019 78.693 
-53.682 97.535 -40.116 112.132 -25.519 98.566 -39.085 83.969 
-40.117 112.133 -41.098 132.036 -26.331 118.657 -25.35 98.753 
-23.807 170.222 -7.117 159.333 -3.015 139.833 -19.705 150.721 
-23.806 170.224 -10.172 184.757 9.746 185.393 -3.888 170.861 
-10.179 185.415 -10.157 205.343 9.771 205.321 9.748 185.393 
10.97 185.43 9.772 205.322 22.99 220.235 24.188 200.343 
50.692 217.787 59.838 235.492 65.89 216.506 56.744 198.801 
59.842 235.493 79.748 236.411 94.473 222.984 74.567 222.066 
80.863 237.538 95.416 251.151 109.03 236.598 94.476 222.985 
96.139 221.403 109.031 236.599 128.892 238.228 116.001 223.032 
138.477 198.841 146.879 216.911 165.597 223.747 157.195 205.677 
167.154 203.878 165.601 223.745 180.747 210.795 182.3 190.928 
182.303 190.924 183.097 210.837 203.009 210.042 202.214 190.13 
182.385 188.188 202.218 190.129 217.614 177.479 197.782 175.538 
196.722 142.625 215.415 149.529 233.515 141.192 214.821 134.288 
223.149 105.857 221.015 125.671 233.516 141.19 235.65 121.376 
223.149 105.855 237.522 119.658 251.325 105.285 236.952 91.482 
223.553 84.198 221.462 104.016 236.954 91.481 239.045 71.663 
200.072 61.872 217.845 52.86 224.04 33.92 206.267 42.932 
191.965 15.837 204.258 31.521 224.04 33.918 211.747 18.234 
192.494 -4.085 191.963 15.835 211.883 16.366 212.414 -3.554 
180.071 -19.667 177.838 0.135 190.261 15.715 192.494 -4.086 
135.888 -16.259 146.707 0.476 150.89 -19.007 140.071 -35.742 
104.671 -25.606 124.47 -23.344 140.07 -35.743 120.271 -38.006 
92.064 -41.041 104.67 -25.607 120.104 -38.212 107.499 -53.646 
72.287 -43.485 84.544 -27.773 104.321 -25.331 92.063 -41.042 
30.988 -23.282 44.117 -8.29 64.0 -6.973 50.872 -21.964 
15.234 -11.077 12.726 8.691 28.478 -3.513 30.986 -23.282 
-5.709 -12.624 -7.151 7.25 12.725 8.693 14.167 -11.182 
-22.623 19.81 -2.802 21.869 12.669 9.309 -7.152 7.25 
