-37.243 333.858 -20.017 343.878 -25.113 324.613 -42.339 314.593 
151.677 350.637 168.926 360.617 188.179 355.477 170.93 345.497 
314.385 238.789 333.654 233.708 343.686 216.49 324.417 221.571 
350.548 44.914 360.467 27.63 355.26 8.394 345.34 25.678 
221.397 -127.904 238.641 -117.916 233.51 -137.172 216.266 -147.16 
8.039 -158.857 25.301 -148.899 44.547 -154.064 27.286 -164.021 
-147.417 -19.752 -128.174 -24.931 -118.229 -42.199 -137.472 -37.02 
-159.029 188.47 -149.083 171.203 -154.26 151.959 -164.206 169.226 
-42.58 314.484 -61.831 319.633 -56.681 338.883 -37.43 333.734 
151.467 350.691 141.484 367.938 158.73 377.921 168.713 360.675 
333.522 233.896 314.267 239.029 319.4 258.285 338.655 253.152 
360.548 27.806 350.501 45.015 367.71 55.062 377.758 37.853 
252.993 -142.172 233.733 -137.055 238.85 -117.795 258.11 -122.912 
37.53 -181.274 27.509 -164.049 44.734 -154.028 54.755 -171.253 
-123.193 -61.615 -142.457 -56.513 -137.355 -37.25 -118.091 -42.352 
-171.422 141.775 -181.451 158.995 -164.231 169.024 -154.202 151.804 
-173.061 202.723 -153.133 202.745 -139.026 188.67 -158.954 188.648 
-19.856 363.88 -5.742 349.814 -5.707 329.887 -19.822 343.953 
202.451 369.549 202.491 349.621 188.429 335.502 188.389 355.43 
343.757 216.282 363.685 216.286 349.597 202.192 329.668 202.189 
335.288 8.121 355.216 8.202 369.364 -5.831 349.436 -5.912 
201.966 -133.219 216.076 -147.291 216.103 -167.219 201.993 -153.147 
7.816 -138.823 7.838 -158.75 -6.237 -172.857 -6.259 -152.93 
-153.411 -5.462 -133.483 -5.439 -147.558 -19.546 -167.486 -19.569 
-154.994 118.724 -174.665 121.912 -171.476 141.584 -151.805 138.395 
-174.641 121.71 -175.665 101.808 -195.566 102.831 -194.543 122.733 
-66.503 291.666 -78.173 307.818 -62.022 319.489 -50.351 303.336 
-78.37 307.674 -93.162 294.321 -106.515 309.113 -91.723 322.466 
138.08 348.283 118.407 351.458 121.582 371.131 141.255 367.955 
122.321 391.056 121.358 371.152 101.453 372.115 102.417 392.02 
303.112 246.842 291.466 263.013 307.637 274.659 319.281 258.488 
322.239 288.211 307.47 274.833 294.091 289.6 308.859 302.978 
367.718 55.254 348.04 58.409 351.196 78.085 370.873 74.929 
391.841 93.992 390.814 74.091 370.914 75.117 371.94 95.019 
258.309 -122.739 246.649 -106.578 262.809 -94.918 274.469 -111.079 
302.833 -112.316 288.06 -125.691 274.686 -110.917 289.459 -97.544 
74.66 -174.47 54.985 -171.311 58.144 -151.635 77.819 -154.794 
94.794 -175.478 93.78 -195.379 73.879 -194.365 74.893 -174.464 
-111.361 -77.96 -123.027 -61.804 -106.872 -50.138 -95.205 -66.293 
-97.861 -92.94 -112.65 -106.297 -126.006 -91.507 -111.217 -78.151 
-164.488 29.907 -151.703 14.62 -153.472 -5.229 -166.257 10.057 
-164.58 30.123 -175.97 46.475 -172.461 66.092 -161.071 49.74 
-194.674 83.692 -174.894 86.112 -172.473 66.332 -192.253 63.912 
-174.947 86.354 -193.706 93.075 -175.689 101.588 -156.929 94.867 
-136.04 235.588 -137.79 215.737 -153.064 202.938 -151.313 222.789 
-135.921 235.767 -132.436 255.387 -116.098 266.797 -119.583 247.177 
-131.693 279.262 -119.419 294.962 -103.72 282.688 -115.994 266.988 
-84.783 276.129 -103.549 282.834 -112.077 300.845 -93.311 294.14 
9.718 362.717 29.569 360.971 14.298 348.169 -5.554 349.915 
29.802 360.991 46.139 372.401 65.76 368.916 49.422 357.506 
63.575 388.758 83.356 391.165 85.763 371.383 65.981 368.977 
94.466 353.355 85.993 371.392 92.755 390.138 101.229 372.101 
202.681 349.513 222.531 347.759 235.327 332.482 215.477 334.236 
246.951 316.072 235.54 332.409 255.161 328.925 266.571 312.588 
266.739 312.425 278.995 328.139 294.708 315.884 282.453 300.17 
275.917 281.294 282.658 300.046 300.684 308.54 293.943 289.788 
349.696 201.991 362.502 186.723 360.761 166.872 347.955 182.14 
368.713 130.68 357.308 147.022 360.798 166.641 372.203 150.3 
368.756 130.457 388.537 132.872 390.952 113.091 371.172 110.676 
371.936 95.222 353.163 101.907 371.165 110.455 389.938 103.77 
349.334 -6.096 347.601 -25.948 332.339 -38.76 334.071 -18.909 
312.417 -69.98 315.894 -50.358 332.227 -38.942 328.75 -58.564 
300.03 -85.866 312.31 -70.173 328.004 -82.453 315.724 -98.146 
308.392 -104.028 289.62 -97.34 281.076 -79.338 299.847 -86.026 
181.925 -151.445 201.775 -153.198 186.499 -165.995 166.649 -164.241 
130.481 -172.251 146.822 -160.846 166.442 -164.335 150.101 -175.741 
110.474 -174.712 130.252 -172.27 132.694 -192.047 112.916 -194.489 
103.521 -193.515 95.016 -175.494 101.745 -156.737 110.25 -174.758 
-39.128 -135.842 -19.277 -137.593 -6.479 -152.867 -26.329 -151.116 
-58.924 -132.222 -70.335 -115.886 -50.715 -119.368 -39.303 -135.705 
-98.495 -119.199 -86.226 -103.497 -70.523 -115.766 -82.793 -131.468 
-104.405 -111.857 -97.692 -93.094 -79.678 -84.573 -86.39 -103.336 
