-37.327 333.938 -20.041 343.855 -25.251 324.621 -42.537 314.704 
151.704 350.574 168.938 360.58 188.199 355.469 170.965 345.463 
314.415 238.845 333.662 233.681 343.62 216.42 324.373 221.584 
350.378 44.864 360.38 27.627 355.264 8.367 345.263 25.604 
221.513 -127.871 238.786 -117.933 233.6 -137.174 216.326 -147.112 
8.021 -158.777 25.273 -148.804 44.525 -153.951 27.272 -163.924 
-147.387 -19.786 -128.154 -25.003 -118.244 -42.291 -137.476 -37.074 
-159.017 188.406 -149.057 171.147 -154.218 151.899 -164.178 169.158 
-42.59 314.577 -61.871 319.616 -56.832 338.895 -37.551 333.856 
151.449 350.643 141.486 367.9 158.742 377.865 168.707 360.608 
333.552 233.894 314.294 239.016 319.416 258.275 338.675 253.152 
360.436 27.86 350.433 45.095 367.668 55.098 377.671 37.863 
253.082 -142.116 233.808 -137.053 238.872 -117.779 258.146 -122.842 
37.468 -181.263 27.472 -164.024 44.711 -154.027 54.707 -171.266 
-123.152 -61.584 -142.434 -56.553 -137.403 -37.271 -118.12 -42.303 
-171.423 141.683 -181.44 158.91 -164.213 168.927 -154.196 151.7 
-173.029 202.671 -153.101 202.701 -138.989 188.632 -158.917 188.601 
-19.867 363.895 -5.754 349.827 -5.721 329.9 -19.834 343.968 
202.476 369.49 202.505 349.562 188.435 335.45 188.406 355.378 
343.767 216.233 363.695 216.257 349.621 202.149 329.692 202.126 
335.221 8.102 355.149 8.152 369.275 -5.904 349.347 -5.954 
201.999 -133.159 216.111 -147.229 216.14 -167.157 202.029 -153.087 
7.78 -138.796 7.812 -158.723 -6.257 -172.836 -6.289 -152.909 
-153.356 -5.534 -133.428 -5.502 -147.497 -19.615 -167.425 -19.647 
-154.994 118.609 -174.669 121.776 -171.502 141.451 -151.827 138.284 
-174.673 121.549 -175.681 101.647 -195.583 102.655 -194.575 122.557 
-66.533 291.624 -78.201 307.778 -62.048 319.447 -50.379 303.293 
-78.395 307.657 -93.181 294.297 -106.541 309.084 -91.754 322.442 
138.084 348.304 118.412 351.485 121.592 371.157 141.265 367.976 
122.367 391.044 121.371 371.141 101.467 372.138 102.464 392.041 
303.105 246.769 291.434 262.921 307.587 274.592 319.256 258.439 
322.252 288.087 307.443 274.754 294.109 289.562 308.918 302.895 
367.726 55.305 348.05 58.468 351.213 78.142 370.889 74.979 
391.798 94.074 390.799 74.171 370.897 75.171 371.896 95.074 
258.333 -122.706 246.656 -106.558 262.805 -94.881 274.482 -111.029 
302.802 -112.305 288.025 -125.675 274.655 -110.899 289.432 -97.529 
74.628 -174.424 54.956 -171.25 58.13 -151.577 77.803 -154.751 
94.786 -175.502 93.764 -195.403 73.864 -194.382 74.885 -174.481 
-111.363 -77.915 -123.029 -61.759 -106.873 -50.093 -95.207 -66.249 
-97.861 -92.864 -112.645 -106.226 -126.008 -91.442 -111.224 -78.08 
-164.468 29.789 -151.654 14.527 -153.385 -5.326 -166.199 9.936 
-164.553 30.001 -175.97 46.334 -172.495 65.956 -161.077 49.624 
-194.708 83.529 -174.93 85.964 -172.495 66.186 -192.273 63.751 
-174.961 86.192 -193.725 92.903 -175.712 101.426 -156.948 94.715 
-136.02 235.566 -137.765 215.715 -153.037 202.913 -151.291 222.764 
-135.897 235.747 -132.408 255.367 -116.068 266.774 -119.557 247.155 
-131.677 279.239 -119.406 294.94 -103.704 282.669 -115.975 266.967 
-84.789 276.105 -103.551 282.821 -112.069 300.836 -93.307 294.12 
9.737 362.688 29.589 360.947 14.32 348.141 -5.532 349.883 
29.815 361.01 46.151 372.421 65.772 368.938 49.436 357.527 
63.587 388.738 83.367 391.158 85.788 371.378 66.008 368.957 
94.54 353.405 86.015 371.418 92.724 390.182 101.249 372.17 
202.714 349.488 222.564 347.726 235.354 332.444 215.504 334.206 
246.942 315.98 235.551 332.332 255.167 328.824 266.558 312.473 
266.761 312.351 279.035 328.05 294.733 315.776 282.459 300.077 
275.931 281.174 282.643 299.937 300.656 308.458 293.944 289.696 
349.667 201.932 362.469 186.66 360.723 166.81 347.921 182.081 
368.728 130.661 357.321 147.002 360.81 166.622 372.217 150.281 
368.723 130.464 388.502 132.889 390.927 113.109 371.147 110.685 
371.927 95.261 353.166 101.981 371.183 110.495 389.944 103.775 
349.265 -6.18 347.536 -26.032 332.276 -38.848 334.005 -18.996 
312.335 -70.048 315.802 -50.425 332.13 -39.001 328.662 -58.624 
299.984 -85.94 312.241 -70.228 327.952 -82.485 315.696 -98.196 
308.342 -104.089 289.579 -97.375 281.06 -79.361 299.822 -86.074 
181.965 -151.432 201.815 -153.184 186.54 -165.982 166.689 -164.23 
130.513 -172.202 146.854 -160.796 166.474 -164.286 150.133 -175.692 
110.515 -174.707 130.295 -172.289 132.713 -192.069 112.933 -194.487 
103.542 -193.472 95.032 -175.453 101.756 -156.694 110.266 -174.714 
-39.133 -135.771 -19.282 -137.522 -6.485 -152.796 -26.335 -151.045 
-58.952 -132.171 -70.36 -115.832 -50.74 -119.318 -39.332 -135.658 
-98.505 -119.128 -86.238 -103.425 -70.533 -115.692 -82.8 -131.396 
-104.44 -111.8 -97.72 -93.039 -79.703 -84.525 -86.422 -103.286 
