-37.285 333.825 -20.056 343.839 -25.158 324.575 -42.388 314.562 
151.71 350.608 168.948 360.606 188.207 355.487 170.969 345.489 
314.428 238.975 333.673 233.802 343.623 216.536 324.379 221.709 
350.313 44.772 360.324 27.541 355.218 8.278 345.207 25.51 
221.455 -127.935 238.744 -118.025 233.527 -137.257 216.238 -147.168 
7.948 -158.772 25.233 -148.854 44.468 -154.063 27.183 -163.981 
-147.386 -19.757 -128.143 -24.936 -118.199 -42.205 -137.442 -37.025 
-159.026 188.37 -149.107 171.087 -154.314 151.851 -164.233 169.134 
-42.621 314.438 -61.871 319.591 -56.717 338.841 -37.467 333.687 
151.501 350.703 141.519 367.949 158.764 377.933 168.748 360.687 
333.556 233.985 314.281 239.044 319.341 258.319 338.615 253.259 
360.433 27.752 350.437 44.991 367.677 54.987 377.673 37.748 
252.986 -142.212 233.711 -137.153 238.769 -117.878 258.045 -122.936 
37.468 -181.224 27.433 -164.008 44.65 -153.973 54.685 -171.189 
-123.198 -61.574 -142.462 -56.471 -137.359 -37.208 -118.095 -42.311 
-171.438 141.627 -181.518 158.818 -164.328 168.898 -154.248 151.708 
-173.096 202.667 -153.168 202.708 -139.048 188.646 -158.976 188.605 
-19.865 363.851 -5.753 349.782 -5.721 329.855 -19.833 343.924 
202.476 369.539 202.516 349.611 188.453 335.492 188.414 355.42 
343.68 216.335 363.608 216.377 349.548 202.256 329.619 202.214 
335.216 8.022 355.144 8.06 369.261 -6.005 349.333 -6.042 
201.933 -133.179 216.049 -147.245 216.084 -167.173 201.968 -153.107 
7.715 -138.74 7.743 -158.667 -6.328 -172.778 -6.356 -152.851 
-153.326 -5.507 -133.398 -5.477 -147.467 -19.589 -167.395 -19.62 
-154.955 118.536 -174.631 121.697 -171.471 141.372 -151.795 138.212 
-174.677 121.463 -175.682 101.56 -195.585 102.565 -194.58 122.468 
-66.548 291.647 -78.222 307.796 -62.074 319.472 -50.399 303.323 
-78.382 307.639 -93.163 294.274 -106.528 309.055 -91.747 322.42 
138.131 348.281 118.456 351.451 121.625 371.124 141.3 367.955 
122.41 391.073 121.411 371.17 101.508 372.169 102.507 392.072 
303.107 246.846 291.433 262.996 307.582 274.67 319.256 258.52 
322.216 288.172 307.426 274.817 294.07 289.605 308.86 302.96 
367.687 55.236 348.01 58.395 351.17 78.07 370.846 74.911 
391.831 94.039 390.832 74.136 370.93 75.136 371.93 95.039 
258.218 -122.818 246.545 -106.667 262.696 -94.994 274.369 -111.145 
302.697 -112.436 287.914 -125.799 274.551 -111.016 289.334 -97.654 
74.602 -174.439 54.93 -171.263 58.106 -151.589 77.779 -154.765 
94.747 -175.426 93.738 -195.327 73.836 -194.318 74.846 -174.417 
-111.377 -77.879 -123.047 -61.726 -106.894 -50.056 -95.224 -66.209 
-97.883 -92.838 -112.664 -106.203 -126.03 -91.423 -111.249 -78.057 
-164.469 29.777 -151.665 14.508 -153.408 -5.344 -166.213 9.926 
-164.494 29.964 -175.904 46.302 -172.42 65.923 -161.01 49.585 
-194.701 83.459 -174.922 85.889 -172.491 66.11 -192.27 63.68 
-174.911 86.106 -193.672 92.822 -175.657 101.34 -156.895 94.623 
-136.033 235.548 -137.764 215.696 -153.026 202.882 -151.294 222.735 
-135.947 235.749 -132.474 255.372 -116.143 266.792 -119.616 247.17 
-131.692 279.219 -119.421 294.92 -103.719 282.649 -115.991 266.947 
-84.814 276.111 -103.577 282.824 -112.098 300.838 -93.335 294.125 
9.744 362.684 29.595 360.931 14.319 348.134 -5.532 349.888 
29.834 360.982 46.175 372.386 65.794 368.895 49.453 357.491 
63.611 388.74 83.391 391.157 85.809 371.377 66.028 368.959 
94.567 353.374 86.047 371.388 92.761 390.151 101.281 372.137 
202.712 349.501 222.563 347.757 235.367 332.487 215.516 334.231 
246.97 316.037 235.56 332.375 255.18 328.89 266.59 312.552 
266.763 312.416 279.03 328.121 294.734 315.854 282.467 300.149 
275.934 281.259 282.647 300.021 300.661 308.542 293.948 289.78 
349.624 202.048 362.442 186.79 360.717 166.938 347.899 182.196 
368.701 130.756 357.277 147.084 360.745 166.708 372.169 150.38 
368.742 130.525 388.521 132.96 390.955 113.181 371.177 110.746 
371.917 95.272 353.153 101.984 371.167 110.506 389.93 103.794 
349.245 -6.257 347.505 -26.108 332.238 -38.915 333.978 -19.064 
312.269 -70.131 315.753 -50.51 332.09 -39.1 328.606 -58.721 
299.906 -86.04 312.174 -70.338 327.877 -82.607 315.608 -98.309 
308.243 -104.199 289.481 -97.48 280.966 -79.464 299.727 -86.182 
181.912 -151.43 201.763 -153.175 186.493 -165.978 166.642 -164.233 
130.451 -172.195 146.796 -160.795 166.415 -164.291 150.07 -175.691 
110.437 -174.651 130.217 -172.23 132.638 -192.01 112.858 -194.431 
103.487 -193.463 94.978 -175.443 101.702 -156.685 110.211 -174.705 
-39.2 -135.737 -19.35 -137.498 -6.56 -152.778 -26.409 -151.018 
-58.991 -132.11 -70.381 -115.759 -50.765 -119.265 -39.374 -135.617 
-98.538 -119.066 -86.258 -103.373 -70.564 -115.654 -82.845 -131.347 
-104.435 -111.733 -97.71 -92.974 -79.691 -84.464 -86.415 -103.223 
