-37.269 333.898 -20.015 343.868 -25.164 324.618 -42.419 314.647 
151.725 350.635 168.958 360.643 188.219 355.534 170.986 345.526 
314.374 238.852 333.625 233.7 343.594 216.445 324.343 221.597 
350.369 44.784 360.418 27.575 355.355 8.301 345.306 25.51 
221.398 -127.863 238.63 -117.854 233.523 -137.116 216.291 -147.125 
8.104 -158.822 25.366 -148.863 44.613 -154.027 27.351 -163.986 
-147.348 -19.815 -128.095 -24.957 -118.117 -42.206 -137.37 -37.064 
-159.038 188.359 -149.049 171.116 -154.179 151.86 -164.168 169.103 
-42.605 314.534 -61.863 319.655 -56.743 338.913 -37.484 333.792 
151.492 350.668 141.509 367.914 158.755 377.898 168.739 360.652 
333.537 233.915 314.294 239.095 319.475 258.338 338.718 253.157 
360.448 27.791 350.415 45.009 367.633 55.042 377.666 37.824 
252.954 -142.113 233.701 -136.972 238.841 -117.719 258.095 -122.86 
37.577 -181.248 27.571 -164.014 44.804 -154.008 54.811 -171.241 
-123.138 -61.63 -142.398 -56.513 -137.281 -37.254 -118.021 -42.371 
-171.466 141.639 -181.461 158.879 -164.22 168.873 -154.226 151.633 
-173.049 202.653 -153.121 202.679 -139.011 188.606 -158.939 188.58 
-19.787 363.908 -5.708 349.805 -5.725 329.878 -19.803 343.981 
202.505 369.518 202.504 349.59 188.413 335.5 188.414 355.428 
343.726 216.263 363.654 216.335 349.615 202.193 329.686 202.121 
335.341 8.176 355.269 8.109 369.312 -6.03 349.385 -5.963 
201.928 -133.146 216.08 -147.176 216.166 -167.104 202.014 -153.074 
7.863 -138.785 7.908 -158.712 -6.151 -172.835 -6.196 -152.908 
-153.319 -5.566 -133.391 -5.531 -147.457 -19.647 -167.385 -19.682 
-155.009 118.579 -174.685 121.739 -171.526 141.414 -151.85 138.255 
-174.682 121.508 -175.69 101.605 -195.592 102.613 -194.584 122.516 
-66.544 291.683 -78.198 307.846 -62.036 319.502 -50.38 303.339 
-78.374 307.729 -93.113 294.318 -106.525 309.057 -91.786 322.468 
138.101 348.321 118.433 351.528 121.64 371.195 141.308 367.988 
122.444 391.068 121.434 371.165 101.531 372.176 102.542 392.078 
303.261 246.7 291.459 262.757 307.516 274.559 319.317 258.503 
322.289 287.952 307.38 274.731 294.158 289.639 309.067 302.86 
367.71 55.253 348.048 58.501 351.297 78.162 370.958 74.913 
391.772 94.114 390.853 74.207 370.947 75.126 371.867 95.033 
258.31 -122.753 246.662 -106.583 262.832 -94.936 274.479 -111.105 
302.789 -112.295 288.04 -125.697 274.639 -110.948 289.387 -97.548 
74.698 -174.443 55.023 -171.282 58.184 -151.606 77.859 -154.767 
94.817 -175.451 93.823 -195.353 73.921 -194.359 74.915 -174.457 
-111.331 -77.943 -123.004 -61.792 -106.854 -50.119 -95.18 -66.269 
-97.832 -92.89 -112.604 -106.266 -125.98 -91.494 -111.208 -78.118 
-164.428 29.752 -151.621 14.485 -153.361 -5.367 -166.168 9.9 
-164.522 29.949 -175.942 46.281 -172.469 65.904 -161.049 49.572 
-194.672 83.489 -174.892 85.914 -172.467 66.135 -192.247 63.709 
-174.947 86.142 -193.72 92.824 -175.721 101.375 -156.947 94.693 
-136.026 235.567 -137.767 215.715 -153.036 202.91 -151.294 222.762 
-135.88 235.769 -132.402 255.391 -116.068 266.807 -119.546 247.185 
-131.651 279.3 -119.369 294.994 -103.675 282.713 -115.957 267.019 
-84.77 276.105 -103.513 282.873 -111.98 300.913 -93.237 294.144 
9.799 362.683 29.649 360.927 14.371 348.133 -5.479 349.889 
29.884 361.005 46.23 372.402 65.848 368.904 49.503 357.506 
63.588 388.724 83.359 391.219 85.855 371.449 66.084 368.953 
94.528 353.447 86.08 371.495 92.869 390.231 101.317 372.183 
202.715 349.514 222.565 347.757 235.359 332.478 215.509 334.235 
246.924 315.994 235.552 332.359 255.164 328.828 266.536 312.463 
266.723 312.335 278.913 328.1 294.677 315.91 282.487 300.145 
275.998 281.224 282.666 300.003 300.659 308.566 293.991 289.788 
349.657 201.988 362.464 186.72 360.724 166.869 347.917 182.137 
368.728 130.716 357.31 147.049 360.786 166.671 372.204 150.338 
368.757 130.492 388.542 132.87 390.92 113.084 371.135 110.706 
371.889 95.245 353.133 101.977 371.156 110.479 389.912 103.746 
349.287 -6.156 347.551 -26.008 332.286 -38.817 334.022 -18.966 
312.362 -70.044 315.842 -50.423 332.177 -39.01 328.696 -58.631 
300.007 -85.97 312.218 -70.223 327.965 -82.434 315.754 -98.181 
308.294 -104.208 289.563 -97.408 281.127 -79.354 299.858 -86.155 
181.953 -151.431 201.803 -153.185 186.528 -165.981 166.677 -164.228 
130.488 -172.192 146.823 -160.778 166.445 -164.257 150.109 -175.672 
110.497 -174.689 130.277 -172.263 132.703 -192.043 112.923 -194.468 
103.56 -193.446 95.04 -175.431 101.753 -156.669 110.273 -174.683 
-39.066 -135.824 -19.214 -137.569 -6.412 -152.839 -26.263 -151.095 
-58.865 -132.197 -70.281 -115.864 -50.659 -119.341 -39.244 -135.675 
-98.454 -119.172 -86.191 -103.465 -70.484 -115.729 -82.747 -131.436 
-104.373 -111.814 -97.668 -93.048 -79.657 -84.52 -86.362 -103.286 
