-37.274 333.924 -20.002 343.864 -25.186 324.623 -42.457 314.682 
151.739 350.746 169.03 360.654 188.261 355.434 170.971 345.526 
314.493 239.033 333.72 233.796 343.612 216.496 324.385 221.734 
350.364 44.817 360.36 27.577 355.238 8.319 345.242 25.558 
221.404 -127.907 238.657 -117.933 233.51 -137.185 216.257 -147.158 
8.146 -158.827 25.425 -148.899 44.663 -154.097 27.384 -164.025 
-147.372 -19.837 -128.12 -24.985 -118.148 -42.237 -137.399 -37.089 
-159.04 188.367 -149.138 171.074 -154.364 151.844 -164.266 169.137 
-42.576 314.585 -61.846 319.665 -56.766 338.934 -37.496 333.853 
151.621 350.671 141.583 367.884 158.796 377.924 168.835 360.71 
333.636 233.979 314.358 239.028 319.407 258.306 338.685 253.257 
360.439 27.796 350.449 45.038 367.691 55.028 377.682 37.786 
252.977 -142.175 233.713 -137.072 238.816 -117.809 258.08 -122.911 
37.638 -181.24 27.587 -164.032 44.794 -153.981 54.845 -171.189 
-123.135 -61.694 -142.397 -56.584 -137.287 -37.323 -118.026 -42.433 
-171.466 141.658 -181.552 158.845 -164.365 168.93 -154.279 151.743 
-173.079 202.66 -153.151 202.687 -139.041 188.615 -158.969 188.588 
-19.832 363.927 -5.719 349.86 -5.685 329.933 -19.799 344.0 
202.518 369.463 202.541 349.535 188.468 335.427 188.444 355.355 
343.684 216.319 363.612 216.349 349.543 202.237 329.614 202.207 
335.257 8.089 355.185 8.108 369.289 -5.97 349.361 -5.988 
201.944 -133.188 216.054 -147.26 216.081 -167.188 201.971 -153.116 
7.941 -138.791 7.977 -158.718 -6.088 -172.834 -6.124 -152.907 
-153.373 -5.543 -133.445 -5.51 -147.513 -19.624 -167.441 -19.657 
-154.999 118.587 -174.672 121.764 -171.495 141.437 -151.822 138.26 
-174.685 121.552 -175.703 101.65 -195.605 102.668 -194.587 122.57 
-66.5 291.679 -78.168 307.833 -62.014 319.502 -50.346 303.348 
-78.369 307.72 -93.159 294.364 -106.515 309.154 -91.725 322.509 
138.211 348.247 118.537 351.414 121.703 371.088 141.378 367.921 
122.514 391.003 121.476 371.102 101.575 372.14 102.613 392.041 
303.107 246.821 291.458 262.989 307.626 274.638 319.274 258.47 
322.251 288.187 307.487 274.804 294.103 289.568 308.868 302.951 
367.706 55.268 348.028 58.426 351.187 78.101 370.863 74.943 
391.829 94.04 390.808 74.138 370.907 75.159 371.928 95.061 
258.269 -122.8 246.587 -106.655 262.731 -94.973 274.413 -111.118 
302.702 -112.398 287.918 -125.759 274.556 -110.975 289.341 -97.614 
74.704 -174.43 55.03 -171.265 58.194 -151.59 77.868 -154.755 
94.802 -175.422 93.807 -195.324 73.905 -194.329 74.9 -174.427 
-111.289 -78.034 -122.975 -61.893 -106.833 -50.207 -95.147 -66.348 
-97.787 -93.004 -112.557 -106.382 -125.935 -91.613 -111.166 -78.235 
-164.482 29.822 -151.676 14.555 -153.416 -5.297 -166.222 9.97 
-164.58 30.038 -175.992 46.375 -172.51 65.996 -161.098 49.659 
-194.719 83.568 -174.94 85.998 -172.511 66.218 -192.29 63.789 
-174.976 86.211 -193.738 92.924 -175.724 101.444 -156.961 94.73 
-136.047 235.564 -137.798 215.713 -153.073 202.915 -151.321 222.766 
-135.913 235.764 -132.424 255.384 -116.082 266.789 -119.573 247.17 
-131.677 279.278 -119.406 294.979 -103.704 282.708 -115.976 267.006 
-84.77 276.159 -103.532 282.873 -112.052 300.887 -93.289 294.174 
9.798 362.703 29.648 360.948 14.371 348.153 -5.48 349.909 
29.875 361.031 46.219 372.431 65.837 368.935 49.493 357.535 
63.646 388.732 83.425 391.161 85.854 371.382 66.075 368.953 
94.598 353.389 86.097 371.412 92.83 390.168 101.331 372.145 
202.734 349.483 222.585 347.726 235.379 332.448 215.528 334.205 
246.94 315.97 235.54 332.315 255.158 328.818 266.559 312.473 
266.771 312.399 279.053 328.093 294.746 315.812 282.464 300.118 
275.894 281.205 282.637 299.957 300.664 308.449 293.921 289.697 
349.63 202.055 362.429 186.781 360.678 166.931 347.879 182.205 
368.615 130.751 357.213 147.095 360.707 166.714 372.109 150.37 
368.698 130.538 388.477 132.968 390.906 113.189 371.127 110.759 
371.877 95.284 353.113 101.992 371.125 110.517 389.89 103.809 
349.243 -6.187 347.504 -26.038 332.237 -38.845 333.976 -18.994 
312.326 -70.111 315.805 -50.489 332.139 -39.075 328.66 -58.697 
299.888 -85.997 312.153 -70.291 327.858 -82.556 315.593 -98.261 
308.281 -104.214 289.519 -97.497 281.002 -79.482 299.764 -86.198 
181.906 -151.436 201.756 -153.179 186.487 -165.984 166.636 -164.24 
130.465 -172.232 146.804 -160.823 166.424 -164.309 150.085 -175.718 
110.46 -174.666 130.241 -172.246 132.66 -192.027 112.88 -194.446 
103.528 -193.458 95.006 -175.444 101.718 -156.682 110.239 -174.695 
-39.001 -135.861 -19.147 -137.585 -6.329 -152.841 -26.181 -151.118 
-58.811 -132.279 -70.246 -115.959 -50.62 -119.413 -39.185 -135.734 
-98.417 -119.269 -86.15 -103.566 -70.446 -115.834 -82.713 -131.537 
-104.318 -111.929 -97.623 -93.159 -79.617 -84.621 -86.312 -103.391 
