-37.241 333.82 -20.01 343.832 -25.114 324.569 -42.344 314.557 
151.661 350.658 168.915 360.63 188.166 355.48 170.912 345.509 
314.436 239.0 333.669 233.785 343.581 216.497 324.348 221.712 
350.477 44.837 360.431 27.573 355.262 8.327 345.308 25.591 
221.503 -127.847 238.781 -117.917 233.585 -137.155 216.308 -147.085 
8.117 -158.769 25.39 -148.83 44.631 -154.015 27.359 -163.954 
-147.444 -19.766 -128.198 -24.935 -118.245 -42.198 -137.491 -37.029 
-159.008 188.456 -149.08 171.178 -154.277 151.94 -164.205 169.218 
-42.595 314.485 -61.849 319.625 -56.709 338.878 -37.455 333.738 
151.446 350.656 141.453 367.896 158.693 377.89 168.686 360.65 
333.573 233.976 314.298 239.039 319.361 258.313 338.635 253.25 
360.483 27.754 350.441 44.966 367.654 55.009 377.696 37.796 
253.033 -142.113 233.756 -137.061 238.808 -117.784 258.085 -122.836 
37.613 -181.254 27.57 -164.042 44.782 -153.999 54.825 -171.211 
-123.159 -61.584 -142.425 -56.49 -137.331 -37.225 -118.065 -42.32 
-171.414 141.786 -181.463 158.995 -164.255 169.044 -154.205 151.836 
-173.041 202.69 -153.113 202.723 -138.998 188.656 -158.926 188.623 
-19.856 363.876 -5.738 349.813 -5.698 329.886 -19.816 343.949 
202.439 369.493 202.471 349.565 188.403 335.452 188.372 355.38 
343.708 216.325 363.636 216.339 349.556 202.238 329.627 202.224 
335.266 8.086 355.194 8.129 369.315 -5.932 349.387 -5.975 
202.014 -133.11 216.132 -147.174 216.171 -167.102 202.053 -153.038 
7.858 -138.796 7.896 -158.723 -6.169 -172.84 -6.206 -152.913 
-153.377 -5.445 -133.449 -5.42 -147.522 -19.529 -167.45 -19.554 
-154.95 118.729 -174.621 121.918 -171.432 141.589 -151.761 138.4 
-174.666 121.713 -175.682 101.811 -195.584 102.827 -194.568 122.729 
-66.495 291.643 -78.173 307.789 -62.028 319.468 -50.349 303.322 
-78.369 307.671 -93.151 294.306 -106.516 309.088 -91.734 322.452 
138.085 348.274 118.409 351.434 121.568 371.109 141.244 367.949 
122.373 391.011 121.361 371.109 101.459 372.12 102.47 392.022 
303.039 246.822 291.393 262.992 307.564 274.638 319.209 258.467 
322.204 288.187 307.433 274.811 294.057 289.581 308.828 302.957 
367.734 55.183 348.055 58.333 351.206 78.01 370.884 74.86 
391.788 93.957 390.752 74.056 370.852 75.092 371.888 94.993 
258.234 -122.721 246.558 -106.572 262.708 -94.897 274.383 -111.046 
302.696 -112.353 287.912 -125.714 274.55 -110.929 289.335 -97.569 
74.727 -174.379 55.053 -171.213 58.219 -151.538 77.893 -154.704 
94.85 -175.443 93.846 -195.344 73.944 -194.34 74.948 -174.439 
-111.376 -77.961 -123.05 -61.81 -106.9 -50.136 -95.226 -66.287 
-97.836 -92.895 -112.618 -106.26 -125.983 -91.479 -111.202 -78.114 
-164.513 29.906 -151.724 14.624 -153.486 -5.226 -166.276 10.056 
-164.554 30.144 -175.942 46.498 -172.43 66.114 -161.042 49.76 
-194.697 83.697 -174.916 86.117 -172.496 66.337 -192.277 63.917 
-174.918 86.353 -193.676 93.078 -175.657 101.588 -156.898 94.863 
-136.018 235.57 -137.762 215.718 -153.033 202.915 -151.288 222.767 
-135.887 235.74 -132.408 255.362 -116.073 266.776 -119.552 247.156 
-131.663 279.242 -119.39 294.942 -103.69 282.669 -115.962 266.969 
-84.757 276.119 -103.524 282.823 -112.054 300.832 -93.287 294.129 
9.753 362.667 29.605 360.925 14.337 348.12 -5.515 349.862 
29.826 360.998 46.164 372.407 65.785 368.921 49.447 357.512 
63.579 388.721 83.358 391.151 85.788 371.372 66.009 368.942 
94.504 353.375 86.008 371.401 92.747 390.155 101.243 372.129 
202.687 349.5 222.538 347.743 235.331 332.464 215.481 334.221 
246.917 315.997 235.518 332.343 255.136 328.845 266.535 312.499 
266.73 312.394 279.007 328.092 294.704 315.816 282.427 300.118 
275.863 281.207 282.589 299.965 300.609 308.472 293.882 289.715 
349.619 202.03 362.419 186.757 360.671 166.907 347.871 182.18 
368.674 130.739 357.268 147.08 360.757 166.699 372.163 150.358 
368.686 130.503 388.465 132.935 390.896 113.156 371.117 110.724 
371.934 95.243 353.165 101.94 371.172 110.477 389.941 103.78 
349.259 -6.164 347.53 -26.015 332.269 -38.83 333.998 -18.978 
312.339 -70.071 315.809 -50.448 332.139 -39.027 328.668 -58.65 
299.931 -85.964 312.185 -70.25 327.899 -82.503 315.646 -98.217 
308.26 -104.142 289.502 -97.414 280.997 -79.393 299.754 -86.121 
181.996 -151.382 201.847 -153.116 186.584 -165.927 166.732 -164.193 
130.55 -172.193 146.88 -160.772 166.503 -164.243 150.173 -175.664 
110.54 -174.663 130.319 -172.233 132.748 -192.012 112.969 -194.442 
103.603 -193.429 95.077 -175.417 101.784 -156.653 110.31 -174.664 
-39.081 -135.792 -19.229 -137.53 -6.421 -152.795 -26.272 -151.058 
-58.92 -132.189 -70.32 -115.845 -50.702 -119.341 -39.301 -135.686 
-98.481 -119.144 -86.212 -103.442 -70.509 -115.711 -82.777 -131.413 
-104.42 -111.831 -97.701 -93.07 -79.684 -84.555 -86.403 -103.316 
