-37.896 333.364 -20.716 343.462 -25.724 324.174 -42.905 314.076 
151.13 350.521 168.22 360.771 187.551 355.934 170.461 345.684 
313.647 238.672 333.07 234.217 343.655 217.333 324.232 221.787 
349.879 45.527 360.23 28.498 355.509 9.138 345.157 26.166 
222.342 -127.072 239.839 -117.534 234.211 -136.65 216.714 -146.188 
8.705 -158.855 25.796 -148.608 45.127 -153.449 28.035 -163.695 
-146.866 -20.068 -127.635 -25.289 -117.728 -42.579 -136.959 -37.358 
-158.997 187.953 -148.882 170.784 -153.87 151.491 -163.985 168.66 
-43.076 313.936 -62.364 318.942 -57.358 338.23 -38.069 333.223 
150.952 350.556 140.665 367.622 157.731 377.91 168.018 360.843 
332.924 234.392 313.508 238.882 317.997 258.297 337.413 253.808 
360.326 28.679 349.819 45.612 366.752 56.119 377.259 39.186 
253.545 -142.171 234.423 -136.561 240.033 -117.439 259.155 -123.049 
38.558 -180.796 28.277 -163.725 45.347 -153.444 55.629 -170.515 
-122.639 -61.872 -141.922 -56.843 -136.892 -37.561 -117.61 -42.59 
-171.062 141.128 -181.19 158.29 -164.028 168.418 -153.9 151.255 
-173.026 202.225 -153.098 202.272 -138.974 188.214 -158.902 188.167 
-20.154 363.455 -6.313 349.12 -6.662 329.196 -20.503 343.531 
202.087 369.755 201.758 349.829 187.437 335.973 187.766 355.898 
343.737 217.109 363.657 216.526 349.16 202.853 329.24 203.437 
335.505 9.726 355.418 8.951 368.95 -5.677 349.037 -4.903 
201.851 -132.791 216.506 -146.295 217.319 -166.207 202.665 -152.703 
8.618 -138.83 8.478 -158.757 -5.711 -172.749 -5.572 -152.822 
-152.736 -5.777 -132.808 -5.831 -146.937 -19.884 -166.865 -19.83 
-155.466 117.452 -175.013 121.332 -171.133 140.878 -151.586 136.999 
-175.009 121.098 -174.707 101.173 -194.633 100.871 -194.935 120.796 
-64.11 290.695 -77.398 305.545 -62.548 318.834 -49.26 303.983 
-77.538 305.406 -94.355 294.717 -105.045 311.534 -88.228 322.223 
138.059 347.84 118.274 350.225 120.659 370.009 140.444 367.624 
122.262 389.874 120.438 370.03 100.594 371.853 102.417 391.697 
301.469 247.201 290.177 263.621 306.597 274.912 317.888 258.492 
321.262 288.371 306.437 275.055 293.121 289.879 307.946 303.195 
366.791 56.312 346.997 58.628 349.313 78.42 369.106 76.105 
392.605 91.928 388.694 72.388 369.154 76.299 373.065 95.839 
259.314 -122.902 246.391 -107.732 261.56 -94.809 274.483 -109.979 
302.722 -112.623 287.326 -125.275 274.674 -109.879 290.07 -97.228 
75.439 -174.21 55.846 -170.579 59.476 -150.985 79.07 -154.615 
95.519 -175.738 93.972 -195.605 74.105 -194.058 75.652 -174.191 
-110.849 -78.191 -122.517 -62.037 -106.363 -50.368 -94.695 -66.522 
-97.208 -92.99 -111.85 -106.508 -125.368 -91.866 -110.726 -78.348 
-164.035 29.469 -151.155 14.264 -152.799 -5.596 -165.679 9.609 
-164.087 29.664 -175.611 45.922 -172.263 65.567 -160.739 49.309 
-194.889 82.611 -175.171 85.495 -172.288 65.777 -192.006 62.893 
-175.217 85.711 -193.38 93.909 -174.741 100.956 -156.577 92.758 
-136.012 235.149 -137.755 215.298 -153.025 202.494 -151.281 222.345 
-135.873 235.316 -132.572 254.969 -116.342 266.532 -119.643 246.88 
-132.006 278.94 -119.784 294.68 -104.044 282.459 -116.265 266.718 
-84.709 277.208 -103.899 282.581 -113.67 299.949 -94.48 294.576 
9.066 362.133 28.928 360.522 13.745 347.616 -6.118 349.226 
29.152 360.566 45.316 372.221 64.987 369.032 48.823 357.378 
62.169 388.791 81.863 391.833 84.905 372.139 65.211 369.097 
92.345 353.582 85.13 372.157 93.163 390.394 100.378 371.819 
201.948 349.714 221.788 347.848 234.498 332.499 214.657 334.366 
246.402 316.288 234.698 332.416 254.378 329.289 266.083 313.16 
266.248 313.02 277.981 329.129 294.088 317.397 282.356 301.289 
274.33 283.011 282.542 301.167 301.187 308.198 292.975 290.042 
349.261 202.621 361.942 187.249 360.04 167.413 347.359 182.786 
368.478 131.321 356.861 147.512 360.096 167.176 371.713 150.984 
368.559 131.102 388.159 134.704 391.76 115.104 372.161 111.503 
373.027 96.048 354.202 102.586 372.136 111.274 390.961 104.736 
348.94 -5.102 347.634 -24.986 332.65 -38.124 333.956 -18.239 
312.358 -69.127 316.062 -49.546 332.526 -38.32 328.822 -57.901 
299.845 -84.929 312.245 -69.329 327.844 -81.728 315.445 -97.328 
309.348 -102.528 290.191 -97.035 280.531 -79.607 299.686 -85.099 
182.594 -150.966 202.44 -152.766 187.134 -165.526 167.288 -163.726 
131.143 -171.853 147.439 -160.384 167.073 -163.797 150.776 -175.266 
111.107 -173.99 130.922 -171.873 133.038 -191.688 113.223 -193.805 
105.398 -193.191 95.736 -175.763 101.228 -156.607 110.89 -174.036 
-38.564 -135.959 -18.701 -137.568 -5.795 -152.751 -25.657 -151.142 
-58.376 -132.376 -69.819 -116.062 -50.192 -119.505 -38.748 -135.82 
-98.012 -119.326 -85.705 -103.653 -70.032 -115.961 -82.339 -131.633 
-103.976 -111.802 -97.044 -93.118 -78.932 -84.809 -85.864 -103.493 
