-33.455 321.86 -15.507 330.521 -22.074 311.706 -40.021 303.045 
142.039 340.324 159.723 349.512 178.724 343.505 161.04 334.317 
298.34 240.908 317.43 235.194 326.889 217.653 307.798 223.368 
341.451 58.34 350.669 40.672 344.695 21.661 335.477 39.329 
223.454 -112.649 241.507 -104.21 234.71 -122.942 216.657 -131.382 
17.873 -147.873 36.17 -139.977 54.691 -147.331 36.394 -155.227 
-134.0 -17.315 -115.323 -24.264 -107.031 -42.384 -125.708 -35.435 
-146.679 182.705 -138.602 164.488 -145.772 145.895 -153.849 164.112 
-41.347 303.527 -59.668 311.367 -51.829 329.687 -33.508 321.847 
141.411 341.58 133.459 359.852 151.73 367.805 159.683 349.534 
317.405 235.241 298.697 242.107 305.564 260.815 324.272 253.948 
350.702 40.72 342.843 59.032 361.156 66.891 369.014 48.578 
252.656 -131.687 234.761 -122.918 243.53 -105.023 261.425 -113.792 
43.697 -173.812 36.451 -155.248 55.015 -148.002 62.261 -166.565 
-114.077 -61.18 -132.721 -54.144 -125.685 -35.5 -107.041 -42.537 
-163.921 137.74 -172.086 155.918 -153.908 164.083 -145.743 145.906 
-161.503 196.064 -141.605 197.147 -126.769 183.842 -146.668 182.759 
-16.042 350.468 -1.546 336.795 -0.963 316.877 -15.459 330.55 
192.138 358.278 193.138 338.375 179.772 323.595 178.773 343.498 
326.911 217.605 346.792 218.981 333.708 203.951 313.827 202.575 
324.836 19.934 344.694 21.603 359.916 8.743 340.058 7.073 
200.917 -119.108 216.6 -131.403 218.996 -151.186 203.313 -138.892 
15.165 -128.094 17.824 -147.843 5.74 -163.688 3.08 -143.939 
-141.149 -3.767 -121.307 -1.926 -134.036 -17.259 -153.879 -19.099 
-151.815 112.235 -170.596 118.898 -163.933 137.679 -145.152 131.016 
-170.586 118.829 -173.452 99.108 -193.173 101.974 -190.307 121.695 
-63.079 283.356 -75.384 299.03 -59.711 311.336 -47.405 295.662 
-75.43 299.01 -94.946 294.979 -98.978 314.494 -79.463 318.525 
132.354 339.967 112.455 341.039 113.526 360.937 133.426 359.865 
127.952 374.649 113.494 360.934 99.779 375.392 114.237 389.107 
290.656 247.612 277.41 262.499 292.298 275.746 305.543 260.858 
312.188 275.243 292.268 275.774 292.798 295.694 312.718 295.163 
361.159 66.945 341.305 68.673 343.034 88.525 362.887 86.797 
390.533 92.371 379.478 75.791 362.898 86.845 373.953 103.425 
261.476 -113.77 250.107 -97.404 266.473 -86.035 277.843 -102.401 
305.86 -105.741 290.182 -118.042 277.881 -102.364 293.559 -90.064 
81.111 -173.211 62.32 -166.581 68.95 -147.788 87.742 -154.418 
100.842 -170.064 103.999 -189.74 84.324 -192.897 81.167 -173.222 
-106.618 -79.727 -114.04 -61.234 -95.546 -53.812 -88.124 -72.306 
-92.231 -93.6 -106.058 -107.95 -120.408 -94.122 -106.581 -79.772 
-156.939 29.569 -142.164 16.197 -141.173 -3.706 -155.947 9.666 
-156.975 29.625 -170.559 44.206 -169.854 64.121 -156.27 49.54 
-193.329 79.804 -173.792 83.729 -169.867 64.192 -189.404 60.267 
-173.82 83.796 -192.052 91.839 -173.473 99.044 -155.241 91.001 
-129.604 232.018 -128.389 212.127 -141.595 197.204 -142.809 217.095 
-129.583 232.074 -129.283 251.999 -114.981 265.876 -115.282 245.952 
-131.114 277.583 -119.459 293.748 -103.294 282.093 -114.949 265.929 
-83.657 278.556 -103.261 282.137 -114.591 298.53 -94.987 294.95 
11.348 352.05 31.203 353.744 18.361 338.506 -1.495 336.813 
31.25 353.768 45.389 367.81 65.316 367.742 51.178 353.7 
61.456 387.29 80.996 391.203 84.909 371.663 65.369 367.75 
96.86 355.692 84.956 371.673 87.839 391.391 99.743 375.41 
193.183 338.35 213.017 340.29 228.413 327.637 208.579 325.697 
242.865 313.852 228.463 327.625 248.386 328.07 262.788 314.297 
262.828 314.26 273.553 331.056 290.348 320.333 279.624 303.536 
276.833 283.787 279.665 303.512 295.616 315.457 292.783 295.732 
333.736 203.904 349.345 191.516 351.623 171.72 336.013 184.108 
366.389 137.927 352.027 151.742 351.64 171.666 366.002 157.851 
366.413 137.875 385.965 141.727 389.817 122.175 370.265 118.323 
373.949 103.474 354.24 106.423 370.261 118.273 389.97 115.324 
340.03 7.019 342.567 -12.746 330.385 -28.516 327.848 -8.751 
315.234 -62.143 315.849 -42.224 330.368 -28.576 329.753 -48.494 
303.163 -78.077 315.196 -62.194 331.08 -74.226 319.047 -90.11 
312.741 -95.587 293.602 -90.036 283.995 -72.578 303.133 -78.129 
183.433 -140.909 203.261 -138.93 190.64 -154.351 170.811 -156.33 
135.879 -168.17 150.866 -155.036 170.75 -156.345 155.763 -169.48 
116.153 -171.406 135.82 -168.192 139.034 -187.859 119.367 -191.073 
106.873 -189.07 100.898 -170.059 110.116 -152.392 116.091 -171.403 
-31.829 -132.038 -11.941 -130.769 3.018 -143.934 -16.869 -145.203 
-51.793 -131.122 -65.249 -116.424 -45.341 -117.302 -31.885 -132.001 
-93.302 -119.671 -80.944 -104.039 -65.311 -116.397 -77.668 -132.03 
-99.086 -112.336 -92.189 -93.64 -74.092 -85.296 -80.989 -103.993 
