-37.369 333.879 -20.102 343.827 -25.278 324.583 -42.545 314.635 
151.674 350.638 168.919 360.623 188.174 355.49 170.929 345.504 
314.493 238.949 333.729 233.744 343.65 216.461 324.414 221.666 
350.544 44.856 360.484 27.584 355.298 8.343 345.359 25.615 
221.439 -127.896 238.691 -117.922 233.544 -137.174 216.292 -147.147 
8.026 -158.769 25.325 -148.876 44.552 -154.114 27.253 -164.006 
-147.389 -19.826 -128.135 -24.966 -118.156 -42.214 -137.409 -37.074 
-159.048 188.435 -149.1 171.168 -154.275 151.924 -164.223 169.19 
-42.649 314.531 -61.918 319.612 -56.837 338.88 -37.568 333.799 
151.454 350.658 141.447 367.89 158.679 377.898 168.686 360.666 
333.622 233.904 314.355 238.993 319.445 258.26 338.712 253.171 
360.514 27.78 350.467 44.989 367.676 55.037 377.724 37.828 
253.002 -142.183 233.738 -137.084 238.837 -117.819 258.102 -122.919 
37.518 -181.315 27.444 -164.122 44.637 -154.047 54.711 -171.241 
-123.174 -61.681 -142.436 -56.572 -137.327 -37.311 -118.065 -42.42 
-171.43 141.692 -181.473 158.904 -164.26 168.947 -154.218 151.735 
-173.047 202.715 -153.119 202.742 -139.009 188.671 -158.937 188.643 
-19.932 363.878 -5.823 349.806 -5.797 329.879 -19.905 343.951 
202.481 369.513 202.505 349.585 188.432 335.477 188.408 355.405 
343.721 216.266 363.649 216.309 349.589 202.188 329.66 202.145 
335.269 8.133 355.197 8.162 369.308 -5.909 349.381 -5.938 
201.999 -133.196 216.107 -147.271 216.13 -167.199 202.022 -153.124 
7.792 -138.772 7.816 -158.699 -6.258 -172.807 -6.282 -152.88 
-153.373 -5.55 -133.445 -5.519 -147.514 -19.632 -167.442 -19.663 
-154.993 118.601 -174.667 121.775 -171.492 141.449 -151.819 138.274 
-174.684 121.54 -175.698 101.638 -195.6 102.651 -194.587 122.554 
-66.528 291.647 -78.199 307.799 -62.048 319.471 -50.376 303.319 
-78.348 307.685 -93.134 294.325 -106.494 309.111 -91.709 322.47 
138.04 348.273 118.368 351.454 121.549 371.126 141.221 367.945 
122.336 391.032 121.332 371.129 101.43 372.133 102.434 392.036 
303.2 246.715 291.505 262.85 307.64 274.545 319.334 258.41 
322.358 288.03 307.539 274.708 294.216 289.526 309.035 302.848 
367.701 55.236 348.029 58.425 351.219 78.095 370.89 74.907 
391.793 94.052 390.829 74.148 370.925 75.112 371.889 95.016 
258.261 -122.78 246.58 -106.636 262.725 -94.954 274.406 -111.099 
302.729 -112.394 287.946 -125.758 274.582 -110.975 289.364 -97.612 
74.606 -174.462 54.933 -171.288 58.107 -151.614 77.779 -154.788 
94.748 -175.462 93.74 -195.363 73.838 -194.355 74.846 -174.454 
-111.334 -78.002 -123.011 -61.854 -106.863 -50.177 -95.186 -66.325 
-97.862 -92.969 -112.644 -106.333 -126.008 -91.55 -111.226 -78.186 
-164.485 29.777 -151.677 14.51 -153.416 -5.342 -166.224 9.925 
-164.543 29.98 -175.963 46.312 -172.489 65.935 -161.07 49.603 
-194.727 83.5 -174.948 85.937 -172.512 66.158 -192.29 63.722 
-174.959 86.171 -193.723 92.879 -175.712 101.405 -156.947 94.696 
-136.027 235.612 -137.777 215.761 -153.051 202.962 -151.3 222.813 
-135.899 235.79 -132.411 255.41 -116.071 266.818 -119.559 247.199 
-131.652 279.266 -119.385 294.971 -103.68 282.705 -115.947 267.0 
-84.78 276.152 -103.536 282.885 -112.038 300.908 -93.282 294.175 
9.69 362.661 29.541 360.919 14.273 348.114 -5.579 349.856 
29.782 361.001 46.116 372.415 65.737 368.937 49.403 357.522 
63.55 388.714 83.329 391.141 85.757 371.362 65.977 368.935 
94.527 353.389 85.984 371.392 92.673 390.164 101.217 372.16 
202.746 349.488 222.597 347.731 235.391 332.453 215.541 334.21 
247.022 315.97 235.623 332.316 255.242 328.817 266.64 312.471 
266.874 312.345 279.151 328.043 294.848 315.766 282.571 300.069 
276.026 281.118 282.728 299.884 300.736 308.416 294.034 289.649 
349.685 201.979 362.482 186.703 360.729 166.854 347.932 182.13 
368.686 130.672 357.28 147.013 360.77 166.632 372.176 150.291 
368.736 130.463 388.517 132.877 390.932 113.097 371.151 110.682 
371.875 95.229 353.123 101.974 371.152 110.464 389.904 103.719 
349.292 -6.174 347.561 -26.025 332.299 -38.839 334.03 -18.987 
312.329 -70.074 315.798 -50.45 332.126 -39.027 328.657 -58.651 
299.928 -85.97 312.204 -70.274 327.9 -82.55 315.624 -98.246 
308.295 -104.13 289.523 -97.441 280.979 -79.439 299.75 -86.127 
181.947 -151.429 201.797 -153.172 186.528 -165.976 166.677 -164.232 
130.506 -172.25 146.843 -160.84 166.464 -164.323 150.127 -175.734 
110.483 -174.678 130.263 -172.255 132.687 -192.034 112.907 -194.458 
103.511 -193.495 94.999 -175.477 101.721 -156.718 110.233 -174.736 
-39.131 -135.773 -19.28 -137.518 -6.477 -152.789 -26.328 -151.044 
-58.942 -132.188 -70.347 -115.847 -50.728 -119.336 -39.322 -135.677 
-98.512 -119.194 -86.246 -103.489 -70.541 -115.756 -82.807 -131.461 
-104.403 -111.849 -97.689 -93.086 -79.674 -84.567 -86.388 -103.329 
