-37.303 333.802 -20.036 343.751 -25.21 324.506 -42.477 314.558 
151.661 350.567 168.851 360.648 188.134 355.621 170.944 345.54 
314.367 239.122 333.592 233.876 343.477 216.572 324.252 221.818 
350.441 44.89 360.438 27.65 355.317 8.392 345.32 25.631 
221.643 -127.675 238.98 -117.848 233.67 -137.056 216.333 -146.882 
8.112 -158.879 25.356 -148.891 44.612 -154.022 27.367 -164.01 
-147.344 -19.843 -128.098 -25.008 -118.14 -42.269 -137.387 -37.104 
-159.047 188.365 -149.05 171.127 -154.17 151.868 -164.167 169.106 
-42.733 314.487 -61.966 319.705 -56.748 338.937 -37.515 333.719 
151.419 350.639 141.378 367.851 158.59 377.893 168.632 360.681 
333.503 234.066 314.284 239.335 319.553 258.554 338.772 253.285 
360.475 27.861 350.487 45.105 367.73 55.094 377.719 37.85 
253.116 -142.21 233.888 -136.976 239.121 -117.748 258.35 -122.982 
37.654 -181.275 27.608 -164.064 44.818 -154.019 54.864 -171.229 
-123.106 -61.656 -142.374 -56.567 -137.285 -37.3 -118.017 -42.39 
-171.456 141.643 -181.454 158.881 -164.217 168.88 -154.218 151.642 
-173.064 202.615 -153.136 202.669 -139.007 188.616 -158.935 188.562 
-20.061 363.786 -5.815 349.853 -5.593 329.927 -19.839 343.86 
202.425 369.604 202.414 349.677 188.316 335.593 188.327 355.521 
343.592 216.396 363.519 216.578 349.558 202.359 329.63 202.177 
335.3 8.096 355.228 8.2 369.391 -5.818 349.464 -5.921 
201.802 -133.175 216.142 -147.013 216.497 -166.937 202.157 -153.1 
7.94 -138.839 7.905 -158.766 -6.21 -172.832 -6.175 -152.905 
-153.345 -5.6 -133.417 -5.564 -147.482 -19.68 -167.41 -19.716 
-154.983 118.588 -174.661 121.735 -171.514 141.413 -151.836 138.266 
-174.687 121.497 -175.796 101.6 -195.693 102.709 -194.584 122.606 
-66.356 291.694 -78.177 307.737 -62.135 319.559 -50.313 303.516 
-78.361 307.635 -93.2 294.334 -106.501 309.173 -91.662 322.473 
138.249 348.205 118.535 351.119 121.45 370.832 141.163 367.918 
122.686 390.691 121.238 370.815 101.363 372.263 102.81 392.139 
303.706 246.433 291.428 262.129 307.123 274.407 319.401 258.712 
322.207 287.448 306.991 274.581 294.122 289.795 309.338 302.663 
367.794 55.299 348.099 58.348 351.15 78.041 370.843 74.991 
391.803 94.03 390.729 74.131 370.831 75.205 371.905 95.104 
258.502 -122.825 246.564 -106.87 262.52 -94.931 274.458 -110.887 
302.762 -112.521 287.826 -125.713 274.634 -110.777 289.569 -97.586 
74.776 -174.493 55.105 -171.314 58.284 -151.641 77.956 -154.821 
94.931 -175.411 94.023 -195.317 74.117 -194.41 75.024 -174.504 
-111.3 -77.982 -122.953 -61.816 -106.787 -50.163 -95.134 -66.329 
-97.817 -92.945 -112.612 -106.295 -125.962 -91.5 -111.166 -78.15 
-164.458 29.735 -151.651 14.468 -153.39 -5.384 -166.198 9.883 
-164.538 29.94 -175.949 46.278 -172.464 65.898 -161.054 49.56 
-194.649 83.522 -174.864 85.905 -172.481 66.12 -192.266 63.738 
-174.88 86.139 -193.714 92.647 -175.795 101.363 -156.96 94.855 
-136.042 235.536 -137.786 215.684 -153.056 202.881 -151.312 222.732 
-135.896 235.713 -132.378 255.328 -116.021 266.71 -119.539 247.096 
-131.746 278.991 -119.663 294.838 -103.816 282.755 -115.899 266.908 
-84.893 276.113 -103.629 282.904 -112.075 300.953 -93.34 294.163 
9.711 362.685 29.559 360.907 14.267 348.13 -5.582 349.908 
29.783 360.99 46.094 372.436 65.722 368.997 49.411 357.55 
63.235 388.757 82.977 391.471 85.691 371.729 65.949 369.015 
94.15 353.628 85.908 371.771 92.909 390.429 101.152 372.286 
202.622 349.596 222.467 347.775 235.212 332.456 215.367 334.277 
246.818 315.986 235.405 332.322 255.026 328.841 266.439 312.505 
266.655 312.39 278.497 328.418 294.525 316.577 282.683 300.549 
275.77 281.758 282.851 300.384 301.029 308.549 293.948 289.922 
349.621 202.147 362.352 186.816 360.514 166.974 347.783 182.305 
368.748 130.85 357.237 147.117 360.6 166.759 372.111 150.491 
368.779 130.608 388.584 132.807 390.783 113.001 370.977 110.802 
371.924 95.336 353.099 101.873 371.033 110.562 389.858 104.025 
349.375 -6.126 347.589 -25.972 332.292 -38.744 334.078 -18.897 
312.403 -70.001 315.858 -50.375 332.178 -38.941 328.723 -58.567 
299.876 -85.778 312.285 -70.187 327.876 -82.596 315.467 -98.188 
308.583 -103.798 289.702 -97.425 280.858 -79.568 299.738 -85.941 
182.076 -151.378 201.926 -153.131 186.651 -165.928 166.8 -164.175 
130.637 -172.239 146.959 -160.805 166.584 -164.261 150.263 -175.695 
110.632 -174.744 130.403 -172.244 132.903 -192.014 113.132 -194.514 
103.577 -193.499 95.163 -175.435 101.986 -156.712 110.4 -174.777 
-39.056 -135.824 -19.204 -137.555 -6.39 -152.816 -26.242 -151.086 
-58.868 -132.208 -70.28 -115.873 -50.66 -119.353 -39.247 -135.689 
-98.449 -119.191 -86.185 -103.485 -70.478 -115.749 -82.742 -131.456 
-104.372 -111.848 -97.652 -93.087 -79.635 -84.573 -86.355 -103.334 
