-37.228 333.985 -19.967 343.944 -25.13 324.697 -42.391 314.738 
151.765 350.601 169.036 360.545 188.278 355.364 171.008 345.42 
314.342 238.781 333.618 233.725 343.673 216.52 324.397 221.576 
350.385 44.781 360.353 27.525 355.201 8.275 345.232 25.531 
221.311 -127.913 238.554 -117.922 233.426 -137.179 216.183 -147.169 
8.101 -158.827 25.368 -148.88 44.612 -154.055 27.344 -164.003 
-147.374 -19.792 -128.128 -24.96 -118.174 -42.222 -137.42 -37.054 
-158.943 188.498 -149.054 171.198 -154.295 151.971 -164.184 169.272 
-42.502 314.581 -61.766 319.684 -56.662 338.946 -37.399 333.843 
151.511 350.708 141.612 368.002 158.905 377.903 168.805 360.608 
333.557 233.926 314.264 238.92 319.258 258.212 338.55 253.218 
360.4 27.758 350.458 45.028 367.728 54.97 377.67 37.7 
252.911 -142.147 233.641 -137.068 238.72 -117.798 257.99 -122.877 
37.569 -181.23 27.548 -164.005 44.773 -153.984 54.794 -171.209 
-123.155 -61.648 -142.421 -56.556 -137.33 -37.291 -118.063 -42.382 
-171.412 141.807 -181.488 159.0 -164.296 169.076 -154.22 151.883 
-172.984 202.785 -153.056 202.807 -138.95 188.731 -158.878 188.709 
-19.709 363.928 -5.651 349.805 -5.696 329.878 -19.754 344.001 
202.535 369.458 202.61 349.53 188.574 335.386 188.499 355.314 
343.785 216.323 363.713 216.234 349.56 202.206 329.631 202.295 
335.181 7.968 355.109 8.063 369.266 -5.961 349.339 -6.056 
201.832 -133.226 215.968 -147.272 216.032 -167.2 201.896 -153.154 
7.923 -138.791 7.925 -158.718 -6.164 -172.811 -6.166 -152.884 
-153.359 -5.499 -133.431 -5.481 -147.51 -19.585 -167.438 -19.603 
-154.936 118.745 -174.611 121.913 -171.442 141.588 -151.768 138.419 
-174.595 121.7 -175.627 101.798 -195.528 102.83 -194.497 122.731 
-66.518 291.777 -78.144 307.961 -61.96 319.588 -50.334 303.403 
-78.287 307.82 -92.993 294.372 -106.441 309.077 -91.736 322.525 
138.098 348.379 118.441 351.656 121.717 371.311 141.374 368.035 
122.271 391.244 121.487 371.331 101.575 372.115 102.358 392.028 
302.655 247.099 291.414 263.553 307.869 274.794 319.109 258.34 
322.252 288.669 307.775 274.976 294.081 289.451 308.557 303.145 
367.782 55.197 348.103 58.345 351.252 78.022 370.93 74.874 
391.861 93.99 390.851 74.087 370.95 75.097 371.96 94.999 
258.175 -122.733 246.591 -106.518 262.806 -94.935 274.39 -111.15 
302.729 -112.416 287.959 -125.793 274.582 -111.022 289.352 -97.646 
74.641 -174.433 54.966 -171.269 58.131 -151.594 77.805 -154.758 
94.723 -175.402 93.759 -195.305 73.855 -194.341 74.82 -174.437 
-111.312 -77.974 -122.994 -61.829 -106.85 -50.147 -95.168 -66.291 
-97.828 -92.952 -112.613 -106.314 -125.974 -91.529 -111.189 -78.168 
-164.467 29.861 -151.661 14.592 -153.403 -5.259 -166.209 10.009 
-164.55 30.091 -175.955 46.433 -172.464 66.053 -161.059 49.711 
-194.645 83.689 -174.862 86.083 -172.469 66.299 -192.252 63.906 
-174.907 86.331 -193.658 93.074 -175.631 101.566 -156.879 94.823 
-135.975 235.681 -137.714 215.829 -152.982 203.023 -151.242 222.874 
-135.854 235.885 -132.362 255.504 -116.019 266.908 -119.512 247.29 
-131.489 279.577 -119.047 295.143 -103.48 282.701 -115.923 267.135 
-84.516 276.233 -103.31 282.859 -111.914 300.834 -93.119 294.208 
9.819 362.714 29.671 360.981 14.408 348.169 -5.444 349.902 
29.903 361.014 46.253 372.407 65.87 368.901 49.52 357.509 
63.908 388.757 83.715 390.943 85.902 371.136 66.094 368.949 
94.893 353.256 86.128 371.153 92.586 390.006 101.35 372.109 
202.805 349.411 222.659 347.701 235.489 332.453 215.635 334.163 
247.114 316.04 235.702 332.377 255.323 328.895 266.735 312.558 
266.884 312.414 279.477 327.858 294.921 315.266 282.328 299.821 
276.011 280.845 282.492 299.688 300.4 308.43 293.918 289.586 
349.623 201.97 362.454 186.723 360.747 166.869 347.915 182.116 
368.645 130.663 357.278 147.031 360.813 166.642 372.181 150.274 
368.663 130.437 388.42 133.042 391.025 113.285 371.268 110.68 
371.979 95.22 353.246 102.017 371.298 110.457 390.031 103.66 
349.273 -6.268 347.511 -26.117 332.229 -38.907 333.992 -19.058 
312.219 -70.079 315.738 -50.464 332.095 -39.083 328.576 -58.698 
300.041 -86.129 312.134 -70.291 327.972 -82.385 315.879 -98.222 
308.185 -104.373 289.493 -97.465 281.161 -79.364 299.852 -86.271 
181.831 -151.443 201.678 -153.227 186.383 -166.0 166.535 -164.215 
130.362 -172.211 146.696 -160.795 166.318 -164.272 149.984 -175.689 
110.359 -174.694 130.135 -172.241 132.587 -192.018 112.811 -194.47 
103.358 -193.456 94.91 -175.407 101.698 -156.672 110.146 -174.721 
-39.037 -135.821 -19.184 -137.558 -6.376 -152.823 -26.227 -151.086 
-58.846 -132.221 -70.272 -115.896 -50.649 -119.359 -39.222 -135.686 
-98.455 -119.206 -86.184 -103.505 -70.482 -115.777 -82.753 -131.478 
-104.362 -111.866 -97.657 -93.1 -79.646 -84.572 -86.352 -103.338 
