-26.254 298.298 -9.414 308.954 -13.786 289.512 -30.626 278.856 
130.113 317.548 146.737 328.537 166.262 324.553 149.638 313.563 
272.506 235.135 292.156 231.822 303.709 215.585 284.059 218.897 
319.176 76.247 331.279 60.415 328.643 40.663 316.54 56.495 
223.425 -86.015 239.013 -73.6 236.769 -93.401 221.181 -105.816 
34.469 -130.78 50.357 -118.751 70.097 -121.48 54.209 -133.509 
-112.665 -10.339 -93.14 -14.324 -82.152 -30.948 -101.677 -26.963 
-126.763 173.383 -116.192 156.491 -120.662 137.071 -131.233 153.963 
-32.663 279.419 -51.538 285.811 -45.146 304.685 -26.271 298.293 
129.697 318.182 119.339 335.206 136.362 345.565 146.72 328.541 
292.148 231.836 272.574 235.571 276.309 255.146 295.884 251.411 
331.285 60.429 319.863 76.759 336.193 88.181 347.615 71.851 
256.202 -97.857 236.78 -93.396 241.242 -73.974 260.664 -78.435 
62.163 -151.79 54.22 -133.514 72.496 -125.571 80.439 -143.847 
-92.898 -53.754 -110.676 -44.751 -101.674 -26.973 -83.895 -35.976 
-142.613 128.166 -149.818 146.745 -131.239 153.95 -124.034 135.371 
-142.197 185.999 -122.37 188.003 -106.933 175.401 -126.76 173.397 
-12.312 328.677 3.686 316.797 6.6 297.084 -9.399 308.964 
177.313 341.142 181.242 321.605 170.208 305.012 166.278 324.549 
303.72 215.574 323.143 220.034 312.564 203.147 293.14 198.687 
309.206 36.246 328.642 40.647 345.497 30.016 326.061 25.615 
204.82 -94.431 221.17 -105.824 224.675 -125.441 208.325 -114.048 
31.204 -111.117 34.458 -130.777 22.857 -146.98 19.603 -127.32 
-120.544 2.732 -100.839 5.704 -112.671 -10.331 -132.376 -13.303 
-124.737 106.369 -144.57 108.322 -142.617 128.154 -122.784 126.201 
-144.568 108.311 -163.408 101.818 -169.902 120.658 -151.061 127.152 
-56.418 258.047 -67.861 274.361 -51.549 285.805 -40.104 269.491 
-67.867 274.355 -82.131 288.271 -68.215 302.535 -53.952 288.619 
114.313 315.922 95.026 320.935 100.039 340.221 119.326 335.208 
119.804 337.772 100.027 340.221 102.477 359.998 122.254 357.549 
258.852 245.537 249.234 262.99 266.687 272.608 276.304 255.155 
278.906 256.874 266.683 272.612 282.42 284.836 294.643 269.097 
336.195 88.191 317.017 93.611 322.438 112.787 341.615 107.367 
361.361 87.265 341.434 87.446 341.615 107.372 361.542 107.191 
260.675 -78.43 250.879 -61.077 268.232 -51.28 278.029 -68.633 
286.286 -95.575 268.687 -86.226 278.036 -68.628 295.634 -77.976 
99.696 -149.012 80.449 -143.85 85.611 -124.603 104.858 -129.765 
113.009 -163.847 98.175 -177.152 84.869 -162.319 99.703 -149.013 
-81.655 -70.221 -92.892 -53.764 -76.434 -42.527 -65.197 -58.985 
-80.757 -90.138 -100.665 -91.028 -101.555 -71.12 -81.648 -70.23 
-139.631 34.233 -123.568 22.439 -120.549 2.741 -136.612 14.534 
-139.637 34.24 -154.35 47.681 -155.25 67.588 -140.536 54.148 
-178.831 83.034 -159.324 87.106 -155.252 67.599 -174.759 63.526 
-159.328 87.116 -179.108 89.531 -163.414 101.81 -143.633 99.395 
-112.897 223.6 -110.261 203.847 -122.364 188.016 -125.0 207.769 
-112.895 223.613 -113.83 243.519 -100.415 258.256 -99.481 238.351 
-117.953 267.714 -108.506 285.26 -90.959 275.813 -100.406 258.267 
-71.522 271.406 -90.955 275.823 -101.572 292.686 -82.14 288.269 
16.092 332.414 35.889 334.692 23.501 319.083 3.703 316.805 
35.905 334.702 48.636 350.031 68.479 351.869 55.748 336.539 
61.804 370.642 80.574 377.334 87.267 358.563 68.496 351.871 
96.6 340.957 87.28 358.571 93.144 377.616 102.465 360.003 
181.258 321.605 201.047 323.957 216.703 311.627 196.914 309.276 
232.675 299.682 216.719 311.62 236.443 314.462 252.399 302.524 
252.419 302.521 260.269 320.838 278.585 312.989 270.735 294.672 
264.724 275.669 270.748 294.664 288.438 303.837 282.414 284.842 
312.57 203.135 328.562 191.245 331.463 171.53 315.471 183.42 
351.628 140.705 335.168 151.938 331.472 171.52 347.932 160.287 
351.632 140.692 370.028 148.355 377.691 129.959 359.295 122.296 
361.546 107.2 342.212 112.03 359.299 122.285 378.633 117.455 
326.056 25.601 329.758 6.021 318.529 -10.443 314.828 9.138 
311.609 -46.621 307.578 -27.106 318.528 -10.456 322.558 -29.972 
303.047 -64.63 311.602 -46.633 329.6 -55.188 321.045 -73.185 
315.442 -80.239 295.643 -77.976 283.244 -62.375 303.042 -64.639 
188.893 -118.512 208.315 -114.056 197.733 -130.941 178.309 -135.397 
147.023 -154.837 158.635 -138.642 178.297 -135.402 166.685 -151.597 
127.91 -160.526 147.011 -154.844 152.693 -173.945 133.592 -179.626 
124.47 -180.157 113.015 -163.852 116.444 -144.222 127.9 -160.528 
-16.606 -120.574 2.89 -116.449 19.592 -127.318 0.096 -131.443 
-36.481 -122.166 -51.655 -109.25 -31.792 -107.653 -16.618 -120.57 
-78.278 -118.526 -69.613 -100.581 -51.668 -109.246 -60.332 -127.19 
-87.774 -108.799 -80.754 -90.148 -62.602 -81.924 -69.622 -100.574 
