-32.811 320.181 -14.947 329.014 -21.333 310.137 -39.197 301.304 
140.995 338.63 158.578 348.008 177.643 342.206 160.059 332.828 
296.111 240.861 315.283 235.423 324.994 218.022 305.823 223.459 
339.822 60.335 349.387 42.852 343.788 23.727 334.223 41.21 
223.567 -110.52 241.436 -101.698 235.039 -120.571 217.17 -129.393 
19.19 -146.516 37.361 -138.336 55.995 -145.401 37.823 -153.581 
-132.263 -16.78 -113.679 -23.973 -105.624 -42.199 -124.208 -35.006 
-145.073 182.4 -136.86 164.245 -143.891 145.598 -152.104 163.754 
-40.778 301.877 -59.059 309.809 -51.128 328.09 -32.846 320.158 
140.331 339.935 132.245 358.148 150.457 366.235 158.544 348.022 
315.266 235.458 296.463 242.061 303.065 260.863 321.868 254.261 
349.405 42.897 341.208 61.06 359.372 69.257 367.569 51.094 
253.049 -129.186 235.087 -120.554 243.72 -102.592 261.681 -111.225 
44.6 -172.357 37.876 -153.598 56.634 -146.873 63.359 -165.632 
-112.697 -60.794 -131.317 -53.694 -124.217 -35.074 -105.597 -42.175 
-162.695 137.578 -170.473 155.925 -152.126 163.703 -144.348 145.356 
-159.888 195.765 -139.989 196.834 -125.162 183.52 -145.061 182.45 
-15.554 348.942 -1.012 335.318 -0.362 315.401 -14.904 329.026 
190.944 357.075 192.083 337.18 178.821 322.306 177.682 342.202 
325.012 217.986 344.881 219.517 331.915 204.385 312.045 202.854 
323.923 21.913 343.772 23.682 359.059 10.898 339.209 9.128 
201.449 -117.106 217.121 -129.414 219.499 -149.199 203.827 -136.891 
16.246 -126.775 19.138 -146.491 7.242 -162.478 4.349 -142.762 
-139.577 -3.326 -119.758 -1.251 -132.305 -16.733 -152.125 -18.807 
-149.636 112.556 -168.655 118.505 -162.706 137.524 -143.686 131.575 
-168.672 118.461 -173.388 99.099 -192.75 103.814 -188.034 123.176 
-61.8 281.74 -74.475 297.116 -59.099 309.792 -46.423 294.415 
-74.509 297.094 -94.333 295.06 -96.367 314.884 -76.544 316.917 
131.205 338.264 111.303 339.272 112.311 359.174 132.213 358.165 
127.913 371.516 112.271 359.169 99.924 374.811 115.566 387.158 
288.135 247.676 274.917 262.589 289.83 275.807 303.047 260.894 
309.599 273.489 289.81 275.827 292.147 295.617 311.937 293.278 
359.387 69.302 339.529 70.988 341.216 90.843 361.073 89.157 
389.132 91.842 376.422 76.493 361.075 89.203 373.785 104.551 
261.728 -111.211 250.14 -94.999 266.352 -83.411 277.94 -99.623 
305.434 -105.938 288.532 -116.495 277.975 -99.593 294.876 -89.037 
82.303 -171.983 63.407 -165.655 69.735 -146.759 88.631 -153.087 
102.099 -169.351 104.734 -189.104 84.982 -191.738 82.347 -171.986 
-105.451 -79.415 -112.656 -60.835 -94.076 -53.631 -86.872 -72.211 
-90.927 -93.13 -104.602 -107.625 -119.097 -93.95 -105.422 -79.455 
-155.825 29.786 -140.867 16.618 -139.601 -3.27 -154.559 9.898 
-155.856 29.842 -169.649 44.225 -169.231 64.149 -155.438 49.765 
-192.663 79.885 -173.116 83.757 -169.243 64.209 -188.791 60.337 
-173.126 83.807 -191.665 91.112 -173.391 99.057 -154.85 91.752 
-128.385 231.828 -126.936 211.953 -139.965 196.875 -141.414 216.75 
-128.376 231.874 -128.22 251.801 -114.018 265.781 -114.175 245.855 
-130.223 277.378 -118.662 293.61 -102.43 282.049 -113.991 265.817 
-82.741 278.858 -102.406 282.081 -114.033 298.266 -94.367 295.043 
11.752 350.676 31.595 352.514 18.864 337.183 -0.979 335.344 
31.634 352.527 45.609 366.732 65.536 366.894 51.561 352.689 
61.454 386.402 80.951 390.523 85.072 371.026 65.575 366.905 
97.071 355.1 85.11 371.039 87.923 390.767 99.884 374.828 
192.119 337.162 211.941 339.221 227.412 326.661 207.591 324.602 
242.088 313.13 227.448 326.65 247.36 327.442 262.0 313.922 
262.03 313.9 272.519 330.844 289.462 320.355 278.973 303.411 
276.215 283.665 279.004 303.396 294.928 315.376 292.139 295.645 
331.929 204.347 347.644 192.094 350.092 172.318 334.376 184.571 
365.7 138.922 350.997 152.373 350.113 172.281 364.816 158.83 
365.705 138.875 385.182 143.088 389.395 123.61 369.918 119.398 
373.794 104.598 354.05 107.3 369.922 119.35 389.666 116.648 
339.194 9.08 342.004 -10.648 330.041 -26.585 327.231 -6.857 
315.864 -60.627 315.908 -40.699 330.03 -26.64 329.986 -46.568 
304.031 -76.725 315.829 -60.666 331.888 -72.463 320.091 -88.522 
314.244 -93.855 294.913 -89.011 284.672 -71.917 304.001 -76.761 
184.001 -139.33 203.782 -136.922 191.498 -152.612 171.716 -155.02 
136.985 -167.402 151.766 -154.036 171.669 -155.038 156.887 -168.403 
117.344 -171.042 136.939 -167.42 140.562 -187.015 120.966 -190.638 
107.679 -188.491 102.14 -169.348 111.759 -151.896 117.298 -171.039 
-30.731 -131.376 -10.865 -129.81 4.289 -142.75 -15.577 -144.316 
-50.71 -130.85 -64.443 -116.411 -44.522 -116.91 -30.789 -131.35 
-92.463 -119.879 -80.228 -104.15 -64.498 -116.386 -76.733 -132.115 
-98.792 -111.461 -90.891 -93.166 -72.368 -85.818 -80.269 -104.112 
