43.802 179.53 52.106 197.646 59.044 178.965 50.741 160.85 
107.638 175.688 115.447 194.022 133.933 201.464 126.124 183.13 
158.442 147.35 176.775 155.163 195.262 147.724 176.93 139.911 
175.732 91.6 194.383 84.58 202.607 66.429 183.956 73.449 
142.192 19.474 148.499 38.378 157.406 20.552 151.1 1.648 
66.81 -8.723 72.14 10.478 89.487 20.287 84.156 1.085 
-1.53 48.424 16.22 57.482 35.175 51.336 17.425 42.278 
-5.205 136.462 13.063 128.501 20.351 109.954 2.084 117.915 
28.26 167.053 15.785 182.593 31.324 195.068 43.799 179.528 
95.634 196.182 97.792 215.991 117.602 213.834 115.444 194.023 
176.772 155.165 164.265 170.679 179.779 183.187 192.286 167.673 
194.383 84.583 196.302 104.418 216.137 102.498 214.218 82.663 
170.383 5.428 157.408 20.553 172.534 33.528 185.509 18.402 
82.922 -18.803 84.158 1.086 104.047 -0.15 102.811 -20.04 
15.417 14.166 2.367 29.227 17.427 42.276 30.477 27.215 
-19.587 99.895 -17.761 119.739 2.082 117.913 0.257 98.069 
-22.08 125.864 -17.643 145.292 -0.768 155.892 -5.205 136.464 
32.982 203.242 50.462 212.809 69.587 207.215 52.107 197.648 
124.644 219.092 143.68 213.197 152.972 195.569 133.936 201.464 
195.264 147.721 200.812 166.861 210.423 149.405 204.875 130.264 
197.792 47.089 202.605 66.427 219.683 76.697 214.869 57.359 
134.895 -9.955 151.098 1.645 170.759 -1.61 154.555 -13.21 
46.964 -6.978 66.814 -8.725 79.616 -23.996 59.766 -22.25 
-16.308 44.64 -13.489 64.367 -1.533 48.425 -4.351 28.697 
-37.444 78.088 -39.419 97.918 -19.589 99.894 -17.614 80.064 
-39.42 97.918 -41.441 117.743 -21.616 119.764 -19.595 99.939 
-12.316 180.416 0.645 195.552 15.782 182.593 2.821 167.455 
0.646 195.55 13.608 210.687 28.744 197.725 15.783 182.59 
77.965 213.988 75.96 233.814 95.786 235.819 97.791 215.992 
97.791 215.994 95.786 235.821 115.613 237.825 117.618 217.998 
164.063 195.443 176.317 211.157 192.032 198.902 179.777 183.189 
179.779 183.185 192.03 198.901 207.747 186.651 195.495 170.935 
216.137 102.5 213.46 122.248 233.206 124.925 235.884 105.177 
218.821 82.746 216.136 102.493 235.881 105.177 238.566 85.431 
185.51 18.403 197.378 34.412 213.386 22.545 201.519 6.536 
173.647 2.381 185.507 18.395 201.521 6.535 189.661 -9.478 
105.834 -39.734 102.812 -20.038 122.509 -17.015 125.532 -36.712 
86.197 -43.132 82.799 -23.497 102.434 -20.099 105.833 -39.734 
3.713 -1.964 15.418 14.164 31.546 2.459 19.841 -13.669 
-12.446 9.697 -0.786 25.857 15.375 14.197 3.714 -1.964 
-49.19 61.217 -29.317 59.738 -16.311 44.64 -36.183 46.119 
-49.191 61.219 -52.126 80.93 -40.264 96.942 -37.329 77.232 
-68.425 95.895 -54.868 110.501 -40.263 96.944 -53.82 82.338 
-54.87 110.502 -56.896 130.326 -41.446 117.741 -39.42 97.916 
-33.382 178.582 -18.618 165.197 -17.644 145.293 -32.407 158.679 
-33.381 178.585 -20.526 193.812 -0.669 195.489 -13.524 180.263 
-20.594 195.265 -20.819 215.192 -0.892 215.416 -0.668 195.489 
0.647 195.55 -0.892 215.418 12.07 230.555 13.608 210.686 
47.252 232.48 58.888 248.658 62.099 228.991 50.463 212.813 
58.89 248.66 78.746 250.342 93.975 237.49 74.119 235.808 
80.212 251.899 94.62 265.665 108.386 251.256 93.978 237.49 
95.785 235.821 108.388 251.257 128.215 253.262 115.612 237.825 
143.682 213.198 154.505 229.931 173.99 234.11 163.167 217.377 
176.273 214.312 173.993 234.109 189.603 221.723 191.883 201.925 
191.886 201.924 192.459 221.844 212.377 221.271 211.804 201.351 
192.031 198.905 211.807 201.352 227.522 189.099 207.745 186.652 
210.425 149.402 229.884 153.697 246.68 142.975 227.221 138.679 
237.7 107.261 234.794 126.976 246.68 142.971 249.586 123.256 
237.701 107.258 251.843 121.298 265.883 107.155 251.74 93.116 
238.566 85.432 235.881 105.178 251.742 93.114 254.427 73.368 
214.869 57.357 231.167 45.89 234.583 26.258 218.285 37.724 
203.366 6.727 214.93 22.957 234.582 26.255 223.018 10.026 
204.46 -13.17 203.364 6.726 223.26 7.823 224.357 -12.074 
192.601 -29.188 189.662 -9.478 201.521 6.536 204.46 -13.173 
141.285 -28.079 154.556 -13.214 155.683 -33.109 142.412 -47.975 
106.428 -40.166 126.038 -36.62 142.411 -47.978 122.801 -51.525 
94.355 -56.021 106.425 -40.164 122.282 -52.234 110.212 -68.091 
74.716 -59.419 86.199 -43.132 105.834 -39.735 94.351 -56.022 
24.753 -33.654 39.898 -20.702 59.764 -22.252 44.62 -35.204 
8.035 -22.806 3.887 -3.315 20.602 -14.163 24.751 -33.654 
-14.125 -24.988 -15.957 -5.146 3.887 -3.314 5.719 -23.156 
-32.117 6.515 -12.445 9.696 3.715 -1.965 -15.958 -5.146 
