-31.091 314.892 -13.493 324.244 -19.324 305.188 -36.921 295.836 
137.924 333.506 155.223 343.399 174.45 338.163 157.151 328.27 
289.751 240.214 309.112 235.492 319.463 218.463 300.102 223.185 
334.906 65.731 345.375 48.774 340.787 29.381 330.319 46.338 
224.247 -103.942 241.473 -93.923 236.376 -113.188 219.15 -123.207 
23.014 -142.529 40.673 -133.294 59.69 -139.251 42.03 -148.486 
-127.403 -14.913 -108.564 -21.411 -99.838 -39.326 -118.677 -32.828 
-140.364 180.915 -131.603 163.017 -138.064 144.166 -146.825 162.063 
-38.984 296.58 -57.292 304.45 -49.422 322.757 -31.114 314.887 
137.229 334.794 128.612 352.762 146.58 361.38 155.197 343.411 
309.098 235.517 290.03 241.307 295.82 260.375 314.889 254.585 
345.384 48.804 336.175 66.476 353.847 75.686 363.056 58.014 
254.771 -120.938 236.415 -113.178 244.175 -94.823 262.53 -102.582 
47.931 -167.55 42.062 -148.506 61.105 -142.637 66.975 -161.68 
-109.201 -59.405 -127.204 -50.861 -118.661 -32.859 -100.657 -41.402 
-158.482 136.378 -165.488 155.033 -146.832 162.039 -139.827 143.384 
-155.191 194.248 -135.292 195.326 -120.46 182.017 -140.359 180.94 
-14.45 344.163 0.312 330.778 1.287 310.875 -13.475 324.26 
187.348 353.369 189.003 333.51 176.131 318.297 174.477 338.156 
319.474 218.437 339.293 220.518 326.752 205.033 306.932 202.951 
320.966 27.175 340.774 29.351 356.32 16.884 336.511 14.707 
203.47 -110.886 219.116 -123.228 221.452 -143.019 205.806 -130.676 
19.791 -122.856 22.975 -142.527 11.317 -158.688 8.133 -139.017 
-134.965 -1.629 -115.193 0.861 -127.413 -14.88 -147.185 -17.37 
-142.707 113.008 -162.273 116.79 -158.492 136.356 -138.926 132.574 
-162.276 116.766 -172.416 99.611 -189.571 109.751 -179.431 126.907 
-59.024 276.303 -72.233 291.223 -57.314 304.433 -44.104 289.513 
-72.255 291.207 -91.911 294.486 -88.632 314.142 -68.977 310.862 
127.278 332.894 107.393 334.205 108.704 354.089 128.589 352.778 
126.796 362.384 108.68 354.082 100.378 372.198 118.494 380.5 
280.551 247.583 267.733 262.841 282.991 275.659 295.809 260.401 
301.638 268.699 282.974 275.68 289.954 294.344 308.618 287.363 
353.855 75.713 334.029 77.735 336.052 97.559 355.877 95.538 
383.593 90.457 367.182 79.151 355.877 95.561 372.288 106.867 
262.558 -102.565 250.717 -86.536 266.746 -74.696 278.586 -90.725 
302.696 -105.341 283.338 -110.07 278.609 -90.712 297.967 -85.984 
86.221 -166.975 67.009 -161.685 72.299 -142.472 91.511 -147.762 
106.143 -168.086 105.037 -187.983 85.141 -186.877 86.247 -166.98 
-101.081 -77.643 -109.189 -59.439 -90.986 -51.331 -82.878 -69.535 
-87.449 -92.223 -102.003 -105.836 -115.616 -91.282 -101.062 -77.67 
-152.317 30.889 -136.923 18.234 -134.986 -1.6 -150.38 11.055 
-152.329 30.921 -166.541 44.891 -166.713 64.818 -152.501 50.848 
-189.954 80.806 -170.361 84.444 -166.723 64.851 -186.316 61.213 
-170.365 84.473 -189.635 89.547 -172.422 99.586 -153.15 94.512 
-124.623 230.596 -122.65 210.766 -135.277 195.349 -137.249 215.179 
-124.618 230.621 -124.795 250.548 -110.83 264.764 -110.653 244.838 
-127.307 275.979 -116.116 292.468 -99.627 281.277 -110.818 264.788 
-79.866 278.613 -99.613 281.296 -111.678 297.155 -91.932 294.473 
12.849 346.299 32.665 348.416 20.15 332.908 0.335 330.791 
32.688 348.43 46.236 363.042 66.15 363.795 52.601 349.182 
61.438 383.16 80.794 387.897 85.532 368.541 66.175 363.804 
97.376 352.512 85.554 368.554 88.538 388.258 100.36 372.216 
189.027 333.494 208.824 335.773 224.434 323.385 204.637 321.107 
239.662 310.494 224.459 323.377 244.319 325.017 259.522 312.133 
259.542 312.115 269.366 329.454 286.703 319.631 276.88 302.293 
273.874 282.58 276.901 302.276 292.967 314.063 289.941 294.368 
326.77 205.009 342.679 193.007 345.441 173.273 329.533 185.274 
363.032 140.891 347.54 153.427 345.45 173.244 360.942 160.709 
363.046 140.861 382.286 146.049 387.474 126.808 368.233 121.621 
372.291 106.889 352.515 109.345 368.235 121.592 388.011 119.136 
336.512 14.674 339.885 -4.965 328.383 -21.238 325.01 -1.599 
316.969 -56.278 315.418 -36.411 328.369 -21.266 329.92 -41.134 
305.949 -72.92 316.955 -56.309 333.567 -67.315 322.56 -83.927 
317.678 -89.039 297.988 -85.967 286.239 -69.872 305.928 -72.944 
186.141 -134.14 205.768 -130.696 194.326 -147.01 174.697 -150.454 
140.787 -164.911 154.735 -150.679 174.662 -150.478 160.713 -164.711 
121.381 -169.606 140.75 -164.92 145.436 -184.289 126.067 -188.975 
111.921 -187.172 106.173 -168.092 115.599 -150.536 121.348 -169.616 
-27.381 -129.135 -7.6 -126.724 8.092 -139.006 -11.688 -141.417 
-47.347 -129.4 -61.629 -115.504 -41.704 -115.23 -27.421 -129.127 
-89.276 -121.115 -78.286 -104.493 -61.663 -115.483 -72.653 -132.106 
-97.633 -109.37 -87.434 -92.249 -68.117 -87.355 -78.316 -104.475 
