69.815 137.448 72.554 157.187 84.574 141.293 81.835 121.554 
102.256 126.368 105.007 146.105 120.908 158.117 118.157 138.379 
120.357 115.725 136.124 127.911 155.891 125.378 140.123 113.192 
126.24 95.484 146.051 93.329 158.535 77.796 138.724 79.952 
114.317 56.472 116.13 76.318 128.881 61.003 127.068 41.158 
78.168 36.832 79.339 56.725 94.234 69.964 93.063 50.07 
39.725 70.271 54.851 83.245 74.72 81.724 59.594 68.75 
38.119 121.651 57.892 119.185 70.132 103.459 50.358 105.924 
50.49 132.566 45.609 151.887 64.928 156.769 69.81 137.448 
87.948 156.404 98.252 173.46 115.309 163.157 105.005 146.1 
136.12 127.91 131.383 147.266 150.74 152.004 155.477 132.647 
146.049 93.33 156.377 110.373 173.42 100.045 163.092 83.003 
133.787 41.69 128.883 61.005 148.199 65.908 153.102 46.593 
82.98 32.884 93.066 50.071 110.253 39.985 100.167 22.798 
44.973 44.654 40.238 64.011 59.594 68.746 64.33 49.389 
22.927 99.466 33.418 116.409 50.361 105.918 39.87 88.976 
22.72 108.998 24.668 128.831 40.069 141.477 38.121 121.644 
52.731 159.234 68.197 171.8 88.018 169.75 72.553 157.184 
108.339 173.581 128.161 171.532 140.729 156.068 120.906 158.117 
155.894 125.376 157.857 145.207 170.491 129.797 168.528 109.965 
156.601 57.965 158.535 77.799 173.927 90.456 171.993 70.622 
112.004 28.111 127.066 41.159 146.943 39.734 131.881 26.686 
58.252 37.441 78.17 36.832 91.824 22.317 71.906 22.926 
25.404 65.028 26.239 84.939 39.727 70.27 38.893 50.359 
3.465 79.077 3.002 99.0 22.925 99.463 23.388 79.541 
3.002 99.003 2.53 118.926 22.453 119.398 22.925 99.475 
17.434 151.117 31.136 165.586 45.606 151.886 31.905 137.416 
31.139 165.586 44.588 180.291 59.293 166.843 45.844 152.138 
78.343 172.469 77.352 192.372 97.254 193.363 98.245 173.46 
98.245 173.458 97.261 193.362 117.165 194.346 118.148 174.442 
135.912 165.318 149.229 180.143 164.054 166.826 150.737 152.002 
150.748 151.991 164.055 166.823 178.889 153.517 165.582 138.685 
173.42 100.042 172.361 119.943 192.26 121.001 193.319 101.101 
174.475 80.14 173.416 100.04 193.315 101.098 194.373 81.198 
153.105 46.593 166.402 61.436 181.245 48.139 167.948 33.296 
139.805 31.755 153.104 46.596 167.945 33.297 154.646 18.457 
101.308 2.903 100.169 22.797 120.065 23.936 121.204 4.042 
81.412 1.762 80.275 21.657 100.17 22.794 101.307 2.9 
31.322 30.135 44.973 44.652 59.491 31.0 45.839 16.483 
16.795 43.775 30.438 58.301 44.963 44.658 31.32 30.132 
-11.418 64.525 6.887 72.401 25.4 65.026 7.095 57.15 
-11.42 64.528 -11.466 84.456 2.592 98.579 2.638 78.651 
-25.586 98.739 -11.417 112.751 2.595 98.582 -11.574 84.57 
-11.419 112.754 -11.891 132.675 2.53 118.923 3.002 99.001 
-4.415 151.413 14.805 146.147 24.671 128.834 5.452 134.1 
-4.409 151.418 9.656 165.535 29.584 165.572 15.519 151.456 
9.663 166.245 10.335 186.162 30.252 185.489 29.579 165.572 
31.138 165.584 30.251 185.492 43.701 200.197 44.588 180.288 
57.4 188.546 61.605 208.025 72.405 191.277 68.2 171.798 
61.609 208.022 81.531 208.454 95.925 194.672 76.003 194.24 
82.481 209.376 97.185 222.827 110.636 208.123 95.932 194.673 
97.257 193.364 110.638 208.13 130.542 209.109 117.16 194.343 
128.162 171.527 131.98 191.086 148.51 202.216 144.692 182.657 
149.359 182.293 148.514 202.203 163.19 188.723 164.035 168.813 
164.042 168.809 164.947 188.717 184.854 187.811 183.948 167.904 
164.054 166.826 183.951 167.905 198.784 154.598 178.887 153.519 
170.492 129.796 186.992 140.97 206.56 137.204 190.06 126.03 
194.57 102.387 193.355 122.278 206.561 137.201 207.775 117.311 
194.572 102.385 209.178 115.941 222.735 101.336 208.129 87.779 
194.37 81.201 193.312 101.101 208.131 87.777 209.189 67.878 
171.991 70.621 191.488 66.505 202.365 49.807 182.867 53.923 
169.434 33.329 182.486 48.388 202.362 49.807 189.311 34.748 
169.034 13.403 169.432 33.326 189.355 32.929 188.957 13.006 
155.735 -1.439 154.646 18.46 167.945 33.299 169.034 13.402 
126.796 7.422 131.883 26.689 141.91 9.469 136.824 -9.799 
102.021 2.235 121.914 3.426 136.822 -9.797 116.929 -10.989 
88.047 -11.972 102.019 2.237 116.228 -11.735 102.256 -25.944 
68.151 -13.11 81.414 1.762 101.309 2.9 88.045 -11.973 
46.346 -3.583 53.633 14.965 71.901 22.926 64.614 4.379 
31.871 10.115 31.327 30.035 45.798 16.335 46.342 -3.586 
11.936 9.589 11.405 29.509 31.326 30.04 31.857 10.12 
-3.123 43.151 16.796 43.775 31.321 30.132 11.403 29.508 
