26.458 205.038 37.975 221.301 41.331 201.657 29.814 185.395 
109.997 207.831 121.045 224.416 140.584 228.331 129.536 211.746 
182.525 168.668 201.97 173.027 218.802 162.359 199.357 158.0 
207.782 90.192 224.954 80.081 229.946 60.788 212.774 70.9 
161.254 -2.385 170.539 15.248 176.442 -3.785 167.157 -21.418 
61.764 -36.311 70.317 -18.312 89.092 -11.633 80.539 -29.632 
-24.86 33.05 -5.684 38.47 11.708 28.744 -7.468 23.324 
-32.335 142.989 -15.997 131.582 -12.51 111.962 -28.848 123.369 
14.769 188.884 -1.376 200.566 10.306 216.71 26.451 205.027 
101.363 221.161 98.122 240.823 117.783 244.065 121.026 224.403 
201.968 173.033 185.772 184.644 197.384 200.84 213.579 189.228 
224.954 80.085 221.542 99.718 241.175 103.13 244.588 83.497 
192.911 -15.007 176.444 -3.783 187.668 12.684 204.135 1.46 
84.666 -49.128 80.541 -29.632 100.037 -25.507 104.162 -45.003 
-1.37 -4.193 -18.175 6.517 -7.466 23.321 9.34 12.611 
-44.414 99.871 -48.379 119.4 -28.849 123.364 -24.885 103.835 
-50.753 135.383 -43.113 153.788 -24.697 161.4 -32.337 142.995 
19.918 229.733 38.643 236.55 56.704 228.131 37.979 221.314 
134.079 247.178 152.004 238.471 158.522 219.64 140.597 228.347 
218.808 162.357 226.991 180.527 234.053 161.893 225.869 143.722 
222.604 42.259 229.948 60.784 248.241 68.69 240.896 50.165 
149.55 -30.758 167.154 -21.421 186.206 -27.267 168.601 -36.604 
42.555 -30.998 61.761 -36.311 71.585 -53.649 52.379 -48.336 
-40.107 32.577 -33.059 51.217 -24.863 33.053 -31.911 14.413 
-59.803 76.257 -63.914 95.756 -44.415 99.867 -40.304 80.368 
-63.912 95.756 -68.04 115.252 -48.544 119.38 -44.416 99.884 
-29.269 196.444 -17.392 212.445 -1.391 200.57 -13.267 184.568 
-17.407 212.45 -5.702 228.577 10.426 216.872 -1.28 200.745 
78.422 237.739 75.303 257.421 94.984 260.54 98.104 240.858 
98.12 240.894 94.975 260.573 114.653 263.718 117.798 244.04 
180.941 212.102 192.198 228.545 208.642 217.287 197.384 200.845 
197.384 200.847 208.641 217.29 225.085 206.035 213.829 189.592 
241.178 103.133 237.114 122.643 256.622 126.706 260.686 107.197 
245.248 83.62 241.177 103.127 260.684 107.199 264.755 87.691 
204.138 1.46 214.661 18.382 231.584 7.859 221.06 -9.064 
193.674 -15.706 204.046 1.309 221.062 -9.063 210.69 -26.077 
109.055 -64.321 104.164 -45.004 123.482 -40.112 128.373 -59.429 
90.091 -70.439 83.972 -51.475 102.936 -45.356 109.055 -64.32 
-11.251 -21.501 -1.37 -4.195 15.936 -14.077 6.054 -31.382 
-29.039 -12.518 -20.057 5.271 -2.268 -3.711 -11.25 -21.5 
-68.505 56.021 -49.452 50.18 -40.11 32.578 -59.163 38.419 
-68.505 56.024 -75.002 74.863 -66.274 92.778 -59.778 73.938 
-94.451 92.277 -80.615 106.618 -66.274 92.781 -80.11 78.44 
-80.617 106.62 -84.744 126.115 -68.04 115.249 -63.913 95.753 
-49.805 190.002 -38.961 173.283 -43.115 153.793 -53.959 170.513 
-49.805 190.007 -39.799 207.241 -20.538 212.352 -30.543 195.119 
-40.463 212.4 -40.42 232.328 -20.492 232.286 -20.535 212.358 
-17.589 212.575 -20.493 232.29 -8.606 248.284 -5.702 228.569 
40.571 256.398 55.957 269.062 54.032 249.227 38.645 236.563 
55.965 269.068 75.389 273.516 92.27 262.926 72.846 258.478 
78.51 277.34 92.914 291.111 106.685 276.708 92.281 262.937 
94.974 260.601 106.689 276.722 126.372 279.837 114.657 263.716 
152.009 238.479 166.68 251.966 186.59 251.128 171.919 237.642 
191.277 231.756 186.603 251.128 203.606 240.735 208.281 221.364 
208.294 221.365 208.697 241.289 228.62 240.886 228.217 220.962 
208.636 217.292 228.222 220.961 244.666 209.706 225.08 206.037 
234.06 161.892 253.978 161.262 267.615 146.733 247.698 147.363 
263.074 110.189 257.779 129.401 267.619 146.729 272.914 127.518 
263.074 110.185 276.973 124.466 291.254 110.568 277.355 96.287 
264.755 87.692 260.685 107.2 277.357 96.284 281.426 76.776 
240.897 50.16 253.847 35.015 252.296 15.148 239.345 30.292 
224.12 -8.561 233.299 9.127 252.296 15.144 243.117 -2.544 
225.763 -28.423 224.119 -8.564 243.978 -6.92 245.622 -26.779 
215.39 -45.442 210.692 -26.076 221.063 -9.061 225.762 -28.426 
152.17 -47.884 168.599 -36.607 164.957 -56.199 148.527 -67.476 
111.734 -65.967 130.443 -59.103 148.525 -67.478 129.816 -74.342 
99.975 -82.056 111.731 -65.966 127.821 -77.723 116.065 -93.813 
81.009 -88.175 90.093 -70.438 109.057 -64.32 99.973 -82.057 
15.714 -51.754 33.338 -42.452 52.376 -48.337 34.753 -57.639 
-2.705 -44.143 -10.346 -25.739 8.07 -33.349 15.712 -51.754 
-28.186 -47.555 -30.176 -27.728 -10.348 -25.737 -8.357 -45.565 
-47.968 -18.748 -29.039 -12.518 -11.249 -21.498 -30.178 -27.728 
