36.882 199.24
124.557 212.807
196.427 162.208
213.51 76.017
165.331 0.982
75.797 -18.606
-2.398 34.352
-17.033 126.741
15.419 198.967
109.057 227.749
195.871 183.763
228.109 91.917
186.896 2.475
92.505 -32.358
-0.696 12.854
-31.682 111.071
-33.08 147.086
40.599 224.921
145.064 228.78
222.289 159.626
230.655 56.501
165.121 -24.961
58.097 -37.579
-28.35 35.256
-48.035 88.117
-51.68 107.719
-12.543 195.436
-0.326 211.179
86.719 244.93
106.44 247.789
191.853 211.65
208.142 200.169
244.664 114.708
248.429 95.138
214.628 7.404
203.83 -9.419
115.888 -48.062
96.111 -53.205
5.035 -14.72
-12.552 -4.586
-50.589 45.816
-63.428 75.311
-75.717 93.272
-69.693 111.522
-42.813 170.217
-31.863 198.706
-26.75 219.202
-9.446 227.172
48.66 249.154
74.656 262.072
92.983 272.471
110.972 265.633
167.608 241.108
195.019 233.028
215.6 227.614
223.697 210.015
247.018 152.783
261.34 127.756
272.651 109.731
266.464 91.439
242.734 34.101
234.744 5.449
231.026 -15.09
214.388 -24.501
156.672 -48.361
128.914 -62.78
112.725 -75.29
94.048 -71.499
35.408 -46.165
4.599 -35.073
-16.834 -32.542
-26.932 -16.082
