-30.687 326.075
168.055 350.333
325.973 227.308
351.068 28.853
228.187 -129.823
28.165 -154.956
-130.506 -30.97
-154.41 168.732
-49.159 324.507
154.245 362.833
325.493 245.874
363.929 42.27
246.709 -128.472
42.732 -166.432
-128.731 -49.479
-166.245 154.436
-153.109 194.346
-11.623 343.268
193.723 348.43
342.539 207.54
348.817 3.097
209.023 -146.981
2.779 -153.751
-147.558 -11.937
-163.023 128.899
-184.855 111.245
-66.651 304.703
-93.988 307.619
128.768 360.464
111.409 382.574
305.852 261.626
308.644 289.685
361.695 67.514
381.952 86.521
263.519 -108.542
290.919 -109.608
68.227 -162.6
84.873 -185.442
-108.131 -64.366
-111.314 -92.488
-156.548 12.684
-167.417 48.014
-183.317 74.533
-174.844 93.538
-142.323 218.245
-124.92 250.895
-117.421 280.876
-97.805 288.272
12.812 352.81
48.044 364.13
74.731 380.06
93.602 372.041
217.933 338.336
250.868 321.594
280.91 313.661
288.482 294.72
352.639 183.389
363.85 148.252
378.938 121.077
370.165 102.528
338.604 -21.028
321.397 -53.717
313.537 -83.628
293.772 -90.591
184.474 -156.056
149.06 -166.683
122.558 -182.627
103.63 -175.422
-20.855 -142.445
-53.457 -125.027
-83.454 -118.006
-91.481 -98.806
