-31.298 329.276
169.919 352.997
329.018 227.68
352.886 26.549
227.45 -132.576
26.344 -156.419
-132.856 -31.098
-156.685 170.182
-49.671 326.692
155.065 364.292
326.462 246.114
364.148 41.389
245.876 -130.018
41.159 -167.671
-130.246 -49.478
-167.896 155.37
-156.05 195.707
-12.814 346.87
195.42 352.525
346.656 209.27
352.324 1.02
209.013 -150.213
0.83 -155.86
-150.426 -12.567
-163.222 130.093
-185.158 112.193
-64.269 305.555
-92.421 308.386
129.832 359.686
111.952 381.645
305.399 260.776
308.157 288.901
359.476 66.647
381.401 84.564
260.513 -108.927
288.647 -111.719
66.446 -162.999
84.371 -184.938
-109.095 -64.082
-111.909 -92.225
-158.993 12.248
-168.499 48.041
-183.639 74.934
-175.323 93.891
-144.509 219.262
-125.99 251.299
-117.647 280.976
-98.395 288.503
11.988 355.448
47.765 364.962
74.641 380.103
93.611 371.824
218.993 341.011
251.053 322.51
280.75 314.113
288.279 294.87
355.21 184.479
364.731 148.715
379.879 121.866
371.603 102.891
340.763 -22.55
322.232 -54.612
313.882 -84.294
294.627 -91.858
184.212 -158.749
148.461 -168.268
121.598 -183.384
102.661 -175.068
-22.75 -144.337
-54.795 -125.803
-84.482 -117.475
-92.019 -98.227
