-31.277 329.245
169.897 353.142
328.904 227.73
352.791 26.523
227.592 -132.576
26.402 -156.469
-132.74 -31.047
-156.707 170.013
-49.679 326.715
155.055 364.329
326.427 246.238
364.043 41.379
245.968 -130.037
41.21 -167.653
-130.219 -49.481
-167.895 155.164
-156.075 195.53
-12.768 346.857
195.405 352.578
346.577 209.293
352.295 1.025
209.111 -150.115
0.898 -155.817
-150.39 -12.625
-163.295 129.911
-185.137 111.962
-64.262 305.53
-92.417 308.412
129.839 359.592
112.002 381.556
305.394 260.705
308.14 288.852
359.397 66.623
381.307 84.534
260.546 -108.885
288.673 -111.654
66.46 -163.016
84.407 -184.879
-109.095 -64.064
-111.912 -92.23
-158.899 12.184
-168.503 47.918
-183.612 74.768
-175.339 93.709
-144.574 219.138
-125.996 251.172
-117.773 280.877
-98.488 288.51
12.058 355.371
47.827 364.935
74.586 380.128
93.631 371.914
218.964 341.017
250.986 322.469
280.607 314.289
288.325 295.087
355.137 184.469
364.71 148.692
379.813 121.766
371.494 102.844
340.759 -22.541
322.27 -54.59
313.825 -84.269
294.621 -91.757
184.281 -158.617
148.514 -168.21
121.647 -183.352
102.679 -175.078
-22.702 -144.377
-54.732 -125.812
-84.468 -117.508
-92.012 -98.206
