-31.222 329.334
169.939 352.989
329.024 227.7
352.877 26.572
227.495 -132.555
26.329 -156.376
-132.85 -30.942
-156.597 170.214
-49.599 326.742
155.114 364.245
326.431 246.13
364.084 41.387
245.9 -130.038
41.174 -167.626
-130.252 -49.374
-167.847 155.411
-156.03 195.724
-12.704 346.885
195.435 352.474
346.658 209.302
352.231 1.071
209.014 -150.172
0.805 -155.793
-150.438 -12.445
-163.191 130.154
-185.122 112.27
-64.229 305.633
-92.362 308.36
129.804 359.757
111.876 381.618
305.342 260.699
308.135 288.834
359.527 66.784
381.428 84.675
260.534 -108.881
288.669 -111.65
66.455 -163.003
84.376 -184.945
-109.149 -64.035
-111.928 -92.175
-158.986 12.369
-168.493 48.138
-183.576 75.041
-175.292 93.973
-144.5 219.278
-125.996 251.326
-117.616 281.024
-98.329 288.511
12.112 355.441
47.874 365.012
74.839 380.089
93.716 371.672
218.999 340.973
251.049 322.468
280.721 314.206
288.318 294.937
355.235 184.501
364.737 148.719
379.774 121.74
371.426 102.849
340.704 -22.491
322.209 -54.531
313.958 -84.192
294.699 -91.825
184.222 -158.73
148.461 -168.255
121.595 -183.369
102.659 -175.066
-22.775 -144.27
-54.829 -125.739
-84.525 -117.407
-92.076 -98.17
