-31.138 329.236
169.932 353.012
329.055 227.758
352.79 26.564
227.527 -132.601
26.369 -156.488
-132.857 -31.041
-156.668 170.175
-49.599 326.729
155.106 364.245
326.445 246.158
364.018 41.454
245.909 -130.055
41.171 -167.702
-130.318 -49.447
-167.847 155.357
-156.023 195.678
-12.729 346.917
195.407 352.494
346.637 209.268
352.257 1.052
209.067 -150.177
0.852 -155.829
-150.438 -12.513
-163.261 130.112
-185.143 112.209
-64.206 305.61
-92.367 308.457
129.888 359.718
111.986 381.579
305.316 260.778
308.1 288.909
359.474 66.712
381.356 84.657
260.469 -108.921
288.618 -111.744
66.446 -163.018
84.362 -184.912
-109.115 -64.039
-111.91 -92.198
-159.004 12.301
-168.505 48.078
-183.613 74.958
-175.317 93.904
-144.538 219.278
-125.962 251.317
-117.623 281.034
-98.343 288.562
12.102 355.411
47.863 364.974
74.752 380.045
93.695 371.782
218.969 340.988
251.005 322.477
280.676 314.133
288.237 294.915
355.188 184.497
364.738 148.775
379.829 121.906
371.555 102.957
340.773 -22.556
322.21 -54.599
313.881 -84.313
294.609 -91.855
184.29 -158.747
148.521 -168.241
121.628 -183.364
102.657 -175.063
-22.713 -144.31
-54.778 -125.839
-84.457 -117.492
-92.04 -98.25
