-31.254 329.248
169.863 353.069
329.011 227.732
352.813 26.485
227.466 -132.534
26.335 -156.439
-132.789 -31.006
-156.646 170.2
-49.649 326.726
155.015 364.283
326.46 246.141
364.046 41.341
245.904 -130.011
41.174 -167.657
-130.256 -49.454
-167.846 155.341
-156.019 195.721
-12.816 346.889
195.364 352.514
346.638 209.249
352.272 0.99
209.044 -150.199
0.807 -155.836
-150.453 -12.577
-163.254 130.052
-185.131 112.125
-64.225 305.591
-92.353 308.429
129.771 359.712
111.856 381.586
305.294 260.728
308.097 288.897
359.506 66.593
381.355 84.511
260.499 -108.879
288.652 -111.699
66.454 -163.027
84.372 -184.916
-109.111 -64.053
-111.924 -92.227
-158.952 12.241
-168.525 47.987
-183.601 74.872
-175.353 93.819
-144.498 219.307
-125.918 251.332
-117.583 281.019
-98.33 288.548
12.008 355.392
47.76 364.968
74.633 380.047
93.571 371.777
218.988 341.023
251.023 322.455
280.718 314.147
288.223 294.874
355.152 184.414
364.724 148.641
379.803 121.735
371.555 102.791
340.781 -22.596
322.2 -54.608
313.881 -84.294
294.624 -91.813
184.224 -158.702
148.468 -168.286
121.58 -183.365
102.639 -175.101
-22.773 -144.34
-54.786 -125.798
-84.482 -117.495
-92.002 -98.204
