-31.251 329.191
169.891 353.288
328.922 227.806
352.863 26.745
227.408 -132.457
26.429 -156.411
-132.705 -31.012
-156.653 170.188
-49.708 326.757
155.077 364.505
326.415 246.286
364.257 41.487
245.855 -129.903
41.215 -167.627
-130.193 -49.472
-167.837 155.374
-156.021 195.688
-12.766 346.83
195.384 352.551
346.54 209.34
352.263 1.158
208.978 -150.159
0.925 -155.776
-150.367 -12.576
-163.197 130.105
-185.042 112.185
-64.4 305.72
-92.559 308.433
130.125 359.538
112.124 381.373
305.335 260.846
308.029 289.022
359.37 66.388
381.286 84.368
260.488 -108.761
288.65 -111.718
66.417 -162.979
84.303 -184.874
-109.06 -64.065
-111.877 -92.248
-158.894 12.252
-168.497 48.014
-183.594 74.923
-175.285 93.895
-144.498 219.246
-125.928 251.248
-117.437 280.961
-98.259 288.419
12.049 355.357
47.809 364.902
74.395 380.206
93.568 372.069
218.948 341.055
250.941 322.514
280.574 314.398
288.24 295.089
355.037 184.489
364.593 148.725
379.937 122.071
371.805 102.966
340.892 -22.477
322.239 -54.452
314.074 -84.109
294.801 -91.837
184.165 -158.712
148.407 -168.257
121.533 -183.308
102.599 -175.093
-22.676 -144.316
-54.729 -125.791
-84.443 -117.498
-91.981 -98.214
