-31.304 329.283
169.904 353.17
329.025 227.59
352.756 26.439
227.432 -132.564
26.393 -156.48
-132.747 -31.114
-156.686 170.125
-49.689 326.766
155.093 364.388
326.492 246.073
364.055 41.294
245.866 -129.999
41.2 -167.672
-130.205 -49.542
-167.923 155.331
-156.036 195.641
-12.819 346.868
195.428 352.525
346.712 209.188
352.256 0.924
208.979 -150.192
0.904 -155.832
-150.391 -12.644
-163.27 130.06
-185.134 112.142
-64.254 305.614
-92.42 308.432
129.801 359.704
111.863 381.582
305.386 260.704
308.188 288.885
359.487 66.572
381.417 84.499
260.499 -108.919
288.614 -111.718
66.451 -163.004
84.355 -184.93
-109.045 -64.126
-111.866 -92.291
-158.917 12.196
-168.516 47.964
-183.588 74.867
-175.337 93.833
-144.552 219.223
-125.989 251.246
-117.691 280.977
-98.396 288.519
11.987 355.379
47.736 364.944
74.615 380.045
93.569 371.781
219.043 341.062
251.065 322.48
280.774 314.172
288.296 294.883
355.223 184.362
364.771 148.602
379.87 121.725
371.566 102.789
340.72 -22.635
322.195 -54.663
313.836 -84.318
294.625 -91.87
184.168 -158.741
148.41 -168.257
121.553 -183.38
102.629 -175.077
-22.676 -144.346
-54.71 -125.814
-84.43 -117.525
-91.966 -98.252
