-31.213 329.148
169.772 353.14
328.893 227.747
352.823 26.843
227.697 -132.467
26.447 -156.354
-132.691 -31.015
-156.454 170.124
-49.552 326.379
154.993 364.456
326.222 246.158
364.206 41.588
246.052 -129.752
41.308 -167.613
-130.118 -49.436
-167.607 155.22
-156.077 195.646
-12.917 346.804
195.255 352.406
346.454 209.329
352.155 1.297
209.299 -150.055
0.892 -155.805
-150.333 -12.578
-163.049 129.787
-185.249 112.208
-64.423 305.186
-92.486 308.619
130.167 359.405
111.971 381.115
305.084 260.927
307.838 289.035
359.099 66.378
381.223 84.13
260.942 -108.6
289.017 -111.079
66.581 -162.975
84.471 -184.927
-109.011 -64.074
-111.853 -92.207
-158.9 12.223
-168.401 47.993
-183.381 74.988
-175.258 93.816
-144.563 219.21
-126.012 251.236
-117.431 280.95
-98.444 288.513
11.903 355.278
47.621 364.96
74.092 380.366
93.365 372.067
218.862 340.966
250.985 322.629
280.62 314.602
288.239 295.103
355.126 184.56
364.678 148.835
379.967 122.413
372.144 103.085
340.597 -22.256
322.231 -54.396
314.002 -84.193
294.539 -91.428
184.509 -158.65
148.745 -168.233
121.709 -183.243
102.855 -174.993
-22.711 -144.32
-54.759 -125.818
-84.414 -117.437
-91.99 -98.232
