-31.217 329.214
169.864 353.07
328.984 227.651
352.915 26.554
227.489 -132.56
26.271 -156.352
-132.851 -30.979
-156.594 170.124
-49.647 326.668
155.004 364.311
326.424 246.121
364.144 41.344
245.873 -130.022
41.12 -167.642
-130.32 -49.385
-167.85 155.279
-156.04 195.652
-12.816 346.849
195.406 352.527
346.637 209.229
352.247 1.029
209.049 -150.158
0.736 -155.799
-150.443 -12.475
-163.222 130.011
-185.148 112.12
-64.273 305.614
-92.395 308.404
129.729 359.68
111.804 381.587
305.34 260.781
308.118 288.92
359.441 66.597
381.373 84.482
260.465 -108.903
288.635 -111.714
66.411 -163.015
84.352 -184.945
-109.127 -63.972
-111.938 -92.117
-159.003 12.316
-168.486 48.071
-183.611 74.921
-175.299 93.845
-144.506 219.233
-125.995 251.306
-117.635 280.992
-98.4 288.558
11.975 355.406
47.724 364.946
74.577 380.076
93.515 371.77
218.989 340.989
251.059 322.502
280.721 314.141
288.275 294.909
355.175 184.41
364.701 148.633
379.824 121.741
371.524 102.779
340.765 -22.56
322.205 -54.575
313.91 -84.278
294.622 -91.808
184.244 -158.731
148.475 -168.264
121.591 -183.398
102.636 -175.087
-22.836 -144.254
-54.869 -125.721
-84.535 -117.365
-92.064 -98.119
