2.549 245.668
132.526 269.751
241.625 198.033
271.511 71.179
204.843 -42.838
71.944 -77.849
-48.665 -2.167
-74.941 134.896
-16.675 241.797
116.002 280.658
237.411 217.459
281.888 88.188
223.897 -37.352
89.41 -86.581
-43.437 -20.849
-85.621 118.631
-83.191 159.576
13.511 269.286
156.673 279.493
265.884 188.551
282.69 47.658
196.614 -67.534
48.258 -88.418
-72.087 8.905
-90.257 90.933
-103.19 106.098
-40.741 227.143
-36.618 246.639
88.792 288.013
105.922 298.196
223.255 241.832
242.595 237.004
288.484 115.589
299.227 98.76
247.433 -21.84
244.098 -42.287
117.166 -91.403
100.292 -106.648
-26.529 -43.376
-48.841 -43.948
-89.181 28.132
-105.954 60.463
-125.911 79.632
-120.701 100.414
-82.01 185.1
-70.322 219.554
-70.424 246.982
-51.806 257.045
31.545 287.354
63.842 303.587
83.157 322.552
103.277 316.415
182.216 280.694
216.57 270.185
243.339 270.128
253.547 251.808
285.252 171.909
302.907 140.607
322.304 122.362
317.346 102.015
284.499 22.298
275.346 -12.71
277.429 -39.295
260.134 -51.331
179.418 -86.071
147.905 -104.401
130.452 -125.397
109.053 -122.842
22.711 -87.829
-12.468 -77.974
-40.554 -79.472
-53.184 -61.841
