-31.071 329.339
169.95 352.962
328.973 227.531
352.781 26.494
227.401 -132.59
26.236 -156.433
-132.773 -30.954
-156.498 170.276
-49.422 326.632
155.106 364.251
326.282 245.965
363.926 41.399
245.881 -129.969
41.094 -167.582
-130.242 -49.381
-167.762 155.432
-155.875 195.797
-12.698 346.929
195.461 352.395
346.695 209.255
352.259 1.064
209.064 -150.246
0.745 -155.805
-150.405 -12.507
-163.229 130.165
-185.135 112.265
-64.033 305.397
-92.154 308.531
129.663 360.082
111.648 381.772
305.221 261.262
308.133 289.287
359.497 66.796
381.406 84.62
260.646 -108.789
288.815 -111.486
66.426 -162.973
84.352 -184.846
-109.093 -63.981
-111.933 -92.157
-158.901 12.328
-168.434 48.094
-183.497 74.98
-175.313 93.943
-144.408 219.417
-125.887 251.464
-117.55 281.169
-98.275 288.647
12.133 355.368
47.884 364.931
74.962 379.828
93.744 371.488
219.106 340.964
251.184 322.451
280.951 313.66
288.119 294.456
355.28 184.463
364.852 148.724
379.88 121.92
371.635 102.838
340.69 -22.481
322.242 -54.555
313.94 -84.311
294.561 -91.655
184.197 -158.651
148.442 -168.233
121.609 -183.382
102.615 -175.075
-22.81 -144.273
-54.815 -125.709
-84.517 -117.402
-92.019 -98.118
