-31.191 329.126
169.99 352.874
328.926 227.758
352.996 26.708
227.209 -132.485
26.32 -156.229
-132.778 -30.812
-156.286 170.493
-49.61 326.734
155.213 364.204
326.745 246.238
364.368 41.417
245.57 -129.458
41.146 -167.439
-130.235 -49.228
-167.336 155.596
-155.81 195.89
-12.634 346.733
195.558 352.359
346.502 209.134
352.325 1.047
209.079 -150.122
0.796 -155.63
-150.364 -12.285
-163.009 130.064
-185.175 112.576
-64.923 305.866
-92.925 307.834
129.829 359.794
112.134 381.907
305.817 260.216
308.569 288.387
360.18 66.836
381.36 85.367
260.491 -108.136
288.526 -111.643
66.451 -162.909
84.312 -184.834
-109.104 -63.872
-111.795 -92.035
-158.828 12.576
-168.203 48.39
-183.113 75.367
-175.12 94.236
-144.106 219.339
-125.564 251.368
-117.203 281.083
-97.681 288.249
12.127 355.376
47.948 364.72
75.176 379.43
93.835 371.472
219.141 340.891
251.039 322.156
280.626 313.388
288.351 294.613
355.142 184.402
364.568 148.623
379.249 121.213
370.549 102.765
340.833 -22.525
322.086 -54.455
314.113 -84.131
294.801 -91.866
184.187 -158.429
148.495 -168.174
121.32 -183.051
102.622 -174.778
-22.806 -144.187
-54.783 -125.58
-84.459 -117.218
-91.924 -97.898
