-30.349 322.604
164.956 347.507
321.01 227.978
348.017 32.223
228.971 -125.818
31.167 -152.479
-127.042 -30.93
-151.739 166.082
-48.868 321.833
151.46 360.366
320.706 246.665
361.398 45.322
247.482 -125.932
45.127 -164.701
-125.736 -49.397
-163.87 152.103
-150.358 191.731
-10.793 339.289
190.583 345.509
337.816 208.487
345.837 6.477
209.045 -142.417
5.54 -150.996
-143.997 -11.699
-162.64 125.757
-184.57 109.105
-65.541 302.315
-93.181 307.885
127.1 356.943
112.755 381.051
301.224 261.188
307.734 288.386
358.748 69.576
381.212 86.691
264.218 -106.957
291.711 -107.61
71.137 -162.98
88.125 -184.918
-105.691 -65.485
-110.43 -93.28
-153.973 12.492
-166.216 47.324
-183.218 73.046
-174.49 92.367
-140.563 215.964
-125.188 249.517
-118.939 280.015
-100.048 288.011
13.06 350.02
47.38 363.567
73.263 380.91
92.237 373.988
215.157 336.576
249.104 322.18
279.619 316.089
288.225 297.873
349.102 184.901
362.583 150.628
379.083 124.212
371.513 105.497
337.158 -18.199
321.742 -51.614
314.034 -81.712
294.411 -88.502
185.215 -153.103
150.454 -165.434
123.846 -181.664
105.187 -173.614
-18.665 -141.087
-51.758 -124.778
-81.821 -118.046
-90.279 -99.412
