-31.757 328.83
169.142 353.268
328.561 228.124
352.63 27.422
228.299 -131.951
26.973 -156.275
-132.382 -31.315
-156.531 169.687
-50.154 326.081
154.191 364.312
325.556 246.494
363.717 42.414
246.742 -129.985
41.952 -167.257
-129.791 -49.708
-167.802 154.893
-156.026 195.201
-13.362 346.424
194.567 352.754
346.286 209.967
352.085 2.015
209.543 -149.541
1.55 -155.876
-149.935 -12.806
-163.313 129.541
-184.756 111.163
-63.606 304.687
-91.61 308.563
129.611 358.694
111.936 380.759
304.035 260.606
307.492 288.739
358.182 67.051
380.827 83.923
260.68 -109.115
288.957 -110.97
67.345 -162.54
84.74 -184.839
-108.669 -64.422
-111.265 -92.577
-158.556 11.981
-168.292 47.693
-183.709 74.341
-174.954 93.443
-144.628 218.8
-126.218 250.882
-117.927 280.564
-99.211 288.536
11.467 354.955
47.128 364.878
73.516 380.577
92.757 372.377
218.122 341.158
250.353 322.913
280.118 315.432
287.969 295.953
354.672 185.085
364.381 149.355
379.998 123.096
372.683 103.659
340.799 -21.71
322.482 -53.846
313.739 -83.483
294.601 -90.915
184.89 -158.389
149.102 -167.806
122.239 -182.891
103.314 -175.0
-22.04 -144.362
-54.219 -126.044
-83.95 -117.667
-91.41 -98.34
