-31.237 329.271
169.901 353.012
329.034 227.744
352.847 26.596
227.416 -132.567
26.248 -156.387
-132.797 -31.081
-156.656 170.165
-49.631 326.703
155.037 364.245
326.531 246.151
364.047 41.44
245.884 -129.974
41.061 -167.613
-130.222 -49.449
-167.898 155.378
-156.022 195.675
-12.792 346.878
195.404 352.46
346.626 209.241
352.296 1.113
208.951 -150.202
0.718 -155.819
-150.372 -12.621
-163.219 130.087
-185.14 112.15
-64.238 305.626
-92.355 308.423
129.786 359.704
111.862 381.573
305.353 260.726
308.162 288.875
359.502 66.685
381.351 84.623
260.541 -108.873
288.702 -111.647
66.322 -162.979
84.231 -184.889
-109.11 -64.03
-111.92 -92.168
-158.93 12.178
-168.467 47.944
-183.601 74.835
-175.274 93.817
-144.495 219.25
-125.972 251.304
-117.605 280.985
-98.363 288.555
12.008 355.413
47.752 364.97
74.627 380.044
93.57 371.789
219.014 340.981
251.042 322.415
280.748 314.107
288.265 294.833
355.162 184.435
364.746 148.694
379.825 121.826
371.569 102.897
340.792 -22.465
322.29 -54.521
313.957 -84.208
294.706 -91.771
184.127 -158.756
148.361 -168.268
121.483 -183.375
102.536 -175.068
-22.849 -144.269
-54.879 -125.758
-84.524 -117.408
-92.052 -98.158
