-31.245 329.269
169.95 353.117
329.024 227.734
352.869 26.52
227.483 -132.539
26.252 -156.352
-132.8 -31.075
-156.672 170.132
-49.649 326.738
155.112 364.299
326.486 246.138
364.066 41.371
245.92 -129.974
41.086 -167.622
-130.205 -49.462
-167.888 155.334
-156.003 195.646
-12.795 346.881
195.449 352.49
346.625 209.22
352.289 1.029
209.023 -150.174
0.737 -155.808
-150.379 -12.566
-163.226 130.05
-185.118 112.128
-64.215 305.581
-92.384 308.41
129.844 359.689
111.914 381.564
305.295 260.711
308.125 288.899
359.5 66.637
381.367 84.569
260.538 -108.857
288.688 -111.658
66.345 -163.005
84.263 -184.94
-109.075 -64.056
-111.897 -92.174
-158.934 12.247
-168.465 48.014
-183.578 74.896
-175.285 93.842
-144.51 219.237
-125.965 251.273
-117.668 280.985
-98.371 288.51
12.009 355.391
47.764 364.939
74.657 380.02
93.609 371.751
219.038 341.026
251.04 322.469
280.724 314.163
288.234 294.887
355.154 184.399
364.725 148.653
379.823 121.784
371.557 102.848
340.787 -22.535
322.279 -54.565
313.925 -84.23
294.69 -91.783
184.2 -158.735
148.416 -168.255
121.532 -183.401
102.567 -175.084
-22.817 -144.269
-54.845 -125.745
-84.506 -117.409
-92.044 -98.184
