-29.886 321.402
163.798 346.183
318.954 228.333
346.769 33.94
228.896 -123.997
32.441 -151.361
-125.475 -30.7
-150.508 165.439
-48.397 320.826
150.258 359.101
318.51 247.072
360.156 47.144
247.558 -124.447
46.135 -163.903
-124.356 -49.231
-162.783 151.578
-148.958 191.104
-10.222 337.965
189.41 344.429
335.969 209.069
344.919 8.203
209.118 -140.716
6.728 -149.784
-142.543 -11.515
-161.937 125.188
-184.206 108.978
-64.523 301.273
-91.988 307.882
126.207 355.438
113.166 379.856
298.935 261.284
306.731 287.787
357.227 71.214
380.447 87.197
264.143 -105.798
291.836 -106.921
72.149 -162.763
89.344 -184.245
-104.669 -66.031
-109.654 -93.671
-152.873 12.502
-165.652 47.114
-182.972 72.621
-174.377 92.002
-139.536 215.488
-124.736 249.298
-118.862 279.951
-100.183 288.129
13.483 348.967
47.535 363.128
73.143 380.844
92.137 374.246
214.076 335.813
248.3 322.114
278.958 316.687
287.856 298.653
347.599 185.674
361.844 151.72
379.03 125.694
371.858 106.876
336.668 -16.594
322.0 -50.31
314.613 -80.543
295.175 -87.54
185.548 -151.912
151.028 -164.797
124.553 -181.231
105.827 -172.847
-17.691 -140.47
-51.034 -124.75
-81.231 -117.985
-89.457 -99.367
