-31.218 329.308
169.87 353.256
329.017 227.772
352.861 26.596
227.339 -132.568
26.377 -156.342
-132.721 -31.094
-156.641 170.129
-49.636 326.705
155.15 364.519
326.476 246.185
364.191 41.318
245.741 -129.872
41.21 -167.561
-130.194 -49.478
-167.89 155.298
-156.043 195.662
-12.708 346.877
195.345 352.511
346.554 209.253
352.108 1.027
209.008 -150.201
0.862 -155.76
-150.316 -12.636
-163.212 130.031
-185.072 112.017
-64.456 305.623
-92.561 308.424
130.151 359.679
112.075 381.461
305.31 261.066
308.06 289.2
359.326 66.296
381.246 84.239
260.525 -108.724
288.588 -111.694
66.46 -162.978
84.368 -184.887
-109.056 -64.023
-111.876 -92.197
-158.876 12.171
-168.455 47.939
-183.653 74.77
-175.267 93.767
-144.497 219.249
-125.983 251.317
-117.384 281.039
-98.258 288.432
12.097 355.402
47.853 364.905
74.539 380.126
93.659 371.909
218.936 341.069
250.97 322.536
280.685 314.183
288.145 294.846
355.078 184.421
364.657 148.656
379.911 122.043
371.877 102.839
340.709 -22.616
322.075 -54.616
313.934 -84.253
294.635 -91.938
184.195 -158.632
148.482 -168.249
121.55 -183.281
102.683 -175.04
-22.737 -144.313
-54.752 -125.747
-84.459 -117.47
-91.98 -98.189
