-25.808 311.77
157.194 337.379
306.55 229.465
339.191 45.84
229.946 -110.91
40.075 -142.58
-115.38 -27.963
-140.961 163.101
-44.779 311.493
143.033 349.783
304.644 248.119
351.239 60.326
249.101 -110.6
53.141 -156.691
-115.455 -46.8
-154.287 149.787
-139.361 188.711
-7.017 329.093
182.749 337.141
324.864 211.649
339.642 20.277
211.758 -129.036
14.252 -142.05
-132.759 -8.892
-152.501 124.927
-177.691 112.601
-58.856 292.253
-82.049 303.92
119.248 345.223
113.754 369.282
284.123 261.727
297.501 282.577
346.723 84.56
371.593 92.235
264.407 -91.604
291.095 -99.718
78.063 -156.437
95.021 -178.56
-97.359 -65.353
-102.624 -92.508
-145.022 14.116
-160.593 47.492
-179.314 72.465
-172.14 91.735
-131.36 213.521
-118.901 248.171
-114.444 279.099
-96.692 288.225
16.123 341.071
49.145 357.372
73.41 376.878
92.798 371.321
207.709 329.636
242.886 318.68
273.997 316.406
284.157 298.859
337.728 188.975
355.51 156.706
376.12 133.121
370.923 113.638
333.237 -4.989
322.889 -40.31
319.306 -71.554
301.296 -80.564
189.382 -142.427
156.562 -158.922
131.896 -177.685
112.376 -169.267
-10.87 -135.091
-45.601 -122.894
-76.561 -118.284
-83.745 -98.413
