-31.035 329.121
169.596 353.04
328.347 228.025
352.885 27.33
227.805 -132.043
26.818 -156.388
-132.505 -31.106
-156.424 169.974
-49.393 326.39
154.868 364.405
326.149 246.54
364.535 41.763
246.206 -129.375
41.577 -167.734
-129.935 -49.532
-167.82 155.249
-155.795 195.579
-12.632 346.79
195.137 352.2
345.882 209.41
351.939 1.674
209.478 -149.797
1.255 -155.741
-150.139 -12.631
-162.892 130.313
-184.821 112.338
-64.863 305.351
-92.847 308.548
130.678 358.687
113.34 380.944
305.065 259.448
308.524 287.45
359.266 66.032
381.003 84.163
261.438 -108.328
289.439 -110.237
66.657 -163.012
85.072 -184.497
-108.819 -64.068
-111.628 -92.214
-158.788 12.149
-168.346 47.9
-183.33 74.933
-175.105 93.736
-144.353 219.196
-125.651 251.129
-116.91 280.715
-97.978 288.349
12.149 355.397
47.928 364.831
74.601 380.024
93.664 372.475
218.855 340.927
250.894 322.427
280.424 314.458
288.71 295.549
354.796 184.73
364.402 149.034
379.125 122.048
371.468 103.146
340.643 -21.965
322.237 -54.074
313.939 -83.883
294.242 -90.788
184.72 -158.469
148.938 -167.972
122.251 -183.247
103.143 -174.784
-22.333 -144.28
-54.385 -125.777
-84.056 -117.47
-91.729 -98.31
