-31.098 329.312
170.0 353.104
328.998 227.578
352.839 26.675
227.329 -132.643
26.341 -156.375
-132.761 -31.037
-156.623 170.185
-49.488 326.716
155.231 364.459
326.334 246.026
364.084 41.503
245.749 -129.91
41.194 -167.576
-130.222 -49.492
-167.854 155.353
-155.962 195.704
-12.635 346.888
195.531 352.425
346.648 209.214
352.215 1.159
209.036 -150.277
0.833 -155.796
-150.408 -12.555
-163.265 130.123
-185.089 112.135
-64.235 305.517
-92.355 308.534
129.993 359.866
111.913 381.63
305.245 261.237
308.086 289.314
359.449 66.634
381.346 84.499
260.573 -108.7
288.699 -111.582
66.488 -163.027
84.393 -184.901
-109.062 -64.077
-111.891 -92.233
-158.894 12.285
-168.47 48.04
-183.6 74.865
-175.323 93.867
-144.492 219.323
-125.968 251.388
-117.435 281.148
-98.2 288.537
12.2 355.376
47.958 364.901
74.816 379.979
93.769 371.664
219.119 340.964
251.157 322.496
280.856 313.879
288.123 294.62
355.204 184.404
364.756 148.667
379.924 122.06
371.837 102.914
340.732 -22.468
322.201 -54.539
313.99 -84.246
294.584 -91.799
184.181 -158.66
148.461 -168.279
121.552 -183.36
102.679 -175.096
-22.746 -144.283
-54.779 -125.743
-84.464 -117.43
-92.002 -98.194
