1.207 247.643
132.874 272.138
243.521 199.545
273.939 70.992
206.439 -44.666
71.609 -80.195
-50.64 -3.363
-77.211 135.442
-17.896 243.681
116.361 282.857
239.176 218.834
284.129 87.997
225.363 -39.062
89.043 -88.804
-45.429 -22.003
-87.842 119.211
-85.126 160.218
12.497 271.1
157.15 281.547
267.649 189.746
284.808 47.332
197.876 -69.238
47.795 -90.399
-73.884 8.011
-91.941 91.466
-105.37 106.194
-41.656 228.547
-38.073 248.145
89.01 289.657
105.885 300.264
224.536 242.918
243.98 238.556
290.174 115.522
301.332 98.968
248.593 -23.098
245.817 -43.691
116.886 -93.132
100.423 -108.995
-28.142 -44.216
-50.495 -45.603
-90.761 27.481
-107.69 59.789
-127.866 79.068
-122.684 99.933
-83.545 185.76
-71.953 220.323
-72.211 247.989
-53.54 258.132
30.869 288.86
63.231 305.228
82.575 324.534
102.789 318.417
182.727 282.272
217.245 271.787
244.28 271.982
254.579 253.613
286.718 172.744
304.518 141.353
324.286 123.112
319.367 102.67
286.186 21.923
277.126 -13.229
279.462 -40.091
262.125 -52.239
180.368 -87.549
148.882 -106.069
131.281 -127.389
109.814 -124.834
22.197 -89.483
-13.082 -79.814
-41.475 -81.32
-54.107 -63.658
