49.842 181.514
121.25 191.279
179.066 149.15
191.892 78.635
151.501 17.827
77.808 3.06
14.638 48.183
4.827 123.674
28.182 183.099
106.906 207.576
180.27 170.821
207.842 93.347
173.19 17.532
93.333 -12.055
14.471 26.494
-11.34 109.173
-13.875 141.646
50.128 207.489
139.562 209.747
205.067 149.779
211.21 61.237
154.192 -8.0
62.645 -17.996
-11.156 45.279
-30.767 88.895
-32.927 108.739
0.092 183.127
12.999 198.311
86.861 227.209
106.68 229.288
179.629 198.842
195.401 186.659
226.968 113.833
229.752 94.098
201.188 18.968
189.426 2.875
114.35 -30.627
94.508 -34.051
16.174 -1.48
-0.119 10.069
-34.83 52.142
-46.884 78.711
-56.763 96.112
-50.608 113.869
-27.489 162.973
-18.679 188.458
-12.504 206.947
4.599 214.694
54.046 232.897
76.288 245.284
94.184 253.943
111.911 246.939
159.903 225.654
184.371 219.734
203.676 213.403
211.372 195.815
230.709 146.903
244.415 125.382
254.162 107.472
247.58 89.503
226.781 40.858
220.754 15.163
215.773 -4.11
199.005 -12.847
149.373 -32.678
124.853 -46.235
108.749 -56.515
90.65 -52.053
41.416 -30.036
13.136 -20.336
-6.491 -16.182
-15.68 0.23
