-31.03 329.24
169.972 353.007
328.867 227.578
352.709 26.587
227.612 -132.37
26.411 -156.293
-132.641 -30.951
-156.505 170.064
-49.462 326.534
155.096 364.214
326.024 246.022
363.664 41.541
246.107 -130.16
41.187 -167.622
-130.136 -49.376
-167.741 155.234
-155.974 195.597
-12.671 346.892
195.459 352.373
346.616 209.349
352.141 1.24
209.02 -150.063
0.848 -155.718
-150.282 -12.546
-163.054 130.087
-184.955 112.152
-63.617 305.192
-91.77 308.588
129.577 359.94
111.401 381.49
304.909 261.673
307.657 289.615
359.016 66.931
381.175 84.49
260.521 -109.177
288.746 -111.449
66.373 -163.027
84.438 -184.8
-109.058 -64.022
-111.786 -92.163
-158.832 12.21
-168.502 47.917
-183.599 74.842
-175.282 93.74
-144.551 219.215
-125.985 251.248
-117.835 280.947
-98.655 288.699
12.191 355.282
47.903 364.934
74.689 380.131
93.665 371.53
219.036 340.874
251.119 322.446
280.901 314.015
287.977 294.505
355.138 184.497
364.748 148.737
380.062 122.208
371.867 102.961
340.558 -22.296
322.195 -54.42
313.688 -84.21
294.428 -91.487
184.239 -158.71
148.447 -168.246
121.491 -183.296
102.642 -174.917
-22.744 -144.26
-54.77 -125.72
-84.419 -117.37
-91.958 -98.129
