-31.152 329.3
170.002 352.876
329.004 227.701
352.807 26.512
227.576 -132.45
26.293 -156.387
-132.75 -30.969
-156.541 170.178
-49.615 326.807
155.078 364.062
326.472 246.136
363.905 41.493
246.028 -130.147
41.103 -167.603
-130.264 -49.368
-167.749 155.333
-156.021 195.706
-12.662 346.931
195.54 352.518
346.714 209.297
352.39 1.051
208.928 -150.05
0.756 -155.726
-150.347 -12.542
-163.098 130.025
-185.071 112.152
-63.921 305.678
-92.125 308.285
129.44 359.862
111.774 381.889
305.399 260.607
308.307 288.733
359.648 67.169
381.442 85.068
260.355 -109.114
288.57 -111.761
66.325 -163.009
84.259 -184.873
-109.147 -63.922
-111.986 -92.089
-158.917 12.225
-168.472 47.963
-183.561 74.901
-175.231 93.818
-144.452 219.25
-125.92 251.282
-117.913 280.912
-98.532 288.617
12.139 355.482
47.91 364.965
75.109 379.833
93.753 371.477
219.09 340.948
251.1 322.358
280.821 313.856
288.303 294.774
355.24 184.495
364.742 148.713
379.687 121.502
371.056 102.869
340.765 -22.497
322.274 -54.563
313.721 -84.235
294.629 -91.749
184.192 -158.764
148.422 -168.253
121.456 -183.244
102.599 -175.025
-22.854 -144.265
-54.852 -125.665
-84.538 -117.329
-92.068 -98.057
