-31.293 329.28
169.951 352.977
329.013 227.793
352.792 26.509
227.472 -132.569
26.375 -156.418
-132.791 -31.053
-156.71 170.189
-49.666 326.7
155.096 364.285
326.524 246.195
364.054 41.376
245.895 -130.042
41.217 -167.646
-130.218 -49.474
-167.896 155.365
-156.072 195.689
-12.808 346.863
195.488 352.499
346.616 209.322
352.253 0.989
209.032 -150.223
0.85 -155.827
-150.411 -12.57
-163.247 130.087
-185.185 112.194
-64.268 305.608
-92.402 308.393
129.846 359.701
111.939 381.625
305.352 260.759
308.153 288.886
359.489 66.658
381.371 84.6
260.482 -108.882
288.639 -111.721
66.488 -163.031
84.402 -184.937
-109.118 -64.093
-111.889 -92.244
-158.968 12.261
-168.489 48.054
-183.64 74.949
-175.311 93.909
-144.545 219.243
-126.012 251.275
-117.657 280.951
-98.417 288.516
12.025 355.415
47.814 364.957
74.701 380.082
93.651 371.774
219.086 340.958
251.131 322.433
280.77 314.089
288.3 294.876
355.147 184.521
364.756 148.776
379.817 121.872
371.575 102.911
340.745 -22.595
322.197 -54.617
313.882 -84.312
294.618 -91.841
184.218 -158.724
148.477 -168.297
121.614 -183.408
102.68 -175.104
-22.732 -144.314
-54.792 -125.822
-84.469 -117.492
-92.034 -98.25
