-31.121 329.324
169.933 353.012
328.927 227.7
352.9 26.517
227.633 -132.536
26.351 -156.403
-132.779 -31.077
-156.659 170.063
-49.545 326.717
155.04 364.162
326.483 246.19
363.981 41.434
246.041 -129.971
41.222 -167.629
-130.213 -49.486
-167.902 155.23
-156.063 195.603
-12.658 346.96
195.416 352.554
346.648 209.307
352.309 1.062
209.15 -150.116
0.813 -155.835
-150.376 -12.609
-163.26 129.974
-185.174 112.067
-64.131 305.574
-92.276 308.402
129.67 359.703
111.889 381.629
305.366 260.455
308.202 288.655
359.516 66.903
381.376 84.787
260.599 -108.886
288.732 -111.565
66.518 -163.013
84.426 -184.959
-109.119 -64.105
-111.889 -92.223
-158.927 12.193
-168.432 47.967
-183.567 74.824
-175.302 93.776
-144.514 219.199
-125.962 251.272
-117.792 280.941
-98.49 288.623
12.162 355.515
47.912 365.065
74.836 380.113
93.682 371.777
218.986 341.058
251.001 322.477
280.69 314.365
288.372 295.049
355.195 184.502
364.782 148.749
379.704 121.646
371.29 102.883
340.767 -22.493
322.291 -54.55
313.826 -84.278
294.616 -91.667
184.347 -158.682
148.596 -168.273
121.653 -183.376
102.739 -175.06
-22.768 -144.309
-54.804 -125.777
-84.476 -117.426
-92.03 -98.218
