-31.321 329.264
169.903 353.106
329.015 227.633
352.885 26.478
227.48 -132.513
26.411 -156.431
-132.801 -31.079
-156.587 170.22
-49.711 326.719
155.04 364.314
326.454 246.076
364.075 41.32
245.921 -129.978
41.196 -167.644
-130.254 -49.505
-167.835 155.445
-156.014 195.691
-12.854 346.88
195.41 352.504
346.649 209.166
352.268 0.979
209.037 -150.165
0.916 -155.885
-150.411 -12.55
-163.225 130.171
-185.164 112.251
-64.26 305.55
-92.406 308.384
129.767 359.745
111.823 381.603
305.331 260.702
308.153 288.866
359.524 66.583
381.367 84.491
260.523 -108.854
288.682 -111.67
66.433 -163.01
84.34 -184.888
-109.06 -64.093
-111.857 -92.258
-158.964 12.282
-168.503 48.067
-183.627 74.968
-175.316 93.937
-144.505 219.258
-125.949 251.286
-117.628 280.979
-98.367 288.502
11.948 355.404
47.689 364.973
74.572 380.053
93.524 371.803
219.033 341.018
251.067 322.444
280.761 314.129
288.284 294.863
355.187 184.348
364.729 148.586
379.824 121.705
371.579 102.779
340.777 -22.602
322.227 -54.616
313.916 -84.287
294.664 -91.802
184.211 -158.683
148.445 -168.254
121.558 -183.332
102.623 -175.07
-22.649 -144.354
-54.742 -125.885
-84.418 -117.536
-92.0 -98.283
