-31.188 329.284
169.902 353.022
328.953 227.651
352.82 26.582
227.457 -132.483
26.335 -156.424
-132.738 -31.037
-156.617 170.234
-49.594 326.745
155.05 364.246
326.425 246.119
364.046 41.452
245.934 -129.97
41.12 -167.604
-130.188 -49.511
-167.849 155.392
-155.984 195.767
-12.73 346.875
195.386 352.475
346.63 209.273
352.266 1.058
209.035 -150.157
0.864 -155.823
-150.395 -12.569
-163.249 130.106
-185.139 112.161
-64.173 305.646
-92.31 308.513
129.816 359.703
111.897 381.577
305.328 260.738
308.162 288.89
359.494 66.709
381.356 84.607
260.526 -108.829
288.706 -111.68
66.353 -163.008
84.266 -184.871
-109.028 -64.137
-111.825 -92.325
-158.908 12.263
-168.509 48.02
-183.594 74.913
-175.328 93.867
-144.477 219.36
-125.883 251.366
-117.562 281.081
-98.262 288.606
12.064 355.42
47.823 364.943
74.691 380.054
93.624 371.755
218.994 341.004
251.019 322.436
280.728 314.12
288.262 294.846
355.156 184.47
364.703 148.72
379.803 121.839
371.554 102.903
340.763 -22.544
322.224 -54.575
313.929 -84.268
294.665 -91.785
184.203 -158.676
148.43 -168.247
121.525 -183.329
102.566 -175.066
-22.682 -144.343
-54.699 -125.829
-84.399 -117.563
-91.912 -98.287
