-31.252 329.19
169.904 353.144
329.059 227.701
352.791 26.454
227.413 -132.545
26.375 -156.443
-132.741 -31.072
-156.653 170.138
-49.693 326.628
155.085 364.378
326.467 246.121
364.071 41.296
245.862 -130.022
41.201 -167.615
-130.192 -49.515
-167.852 155.338
-156.068 195.651
-12.814 346.84
195.437 352.53
346.65 209.228
352.258 0.908
208.988 -150.207
0.884 -155.81
-150.398 -12.607
-163.235 130.079
-185.109 112.166
-64.322 305.549
-92.449 308.349
129.796 359.706
111.881 381.636
305.376 260.757
308.163 288.902
359.455 66.557
381.372 84.471
260.458 -108.9
288.617 -111.752
66.449 -163.005
84.348 -184.878
-109.03 -64.106
-111.844 -92.281
-158.922 12.236
-168.483 48.003
-183.566 74.897
-175.315 93.852
-144.532 219.223
-126.038 251.283
-117.691 280.949
-98.452 288.499
12.005 355.402
47.779 364.947
74.655 380.084
93.601 371.768
219.02 341.007
251.076 322.482
280.752 314.147
288.306 294.914
355.195 184.407
364.732 148.63
379.835 121.732
371.539 102.773
340.711 -22.679
322.159 -54.705
313.841 -84.367
294.585 -91.865
184.166 -158.708
148.425 -168.27
121.563 -183.344
102.632 -175.091
-22.695 -144.338
-54.715 -125.807
-84.417 -117.531
-91.946 -98.257
