-31.196 329.304
169.927 352.987
329.018 227.687
352.839 26.492
227.431 -132.561
26.401 -156.407
-132.797 -31.084
-156.649 170.202
-49.609 326.78
155.019 364.262
326.517 246.129
364.059 41.346
245.835 -130.053
41.255 -167.632
-130.264 -49.496
-167.847 155.35
-156.021 195.709
-12.755 346.921
195.446 352.484
346.657 209.256
352.234 0.991
209.026 -150.193
0.876 -155.811
-150.41 -12.591
-163.27 130.072
-185.142 112.136
-64.185 305.602
-92.358 308.425
129.74 359.732
111.796 381.605
305.351 260.692
308.196 288.873
359.48 66.62
381.372 84.558
260.42 -108.906
288.582 -111.726
66.522 -163.022
84.435 -184.924
-109.079 -64.058
-111.911 -92.192
-158.945 12.217
-168.513 47.967
-183.595 74.86
-175.35 93.822
-144.526 219.29
-125.96 251.301
-117.632 280.989
-98.356 288.523
12.023 355.457
47.75 364.99
74.592 380.094
93.518 371.821
219.049 340.969
251.088 322.421
280.778 314.1
288.302 294.838
355.184 184.439
364.747 148.678
379.839 121.797
371.563 102.848
340.756 -22.607
322.165 -54.611
313.846 -84.307
294.57 -91.833
184.228 -158.71
148.478 -168.264
121.611 -183.382
102.691 -175.084
-22.742 -144.322
-54.791 -125.737
-84.517 -117.444
-92.027 -98.157
