-31.332 329.264
169.936 353.14
329.058 227.697
352.901 26.504
227.412 -132.532
26.285 -156.48
-132.796 -31.087
-156.719 170.065
-49.72 326.695
155.142 364.363
326.514 246.14
364.109 41.342
245.892 -130.02
41.115 -167.661
-130.266 -49.475
-167.945 155.267
-156.056 195.585
-12.847 346.855
195.442 352.483
346.697 209.223
352.29 0.99
209.005 -150.225
0.778 -155.839
-150.379 -12.608
-163.268 129.99
-185.134 112.075
-64.3 305.541
-92.469 308.389
129.873 359.718
111.931 381.599
305.353 260.745
308.176 288.926
359.532 66.602
381.403 84.522
260.49 -108.904
288.654 -111.738
66.372 -163.046
84.287 -184.913
-109.115 -64.042
-111.945 -92.205
-158.892 12.193
-168.478 47.922
-183.558 74.809
-175.33 93.774
-144.564 219.196
-126.018 251.258
-117.732 280.986
-98.433 288.494
11.975 355.357
47.729 364.957
74.627 380.026
93.594 371.789
219.012 340.985
251.034 322.437
280.74 314.141
288.259 294.87
355.216 184.399
364.769 148.644
379.852 121.761
371.606 102.822
340.771 -22.603
322.208 -54.633
313.88 -84.32
294.615 -91.836
184.179 -158.73
148.423 -168.293
121.529 -183.371
102.583 -175.11
-22.798 -144.356
-54.806 -125.789
-84.511 -117.483
-92.042 -98.197
