-20.606 295.736
148.991 322.77
289.898 225.998
325.6 57.522
230.452 -91.651
51.168 -127.761
-99.28 -21.224
-125.434 156.155
-39.521 294.066
133.914 333.746
286.171 244.179
335.595 73.284
249.159 -88.137
66.003 -140.6
-99.371 -40.923
-138.746 142.107
-126.018 181.638
-3.28 314.536
174.564 324.574
309.769 209.827
328.771 32.182
214.869 -111.699
25.855 -130.402
-118.306 -4.149
-135.509 118.409
-159.396 114.697
-54.33 274.024
-69.277 290.176
108.305 329.74
111.448 350.933
264.715 259.463
282.299 272.107
331.016 99.266
353.58 97.004
264.716 -67.199
283.407 -83.835
91.131 -138.828
98.675 -165.023
-81.272 -57.033
-92.549 -82.025
-131.703 18.191
-148.938 50.685
-168.419 75.214
-162.656 94.291
-118.982 206.717
-107.905 241.81
-105.462 272.671
-87.622 282.854
19.422 327.311
51.844 344.787
74.374 365.968
94.614 360.669
199.761 317.995
235.327 308.408
266.321 308.871
277.347 290.943
323.547 187.726
343.034 156.467
366.014 135.45
361.755 114.971
323.605 6.648
316.274 -29.45
317.197 -60.876
300.21 -72.095
193.377 -126.402
162.624 -146.633
140.135 -168.568
120.259 -163.268
0.339 -125.186
-35.235 -115.941
-66.03 -114.822
-76.048 -96.083
