9.767 235.823
131.009 257.578
232.145 190.218
259.177 71.97
196.504 -33.684
73.162 -65.684
-38.793 4.521
-63.156 132.637
-10.11 232.605
114.544 269.499
228.718 210.302
270.529 88.915
216.235 -28.89
90.733 -75.3
-33.788 -14.608
-74.368 116.28
-73.103 156.706
19.074 260.145
154.478 268.874
256.931 182.228
271.79 49.187
189.953 -58.888
50.311 -78.141
-63.061 13.875
-81.744 89.092
-92.243 106.031
-35.55 220.467
-29.04 239.3
88.206 279.544
106.389 287.756
217.034 235.953
235.765 229.036
279.797 115.535
288.599 97.575
241.158 -15.73
235.376 -35.381
117.909 -82.645
99.521 -94.961
-19.017 -38.611
-40.705 -35.566
-81.288 31.674
-97.183 64.018
-115.792 82.797
-110.411 103.053
-74.083 182.034
-62.015 215.757
-61.123 241.872
-42.815 251.511
35.253 279.78
66.957 295.3
86.151 312.394
105.778 306.159
179.758 272.526
213.09 262.057
238.489 260.68
248.234 242.583
277.755 167.513
294.663 136.908
312.146 118.646
306.97 98.809
275.839 24.175
266.388 -9.908
267.107 -35.1
250.031 -46.525
174.442 -78.566
143.015 -95.944
126.105 -115.137
105.234 -112.464
25.135 -79.316
-9.445 -68.62
-35.981 -69.709
-48.334 -52.323
