-27.072 315.159
159.319 340.418
310.553 229.441
341.805 42.031
229.303 -115.546
37.592 -145.958
-118.943 -29.489
-144.482 163.999
-45.953 314.983
145.394 353.085
309.165 248.161
354.389 56.077
248.384 -115.889
50.617 -159.615
-118.457 -47.934
-157.41 150.641
-142.525 189.642
-7.958 332.172
184.883 339.691
328.464 211.186
341.491 16.405
210.474 -133.152
11.744 -144.627
-135.941 -10.029
-156.171 125.04
-180.711 111.137
-60.449 295.766
-85.438 305.989
121.758 348.719
113.918 373.163
288.982 261.742
300.873 284.553
350.301 80.072
375.103 90.522
264.04 -97.311
291.704 -102.766
76.019 -159.371
93.54 -180.545
-99.764 -66.523
-105.012 -93.54
-147.713 13.258
-162.543 46.995
-180.953 72.047
-173.258 91.432
-134.175 214.352
-121.197 248.828
-116.327 279.714
-98.387 288.562
15.308 343.929
48.585 359.711
73.263 378.714
92.497 372.933
209.766 331.911
244.724 320.286
275.746 317.128
285.571 299.521
341.01 188.332
357.907 155.602
377.55 131.243
371.858 111.974
334.617 -8.752
322.947 -43.634
317.96 -74.594
299.457 -82.886
187.749 -145.971
154.327 -161.22
128.953 -179.029
109.719 -170.194
-13.221 -137.063
-47.616 -123.88
-78.48 -118.132
-85.58 -98.639
