46.651 186.018
122.147 196.678
183.466 152.378
197.322 77.907
154.916 13.523
77.201 -2.384
10.312 44.757
-0.661 124.54
24.968 187.145
107.468 212.684
184.228 174.085
212.976 92.964
176.632 13.688
93.072 -17.197
10.615 23.042
-16.484 109.677
-18.747 143.117
47.79 211.96
141.031 214.556
209.469 152.214
216.13 59.965
156.909 -12.358
61.429 -22.978
-15.566 42.764
-35.207 88.691
-37.695 108.508
-3.153 186.314
9.621 201.609
86.828 231.764
106.629 234.002
182.762 202.129
198.651 190.098
231.506 114.061
234.508 94.358
204.621 15.993
193.072 -0.263
114.718 -35.097
94.896 -38.903
13.315 -4.901
-3.255 6.335
-38.91 50.559
-51.132 77.935
-61.562 95.466
-55.461 113.337
-31.403 164.947
-21.981 191.2
-16.04 210.106
1.081 217.918
52.758 237.138
75.962 249.629
93.936 258.639
111.719 251.694
161.975 229.607
187.178 223.125
206.734 216.988
214.533 199.407
234.943 148.34
248.788 125.925
258.857 108.004
252.385 89.962
230.85 39.027
224.285 12.581
219.583 -6.941
202.868 -15.849
151.157 -36.752
125.756 -50.497
109.644 -61.269
91.421 -56.983
39.816 -34.155
10.858 -24.026
-9.179 -20.257
-18.585 -3.861
