-31.141 329.239
169.934 353.053
328.965 227.84
352.879 26.572
227.466 -132.592
26.397 -156.397
-132.737 -31.038
-156.58 170.169
-49.583 326.655
155.049 364.246
326.505 246.297
364.047 41.453
245.92 -129.998
41.181 -167.619
-130.203 -49.453
-167.829 155.338
-156.024 195.676
-12.752 346.885
195.415 352.52
346.614 209.343
352.321 1.101
209.041 -150.219
0.891 -155.829
-150.381 -12.599
-163.233 130.065
-185.111 112.083
-64.256 305.576
-92.396 308.41
129.794 359.647
111.902 381.562
305.345 260.635
308.155 288.821
359.45 66.746
381.337 84.666
260.571 -108.83
288.761 -111.622
66.369 -163.037
84.282 -184.88
-109.064 -64.029
-111.891 -92.163
-158.925 12.193
-168.48 47.94
-183.624 74.809
-175.3 93.787
-144.479 219.232
-125.986 251.297
-117.703 280.948
-98.458 288.566
12.023 355.427
47.754 364.984
74.528 380.139
93.552 371.899
218.983 340.998
250.978 322.424
280.616 314.304
288.311 295.045
355.174 184.528
364.748 148.768
379.813 121.826
371.467 102.93
340.84 -22.479
322.327 -54.505
313.959 -84.215
294.665 -91.691
184.199 -158.674
148.443 -168.289
121.54 -183.37
102.568 -175.117
-22.705 -144.314
-54.761 -125.768
-84.457 -117.423
-92.007 -98.163
