-31.248 329.175
169.92 353.041
328.997 227.871
352.903 26.611
227.561 -132.488
26.389 -156.474
-132.791 -31.069
-156.578 170.137
-49.716 326.668
154.998 364.18
326.506 246.248
364.021 41.507
246.031 -130.024
41.217 -167.679
-130.248 -49.498
-167.834 155.304
-156.019 195.653
-12.887 346.913
195.413 352.559
346.579 209.353
352.349 1.135
209.104 -150.153
0.869 -155.849
-150.438 -12.617
-163.285 130.084
-185.172 112.196
-64.235 305.544
-92.394 308.393
129.667 359.621
111.855 381.58
305.393 260.406
308.172 288.581
359.491 66.888
381.376 84.76
260.53 -108.92
288.71 -111.619
66.528 -163.018
84.434 -184.903
-109.1 -64.072
-111.923 -92.233
-158.952 12.213
-168.507 47.974
-183.559 74.877
-175.371 93.85
-144.504 219.236
-125.953 251.249
-117.845 280.898
-98.547 288.583
11.937 355.433
47.678 365.047
74.549 380.157
93.508 371.862
218.986 341.023
250.996 322.434
280.649 314.399
288.389 295.087
355.177 184.556
364.729 148.771
379.741 121.675
371.3 102.9
340.821 -22.439
322.316 -54.494
313.845 -84.249
294.625 -91.656
184.301 -158.691
148.557 -168.311
121.615 -183.352
102.71 -175.071
-22.715 -144.345
-54.752 -125.796
-84.47 -117.482
-92.01 -98.197
