-31.278 329.27
169.906 353.032
329.082 227.723
352.84 26.574
227.553 -132.557
26.352 -156.47
-132.868 -31.025
-156.573 170.186
-49.724 326.687
155.054 364.306
326.512 246.125
364.103 41.41
245.963 -129.972
41.15 -167.683
-130.275 -49.402
-167.834 155.36
-156.038 195.696
-12.813 346.885
195.432 352.534
346.663 209.204
352.358 1.077
209.047 -150.142
0.843 -155.821
-150.445 -12.541
-163.232 130.1
-185.142 112.18
-64.338 305.584
-92.475 308.349
129.785 359.73
111.872 381.645
305.404 260.71
308.207 288.834
359.501 66.681
381.386 84.581
260.557 -108.854
288.708 -111.643
66.419 -163.018
84.327 -184.928
-109.173 -64.018
-111.959 -92.15
-159.007 12.257
-168.512 48.027
-183.63 74.915
-175.318 93.876
-144.52 219.254
-126.033 251.299
-117.7 280.953
-98.469 288.508
12.0 355.437
47.763 364.968
74.631 380.105
93.589 371.8
219.001 340.986
251.04 322.453
280.712 314.105
288.311 294.899
355.218 184.399
364.729 148.627
379.833 121.731
371.523 102.814
340.823 -22.483
322.32 -54.537
313.99 -84.215
294.738 -91.781
184.228 -158.709
148.449 -168.248
121.556 -183.382
102.608 -175.072
-22.728 -144.296
-54.792 -125.779
-84.492 -117.418
-92.07 -98.162
