-30.712 325.043
167.127 349.66
324.673 227.498
350.313 29.563
228.48 -128.593
29.063 -154.261
-129.525 -31.177
-153.678 167.813
-49.227 323.722
153.52 362.307
324.317 246.039
363.387 42.71
247.049 -127.787
43.495 -165.973
-127.888 -49.648
-165.649 153.601
-152.454 193.453
-11.475 342.051
192.803 347.519
341.126 207.613
347.764 3.802
209.065 -145.586
3.6 -153.063
-146.469 -12.063
-163.146 127.661
-184.924 110.198
-66.669 304.114
-94.149 307.765
128.399 359.522
111.847 382.458
304.744 261.341
308.685 289.341
360.994 67.638
381.916 86.292
264.014 -108.362
291.292 -108.939
69.239 -162.827
85.869 -185.574
-107.474 -64.716
-111.173 -92.727
-155.778 12.414
-167.12 47.595
-183.425 73.855
-174.767 93.016
-141.933 217.435
-125.167 250.382
-118.099 280.552
-98.705 288.145
12.738 352.047
47.676 364.082
74.1 380.51
92.997 372.848
217.145 337.819
250.442 321.886
280.608 314.483
288.532 295.824
351.683 183.656
363.564 148.765
379.0 121.759
370.57 103.17
338.078 -20.501
321.437 -53.39
313.493 -83.294
293.732 -90.086
184.756 -155.225
149.524 -166.366
122.917 -182.41
104.17 -175.004
-20.178 -142.071
-52.943 -124.987
-82.909 -118.194
-91.291 -99.264
