-31.235 329.242
169.965 352.989
329.047 227.667
352.929 26.626
227.464 -132.523
26.385 -156.392
-132.809 -31.02
-156.637 170.211
-49.654 326.716
155.105 364.225
326.476 246.092
364.088 41.452
245.918 -129.992
41.194 -167.66
-130.22 -49.471
-167.842 155.358
-155.988 195.754
-12.795 346.877
195.462 352.43
346.622 209.25
352.276 1.126
209.012 -150.187
0.861 -155.853
-150.415 -12.541
-163.232 130.074
-185.095 112.158
-64.225 305.575
-92.383 308.44
129.85 359.684
111.922 381.571
305.371 260.736
308.143 288.857
359.471 66.716
381.345 84.638
260.517 -108.839
288.689 -111.657
66.426 -163.008
84.303 -184.91
-109.125 -64.116
-111.889 -92.257
-158.971 12.281
-168.494 48.07
-183.581 74.966
-175.308 93.898
-144.47 219.345
-125.91 251.366
-117.596 281.044
-98.336 288.554
12.018 355.396
47.772 364.961
74.657 380.047
93.613 371.787
219.057 340.934
251.093 322.384
280.774 314.069
288.304 294.854
355.173 184.494
364.698 148.751
379.805 121.88
371.526 102.929
340.801 -22.474
322.241 -54.511
313.931 -84.227
294.654 -91.75
184.173 -158.707
148.416 -168.271
121.529 -183.343
102.584 -175.095
-22.705 -144.327
-54.756 -125.821
-84.442 -117.495
-92.008 -98.256
