-8.019 263.425
136.578 290.318
258.613 210.607
292.586 68.77
217.658 -59.44
67.335 -97.622
-66.322 -11.282
-94.246 140.846
-26.488 259.314
120.361 300.034
253.63 228.929
301.702 85.556
235.811 -53.409
84.407 -106.173
-62.02 -30.142
-105.229 125.033
-99.613 166.109
5.714 285.43
161.68 296.966
281.494 198.311
300.845 44.171
206.502 -82.764
42.84 -105.064
-88.165 2.098
-105.513 97.747
-122.675 107.998
-47.528 240.94
-48.875 260.823
92.386 302.485
106.469 316.58
235.44 250.356
255.371 250.306
303.355 113.596
318.057 99.908
256.384 -34.262
258.994 -55.553
112.483 -106.925
100.936 -127.745
-42.653 -49.682
-63.972 -58.349
-103.525 23.06
-121.351 55.146
-142.471 75.876
-137.426 96.957
-95.371 191.648
-84.505 226.758
-85.226 256.017
-66.33 266.703
26.321 300.91
58.788 318.151
78.587 339.512
99.409 333.586
187.28 294.271
222.619 284.233
251.514 285.947
262.45 267.304
298.249 178.8
317.081 147.244
339.362 128.82
334.757 107.694
299.106 18.53
291.014 -17.357
294.649 -46.294
277.108 -59.093
186.863 -99.428
155.9 -119.322
136.55 -142.348
115.294 -139.486
17.064 -101.974
-18.735 -93.596
-49.225 -94.166
-61.111 -76.704
