-29.2 319.915
162.663 344.807
316.838 228.701
345.562 35.879
228.903 -122.035
33.728 -150.223
-123.859 -30.429
-149.098 164.983
-47.838 319.532
149.041 357.708
316.204 247.465
358.814 49.26
247.706 -122.661
47.14 -163.028
-122.894 -48.962
-161.572 151.297
-147.423 190.638
-9.654 336.577
188.255 343.293
334.085 209.693
344.054 10.167
209.28 -138.935
7.942 -148.478
-140.963 -11.235
-160.874 124.991
-183.684 109.269
-63.488 300.107
-90.578 307.687
125.203 353.842
113.489 378.422
296.504 261.423
305.486 287.103
355.606 73.208
379.421 87.902
264.072 -104.2
291.94 -106.117
73.123 -162.235
90.461 -183.401
-103.578 -66.449
-108.693 -93.885
-151.695 12.586
-164.978 47.0
-182.64 72.337
-174.204 91.768
-138.335 215.123
-124.12 249.154
-118.551 279.906
-100.096 288.278
13.922 347.816
47.73 362.5
73.089 380.578
92.132 374.242
212.993 334.952
247.446 321.878
278.232 317.102
287.388 299.207
345.985 186.453
361.013 152.836
378.843 127.217
372.111 108.292
336.22 -14.747
322.292 -48.761
315.391 -79.183
296.15 -86.437
185.926 -150.625
151.653 -164.082
125.375 -180.769
106.538 -172.099
-16.652 -139.697
-50.286 -124.65
-80.655 -117.913
-88.559 -99.189
