-31.21 329.266
169.95 353.068
329.054 227.77
352.808 26.495
227.462 -132.585
26.314 -156.4
-132.796 -31.07
-156.662 170.119
-49.654 326.697
155.1 364.321
326.483 246.206
364.061 41.344
245.872 -130.072
41.181 -167.604
-130.237 -49.43
-167.876 155.292
-156.079 195.647
-12.762 346.897
195.478 352.514
346.691 209.276
352.248 0.952
209.035 -150.196
0.773 -155.774
-150.365 -12.611
-163.226 130.024
-185.131 112.091
-64.274 305.576
-92.431 308.368
129.823 359.75
111.866 381.606
305.272 260.819
308.105 288.985
359.508 66.63
381.38 84.559
260.425 -108.936
288.598 -111.795
66.453 -163.021
84.391 -184.893
-109.118 -64.004
-111.96 -92.145
-158.938 12.184
-168.477 47.957
-183.614 74.846
-175.284 93.804
-144.549 219.221
-126.037 251.277
-117.681 280.944
-98.451 288.505
12.038 355.466
47.807 364.988
74.72 380.106
93.632 371.724
219.037 341.007
251.036 322.483
280.718 314.227
288.226 294.939
355.183 184.439
364.756 148.687
379.807 121.786
371.552 102.849
340.745 -22.648
322.177 -54.677
313.835 -84.378
294.576 -91.875
184.236 -158.699
148.493 -168.267
121.637 -183.372
102.681 -175.12
-22.834 -144.265
-54.869 -125.707
-84.559 -117.391
-92.068 -98.118
