-31.235 329.257
169.953 353.139
329.011 227.665
352.806 26.523
227.472 -132.648
26.38 -156.408
-132.774 -31.116
-156.591 170.179
-49.656 326.706
155.133 364.376
326.457 246.149
364.09 41.362
245.863 -130.062
41.184 -167.661
-130.198 -49.532
-167.836 155.32
-156.047 195.692
-12.793 346.884
195.499 352.521
346.686 209.223
352.27 0.987
208.961 -150.229
0.871 -155.849
-150.37 -12.628
-163.258 130.045
-185.155 112.107
-64.281 305.605
-92.413 308.401
129.836 359.715
111.89 381.611
305.318 260.769
308.174 288.935
359.48 66.635
381.42 84.549
260.49 -108.911
288.632 -111.709
66.424 -163.008
84.313 -184.935
-109.091 -64.136
-111.867 -92.276
-158.927 12.194
-168.474 47.968
-183.613 74.843
-175.324 93.799
-144.538 219.264
-126.029 251.293
-117.672 280.957
-98.461 288.541
12.025 355.423
47.792 364.973
74.68 380.076
93.618 371.756
219.069 340.989
251.089 322.444
280.768 314.165
288.286 294.9
355.202 184.381
364.776 148.618
379.86 121.736
371.562 102.821
340.749 -22.596
322.226 -54.633
313.855 -84.293
294.634 -91.836
184.145 -158.759
148.386 -168.27
121.527 -183.387
102.59 -175.091
-22.702 -144.333
-54.754 -125.826
-84.442 -117.516
-91.996 -98.273
