-31.2 329.235
169.93 353.138
328.977 227.615
352.855 26.57
227.582 -132.546
26.286 -156.411
-132.779 -31.051
-156.621 170.18
-49.696 326.688
155.133 364.34
326.468 246.098
364.067 41.435
245.997 -129.988
41.15 -167.643
-130.232 -49.449
-167.865 155.346
-156.06 195.704
-12.75 346.916
195.441 352.499
346.683 209.263
352.313 1.073
209.089 -150.173
0.754 -155.823
-150.378 -12.599
-163.242 130.069
-185.141 112.131
-64.337 305.55
-92.506 308.361
129.87 359.691
111.967 381.604
305.367 260.692
308.234 288.851
359.524 66.683
381.387 84.587
260.596 -108.796
288.749 -111.589
66.421 -163.043
84.343 -184.924
-109.144 -64.026
-111.998 -92.168
-158.946 12.21
-168.473 47.988
-183.607 74.882
-175.295 93.838
-144.533 219.271
-126.042 251.323
-117.689 280.981
-98.478 288.508
12.089 355.428
47.852 364.986
74.745 380.068
93.689 371.767
219.033 340.995
251.064 322.407
280.781 314.094
288.321 294.819
355.188 184.446
364.758 148.692
379.841 121.806
371.582 102.878
340.845 -22.518
322.287 -54.532
313.978 -84.208
294.728 -91.726
184.272 -158.714
148.506 -168.307
121.598 -183.377
102.634 -175.138
-22.836 -144.319
-54.856 -125.744
-84.566 -117.426
-92.095 -98.14
