-31.143 329.231
169.89 353.0
328.968 227.694
352.839 26.59
227.564 -132.598
26.224 -156.381
-132.823 -30.97
-156.608 170.23
-49.618 326.712
155.045 364.294
326.413 246.135
364.095 41.46
245.968 -130.01
41.059 -167.635
-130.307 -49.401
-167.825 155.385
-156.004 195.722
-12.76 346.915
195.388 352.552
346.625 209.298
352.297 1.063
209.078 -150.186
0.696 -155.837
-150.462 -12.509
-163.271 130.126
-185.142 112.198
-64.233 305.59
-92.393 308.418
129.803 359.705
111.878 381.625
305.309 260.75
308.107 288.899
359.5 66.73
381.404 84.656
260.584 -108.916
288.708 -111.696
66.336 -163.021
84.28 -184.922
-109.17 -63.986
-111.987 -92.146
-158.971 12.317
-168.521 48.074
-183.603 74.961
-175.339 93.908
-144.519 219.306
-125.954 251.313
-117.645 281.007
-98.373 288.539
12.035 355.422
47.769 364.977
74.622 380.101
93.572 371.791
218.945 341.011
251.003 322.502
280.684 314.148
288.228 294.887
355.181 184.508
364.715 148.754
379.88 121.898
371.551 102.946
340.769 -22.533
322.264 -54.601
313.919 -84.277
294.698 -91.839
184.251 -158.728
148.474 -168.278
121.572 -183.383
102.594 -175.1
-22.871 -144.28
-54.915 -125.749
-84.579 -117.374
-92.117 -98.126
