-31.219 329.217
169.946 353.085
329.034 227.688
352.743 26.485
227.462 -132.547
26.285 -156.41
-132.726 -31.044
-156.667 170.079
-49.674 326.642
155.113 364.335
326.465 246.1
364.033 41.362
245.894 -129.998
41.104 -167.627
-130.17 -49.474
-167.886 155.277
-156.071 195.579
-12.756 346.866
195.467 352.492
346.649 209.251
352.27 0.962
209.008 -150.18
0.766 -155.82
-150.358 -12.599
-163.188 130.02
-185.116 112.124
-64.304 305.535
-92.449 308.311
129.851 359.691
111.956 381.633
305.397 260.72
308.204 288.841
359.475 66.625
381.378 84.55
260.496 -108.872
288.652 -111.692
66.384 -162.992
84.302 -184.903
-109.098 -64.093
-111.884 -92.213
-158.914 12.219
-168.463 47.988
-183.573 74.877
-175.275 93.837
-144.566 219.148
-126.062 251.198
-117.722 280.874
-98.472 288.442
12.073 355.423
47.851 364.953
74.733 380.08
93.675 371.767
219.057 340.969
251.103 322.417
280.805 314.078
288.342 294.823
355.212 184.455
364.723 148.686
379.85 121.804
371.548 102.847
340.729 -22.597
322.233 -54.636
313.891 -84.28
294.645 -91.824
184.202 -158.737
148.433 -168.244
121.561 -183.394
102.606 -175.065
-22.787 -144.287
-54.824 -125.787
-84.481 -117.448
-92.043 -98.227
