-31.257 329.154
169.897 353.094
328.922 227.847
352.879 26.641
227.656 -132.365
26.362 -156.451
-132.742 -31.056
-156.609 170.116
-49.74 326.712
155.005 364.266
326.528 246.31
364.103 41.477
246.119 -129.979
41.236 -167.647
-130.196 -49.478
-167.836 155.262
-156.035 195.615
-12.827 346.856
195.37 352.599
346.575 209.378
352.346 1.139
209.149 -150.056
0.865 -155.836
-150.414 -12.64
-163.249 130.0
-185.19 112.103
-64.245 305.626
-92.431 308.404
129.849 359.518
112.024 381.477
305.414 260.42
308.164 288.622
359.471 66.67
381.317 84.617
260.511 -108.878
288.698 -111.649
66.53 -163.067
84.524 -184.911
-109.043 -64.073
-111.889 -92.223
-158.924 12.176
-168.501 47.919
-183.565 74.821
-175.337 93.751
-144.549 219.208
-125.959 251.212
-117.781 280.873
-98.484 288.533
11.989 355.407
47.753 364.993
74.463 380.243
93.53 372.028
218.917 341.026
250.922 322.413
280.59 314.483
288.4 295.153
355.068 184.56
364.674 148.804
379.781 121.805
371.479 102.949
340.834 -22.435
322.29 -54.471
313.876 -84.187
294.72 -91.683
184.363 -158.653
148.611 -168.25
121.767 -183.379
102.781 -175.106
-22.723 -144.32
-54.764 -125.781
-84.464 -117.47
-92.003 -98.21
