-23.481 304.759
153.34 331.069
298.966 228.535
333.546 52.002
231.072 -101.815
45.17 -135.905
-108.355 -24.621
-134.021 160.452
-42.495 303.961
138.73 342.838
296.141 246.986
344.557 67.193
250.14 -99.96
58.875 -149.908
-109.012 -44.031
-147.601 146.935
-133.322 186.002
-5.34 322.715
178.891 331.752
318.003 211.503
335.318 26.56
214.174 -120.896
19.53 -136.937
-126.498 -6.412
-144.866 123.096
-170.024 114.568
-56.462 284.419
-75.953 298.388
114.279 338.259
112.921 361.194
275.043 261.073
290.683 278.161
339.661 92.142
363.857 94.945
265.211 -79.962
288.666 -92.655
83.406 -148.985
97.059 -173.614
-91.318 -61.424
-98.449 -88.698
-139.402 16.225
-155.929 49.102
-174.959 74.0
-168.578 93.025
-125.798 210.938
-114.098 245.827
-110.484 276.765
-92.844 286.392
17.595 335.065
50.271 352.051
73.754 372.406
93.504 367.081
203.963 324.67
239.393 314.577
270.536 313.714
281.179 296.095
331.315 189.1
350.216 157.472
372.191 135.182
367.62 115.258
329.585 1.146
321.153 -34.708
319.981 -66.207
302.68 -76.394
192.319 -135.069
160.663 -153.783
137.257 -174.358
117.346 -167.405
-5.831 -130.934
-41.04 -120.302
-71.852 -117.892
-80.289 -98.155
