43.424 190.474
122.998 202.068
187.833 155.633
202.738 77.226
158.362 9.284
76.672 -7.811
6.034 41.304
-6.137 125.326
21.769 191.134
108.016 217.751
188.153 177.33
218.065 92.596
180.067 9.898
92.853 -22.298
6.805 19.612
-21.592 110.15
-23.573 144.504
45.421 216.358
142.438 219.33
213.814 154.665
221.011 58.749
159.636 -16.635
60.27 -27.901
-19.899 40.25
-39.569 88.484
-42.409 108.252
-6.343 189.427
6.276 204.849
86.796 236.239
106.576 238.657
185.846 205.359
201.856 193.494
235.97 114.279
239.206 94.611
208.007 13.071
196.686 -3.359
115.102 -39.5
95.295 -43.713
10.508 -8.255
-6.367 2.646
-42.894 48.974
-55.302 77.11
-66.318 94.777
-60.258 112.766
-35.261 166.802
-25.279 193.813
-19.589 213.199
-2.43 221.071
51.432 241.263
75.588 253.877
93.66 263.293
111.503 256.395
163.95 233.497
189.889 226.462
209.742 220.542
217.642 202.968
239.078 149.792
253.068 126.491
263.504 108.549
257.135 90.429
234.864 37.289
227.788 10.098
223.391 -9.719
206.715 -18.796
152.967 -40.72
126.729 -54.673
110.601 -65.983
92.243 -61.869
38.286 -38.215
8.679 -27.711
-11.799 -24.342
-21.427 -7.944
