-12.489 273.191
139.78 300.702
268.014 216.213
303.273 66.379
222.868 -68.87
63.184 -107.234
-76.129 -14.759
-103.973 144.999
-30.936 269.524
123.862 310.373
263.078 234.213
312.188 82.924
240.893 -63.089
79.875 -116.638
-72.996 -34.027
-115.643 129.591
-107.876 170.368
2.529 294.211
165.179 305.694
289.984 202.514
309.892 41.402
210.227 -91.217
38.453 -113.112
-97.13 -0.324
-114.116 103.339
-133.408 110.023
-50.057 249.85
-55.014 269.208
96.055 310.366
107.613 326.641
243.188 253.764
262.953 256.989
311.368 110.775
328.457 99.61
259.72 -42.563
266.623 -63.595
107.497 -115.713
100.714 -139.341
-53.371 -51.824
-72.77 -65.655
-111.747 21.217
-129.744 53.261
-150.708 75.309
-145.598 95.933
-102.478 195.801
-91.859 231.032
-92.072 261.014
-73.318 271.844
24.088 308.578
56.459 326.128
76.856 348.031
97.804 342.287
190.67 301.35
226.192 291.638
255.975 293.619
267.152 274.988
305.528 181.868
324.801 150.484
347.983 131.614
343.561 110.345
306.681 15.738
299.178 -20.321
302.743 -50.336
285.303 -63.082
189.701 -107.09
159.119 -127.609
138.541 -150.799
118.027 -147.502
12.724 -109.14
-23.171 -101.1
-54.235 -100.816
-65.423 -83.616
