72.749 146.582
113.364 150.448
145.115 125.245
150.688 85.197
126.497 51.741
84.49 44.828
49.789 71.612
45.851 114.574
52.668 151.254
102.499 167.963
149.709 145.277
167.978 96.199
146.538 47.624
96.036 28.071
45.667 51.679
28.356 103.858
23.632 128.132
66.969 171.96
127.203 172.493
170.419 131.364
173.113 71.972
133.672 26.718
72.944 21.506
24.966 63.794
5.211 89.383
4.709 109.306
25.964 156.997
39.525 171.752
87.498 190.69
107.391 191.867
155.087 171.937
170.079 158.809
190.619 111.27
191.956 91.379
173.282 42.469
160.205 27.432
111.466 5.597
91.59 4.149
39.998 24.984
25.317 38.462
-0.52 62.938
-12.014 81.808
-19.27 98.735
-12.471 115.92
3.471 144.372
6.954 163.968
14.262 181.29
31.671 188.403
63.026 197.635
78.193 209.306
96.003 216.759
113.414 209.263
142.193 193.738
161.226 191.777
179.549 184.616
186.583 166.965
196.016 135.89
208.454 120.962
216.746 102.974
209.402 85.502
194.173 56.775
192.233 36.901
185.723 18.396
168.42 10.958
136.846 1.057
120.267 -11.452
103.306 -19.654
85.801 -13.327
55.687 2.758
33.723 7.648
16.344 13.975
8.617 30.703
