-31.172 329.246
169.874 353.012
329.04 227.812
352.866 26.506
227.39 -132.597
26.31 -156.374
-132.793 -31.07
-156.59 170.162
-49.617 326.726
155.01 364.292
326.431 246.165
364.07 41.325
245.822 -130.033
41.158 -167.608
-130.234 -49.46
-167.864 155.349
-156.031 195.68
-12.791 346.881
195.392 352.526
346.579 209.334
352.259 0.974
208.928 -150.208
0.782 -155.795
-150.38 -12.602
-163.205 130.078
-185.15 112.143
-64.232 305.6
-92.404 308.428
129.741 359.704
111.811 381.615
305.325 260.737
308.131 288.89
359.407 66.619
381.318 84.56
260.467 -108.929
288.607 -111.721
66.422 -162.995
84.325 -184.899
-109.104 -64.043
-111.917 -92.165
-158.925 12.187
-168.481 47.945
-183.609 74.842
-175.309 93.825
-144.505 219.261
-125.958 251.3
-117.65 280.998
-98.377 288.527
11.971 355.426
47.714 364.946
74.581 380.08
93.522 371.771
218.972 341.011
251.022 322.498
280.704 314.17
288.257 294.912
355.137 184.526
364.681 148.742
379.799 121.833
371.479 102.858
340.725 -22.594
322.204 -54.628
313.84 -84.294
294.612 -91.849
184.134 -158.762
148.374 -168.254
121.503 -183.372
102.582 -175.04
-22.797 -144.282
-54.839 -125.755
-84.506 -117.384
-92.074 -98.169
