-30.985 329.309
170.01 352.993
329.02 227.611
352.862 26.486
227.45 -132.703
26.276 -156.388
-132.779 -31.01
-156.623 170.18
-49.44 326.562
155.227 364.208
326.319 245.959
363.915 41.396
245.874 -130.148
41.074 -167.595
-130.206 -49.437
-167.839 155.391
-155.97 195.693
-12.615 346.963
195.544 352.407
346.662 209.27
352.262 1.071
208.904 -150.255
0.798 -155.823
-150.403 -12.564
-163.185 130.082
-185.188 112.259
-64.049 305.373
-92.19 308.421
129.665 360.062
111.758 381.804
305.233 261.155
308.158 289.162
359.474 66.937
381.424 84.759
260.536 -108.952
288.67 -111.521
66.334 -162.954
84.239 -184.856
-109.089 -64.047
-111.889 -92.193
-158.934 12.247
-168.392 48.03
-183.473 74.949
-175.259 93.895
-144.509 219.292
-126.036 251.356
-117.802 281.034
-98.518 288.616
12.242 355.447
48.02 364.945
75.191 379.789
93.914 371.379
219.153 340.897
251.229 322.408
280.957 313.558
288.138 294.407
355.298 184.501
364.811 148.751
379.849 121.872
371.444 102.859
340.631 -22.455
322.209 -54.567
313.77 -84.348
294.45 -91.681
184.062 -158.769
148.282 -168.255
121.495 -183.422
102.481 -175.092
-22.737 -144.239
-54.808 -125.773
-84.482 -117.438
-92.033 -98.19
