33.894 203.348
125.291 218.081
200.663 165.514
218.864 75.49
168.848 -3.085
75.428 -23.972
-6.576 30.897
-22.423 127.476
12.538 202.797
109.574 232.613
199.676 186.936
233.065 91.607
190.289 -1.161
92.352 -37.318
-4.418 9.564
-36.632 111.617
-37.725 148.391
38.311 228.932
146.3 233.409
226.43 162.125
235.422 55.475
167.878 -29.012
57.07 -42.324
-32.485 32.815
-52.109 88.062
-56.228 107.568
-15.33 198.507
-3.491 214.661
86.703 249.139
106.386 252.306
194.791 214.695
211.235 203.441
248.9 114.92
252.966 95.409
217.861 4.659
207.368 -12.384
116.268 -52.217
96.513 -57.897
2.342 -17.789
-15.654 -8.114
-54.307 44.299
-67.39 74.401
-80.363 92.529
-74.329 110.934
-46.46 171.898
-35.171 201.18
-30.477 222.343
-13.097 230.43
47.301 252.813
74.118 265.997
92.597 277.024
110.673 270.219
169.299 244.804
197.442 236.246
218.457 231.125
226.651 213.499
250.838 154.312
265.347 128.459
277.164 110.377
271.056 91.988
246.596 32.654
238.208 3.291
234.87 -17.672
218.227 -27.251
158.563 -52.042
130.129 -66.722
113.898 -79.889
95.033 -76.247
34.045 -50.046
2.683 -38.746
-19.267 -36.646
-29.609 -20.123
