-31.343 329.212
169.93 353.18
328.987 227.672
352.793 26.514
227.444 -132.587
26.243 -156.399
-132.782 -31.052
-156.642 170.103
-49.744 326.695
155.111 364.325
326.454 246.13
364.041 41.385
245.873 -130.037
41.084 -167.602
-130.218 -49.419
-167.834 155.303
-156.06 195.603
-12.833 346.816
195.429 352.509
346.668 209.266
352.271 1.012
208.963 -150.221
0.722 -155.773
-150.382 -12.6
-163.187 130.059
-185.083 112.136
-64.313 305.497
-92.47 308.304
129.845 359.707
111.931 381.574
305.34 260.724
308.161 288.888
359.503 66.651
381.369 84.585
260.482 -108.891
288.652 -111.708
66.34 -163.02
84.264 -184.888
-109.118 -64.024
-111.923 -92.143
-158.904 12.219
-168.483 47.979
-183.575 74.864
-175.287 93.828
-144.538 219.155
-126.029 251.197
-117.707 280.884
-98.434 288.403
12.001 355.355
47.778 364.939
74.689 380.017
93.639 371.772
219.024 341.034
251.046 322.476
280.747 314.169
288.276 294.887
355.175 184.439
364.757 148.687
379.835 121.801
371.561 102.858
340.779 -22.581
322.212 -54.597
313.902 -84.295
294.625 -91.811
184.133 -158.733
148.375 -168.301
121.482 -183.359
102.54 -175.102
-22.865 -144.274
-54.867 -125.723
-84.531 -117.415
-92.055 -98.157
