-31.23 329.239
169.945 353.012
329.002 227.593
352.793 26.462
227.466 -132.57
26.359 -156.357
-132.798 -31.086
-156.649 170.165
-49.648 326.681
155.079 364.348
326.412 246.05
364.099 41.265
245.853 -130.036
41.159 -167.641
-130.249 -49.482
-167.884 155.356
-155.993 195.685
-12.787 346.876
195.493 352.503
346.684 209.214
352.216 0.931
208.985 -150.158
0.863 -155.801
-150.377 -12.586
-163.224 130.054
-185.101 112.156
-64.253 305.605
-92.372 308.412
129.804 359.762
111.856 381.664
305.311 260.828
308.116 288.97
359.484 66.503
381.412 84.453
260.389 -108.954
288.532 -111.765
66.409 -163.009
84.349 -184.934
-109.079 -64.064
-111.912 -92.214
-158.882 12.235
-168.465 48.0
-183.547 74.903
-175.304 93.866
-144.523 219.288
-125.945 251.325
-117.603 281.023
-98.381 288.549
12.012 355.436
47.767 364.98
74.707 380.055
93.591 371.734
219.069 340.973
251.137 322.496
280.832 314.051
288.237 294.786
355.203 184.392
364.702 148.627
379.872 121.8
371.592 102.807
340.721 -22.642
322.167 -54.66
313.821 -84.348
294.578 -91.882
184.19 -158.736
148.43 -168.27
121.57 -183.416
102.632 -175.085
-22.71 -144.305
-54.754 -125.777
-84.474 -117.471
-92.015 -98.198
