-31.178 329.235
169.928 353.057
329.035 227.64
352.904 26.654
227.454 -132.538
26.293 -156.46
-132.823 -30.975
-156.644 170.214
-49.631 326.683
155.098 364.306
326.461 246.09
364.129 41.434
245.922 -129.984
41.132 -167.651
-130.274 -49.432
-167.827 155.399
-156.044 195.697
-12.782 346.883
195.44 352.526
346.677 209.237
352.326 1.145
209.034 -150.219
0.79 -155.84
-150.485 -12.504
-163.235 130.154
-185.104 112.271
-64.262 305.577
-92.442 308.394
129.831 359.707
111.887 381.586
305.374 260.751
308.165 288.905
359.457 66.669
381.377 84.555
260.559 -108.828
288.759 -111.617
66.402 -163.053
84.336 -184.921
-109.116 -64.049
-111.934 -92.224
-158.98 12.339
-168.521 48.107
-183.573 75.012
-175.318 93.971
-144.552 219.263
-126.01 251.282
-117.707 280.975
-98.43 288.487
12.008 355.443
47.781 364.953
74.669 380.071
93.611 371.746
219.004 340.997
251.056 322.498
280.724 314.155
288.301 294.917
355.229 184.432
364.756 148.661
379.854 121.774
371.55 102.838
340.836 -22.428
322.322 -54.461
314.017 -84.16
294.734 -91.683
184.212 -158.72
148.461 -168.293
121.584 -183.379
102.633 -175.126
-22.803 -144.355
-54.819 -125.795
-84.509 -117.482
-92.041 -98.215
