-31.222 329.2
169.959 353.048
329.026 227.755
352.765 26.525
227.491 -132.596
26.208 -156.417
-132.793 -30.981
-156.67 170.11
-49.669 326.639
155.133 364.318
326.448 246.152
364.055 41.369
245.878 -130.045
41.059 -167.599
-130.278 -49.391
-167.883 155.263
-156.072 195.657
-12.793 346.853
195.465 352.515
346.614 209.295
352.238 1.009
209.008 -150.176
0.693 -155.759
-150.397 -12.548
-163.213 129.954
-185.131 112.014
-64.311 305.559
-92.455 308.347
129.878 359.703
111.959 381.621
305.344 260.758
308.143 288.888
359.428 66.653
381.381 84.587
260.457 -108.906
288.624 -111.726
66.354 -163.014
84.292 -184.872
-109.136 -63.968
-111.956 -92.13
-158.939 12.217
-168.457 47.944
-183.596 74.785
-175.284 93.723
-144.529 219.215
-126.045 251.271
-117.706 280.934
-98.456 288.475
12.031 355.409
47.814 364.938
74.71 380.058
93.664 371.762
219.04 340.994
251.075 322.463
280.748 314.135
288.298 294.9
355.171 184.493
364.723 148.732
379.849 121.853
371.542 102.889
340.741 -22.586
322.18 -54.616
313.891 -84.324
294.604 -91.831
184.202 -158.704
148.433 -168.243
121.537 -183.331
102.594 -175.074
-22.88 -144.258
-54.878 -125.688
-84.551 -117.36
-92.063 -98.099
