-31.368 329.244
169.945 353.116
329.004 227.909
352.874 26.767
227.654 -132.304
26.418 -156.445
-132.794 -31.058
-156.601 170.172
-49.786 326.769
155.108 364.4
326.583 246.302
364.234 41.467
246.082 -129.778
41.228 -167.677
-130.208 -49.433
-167.821 155.323
-156.065 195.686
-12.82 346.828
195.454 352.55
346.507 209.321
352.289 1.202
209.172 -149.987
0.877 -155.844
-150.362 -12.585
-163.174 130.04
-185.076 112.115
-64.446 305.748
-92.563 308.394
130.134 359.439
112.17 381.363
305.45 260.636
308.148 288.777
359.307 66.395
381.214 84.354
260.614 -108.701
288.758 -111.599
66.483 -162.993
84.427 -184.891
-109.097 -64.038
-111.904 -92.181
-158.947 12.204
-168.496 47.961
-183.611 74.865
-175.262 93.814
-144.528 219.234
-125.97 251.238
-117.522 280.912
-98.365 288.451
11.994 355.389
47.787 364.915
74.381 380.259
93.569 372.073
219.002 340.961
251.021 322.383
280.643 314.322
288.398 295.042
354.986 184.46
364.559 148.671
379.844 121.916
371.712 102.888
340.867 -22.388
322.304 -54.391
314.09 -84.018
294.91 -91.73
184.37 -158.643
148.577 -168.177
121.743 -183.344
102.73 -175.074
-22.703 -144.326
-54.772 -125.825
-84.463 -117.46
-92.019 -98.186
