-27.764 316.783
160.382 341.915
312.614 229.281
343.073 40.001
229.082 -117.796
36.282 -147.602
-120.515 -29.849
-146.225 164.3
-46.588 316.607
146.571 354.693
311.484 248.028
355.929 53.805
248.093 -118.355
49.356 -160.907
-119.881 -48.34
-158.914 150.912
-144.136 189.953
-8.502 333.673
185.955 340.936
330.309 210.778
342.376 14.338
209.957 -135.147
10.452 -145.891
-137.593 -10.513
-157.874 124.957
-181.879 110.402
-61.395 297.346
-87.204 306.752
122.94 350.452
113.866 375.021
291.477 261.679
302.493 285.468
352.096 77.735
376.715 89.608
263.975 -99.902
291.871 -104.052
75.031 -160.5
92.583 -181.481
-101.082 -66.77
-106.32 -93.861
-149.056 12.931
-163.414 46.873
-181.598 71.998
-173.647 91.42
-135.599 214.611
-122.282 248.975
-117.204 279.838
-99.124 288.543
14.854 345.278
48.283 360.755
73.183 379.477
92.35 373.542
210.798 332.993
245.626 320.961
276.588 317.296
286.224 299.622
342.679 187.812
359.015 154.796
378.115 130.025
372.105 110.873
335.207 -10.749
322.801 -45.359
317.122 -76.152
298.368 -84.083
187.036 -147.63
153.314 -162.258
127.593 -179.633
108.495 -170.731
-14.405 -137.986
-48.567 -124.212
-79.306 -118.034
-86.589 -98.816
