-31.23 329.273
170.0 353.09
329.052 227.765
352.801 26.568
227.457 -132.546
26.404 -156.462
-132.76 -31.037
-156.702 170.105
-49.671 326.759
155.209 364.297
326.522 246.143
364.065 41.412
245.896 -129.992
41.216 -167.61
-130.211 -49.508
-167.916 155.294
-156.06 195.638
-12.759 346.93
195.493 352.445
346.613 209.278
352.273 1.06
209.013 -150.188
0.926 -155.812
-150.443 -12.583
-163.247 130.012
-185.145 112.11
-64.257 305.591
-92.442 308.437
129.957 359.667
112.045 381.572
305.366 260.729
308.177 288.877
359.446 66.685
381.368 84.6
260.5 -108.886
288.629 -111.686
66.449 -163.01
84.353 -184.876
-109.061 -64.121
-111.861 -92.308
-158.949 12.262
-168.545 48.017
-183.615 74.893
-175.35 93.827
-144.56 219.239
-125.998 251.277
-117.691 280.993
-98.411 288.523
12.084 355.428
47.856 364.983
74.75 380.057
93.714 371.779
219.056 340.965
251.049 322.394
280.758 314.105
288.279 294.827
355.154 184.493
364.661 148.732
379.802 121.863
371.501 102.901
340.74 -22.516
322.232 -54.593
313.873 -84.276
294.642 -91.848
184.196 -158.71
148.444 -168.271
121.56 -183.346
102.623 -175.07
-22.664 -144.351
-54.716 -125.846
-84.432 -117.552
-91.968 -98.275
