-31.289 329.28
169.951 353.022
329.018 227.633
352.821 26.615
227.556 -132.523
26.273 -156.364
-132.815 -31.038
-156.617 170.153
-49.711 326.736
155.096 364.254
326.484 246.084
364.052 41.479
245.977 -129.948
41.09 -167.645
-130.277 -49.428
-167.818 155.305
-156.009 195.651
-12.794 346.897
195.455 352.47
346.694 209.191
352.248 1.099
209.07 -150.158
0.762 -155.816
-150.427 -12.574
-163.248 130.03
-185.128 112.102
-64.29 305.536
-92.468 308.37
129.838 359.73
111.917 381.591
305.345 260.68
308.181 288.824
359.47 66.724
381.347 84.623
260.569 -108.793
288.728 -111.602
66.379 -163.0
84.325 -184.942
-109.118 -64.004
-111.934 -92.153
-158.926 12.231
-168.524 47.979
-183.601 74.857
-175.337 93.809
-144.528 219.239
-125.982 251.261
-117.691 280.954
-98.429 288.471
12.028 355.415
47.794 364.974
74.688 380.058
93.632 371.794
219.034 340.966
251.055 322.402
280.747 314.063
288.294 294.816
355.195 184.371
364.769 148.641
379.825 121.787
371.555 102.878
340.771 -22.514
322.232 -54.525
313.968 -84.212
294.701 -91.725
184.252 -158.707
148.493 -168.244
121.614 -183.388
102.649 -175.083
-22.809 -144.283
-54.846 -125.745
-84.519 -117.41
-92.071 -98.162
