-31.104 329.271
169.865 353.147
328.911 227.709
352.888 26.563
227.454 -132.556
26.31 -156.401
-132.743 -31.002
-156.619 170.15
-49.54 326.708
155.089 364.364
326.409 246.21
364.04 41.459
245.888 -129.981
41.16 -167.629
-130.233 -49.454
-167.863 155.319
-156.066 195.666
-12.67 346.88
195.354 352.533
346.615 209.304
352.339 1.099
209.073 -150.22
0.797 -155.824
-150.375 -12.56
-163.272 130.082
-185.111 112.138
-64.212 305.61
-92.367 308.401
129.789 359.718
111.921 381.629
305.332 260.632
308.14 288.81
359.567 66.81
381.407 84.699
260.554 -108.848
288.694 -111.666
66.41 -163.046
84.334 -184.916
-109.111 -64.05
-111.948 -92.229
-158.918 12.255
-168.476 48.022
-183.584 74.91
-175.295 93.86
-144.525 219.232
-126.033 251.306
-117.683 280.993
-98.388 288.561
12.137 355.438
47.906 364.971
74.76 380.142
93.709 371.775
218.946 341.041
250.971 322.462
280.651 314.349
288.315 295.042
355.191 184.499
364.778 148.745
379.783 121.752
371.472 102.887
340.814 -22.503
322.26 -54.557
313.913 -84.258
294.612 -91.802
184.235 -158.673
148.488 -168.284
121.576 -183.356
102.634 -175.103
-22.782 -144.314
-54.808 -125.776
-84.514 -117.475
-92.031 -98.18
