-31.259 329.189
169.894 353.156
329.015 227.766
352.805 26.555
227.42 -132.535
26.278 -156.429
-132.786 -31.024
-156.645 170.152
-49.722 326.691
155.092 364.36
326.517 246.199
364.021 41.434
245.88 -130.026
41.056 -167.627
-130.263 -49.478
-167.824 155.314
-156.014 195.672
-12.862 346.85
195.393 352.512
346.657 209.303
352.29 1.048
208.989 -150.221
0.806 -155.801
-150.454 -12.578
-163.241 130.048
-185.112 112.144
-64.308 305.582
-92.472 308.387
129.782 359.733
111.851 381.604
305.342 260.662
308.211 288.839
359.5 66.749
381.367 84.662
260.487 -108.929
288.642 -111.736
66.283 -163.011
84.2 -184.892
-109.118 -64.056
-111.925 -92.229
-158.957 12.27
-168.519 48.045
-183.576 74.93
-175.318 93.86
-144.521 219.279
-125.978 251.33
-117.67 281.035
-98.39 288.513
11.966 355.337
47.721 364.935
74.607 380.056
93.582 371.763
218.962 340.993
250.992 322.438
280.671 314.183
288.321 294.938
355.182 184.483
364.755 148.725
379.807 121.791
371.491 102.881
340.773 -22.559
322.191 -54.589
313.939 -84.3
294.638 -91.853
184.159 -158.766
148.369 -168.303
121.426 -183.349
102.488 -175.073
-22.775 -144.334
-54.794 -125.773
-84.507 -117.466
-92.019 -98.18
