-22.349 301.175
151.553 327.804
295.313 227.661
330.476 54.434
231.094 -97.615
47.659 -132.638
-104.777 -23.151
-130.594 158.807
-41.342 300.039
136.741 339.252
292.101 246.003
341.045 69.885
250.035 -95.042
61.817 -146.253
-105.343 -42.722
-144.124 145.101
-130.399 184.329
-4.528 319.466
177.116 328.933
314.69 210.978
332.831 29.039
214.757 -117.101
22.15 -134.368
-123.283 -5.39
-141.095 121.459
-165.835 114.884
-55.54 280.297
-73.194 295.206
111.847 334.822
112.366 357.098
270.799 260.499
287.315 275.775
336.175 95.24
359.796 95.899
265.215 -74.606
286.804 -89.078
86.481 -144.927
97.772 -170.45
-87.563 -59.469
-96.277 -86.178
-136.407 17.117
-153.257 49.822
-172.444 74.621
-166.347 93.61
-123.073 209.32
-111.658 244.302
-108.502 275.225
-90.816 285.088
18.32 331.982
50.87 349.211
73.972 369.92
93.917 364.637
202.24 322.037
237.744 312.208
268.85 311.92
279.673 294.197
328.187 188.692
347.399 157.261
369.85 135.515
365.45 115.367
327.337 3.571
319.483 -32.422
319.253 -63.938
302.14 -74.575
193.076 -131.524
161.863 -151.003
138.9 -172.246
118.952 -166.025
-3.284 -128.727
-38.663 -118.73
-69.412 -117.049
-78.581 -97.671
