-31.113 329.3
169.916 353.108
328.979 227.688
352.787 26.51
227.556 -132.558
26.324 -156.388
-132.812 -31.047
-156.585 170.168
-49.569 326.744
155.097 364.352
326.409 246.138
364.075 41.373
245.957 -129.984
41.192 -167.637
-130.26 -49.435
-167.85 155.322
-156.028 195.717
-12.679 346.934
195.433 352.552
346.615 209.262
352.328 1.003
209.119 -150.164
0.769 -155.821
-150.41 -12.602
-163.234 130.038
-185.165 112.102
-64.212 305.674
-92.355 308.472
129.842 359.713
111.958 381.633
305.332 260.76
308.122 288.917
359.506 66.642
381.403 84.565
260.571 -108.895
288.691 -111.694
66.482 -163.029
84.44 -184.929
-109.132 -64.017
-111.958 -92.155
-158.98 12.165
-168.504 47.918
-183.658 74.799
-175.33 93.778
-144.471 219.304
-125.948 251.357
-117.601 281.039
-98.355 288.601
12.13 355.482
47.891 364.973
74.759 380.079
93.687 371.783
218.99 341.025
251.032 322.527
280.692 314.185
288.25 294.956
355.183 184.46
364.711 148.696
379.844 121.807
371.534 102.845
340.791 -22.564
322.268 -54.606
313.908 -84.277
294.684 -91.821
184.314 -158.728
148.56 -168.264
121.694 -183.395
102.741 -175.093
-22.817 -144.272
-54.861 -125.749
-84.524 -117.391
-92.07 -98.145
