-31.119 329.225
169.895 352.994
329.048 227.597
352.921 26.623
227.469 -132.571
26.354 -156.464
-132.786 -30.972
-156.638 170.193
-49.593 326.705
155.05 364.301
326.453 246.06
364.118 41.409
245.911 -129.987
41.152 -167.68
-130.246 -49.409
-167.822 155.395
-156.027 195.673
-12.716 346.911
195.393 352.544
346.706 209.198
352.32 1.116
209.015 -150.186
0.838 -155.812
-150.418 -12.522
-163.244 130.171
-185.092 112.253
-64.206 305.596
-92.394 308.398
129.8 359.78
111.852 381.609
305.372 260.722
308.17 288.864
359.527 66.658
381.412 84.551
260.51 -108.865
288.678 -111.64
66.429 -163.013
84.323 -184.922
-109.145 -64.022
-111.955 -92.138
-158.932 12.307
-168.483 48.091
-183.577 74.996
-175.303 93.958
-144.546 219.251
-125.996 251.273
-117.688 280.969
-98.405 288.499
12.11 355.434
47.864 365.042
74.773 380.092
93.656 371.778
218.956 341.005
251.023 322.483
280.721 314.165
288.315 294.894
355.261 184.391
364.769 148.627
379.863 121.724
371.551 102.804
340.798 -22.439
322.318 -54.5
313.956 -84.168
294.714 -91.732
184.209 -158.742
148.44 -168.251
121.579 -183.394
102.62 -175.09
-22.746 -144.287
-54.807 -125.743
-84.51 -117.396
-92.095 -98.164
