-31.187 329.216
169.963 353.13
329.001 227.651
352.826 26.541
227.458 -132.526
26.277 -156.403
-132.747 -31.006
-156.637 170.097
-49.672 326.687
155.169 364.351
326.472 246.136
364.061 41.385
245.909 -129.996
41.118 -167.612
-130.239 -49.457
-167.856 155.251
-156.06 195.597
-12.762 346.899
195.474 352.498
346.667 209.208
352.282 1.042
209.027 -150.19
0.771 -155.814
-150.394 -12.572
-163.27 130.0
-185.156 112.062
-64.309 305.553
-92.489 308.4
129.923 359.675
112.034 381.596
305.323 260.808
308.136 289.003
359.445 66.6
381.357 84.506
260.542 -108.846
288.724 -111.672
66.392 -163.022
84.33 -184.904
-109.093 -64.042
-111.93 -92.21
-158.917 12.234
-168.508 47.968
-183.617 74.83
-175.336 93.771
-144.582 219.205
-126.028 251.249
-117.729 280.975
-98.445 288.491
12.061 355.408
47.823 364.968
74.719 380.045
93.686 371.81
219.038 340.988
251.079 322.5
280.763 314.148
288.215 294.88
355.174 184.389
364.749 148.651
379.843 121.813
371.594 102.841
340.795 -22.539
322.244 -54.557
313.959 -84.254
294.676 -91.762
184.208 -158.691
148.463 -168.272
121.581 -183.35
102.636 -175.09
-22.811 -144.322
-54.822 -125.753
-84.514 -117.436
-92.035 -98.171
