-31.136 329.213
169.918 353.105
328.969 227.69
352.863 26.52
227.538 -132.585
26.21 -156.4
-132.79 -30.988
-156.67 170.041
-49.65 326.703
155.116 364.356
326.411 246.14
364.125 41.365
245.929 -130.0
41.043 -167.636
-130.265 -49.38
-167.87 155.195
-156.08 195.556
-12.742 346.937
195.428 352.574
346.629 209.284
352.307 0.98
209.017 -150.172
0.687 -155.813
-150.404 -12.575
-163.282 129.944
-185.132 112.003
-64.28 305.59
-92.459 308.386
129.867 359.728
111.956 381.616
305.32 260.766
308.128 288.908
359.494 66.663
381.422 84.609
260.526 -108.867
288.666 -111.675
66.334 -163.016
84.254 -184.941
-109.178 -63.983
-111.981 -92.103
-158.919 12.203
-168.505 47.921
-183.6 74.779
-175.339 93.72
-144.584 219.157
-126.049 251.205
-117.723 280.917
-98.442 288.47
12.096 355.436
47.852 365.004
74.737 380.065
93.676 371.794
218.985 341.041
251.034 322.526
280.706 314.167
288.268 294.918
355.193 184.486
364.728 148.73
379.873 121.865
371.564 102.913
340.765 -22.591
322.251 -54.633
313.91 -84.287
294.672 -91.829
184.195 -158.738
148.408 -168.263
121.52 -183.409
102.561 -175.09
-22.874 -144.284
-54.885 -125.727
-84.549 -117.356
-92.11 -98.122
