-31.353 329.284
169.888 353.08
329.084 227.74
352.911 26.551
227.37 -132.632
26.308 -156.407
-132.799 -31.011
-156.711 170.089
-49.77 326.713
155.008 364.299
326.545 246.139
364.108 41.398
245.819 -130.088
41.113 -167.666
-130.255 -49.454
-167.887 155.272
-156.081 195.586
-12.844 346.91
195.413 352.537
346.689 209.257
352.306 1.035
208.914 -150.275
0.774 -155.836
-150.429 -12.531
-163.252 130.021
-185.13 112.132
-64.346 305.482
-92.532 308.285
129.75 359.791
111.84 381.644
305.386 260.695
308.241 288.859
359.536 66.66
381.389 84.586
260.453 -108.945
288.637 -111.745
66.35 -163.007
84.241 -184.927
-109.113 -64.055
-111.913 -92.215
-158.948 12.296
-168.516 48.056
-183.594 74.935
-175.347 93.862
-144.59 219.155
-126.069 251.181
-117.781 280.875
-98.503 288.393
11.979 355.411
47.733 364.992
74.623 380.088
93.569 371.817
219.034 341.034
251.086 322.457
280.799 314.137
288.339 294.869
355.209 184.442
364.78 148.692
379.853 121.802
371.59 102.86
340.812 -22.559
322.24 -54.581
313.906 -84.292
294.624 -91.828
184.093 -158.774
148.333 -168.308
121.436 -183.374
102.512 -175.088
-22.802 -144.29
-54.858 -125.789
-84.507 -117.439
-92.047 -98.204
