-31.274 329.175
169.888 353.095
329.002 227.802
352.872 26.477
227.466 -132.556
26.321 -156.457
-132.811 -30.887
-156.64 170.162
-49.719 326.648
155.029 364.305
326.52 246.216
364.071 41.346
245.917 -130.035
41.128 -167.689
-130.275 -49.361
-167.846 155.334
-156.051 195.646
-12.878 346.865
195.384 352.536
346.594 209.279
352.272 0.983
209.027 -150.208
0.793 -155.798
-150.475 -12.432
-163.283 130.108
-185.151 112.217
-64.324 305.538
-92.468 308.36
129.792 359.705
111.895 381.607
305.35 260.793
308.152 288.95
359.464 66.611
381.345 84.55
260.533 -108.872
288.712 -111.714
66.412 -163.025
84.334 -184.91
-109.147 -63.992
-111.959 -92.185
-158.969 12.395
-168.519 48.151
-183.593 75.032
-175.339 93.951
-144.563 219.226
-126.006 251.247
-117.686 280.951
-98.429 288.474
11.955 355.38
47.725 364.968
74.594 380.053
93.557 371.844
218.988 341.06
251.028 322.52
280.739 314.171
288.24 294.892
355.136 184.46
364.715 148.703
379.818 121.841
371.58 102.874
340.767 -22.604
322.213 -54.625
313.931 -84.313
294.651 -91.834
184.216 -158.735
148.456 -168.283
121.58 -183.377
102.627 -175.1
-22.806 -144.322
-54.827 -125.768
-84.541 -117.478
-92.062 -98.18
