-31.74 328.852
169.512 353.101
328.808 228.01
352.555 26.975
228.239 -131.892
26.981 -156.09
-132.261 -31.23
-156.342 169.779
-50.137 326.265
154.421 364.006
325.558 246.302
363.259 42.221
246.645 -129.602
41.948 -167.126
-129.682 -49.576
-167.288 154.8
-155.948 195.207
-13.272 346.367
194.903 352.789
346.604 209.996
352.387 1.729
209.575 -149.391
1.456 -155.748
-149.808 -12.808
-163.11 129.077
-184.888 111.238
-63.07 304.911
-91.105 308.337
129.048 359.25
110.902 380.876
304.112 261.496
306.917 289.486
358.095 67.582
380.911 84.404
260.107 -108.525
288.234 -111.557
67.507 -162.645
85.037 -184.835
-108.571 -64.042
-111.362 -92.191
-158.349 11.97
-168.023 47.683
-183.398 74.281
-174.95 93.45
-144.373 218.724
-126.032 250.87
-118.055 280.711
-99.043 288.521
11.542 354.846
47.201 364.716
73.765 380.238
92.906 371.484
218.333 340.969
250.419 322.484
280.263 314.803
287.554 295.033
354.578 184.995
364.159 149.218
380.136 123.073
372.342 103.638
340.721 -21.782
322.266 -53.822
313.836 -83.377
295.163 -91.425
184.835 -158.047
149.131 -167.746
122.025 -182.811
103.351 -174.638
-22.168 -144.303
-54.289 -125.879
-83.984 -117.622
-91.546 -98.346
