69.749 151.344
114.514 155.932
149.734 128.398
156.219 84.237
129.78 47.098
83.354 39.162
44.846 68.729
40.348 115.889
49.319 155.6
103.073 173.376
153.843 148.792
173.422 95.855
150.197 43.527
95.598 22.566
41.291 48.412
22.874 104.62
18.508 130.034
64.692 176.874
128.945 177.592
175.182 133.881
178.32 70.48
136.447 21.938
71.473 16.008
19.914 61.3
-0.008 89.432
-0.55 109.352
22.316 160.61
35.787 175.381
87.33 195.779
107.217 197.08
158.429 175.765
173.526 162.757
195.697 111.738
197.226 91.867
177.257 39.246
164.333 24.071
111.903 0.514
92.039 -1.157
36.522 21.389
21.673 34.681
-5.415 61.692
-16.944 81.876
-24.395 98.737
-17.745 115.934
-0.868 147.116
3.331 167.521
10.556 184.838
27.911 192.021
61.801 202.668
77.872 214.463
95.685 221.965
113.136 214.513
144.706 198.248
164.463 195.817
182.873 188.706
189.966 171.04
200.916 137.442
213.581 121.672
222.004 103.677
214.724 86.145
198.76 54.503
196.329 33.83
189.965 15.278
172.719 7.682
138.479 -3.76
120.779 -16.416
104.026 -24.734
86.452 -18.698
53.495 -1.803
30.538 3.9
12.979 10.025
5.08 26.706
