62.204 163.079
117.276 169.58
161.138 136.372
170.002 81.942
138.043 35.618
80.84 25.118
32.725 61.255
26.737 119.24
41.099 166.404
104.558 186.726
164.103 157.47
186.867 94.932
159.185 33.365
94.585 9.003
30.577 40.167
9.544 106.6
5.947 134.845
59.163 188.916
133.214 190.152
186.899 140.095
191.159 66.79
143.306 10.148
67.891 2.584
7.455 55.174
-12.284 89.425
-13.308 109.329
13.522 169.607
26.788 184.485
87.05 208.221
106.92 209.795
166.714 185.033
182.06 172.319
208.083 112.724
210.079 92.896
186.828 31.291
174.318 15.778
112.876 -11.86
93.029 -14.119
28.262 12.528
12.9 25.221
-17.31 58.295
-28.936 81.31
-37.096 98.245
-30.682 115.548
-11.352 153.762
-5.341 176.151
1.561 193.641
18.77 201.059
58.87 214.794
77.26 226.844
95.045 234.597
112.595 227.309
150.843 209.172
172.391 205.486
191.039 198.58
198.335 180.925
212.801 141.199
225.934 123.254
234.748 105.288
227.707 87.591
209.886 48.973
206.113 26.339
200.198 7.644
183.136 -0.383
142.562 -15.384
122.084 -28.362
105.739 -37.175
87.996 -31.828
48.435 -12.939
23.213 -5.425
5.023 0.049
-3.365 16.595
