56.101 172.378
119.337 180.451
170.159 142.728
180.974 80.217
144.725 26.624
79.187 14.027
23.491 54.881
15.794 121.646
34.628 174.857
105.746 197.234
172.246 164.202
197.444 94.134
166.231 25.366
93.902 -1.632
22.37 33.39
-0.958 107.995
-4.028 138.421
54.704 198.335
136.476 200.024
196.084 144.924
201.254 63.928
148.743 0.949
65.192 -7.838
-2.065 50.266
-21.672 89.217
-23.222 109.085
6.72 176.52
19.831 191.53
86.935 217.865
106.78 219.672
173.246 192.069
188.799 179.61
217.673 113.323
220.052 93.535
194.134 25.05
181.981 9.255
113.605 -21.419
93.756 -24.207
22.074 5.487
6.269 17.627
-26.317 55.284
-38.099 80.159
-47.017 97.299
-40.74 114.812
-19.518 158.627
-12.051 182.569
-5.475 200.425
11.65 208.022
56.511 224.069
76.814 236.28
94.621 244.392
112.254 237.251
155.517 217.553
178.522 212.765
197.437 206.107
204.928 188.484
221.939 144.052
235.373 124.329
244.591 106.406
237.78 88.575
218.46 44.77
213.553 20.598
208.07 1.688
191.165 -6.699
145.9 -24.226
123.311 -37.473
107.152 -46.92
89.252 -42.058
44.794 -21.607
17.967 -12.904
-0.9 -8.046
-9.678 8.425
