-31.212 329.168
169.905 353.085
328.871 228.017
352.953 26.888
227.537 -132.412
26.38 -156.356
-132.676 -31.053
-156.673 170.104
-49.713 326.842
155.052 364.331
326.493 246.481
364.35 41.56
245.962 -129.704
41.245 -167.538
-130.136 -49.473
-167.933 155.309
-155.928 195.629
-12.721 346.836
195.374 352.531
346.415 209.422
352.278 1.265
209.193 -150.103
0.907 -155.8
-150.297 -12.6
-163.255 130.13
-184.961 112.01
-64.615 305.87
-92.768 308.332
130.229 359.24
112.46 381.293
305.424 260.142
308.168 288.314
359.538 66.44
381.302 84.54
260.581 -108.428
288.705 -111.637
66.545 -162.98
84.512 -184.819
-109.004 -64.058
-111.808 -92.209
-158.788 12.236
-168.369 48.004
-183.549 74.793
-175.233 93.831
-144.401 219.227
-125.861 251.264
-117.328 280.955
-98.092 288.362
12.053 355.439
47.797 364.999
74.474 380.216
93.58 372.179
218.946 341.052
250.926 322.471
280.483 314.636
288.481 295.4
354.965 184.609
364.513 148.834
379.637 121.848
371.457 102.995
340.941 -22.396
322.277 -54.365
314.152 -83.951
294.912 -91.777
184.315 -158.51
148.556 -168.133
121.788 -183.372
102.729 -175.057
-22.666 -144.28
-54.698 -125.728
-84.405 -117.441
-91.919 -98.152
