-31.243 329.27
169.935 353.12
329.027 227.64
352.844 26.481
227.483 -132.507
26.267 -156.421
-132.802 -30.998
-156.579 170.152
-49.671 326.717
155.172 364.397
326.474 246.058
364.089 41.32
245.933 -129.981
41.045 -167.668
-130.235 -49.405
-167.814 155.298
-156.026 195.67
-12.771 346.885
195.467 352.445
346.707 209.265
352.23 0.951
209.031 -150.159
0.752 -155.755
-150.4 -12.524
-163.236 130.029
-185.131 112.124
-64.257 305.599
-92.41 308.373
129.874 359.76
111.904 381.648
305.334 260.763
308.166 288.905
359.545 66.585
381.415 84.519
260.488 -108.877
288.654 -111.695
66.334 -163.0
84.274 -184.9
-109.118 -64.018
-111.922 -92.151
-158.985 12.27
-168.479 48.051
-183.608 74.914
-175.309 93.852
-144.512 219.249
-126.016 251.31
-117.626 280.979
-98.409 288.521
12.037 355.44
47.794 364.987
74.76 380.062
93.645 371.68
219.066 340.952
251.14 322.451
280.853 314.024
288.282 294.751
355.199 184.43
364.743 148.658
379.846 121.782
371.613 102.818
340.738 -22.634
322.171 -54.637
313.913 -84.315
294.665 -91.813
184.235 -158.74
148.46 -168.252
121.576 -183.402
102.587 -175.063
-22.82 -144.257
-54.851 -125.726
-84.521 -117.372
-92.054 -98.14
