-31.055 329.262
169.938 353.062
329.04 227.658
352.848 26.525
227.429 -132.714
26.216 -156.377
-132.835 -30.972
-156.63 170.143
-49.489 326.561
155.167 364.41
326.298 246.029
364.071 41.358
245.811 -129.955
41.059 -167.581
-130.301 -49.376
-167.877 155.355
-156.002 195.659
-12.695 346.915
195.464 352.437
346.646 209.255
352.222 1.018
209.032 -150.27
0.713 -155.802
-150.421 -12.456
-163.218 130.124
-185.116 112.212
-64.233 305.395
-92.346 308.437
129.831 359.985
111.78 381.744
305.212 261.304
308.057 289.317
359.43 66.66
381.413 84.515
260.627 -108.764
288.725 -111.529
66.388 -162.976
84.321 -184.889
-109.108 -63.971
-111.915 -92.124
-158.967 12.36
-168.425 48.144
-183.567 74.974
-175.283 93.937
-144.517 219.247
-126.061 251.34
-117.579 281.048
-98.359 288.516
12.142 355.415
47.902 364.931
74.871 379.961
93.761 371.586
219.06 340.977
251.122 322.506
280.846 313.762
288.082 294.549
355.271 184.462
364.794 148.699
379.942 122.006
371.727 102.859
340.655 -22.548
322.178 -54.626
313.905 -84.329
294.544 -91.771
184.177 -158.683
148.43 -168.247
121.555 -183.403
102.6 -175.053
-22.829 -144.241
-54.86 -125.73
-84.503 -117.361
-92.051 -98.145
