-31.153 329.251
169.874 353.023
329.024 227.646
352.756 26.461
227.489 -132.466
26.455 -156.451
-132.812 -31.034
-156.557 170.235
-49.579 326.704
155.008 364.257
326.469 246.082
364.02 41.327
245.957 -129.934
41.266 -167.664
-130.283 -49.454
-167.832 155.417
-156.006 195.756
-12.715 346.87
195.393 352.475
346.641 209.219
352.23 0.969
209.085 -150.156
0.939 -155.803
-150.402 -12.52
-163.22 130.147
-185.136 112.221
-64.195 305.625
-92.336 308.434
129.765 359.701
111.849 381.578
305.355 260.688
308.186 288.853
359.454 66.585
381.363 84.495
260.556 -108.809
288.708 -111.636
66.543 -162.99
84.467 -184.904
-109.082 -64.051
-111.881 -92.185
-158.952 12.288
-168.468 48.072
-183.585 74.978
-175.267 93.933
-144.461 219.32
-125.937 251.366
-117.562 281.028
-98.328 288.573
12.07 355.428
47.824 364.939
74.68 380.075
93.599 371.75
218.995 340.982
251.023 322.43
280.729 314.116
288.274 294.834
355.213 184.437
364.715 148.669
379.84 121.772
371.533 102.8
340.755 -22.581
322.215 -54.561
313.937 -84.238
294.684 -91.755
184.25 -158.66
148.521 -168.259
121.71 -183.341
102.775 -175.074
-22.65 -144.287
-54.728 -125.781
-84.429 -117.432
-91.996 -98.186
