65.216 158.402
116.189 164.131
156.603 133.18
164.501 82.854
134.728 40.182
81.782 30.71
37.504 64.302
32.185 117.912
44.358 162.111
103.956 181.414
159.995 154.035
181.521 95.323
155.618 37.412
94.971 14.395
34.81 43.489
14.839 105.822
10.959 132.944
61.355 184.14
131.519 185.161
182.244 137.655
186.055 68.264
140.576 14.83
69.302 7.899
12.379 57.605
-7.471 89.471
-8.259 109.384
16.99 166.027
30.31 180.85
87.137 203.297
107.018 204.759
163.397 181.397
178.641 168.557
203.181 112.373
204.991 92.527
183.063 34.457
170.386 19.082
112.501 -6.963
92.651 -8.983
31.493 16.057
16.339 29.007
-12.627 59.705
-24.206 81.672
-32.049 98.547
-25.551 115.789
-7.203 151.152
-1.931 172.755
5.108 190.15
22.369 197.462
60.022 210.022
77.479 221.976
95.275 229.602
112.788 222.242
148.415 204.863
169.241 201.693
187.785 194.691
194.988 177.024
208.113 139.74
221.073 122.673
229.714 104.686
222.566 87.055
205.492 51.162
202.272 29.306
196.167 10.675
179.026 2.827
140.925 -10.812
121.547 -23.663
105.061 -32.238
87.387 -26.624
50.388 -8.528
26.033 -1.699
8.126 4.053
-0.065 20.649
