17.512 225.917
129.545 245.236
222.573 182.394
246.71 72.838
187.923 -24.383
73.928 -52.978
-28.87 12.198
-50.744 130.995
-2.989 223.599
113.315 258.189
219.989 203.004
259.039 89.588
208.289 -20.415
91.486 -63.749
-24.503 -7.641
-62.837 114.673
-62.387 154.258
25.227 250.771
152.319 257.847
247.73 175.723
260.557 50.803
183.048 -49.934
52.232 -67.374
-53.87 19.489
-72.957 88.366
-81.21 106.504
-29.52 214.081
-21.029 232.111
88.028 270.635
106.892 277.054
210.585 229.574
228.575 220.988
270.718 115.241
277.744 96.475
234.338 -9.66
226.578 -28.461
117.86 -73.616
98.653 -83.374
-12.139 -32.963
-32.737 -27.102
-73.266 35.557
-88.219 67.641
-105.178 86.202
-99.61 105.868
-65.721 179.223
-53.52 211.898
-51.415 236.545
-33.422 245.725
39.319 271.92
69.96 286.711
88.998 301.837
108.094 295.443
177.12 263.991
209.112 253.871
233.106 251.208
242.299 233.308
269.862 163.047
286.014 133.552
301.597 115.287
296.151 95.949
266.866 26.292
257.435 -6.579
256.769 -30.393
239.883 -41.186
169.368 -70.736
138.43 -87.208
121.831 -104.464
101.628 -101.542
27.595 -70.492
-6.198 -59.197
-31.214 -59.458
-43.007 -42.381
