63.721 160.749
116.751 166.849
158.877 134.769
167.255 82.393
136.384 37.895
81.303 27.912
35.097 62.791
29.463 118.591
42.733 164.269
104.269 184.07
162.054 155.75
184.199 95.125
157.406 35.385
94.776 11.693
32.676 41.835
12.185 106.223
8.455 133.908
60.27 186.536
132.379 187.656
184.581 138.871
188.61 67.521
141.944 12.483
68.592 5.237
9.902 56.392
-9.893 89.456
-10.794 109.367
15.256 167.835
28.548 182.684
87.101 205.768
106.976 207.284
165.06 183.215
180.357 170.438
205.641 112.549
207.543 92.712
184.956 32.869
172.361 17.427
112.691 -9.421
92.843 -11.56
29.862 14.294
14.607 27.116
-14.985 59.009
-26.587 81.51
-34.583 98.413
-28.128 115.683
-9.277 152.478
-3.636 174.475
3.336 191.911
20.569 199.276
59.456 212.419
77.377 224.422
95.167 232.106
112.699 224.782
149.641 207.021
170.824 203.595
189.419 196.636
196.667 178.975
210.47 140.467
223.516 122.964
232.239 104.987
225.146 87.323
207.699 50.059
204.203 27.815
198.192 9.154
181.09 1.218
141.743 -13.11
121.813 -26.025
105.401 -34.713
87.692 -29.235
49.399 -10.735
24.604 -3.556
6.561 2.058
-1.729 18.627
