-31.154 329.287
169.936 353.148
328.98 227.612
352.86 26.502
227.531 -132.513
26.35 -156.459
-132.795 -31.033
-156.663 170.126
-49.605 326.76
155.085 364.322
326.465 246.082
364.08 41.36
245.97 -129.971
41.172 -167.667
-130.259 -49.465
-167.881 155.269
-156.087 195.639
-12.712 346.946
195.451 352.508
346.67 209.209
352.294 1.027
209.106 -150.173
0.832 -155.836
-150.43 -12.584
-163.305 130.023
-185.178 112.104
-64.223 305.63
-92.389 308.438
129.84 359.741
111.965 381.636
305.348 260.669
308.182 288.84
359.539 66.631
381.395 84.582
260.555 -108.836
288.72 -111.656
66.419 -163.062
84.341 -184.924
-109.073 -64.051
-111.921 -92.228
-158.957 12.228
-168.525 47.986
-183.638 74.866
-175.378 93.816
-144.602 219.249
-126.004 251.281
-117.682 281.004
-98.387 288.543
12.11 355.449
47.866 364.99
74.74 380.092
93.677 371.802
219.053 340.992
251.095 322.44
280.786 314.102
288.296 294.83
355.201 184.404
364.761 148.662
379.856 121.795
371.611 102.864
340.789 -22.535
322.281 -54.571
313.956 -84.248
294.706 -91.786
184.281 -158.689
148.528 -168.299
121.623 -183.373
102.645 -175.142
-22.762 -144.323
-54.806 -125.784
-84.494 -117.473
-92.032 -98.21
