-31.187 329.294
169.885 353.103
328.998 227.642
352.875 26.509
227.543 -132.576
26.258 -156.423
-132.839 -31.029
-156.578 170.164
-49.621 326.743
155.054 364.304
326.383 246.097
364.1 41.336
245.916 -130.03
41.092 -167.641
-130.254 -49.437
-167.83 155.338
-156.022 195.69
-12.709 346.882
195.386 352.489
346.671 209.254
352.264 0.972
209.052 -150.166
0.724 -155.842
-150.428 -12.504
-163.194 130.073
-185.149 112.214
-64.231 305.636
-92.384 308.373
129.755 359.808
111.819 381.627
305.278 260.801
308.08 288.943
359.547 66.664
381.458 84.567
260.502 -108.94
288.627 -111.732
66.379 -163.006
84.324 -184.901
-109.116 -64.04
-111.937 -92.178
-158.971 12.323
-168.484 48.099
-183.585 74.987
-175.297 93.922
-144.493 219.274
-125.999 251.347
-117.598 281.03
-98.346 288.522
12.104 355.439
47.867 364.998
74.845 380.056
93.679 371.668
218.997 341.043
251.033 322.504
280.743 314.189
288.222 294.891
355.236 184.431
364.734 148.637
379.833 121.718
371.513 102.795
340.726 -22.6
322.183 -54.633
313.914 -84.3
294.675 -91.903
184.265 -158.76
148.48 -168.251
121.615 -183.374
102.631 -175.082
-22.836 -144.3
-54.878 -125.783
-84.536 -117.422
-92.089 -98.198
