-31.261 329.154
169.962 353.131
328.978 227.735
352.77 26.749
227.476 -132.489
26.381 -156.373
-132.782 -31.016
-156.569 170.207
-49.74 326.699
155.163 364.422
326.411 246.185
364.227 41.486
245.887 -129.836
41.226 -167.639
-130.226 -49.431
-167.803 155.383
-156.004 195.714
-12.809 346.816
195.421 352.466
346.575 209.283
352.262 1.165
209.077 -150.134
0.815 -155.803
-150.387 -12.527
-163.164 130.112
-185.046 112.152
-64.473 305.655
-92.579 308.407
130.203 359.579
112.144 381.393
305.372 260.958
308.084 289.066
359.372 66.374
381.283 84.326
260.585 -108.669
288.718 -111.637
66.485 -162.997
84.392 -184.94
-109.092 -64.019
-111.909 -92.157
-158.927 12.282
-168.465 48.049
-183.626 74.915
-175.23 93.895
-144.471 219.272
-125.946 251.305
-117.372 281.007
-98.267 288.441
12.022 355.33
47.791 364.872
74.429 380.171
93.627 371.975
218.989 340.987
251.011 322.452
280.678 314.198
288.253 294.912
355.096 184.45
364.628 148.685
379.937 122.073
371.868 102.926
340.839 -22.448
322.27 -54.473
314.103 -84.083
294.826 -91.828
184.277 -158.681
148.53 -168.224
121.64 -183.345
102.726 -175.054
-22.779 -144.289
-54.829 -125.755
-84.486 -117.398
-92.049 -98.178
