3.925 243.698
132.195 267.355
239.738 196.493
269.066 71.342
203.214 -41.016
72.239 -75.47
-46.696 -0.919
-72.646 134.382
-15.425 239.932
115.667 278.452
235.661 216.055
279.631 88.351
222.401 -35.651
89.733 -84.346
-41.476 -19.662
-83.396 118.091
-81.233 158.955
14.556 267.47
156.211 277.419
264.114 187.319
280.546 47.965
195.318 -65.827
48.695 -86.41
-70.292 9.836
-88.571 90.459
-101.008 106.029
-39.787 225.767
-35.148 245.148
88.609 286.348
105.973 296.125
222.0 240.712
241.235 235.434
286.775 115.618
297.115 98.535
246.237 -20.598
242.37 -40.891
117.392 -89.668
100.149 -104.304
-24.964 -42.496
-47.202 -42.282
-87.606 28.803
-104.216 61.152
-123.935 80.223
-118.695 100.912
-80.462 184.451
-68.686 218.783
-68.615 245.966
-50.056 255.951
32.241 285.851
64.453 301.95
83.741 320.56
103.762 314.405
181.719 279.105
215.895 268.579
242.396 268.264
252.518 249.99
283.78 171.051
301.287 139.854
320.306 121.606
315.308 101.361
282.797 22.665
273.559 -12.182
275.383 -38.49
258.133 -50.407
178.444 -84.59
146.918 -102.729
129.599 -123.386
108.285 -120.823
23.207 -86.156
-11.867 -76.122
-39.644 -77.583
-52.251 -59.99
