-31.293 329.234
170.002 352.999
329.041 227.709
352.851 26.582
227.587 -132.573
26.242 -156.351
-132.749 -31.03
-156.648 170.147
-49.717 326.683
155.157 364.252
326.447 246.123
364.032 41.384
245.975 -129.958
41.075 -167.609
-130.218 -49.478
-167.862 155.299
-156.039 195.658
-12.8 346.864
195.501 352.458
346.616 209.229
352.259 1.113
209.061 -150.156
0.718 -155.796
-150.421 -12.617
-163.248 130.007
-185.138 112.083
-64.307 305.537
-92.467 308.369
129.896 359.727
111.965 381.587
305.345 260.751
308.164 288.858
359.413 66.628
381.318 84.549
260.592 -108.815
288.723 -111.587
66.345 -163.0
84.269 -184.915
-109.095 -64.076
-111.916 -92.239
-158.932 12.202
-168.518 47.958
-183.593 74.855
-175.332 93.801
-144.551 219.238
-125.998 251.254
-117.709 280.958
-98.425 288.468
12.042 355.401
47.821 364.963
74.721 380.044
93.67 371.801
219.082 340.946
251.112 322.399
280.787 314.058
288.326 294.835
355.19 184.421
364.701 148.65
379.803 121.772
371.492 102.834
340.774 -22.457
322.287 -54.511
313.963 -84.176
294.745 -91.745
184.241 -158.73
148.457 -168.256
121.563 -183.383
102.583 -175.084
-22.845 -144.276
-54.851 -125.746
-84.518 -117.457
-92.016 -98.191
