-31.168 329.293
169.958 353.089
329.102 227.548
352.744 26.488
227.438 -132.585
26.247 -156.367
-132.825 -30.977
-156.556 170.26
-49.615 326.756
155.17 364.361
326.459 245.966
364.039 41.346
245.845 -129.955
41.076 -167.616
-130.259 -49.369
-167.781 155.409
-155.962 195.767
-12.75 346.927
195.515 352.408
346.733 209.198
352.25 0.985
209.016 -150.208
0.731 -155.766
-150.42 -12.498
-163.205 130.146
-185.059 112.195
-64.247 305.621
-92.409 308.422
129.795 359.864
111.821 381.673
305.352 260.889
308.232 288.994
359.547 66.676
381.463 84.594
260.563 -108.826
288.686 -111.675
66.333 -163.008
84.281 -184.897
-109.138 -63.983
-111.934 -92.092
-158.947 12.306
-168.531 48.047
-183.588 74.946
-175.277 93.908
-144.494 219.362
-125.985 251.407
-117.565 281.133
-98.28 288.52
12.077 355.416
47.822 365.001
74.881 379.919
93.686 371.584
219.154 340.979
251.221 322.446
280.979 313.867
288.281 294.617
355.277 184.419
364.758 148.659
379.845 121.819
371.567 102.833
340.728 -22.578
322.198 -54.602
313.969 -84.23
294.686 -91.873
184.184 -158.732
148.391 -168.232
121.538 -183.413
102.545 -175.078
-22.854 -144.249
-54.882 -125.698
-84.556 -117.34
-92.083 -98.093
