-31.163 329.244
169.996 353.027
328.857 227.843
352.937 26.675
227.606 -132.376
26.42 -156.371
-132.74 -31.06
-156.716 170.102
-49.642 326.943
155.098 364.218
326.525 246.37
364.169 41.485
246.003 -129.91
41.256 -167.599
-130.232 -49.465
-167.983 155.354
-155.957 195.606
-12.614 346.882
195.512 352.605
346.565 209.397
352.312 1.097
209.132 -150.018
0.904 -155.79
-150.335 -12.568
-163.248 130.174
-184.957 112.059
-64.216 305.963
-92.409 308.306
129.882 359.46
112.215 381.596
305.455 260.176
308.279 288.375
359.652 66.794
381.369 84.899
260.38 -108.788
288.531 -111.867
66.501 -163.066
84.486 -184.868
-109.07 -64.058
-111.87 -92.206
-158.857 12.251
-168.473 47.996
-183.622 74.808
-175.26 93.814
-144.406 219.212
-125.795 251.259
-117.539 280.968
-98.158 288.497
12.146 355.482
47.88 364.966
74.762 380.057
93.644 371.882
219.033 341.015
251.023 322.428
280.615 314.35
288.455 295.201
355.006 184.582
364.59 148.831
379.592 121.66
371.192 103.005
340.926 -22.563
322.224 -54.522
313.928 -84.126
294.803 -91.903
184.327 -158.582
148.561 -168.174
121.63 -183.292
102.732 -174.998
-22.707 -144.326
-54.731 -125.75
-84.436 -117.425
-91.955 -98.14
