-31.215 329.325
169.944 353.0
328.965 227.654
352.794 26.446
227.555 -132.528
26.463 -156.414
-132.833 -31.12
-156.681 170.204
-49.616 326.754
155.084 364.308
326.4 246.103
364.057 41.287
245.966 -129.986
41.258 -167.636
-130.226 -49.505
-167.893 155.386
-156.068 195.741
-12.724 346.919
195.46 352.504
346.625 209.267
352.251 0.929
209.084 -150.169
0.949 -155.868
-150.407 -12.589
-163.22 130.09
-185.146 112.184
-64.246 305.605
-92.403 308.412
129.822 359.705
111.91 381.647
305.351 260.767
308.127 288.9
359.443 66.557
381.355 84.491
260.538 -108.824
288.684 -111.638
66.493 -162.992
84.395 -184.883
-109.084 -64.11
-111.865 -92.273
-158.982 12.229
-168.492 48.017
-183.618 74.918
-175.304 93.88
-144.522 219.295
-126.002 251.33
-117.637 280.992
-98.406 288.541
12.065 355.464
47.81 364.98
74.666 380.106
93.606 371.802
219.038 340.977
251.085 322.46
280.763 314.118
288.272 294.855
355.195 184.466
364.696 148.686
379.83 121.81
371.541 102.836
340.707 -22.609
322.212 -54.622
313.895 -84.253
294.662 -91.781
184.265 -158.686
148.505 -168.258
121.61 -183.342
102.671 -175.065
-22.627 -144.347
-54.713 -125.873
-84.413 -117.541
-91.982 -98.284
