-31.209 329.239
169.861 353.152
329.023 227.635
352.842 26.519
227.455 -132.552
26.342 -156.404
-132.768 -30.959
-156.599 170.097
-49.637 326.673
155.084 364.386
326.451 246.083
364.105 41.328
245.893 -130.039
41.198 -167.613
-130.253 -49.422
-167.875 155.267
-156.065 195.615
-12.776 346.856
195.377 352.517
346.66 209.207
352.29 1.0
209.034 -150.198
0.821 -155.794
-150.434 -12.55
-163.243 130.009
-185.148 112.092
-64.257 305.573
-92.403 308.381
129.826 359.703
111.921 381.604
305.361 260.73
308.148 288.877
359.454 66.617
381.387 84.544
260.479 -108.894
288.645 -111.735
66.46 -163.022
84.383 -184.894
-109.118 -64.021
-111.956 -92.185
-158.932 12.253
-168.49 47.989
-183.595 74.855
-175.317 93.8
-144.532 219.184
-126.019 251.242
-117.671 280.932
-98.407 288.492
12.02 355.426
47.793 364.943
74.678 380.075
93.632 371.755
218.956 341.0
251.021 322.5
280.702 314.142
288.269 294.886
355.214 184.4
364.727 148.637
379.843 121.77
371.541 102.838
340.739 -22.584
322.198 -54.64
313.852 -84.324
294.614 -91.854
184.221 -158.705
148.475 -168.282
121.604 -183.358
102.66 -175.091
-22.787 -144.295
-54.824 -125.728
-84.529 -117.427
-92.058 -98.156
