-31.274 329.257
169.967 353.138
329.013 227.671
352.781 26.498
227.434 -132.578
26.321 -156.397
-132.681 -31.053
-156.654 170.115
-49.691 326.711
155.17 364.327
326.434 246.101
364.089 41.355
245.847 -130.005
41.129 -167.61
-130.165 -49.512
-167.849 155.276
-156.051 195.623
-12.766 346.884
195.467 352.502
346.653 209.257
352.277 0.975
208.958 -150.19
0.836 -155.784
-150.356 -12.653
-163.232 130.014
-185.113 112.091
-64.272 305.506
-92.459 308.347
129.936 359.734
112.007 381.584
305.35 260.743
308.143 288.865
359.48 66.63
381.417 84.557
260.459 -108.896
288.601 -111.705
66.385 -162.971
84.281 -184.902
-109.047 -64.094
-111.87 -92.251
-158.875 12.168
-168.484 47.932
-183.574 74.829
-175.32 93.794
-144.556 219.202
-126.023 251.227
-117.713 280.921
-98.444 288.446
12.059 355.408
47.822 364.974
74.723 380.067
93.69 371.812
219.025 340.968
251.057 322.429
280.734 314.082
288.272 294.833
355.214 184.461
364.747 148.699
379.879 121.824
371.581 102.87
340.726 -22.587
322.205 -54.637
313.864 -84.298
294.614 -91.844
184.146 -158.733
148.376 -168.252
121.498 -183.372
102.562 -175.047
-22.729 -144.312
-54.749 -125.78
-84.451 -117.48
-91.985 -98.213
