-31.299 329.257
169.85 353.104
328.955 227.606
352.859 26.506
227.523 -132.518
26.342 -156.388
-132.794 -31.089
-156.646 170.203
-49.699 326.744
155.035 364.358
326.418 246.083
364.115 41.333
245.942 -129.955
41.167 -167.634
-130.283 -49.496
-167.814 155.393
-155.999 195.685
-12.781 346.847
195.374 352.595
346.628 209.222
352.307 0.985
209.067 -150.144
0.83 -155.816
-150.372 -12.55
-163.237 130.15
-185.116 112.233
-64.269 305.567
-92.412 308.383
129.794 359.733
111.887 381.615
305.336 260.722
308.139 288.883
359.469 66.611
381.389 84.526
260.553 -108.859
288.697 -111.658
66.415 -163.021
84.328 -184.946
-109.099 -64.065
-111.887 -92.205
-158.944 12.29
-168.489 48.083
-183.588 74.984
-175.3 93.934
-144.542 219.268
-125.972 251.267
-117.652 280.957
-98.387 288.488
12.028 355.393
47.785 364.962
74.667 380.053
93.605 371.799
218.948 341.034
251.02 322.517
280.703 314.154
288.263 294.894
355.181 184.423
364.697 148.655
379.833 121.778
371.536 102.829
340.77 -22.569
322.272 -54.608
313.943 -84.262
294.701 -91.795
184.245 -158.701
148.465 -168.242
121.581 -183.387
102.624 -175.074
-22.743 -144.288
-54.798 -125.777
-84.461 -117.414
-92.023 -98.192
