-1.353 251.591
133.646 276.841
247.291 202.51
278.751 70.589
209.538 -48.319
70.833 -84.788
-54.568 -5.628
-81.651 136.625
-20.238 247.495
117.175 287.221
242.711 221.526
288.602 87.566
228.22 -42.525
88.196 -93.221
-49.453 -24.234
-92.248 120.471
-88.909 161.57
10.584 274.711
158.165 285.567
271.142 192.084
288.986 46.663
200.316 -72.625
46.794 -94.276
-77.46 6.311
-95.313 92.697
-109.721 106.467
-43.363 231.449
-40.899 251.223
89.58 292.921
105.887 304.375
227.129 245.006
246.768 241.605
293.53 115.307
305.534 99.352
250.818 -25.685
249.227 -46.537
116.179 -96.59
100.659 -113.692
-31.484 -45.815
-53.805 -48.89
-93.924 26.23
-111.143 58.483
-131.69 78.026
-126.565 99.032
-86.57 187.139
-75.169 221.891
-75.678 250.011
-56.91 260.31
29.597 291.857
62.047 308.479
81.464 328.418
101.864 322.341
183.782 285.364
218.584 274.956
246.126 275.619
256.603 257.168
289.611 174.388
307.702 142.875
328.193 124.63
323.35 103.989
289.52 21.168
280.679 -14.24
283.472 -41.643
266.057 -54.008
182.207 -90.497
150.808 -109.388
132.859 -131.293
111.306 -128.716
21.112 -92.742
-14.34 -83.433
-43.33 -84.875
-55.906 -67.184
