6.775 239.757
131.586 262.494
235.951 193.371
264.14 71.661
199.894 -37.357
72.75 -70.625
-42.742 1.709
-67.958 133.446
-12.834 236.237
115.074 273.994
232.186 213.197
275.095 88.651
219.351 -32.264
90.29 -79.843
-37.591 -17.201
-78.905 117.112
-77.224 157.783
16.745 263.817
155.334 273.187
260.545 184.806
276.204 48.579
192.671 -62.378
49.526 -82.318
-66.682 11.792
-85.175 89.668
-96.631 105.975
-37.757 223.073
-32.145 242.191
88.351 282.969
106.138 291.953
219.519 238.377
238.519 232.245
283.316 115.614
292.87 98.064
243.749 -18.15
238.885 -38.129
117.725 -86.172
99.844 -99.623
-21.921 -40.631
-43.934 -38.937
-84.449 30.203
-100.712 62.569
-119.906 81.476
-114.598 101.956
-77.311 183.209
-65.374 217.261
-64.919 243.925
-46.483 253.737
33.696 282.831
65.693 298.643
84.935 316.513
104.759 310.315
180.746 275.848
214.526 265.323
240.481 264.477
250.419 246.295
280.796 169.3
298.004 138.364
316.259 120.108
311.173 100.066
279.345 23.411
269.975 -11.081
271.251 -36.833
254.091 -48.505
176.463 -81.596
144.955 -99.352
127.861 -119.295
106.75 -116.691
24.18 -82.763
-10.661 -72.384
-37.815 -73.702
-50.325 -56.205
