8.262 237.792
131.292 260.048
234.045 191.794
261.659 71.81
198.205 -35.522
72.965 -68.166
-40.772 3.096
-65.573 133.029
-11.481 234.418
114.8 271.759
230.443 211.754
272.813 88.782
217.798 -30.576
90.523 -77.578
-35.684 -15.916
-76.642 116.68
-75.176 157.236
17.9 261.984
154.899 271.048
258.741 183.519
274.001 48.877
191.32 -60.637
49.92 -80.24
-64.877 12.823
-83.464 89.358
-94.438 105.994
-36.667 221.763
-30.596 240.746
88.267 281.268
106.259 289.859
218.27 237.178
237.142 230.65
281.562 115.578
290.74 97.813
242.464 -16.939
237.129 -36.756
117.835 -84.416
99.688 -97.291
-20.459 -39.636
-42.319 -37.248
-82.872 30.935
-98.951 63.294
-117.859 82.133
-112.515 102.502
-75.705 182.616
-63.698 216.51
-63.027 242.903
-44.656 252.632
34.47 281.309
66.331 296.974
85.547 314.46
105.272 308.243
180.247 274.206
213.809 263.703
239.489 262.594
249.33 244.453
279.283 168.405
296.342 137.626
314.211 119.366
309.08 99.427
277.595 23.784
268.178 -10.51
269.179 -35.981
252.06 -47.529
175.459 -80.086
143.983 -97.654
126.988 -117.225
105.992 -114.59
24.656 -81.047
-10.058 -70.503
-36.903 -71.713
-49.343 -54.269
