-31.266 329.239
169.914 353.087
328.932 227.684
352.859 26.63
227.579 -132.457
26.362 -156.415
-132.753 -31.089
-156.652 170.12
-49.692 326.694
155.064 364.373
326.422 246.148
364.163 41.409
245.998 -129.934
41.171 -167.654
-130.18 -49.506
-167.889 155.275
-156.076 195.651
-12.811 346.883
195.416 352.592
346.568 209.258
352.302 1.104
209.105 -150.079
0.841 -155.83
-150.382 -12.64
-163.251 129.977
-185.189 112.064
-64.292 305.615
-92.42 308.455
129.92 359.618
112.022 381.565
305.381 260.781
308.162 288.927
359.369 66.518
381.303 84.456
260.515 -108.853
288.675 -111.628
66.447 -162.984
84.356 -184.92
-109.086 -64.116
-111.865 -92.244
-158.947 12.166
-168.483 47.941
-183.606 74.817
-175.318 93.771
-144.534 219.22
-125.972 251.254
-117.664 280.921
-98.476 288.57
11.996 355.426
47.778 364.907
74.505 380.117
93.569 371.947
218.965 341.02
251.001 322.479
280.672 314.144
288.27 294.919
355.089 184.439
364.646 148.677
379.885 121.897
371.642 102.886
340.815 -22.467
322.289 -54.505
313.899 -84.214
294.694 -91.703
184.313 -158.694
148.535 -168.235
121.646 -183.363
102.663 -175.078
-22.723 -144.312
-54.775 -125.798
-84.458 -117.458
-92.003 -98.224
