-31.303 329.253
169.94 353.015
329.008 227.623
352.823 26.589
227.498 -132.544
26.356 -156.455
-132.807 -30.957
-156.601 170.174
-49.714 326.696
155.08 364.266
326.501 246.091
364.038 41.432
245.937 -129.974
41.17 -167.657
-130.254 -49.392
-167.86 155.353
-156.078 195.666
-12.822 346.88
195.459 352.48
346.687 209.225
352.266 1.097
209.024 -150.203
0.841 -155.82
-150.436 -12.509
-163.228 130.073
-185.158 112.166
-64.3 305.514
-92.485 308.329
129.818 359.716
111.89 381.585
305.376 260.681
308.224 288.852
359.47 66.679
381.339 84.589
260.55 -108.82
288.708 -111.617
66.437 -163.024
84.351 -184.922
-109.141 -64.015
-111.929 -92.175
-158.976 12.304
-168.479 48.077
-183.612 74.939
-175.295 93.877
-144.562 219.186
-126.062 251.212
-117.753 280.902
-98.479 288.434
12.006 355.386
47.76 364.971
74.656 380.035
93.595 371.784
219.046 340.97
251.082 322.409
280.781 314.097
288.312 294.834
355.185 184.413
364.737 148.669
379.808 121.791
371.534 102.858
340.79 -22.494
322.24 -54.514
313.942 -84.203
294.68 -91.73
184.188 -158.71
148.441 -168.289
121.559 -183.369
102.631 -175.088
-22.736 -144.264
-54.819 -125.761
-84.492 -117.404
-92.062 -98.176
