-31.251 329.23
169.943 353.069
329.009 227.709
352.907 26.565
227.387 -132.578
26.321 -156.437
-132.791 -31.053
-156.683 170.176
-49.645 326.735
155.096 364.292
326.48 246.16
364.074 41.383
245.846 -130.046
41.172 -167.639
-130.247 -49.488
-167.871 155.328
-156.021 195.717
-12.837 346.885
195.452 352.502
346.656 209.267
352.27 1.077
208.978 -150.258
0.806 -155.819
-150.426 -12.588
-163.246 130.03
-185.123 112.097
-64.203 305.617
-92.345 308.455
129.835 359.706
111.907 381.579
305.334 260.756
308.178 288.928
359.46 66.635
381.355 84.551
260.462 -108.918
288.629 -111.729
66.439 -163.058
84.376 -184.92
-109.115 -64.092
-111.924 -92.252
-158.943 12.238
-168.523 47.982
-183.593 74.854
-175.349 93.8
-144.491 219.312
-125.93 251.353
-117.586 281.036
-98.331 288.576
11.99 355.38
47.748 364.967
74.645 380.04
93.601 371.787
219.036 341.0
251.068 322.461
280.769 314.158
288.28 294.877
355.176 184.436
364.749 148.674
379.838 121.795
371.554 102.846
340.786 -22.52
322.216 -54.559
313.891 -84.282
294.601 -91.819
184.172 -158.754
148.439 -168.316
121.57 -183.382
102.65 -175.116
-22.791 -144.346
-54.811 -125.786
-84.512 -117.5
-92.041 -98.235
