-31.157 329.24
169.967 353.103
329.061 227.725
352.788 26.457
227.491 -132.545
26.363 -156.43
-132.792 -31.098
-156.7 170.093
-49.65 326.719
155.114 364.321
326.514 246.146
364.013 41.315
245.926 -130.038
41.217 -167.609
-130.259 -49.48
-167.932 155.295
-156.043 195.607
-12.75 346.922
195.456 352.531
346.715 209.264
352.23 0.943
209.033 -150.167
0.849 -155.776
-150.386 -12.618
-163.266 130.025
-185.144 112.096
-64.263 305.617
-92.434 308.403
129.833 359.811
111.874 381.631
305.359 260.688
308.199 288.838
359.504 66.627
381.371 84.543
260.483 -108.917
288.643 -111.764
66.485 -163.026
84.424 -184.888
-109.112 -64.045
-111.934 -92.193
-158.9 12.215
-168.496 47.983
-183.594 74.865
-175.337 93.817
-144.583 219.206
-126.033 251.248
-117.722 280.983
-98.412 288.507
12.076 355.424
47.826 365.028
74.732 380.115
93.66 371.802
219.031 341.023
251.046 322.453
280.72 314.182
288.332 294.913
355.202 184.421
364.777 148.654
379.803 121.71
371.502 102.792
340.727 -22.64
322.177 -54.657
313.905 -84.355
294.631 -91.88
184.241 -158.716
148.5 -168.275
121.626 -183.365
102.696 -175.095
-22.752 -144.292
-54.792 -125.75
-84.508 -117.448
-92.038 -98.173
