57.643 170.066
118.838 177.737
167.911 141.132
178.235 80.637
143.049 28.854
79.572 16.791
25.762 56.509
18.532 121.08
36.243 172.766
105.454 194.622
170.22 162.529
194.816 94.332
164.48 27.351
94.06 1.009
24.392 35.099
1.658 107.666
-1.545 137.558
55.83 196.002
135.677 197.57
193.803 143.713
198.743 64.632
147.385 3.225
65.846 -5.257
0.275 51.501
-19.352 89.279
-20.765 109.157
8.405 174.816
21.553 189.793
86.963 215.481
106.814 217.228
171.623 190.334
187.126 177.809
215.302 113.183
217.583 93.384
192.334 26.596
180.088 10.873
113.422 -19.058
93.574 -21.708
23.591 7.244
7.898 19.528
-24.109 56.057
-35.845 80.493
-44.558 97.572
-38.251 115.02
-17.495 157.458
-10.386 181.014
-3.723 198.755
13.418 206.308
57.109 221.788
76.93 233.959
94.727 241.966
112.339 234.79
154.375 215.484
177.015 210.976
195.852 204.249
203.292 186.615
219.686 143.339
233.05 124.064
242.157 106.132
235.288 88.335
216.341 45.798
211.72 22.008
206.123 3.164
189.18 -5.134
145.057 -22.054
122.982 -35.231
106.788 -44.499
88.93 -39.523
45.672 -19.461
19.233 -11.036
0.548 -6.014
-8.133 10.474
