-31.033 329.301
170.126 352.771
329.024 227.61
352.641 26.397
227.598 -132.319
26.385 -156.391
-132.689 -30.907
-156.479 170.364
-49.527 326.945
155.181 363.897
326.383 246.033
363.557 41.52
246.082 -129.992
41.258 -167.525
-130.114 -49.357
-167.787 155.582
-155.711 195.838
-12.472 346.875
195.654 352.395
346.834 209.287
352.363 1.029
209.061 -149.952
0.914 -155.764
-150.314 -12.433
-163.245 130.397
-184.814 112.133
-63.494 305.844
-91.741 308.164
129.11 360.427
111.253 381.94
305.357 261.563
307.958 289.518
359.726 67.521
381.332 85.389
260.146 -108.892
288.323 -112.061
66.615 -162.822
84.413 -184.792
-108.945 -63.945
-111.855 -92.117
-158.769 12.429
-168.365 48.199
-183.598 74.948
-175.136 94.044
-144.246 219.432
-125.809 251.493
-117.872 281.145
-98.295 288.628
12.381 355.302
48.169 364.791
75.474 379.535
94.091 370.953
219.161 340.745
251.13 322.07
280.936 313.169
287.921 294.011
355.15 184.403
364.707 148.603
379.847 121.488
370.939 102.754
340.842 -22.552
322.2 -54.497
313.761 -84.052
294.865 -91.937
184.264 -158.52
148.489 -168.031
121.84 -183.254
102.723 -175.135
-22.627 -144.145
-54.697 -125.693
-84.374 -117.402
-91.934 -98.174
