-13.288 275.119
140.479 302.687
269.872 217.227
305.309 65.806
223.759 -70.759
62.27 -109.056
-78.086 -15.353
-105.845 145.898
-31.759 271.579
124.623 312.401
264.975 235.192
314.232 82.302
241.797 -65.079
78.863 -118.701
-75.225 -34.703
-117.67 130.585
-109.461 171.278
1.962 295.941
165.918 307.368
291.656 203.277
311.609 40.773
210.84 -92.905
37.498 -114.645
-98.923 -0.709
-115.852 104.58
-135.558 110.481
-50.481 251.734
-56.196 270.93
96.908 311.944
107.894 328.647
244.818 254.362
264.51 258.285
312.97 110.071
330.541 99.493
260.284 -44.358
268.108 -65.25
106.332 -117.531
100.632 -141.627
-55.645 -52.186
-74.544 -67.049
-113.412 20.926
-131.409 52.979
-152.285 75.295
-147.152 95.784
-103.874 196.684
-93.275 231.926
-93.322 262.026
-74.622 272.852
23.672 310.123
56.028 327.714
76.575 349.657
97.516 343.952
191.384 302.751
226.928 293.095
256.862 295.061
268.067 276.452
306.991 182.445
326.338 151.103
349.631 132.109
345.243 110.845
308.158 15.108
300.754 -20.975
304.22 -51.175
286.824 -63.862
190.179 -108.649
159.652 -129.255
138.857 -152.416
118.49 -149.012
11.783 -110.542
-24.113 -102.507
-55.219 -102.096
-66.308 -84.894
