-31.15 329.303
169.947 353.032
328.934 227.64
352.845 26.564
227.597 -132.521
26.309 -156.456
-132.787 -30.955
-156.589 170.135
-49.592 326.736
155.148 364.312
326.406 246.109
364.062 41.417
245.972 -129.963
41.136 -167.63
-130.269 -49.404
-167.862 155.309
-156.03 195.657
-12.712 346.92
195.44 352.515
346.622 209.248
352.267 1.071
209.13 -150.119
0.794 -155.797
-150.444 -12.527
-163.24 130.061
-185.158 112.135
-64.245 305.666
-92.383 308.433
129.894 359.672
111.991 381.595
305.301 260.716
308.121 288.881
359.491 66.681
381.35 84.583
260.531 -108.822
288.686 -111.655
66.416 -163.013
84.356 -184.878
-109.115 -63.996
-111.946 -92.165
-158.949 12.271
-168.503 48.023
-183.613 74.907
-175.304 93.853
-144.512 219.237
-125.986 251.29
-117.644 280.984
-98.396 288.554
12.095 355.448
47.856 364.971
74.746 380.065
93.702 371.771
218.994 340.981
251.031 322.448
280.725 314.135
288.238 294.855
355.145 184.427
364.71 148.673
379.799 121.791
371.545 102.86
340.792 -22.518
322.245 -54.541
313.93 -84.24
294.662 -91.762
184.315 -158.641
148.557 -168.23
121.665 -183.323
102.689 -175.072
-22.783 -144.29
-54.811 -125.742
-84.511 -117.415
-92.043 -98.141
