-31.193 329.316
169.977 352.93
329.012 227.661
352.835 26.453
227.503 -132.622
26.333 -156.436
-132.818 -31.062
-156.669 170.212
-49.602 326.67
155.103 364.177
326.457 246.105
363.965 41.371
245.918 -129.982
41.142 -167.672
-130.236 -49.502
-167.898 155.391
-156.05 195.757
-12.76 346.936
195.487 352.501
346.69 209.248
352.315 0.997
209.067 -150.213
0.811 -155.851
-150.412 -12.554
-163.281 130.103
-185.151 112.141
-64.225 305.515
-92.359 308.391
129.665 359.827
111.827 381.741
305.346 260.619
308.192 288.744
359.586 66.877
381.452 84.741
260.589 -108.824
288.729 -111.564
66.412 -163.016
84.331 -184.945
-109.136 -64.133
-111.877 -92.28
-158.98 12.263
-168.49 48.046
-183.63 74.912
-175.314 93.879
-144.494 219.328
-126.016 251.396
-117.775 281.057
-98.476 288.609
12.064 355.506
47.848 365.067
74.93 380.062
93.725 371.625
219.073 340.996
251.142 322.482
280.823 314.124
288.38 294.898
355.276 184.446
364.835 148.683
379.737 121.606
371.349 102.797
340.723 -22.538
322.28 -54.607
313.848 -84.269
294.587 -91.709
184.235 -158.712
148.481 -168.262
121.576 -183.366
102.646 -175.07
-22.751 -144.346
-54.789 -125.832
-84.46 -117.487
-92.016 -98.256
