59.17 167.742
118.327 175.02
165.659 139.542
175.495 81.063
141.374 31.097
79.975 19.559
28.057 58.114
21.267 120.487
37.857 170.654
105.157 191.999
168.189 160.851
192.178 94.531
162.721 29.347
94.226 3.662
26.433 36.798
4.279 107.324
0.943 136.673
56.945 193.652
134.866 195.109
191.514 142.506
196.223 65.341
146.025 5.518
66.516 -2.66
2.64 52.729
-17.014 89.335
-18.294 109.222
10.095 173.1
23.288 188.042
86.989 213.076
106.845 214.767
169.998 188.584
185.446 175.996
212.914 113.036
215.101 93.228
190.516 28.152
178.18 12.5
113.239 -16.677
93.392 -19.193
25.126 9.002
9.544 21.427
-21.872 56.816
-33.566 80.795
-42.086 97.82
-35.746 115.213
-15.462 156.256
-8.716 179.423
-1.967 197.065
15.194 204.576
57.698 219.479
77.039 231.612
94.83 239.525
112.422 232.311
153.216 213.401
175.492 209.17
194.26 202.377
201.65 184.735
217.413 142.626
230.704 123.797
239.708 105.855
232.78 88.092
214.206 46.839
209.87 23.434
204.161 4.648
187.179 -3.56
144.218 -19.857
122.668 -32.965
106.433 -42.068
88.614 -36.973
46.571 -17.301
20.528 -9.166
2.015 -3.988
-6.567 12.518
