85.783 124.74
107.696 125.857
124.022 111.383
125.73 89.614
111.727 72.659
89.459 70.469
71.899 85.312
70.694 108.361
67.752 131.218
99.603 143.188
130.561 129.336
143.011 97.678
129.624 66.216
97.558 53.347
65.455 67.474
53.403 100.293
47.112 119.37
77.024 149.25
118.878 149.398
148.562 120.168
149.321 78.62
120.839 48.275
78.946 46.657
47.582 76.028
29.561 89.038
29.225 108.994
42.848 140.097
56.797 154.584
88.227 166.981
108.22 167.434
139.317 154.185
153.763 140.398
166.796 109.032
167.241 89.109
154.474 57.434
140.697 43.02
108.906 29.612
88.969 29.085
56.584 42.667
42.218 56.488
22.652 68.657
11.798 81.075
4.677 98.557
12.07 115.707
23.972 131.259
24.689 147.116
31.945 164.497
49.293 171.425
68.724 173.914
80.183 184.652
97.654 191.961
114.842 184.63
130.287 172.779
145.94 172.357
163.584 165.216
170.582 147.88
173.168 128.631
184.115 117.219
191.69 99.649
184.412 82.463
172.667 67.119
172.36 51.087
165.405 33.223
148.143 26.187
129.001 23.565
117.2 12.351
99.608 4.629
82.401 11.888
66.636 23.76
49.956 24.673
32.292 31.811
25.353 49.116
