-29.879 328.53
169.767 351.732
328.067 227.651
352.429 27.599
227.253 -131.794
26.635 -155.772
-132.137 -30.227
-155.337 170.613
-48.347 326.294
155.287 363.482
326.383 246.121
364.076 42.136
245.596 -128.863
41.24 -167.31
-129.827 -48.657
-166.957 156.072
-154.173 196.149
-11.186 346.007
195.359 350.776
345.212 208.581
351.516 2.008
208.941 -149.2
1.146 -154.678
-149.529 -11.546
-162.177 131.356
-184.44 113.855
-64.8 305.827
-92.408 307.614
128.946 361.344
110.615 381.592
306.217 262.807
306.973 290.197
361.416 68.276
381.329 87.101
261.241 -107.786
289.141 -111.371
66.1 -162.506
84.042 -184.437
-108.965 -63.795
-111.667 -91.864
-158.081 13.264
-167.735 48.995
-182.72 76.083
-174.956 94.79
-142.773 219.79
-124.365 251.867
-116.177 281.467
-96.329 288.542
13.604 354.551
49.378 363.996
76.459 378.951
95.233 369.851
219.006 339.421
251.112 321.006
280.853 312.173
287.681 292.593
354.01 183.876
363.8 148.191
378.844 121.083
369.61 102.377
339.815 -21.47
321.508 -53.687
314.192 -83.633
294.902 -91.596
184.027 -157.442
148.328 -167.217
122.066 -182.911
102.669 -175.104
-22.419 -143.1
-54.615 -124.862
-84.363 -116.586
-91.816 -97.331
