-31.206 329.289
169.881 353.087
329.049 227.761
352.916 26.574
227.434 -132.581
26.351 -156.476
-132.821 -31.088
-156.68 170.212
-49.621 326.734
155.029 364.363
326.482 246.144
364.164 41.35
245.856 -130.023
41.15 -167.685
-130.227 -49.508
-167.889 155.404
-156.077 195.733
-12.77 346.898
195.414 352.55
346.623 209.28
352.288 1.047
208.996 -150.194
0.849 -155.839
-150.415 -12.61
-163.243 130.127
-185.151 112.198
-64.257 305.629
-92.402 308.428
129.739 359.744
111.799 381.665
305.354 260.714
308.191 288.847
359.497 66.632
381.379 84.543
260.5 -108.942
288.644 -111.726
66.408 -163.022
84.317 -184.933
-109.13 -64.134
-111.895 -92.27
-158.988 12.214
-168.52 48.009
-183.623 74.924
-175.322 93.892
-144.529 219.29
-126.022 251.336
-117.644 281.002
-98.417 288.56
12.016 355.44
47.756 364.981
74.612 380.107
93.536 371.795
219.0 341.013
251.06 322.474
280.751 314.121
288.315 294.865
355.184 184.475
364.705 148.693
379.826 121.793
371.529 102.841
340.771 -22.527
322.265 -54.583
313.9 -84.27
294.663 -91.844
184.2 -158.733
148.439 -168.251
121.558 -183.38
102.608 -175.08
-22.721 -144.318
-54.776 -125.811
-84.465 -117.485
-92.03 -98.259
