-31.243 329.235
169.87 353.081
329.072 227.791
352.808 26.449
227.46 -132.612
26.327 -156.404
-132.832 -31.021
-156.58 170.171
-49.678 326.588
155.022 364.225
326.5 246.171
363.963 41.384
245.895 -130.04
41.164 -167.612
-130.268 -49.438
-167.813 155.349
-155.981 195.668
-12.81 346.87
195.377 352.531
346.683 209.311
352.328 0.983
209.031 -150.212
0.835 -155.811
-150.428 -12.483
-163.265 130.117
-185.131 112.19
-64.265 305.448
-92.398 308.325
129.602 359.75
111.785 381.694
305.369 260.552
308.168 288.692
359.555 66.901
381.442 84.784
260.519 -108.902
288.703 -111.625
66.436 -163.031
84.325 -184.925
-109.074 -64.043
-111.858 -92.218
-158.94 12.344
-168.494 48.1
-183.561 74.967
-175.312 93.924
-144.501 219.261
-125.956 251.299
-117.833 280.999
-98.507 288.558
12.02 355.469
47.784 365.055
74.794 380.1
93.629 371.697
218.949 341.006
251.002 322.479
280.693 314.24
288.338 294.98
355.313 184.54
364.824 148.769
379.746 121.661
371.312 102.87
340.725 -22.555
322.278 -54.618
313.839 -84.315
294.566 -91.699
184.207 -158.701
148.475 -168.309
121.536 -183.328
102.646 -175.099
-22.754 -144.342
-54.768 -125.77
-84.469 -117.454
-91.98 -98.186
