-31.132 329.277
169.899 353.141
328.997 227.618
352.828 26.518
227.517 -132.557
26.404 -156.483
-132.817 -31.021
-156.645 170.175
-49.581 326.726
155.075 364.352
326.428 246.08
364.071 41.359
245.928 -129.985
41.221 -167.705
-130.238 -49.468
-167.886 155.356
-156.082 195.692
-12.718 346.904
195.427 352.529
346.645 209.198
352.282 0.986
209.066 -150.166
0.866 -155.874
-150.44 -12.56
-163.249 130.075
-185.17 112.162
-64.247 305.662
-92.402 308.437
129.791 359.719
111.875 381.632
305.355 260.715
308.163 288.866
359.455 66.64
381.357 84.551
260.547 -108.886
288.682 -111.683
66.498 -163.031
84.421 -184.934
-109.158 -64.109
-111.905 -92.258
-158.995 12.256
-168.51 48.03
-183.628 74.915
-175.326 93.866
-144.547 219.251
-126.04 251.301
-117.681 280.983
-98.441 288.56
12.076 355.442
47.823 364.96
74.682 380.086
93.608 371.765
219.005 341.005
251.055 322.481
280.726 314.14
288.293 294.909
355.194 184.387
364.722 148.627
379.829 121.753
371.511 102.825
340.756 -22.584
322.248 -54.627
313.887 -84.285
294.661 -91.823
184.263 -158.726
148.5 -168.255
121.63 -183.397
102.694 -175.079
-22.703 -144.343
-54.767 -125.843
-84.461 -117.51
-92.033 -98.262
