-30.998 329.305
170.015 352.837
328.936 227.631
352.638 26.533
227.632 -132.32
26.426 -156.395
-132.718 -30.934
-156.483 170.219
-49.434 326.781
155.115 363.969
326.093 246.008
363.484 41.662
246.151 -130.171
41.234 -167.58
-130.203 -49.318
-167.838 155.454
-155.764 195.763
-12.539 346.889
195.492 352.378
346.721 209.387
352.268 1.22
208.981 -149.997
0.923 -155.711
-150.278 -12.452
-163.138 130.412
-184.764 112.154
-63.241 305.548
-91.418 308.487
129.225 360.262
111.216 381.724
305.003 261.824
307.65 289.678
359.308 67.488
381.262 85.119
260.287 -109.178
288.532 -111.759
66.47 -162.924
84.493 -184.718
-109.047 -63.85
-111.889 -92.039
-158.807 12.346
-168.464 48.08
-183.672 74.877
-175.206 93.898
-144.339 219.399
-125.803 251.446
-117.826 281.113
-98.437 288.813
12.325 355.269
48.073 364.845
75.159 379.816
93.939 371.118
219.004 340.762
251.046 322.227
280.877 313.496
287.818 294.134
355.11 184.535
364.725 148.789
380.016 122.007
371.431 103.01
340.708 -22.34
322.256 -54.404
313.665 -84.065
294.656 -91.657
184.223 -158.619
148.449 -168.12
121.766 -183.359
102.684 -175.038
-22.648 -144.199
-54.684 -125.65
-84.411 -117.358
-91.967 -98.06
