78.658 136.951
110.963 139.499
135.791 118.999
139.601 87.133
119.963 61.072
86.739 56.244
59.69 77.5
56.889 111.855
59.393 142.459
101.319 157.031
141.33 138.185
156.97 96.841
139.118 55.862
96.766 39.229
54.487 58.434
39.428 102.292
33.994 124.264
71.508 161.982
123.621 162.246
160.771 126.33
162.603 74.936
128.056 36.324
75.683 32.675
35.089 68.989
15.898 89.223
15.438 109.159
33.399 149.646
47.137 164.333
87.899 180.296
107.818 181.204
148.262 164.109
163.032 150.73
180.21 110.254
181.174 90.348
165.086 49.01
151.714 34.235
110.381 16.062
90.48 15.02
47.262 32.508
32.762 46.179
9.541 65.393
-1.817 81.438
-8.871 98.622
-1.734 115.797
12.386 138.677
14.515 156.633
21.894 174.025
39.366 181.025
65.543 187.299
78.99 198.641
96.757 206.031
114.075 198.52
137.03 184.543
154.607 183.387
172.715 176.182
179.671 158.611
185.999 132.69
197.89 119.378
205.911 101.477
198.506 84.136
184.787 61.361
183.708 43.133
176.957 24.781
159.597 17.599
133.493 10.935
119.095 -1.175
101.712 -9.21
84.336 -2.334
60.292 11.989
40.614 15.109
23.449 21.775
15.968 38.635
