-31.278 329.317
170.0 353.072
329.008 227.796
352.809 26.526
227.44 -132.578
26.322 -156.417
-132.777 -31.063
-156.708 170.075
-49.668 326.815
155.138 364.295
326.473 246.183
364.041 41.4
245.875 -130.032
41.138 -167.626
-130.233 -49.475
-167.948 155.271
-156.045 195.618
-12.774 346.892
195.516 352.48
346.631 209.341
352.272 1.013
209.023 -150.227
0.829 -155.814
-150.398 -12.607
-163.28 129.993
-185.144 112.067
-64.224 305.634
-92.386 308.462
129.844 359.758
111.901 381.611
305.338 260.729
308.184 288.868
359.536 66.673
381.379 84.607
260.468 -108.912
288.615 -111.748
66.39 -163.044
84.31 -184.907
-109.09 -64.059
-111.89 -92.23
-158.922 12.188
-168.507 47.919
-183.569 74.802
-175.332 93.749
-144.526 219.215
-125.975 251.264
-117.659 280.989
-98.367 288.539
12.036 355.387
47.776 364.98
74.682 380.055
93.632 371.791
219.096 340.987
251.095 322.411
280.768 314.138
288.315 294.901
355.153 184.509
364.737 148.735
379.815 121.818
371.543 102.882
340.765 -22.596
322.195 -54.633
313.848 -84.333
294.59 -91.847
184.212 -158.718
148.475 -168.295
121.569 -183.346
102.622 -175.095
-22.751 -144.333
-54.765 -125.781
-84.462 -117.479
-91.989 -98.205
