-31.062 329.021
169.438 353.005
328.398 228.182
352.791 27.548
227.953 -131.994
26.882 -156.486
-132.461 -31.199
-156.551 169.879
-49.476 326.273
154.688 364.387
325.945 246.606
364.386 42.107
246.414 -129.615
41.643 -167.747
-129.923 -49.61
-167.942 155.233
-155.806 195.449
-12.755 346.738
194.953 352.268
345.844 209.559
351.928 1.938
209.485 -149.794
1.378 -155.773
-150.118 -12.725
-163.029 130.4
-184.679 112.176
-64.592 305.172
-92.626 308.669
130.603 358.485
113.304 380.772
304.756 259.618
308.284 287.602
358.936 66.292
380.928 84.097
261.442 -108.629
289.525 -110.193
66.74 -162.92
84.967 -184.546
-108.74 -64.189
-111.587 -92.335
-158.723 12.076
-168.414 47.814
-183.451 74.813
-175.093 93.706
-144.49 219.097
-125.837 251.035
-117.143 280.602
-98.375 288.399
12.056 355.29
47.815 364.838
74.36 380.216
93.52 372.575
218.631 340.934
250.761 322.604
280.297 314.829
288.615 295.858
354.769 184.869
364.385 149.18
379.318 122.44
371.829 103.405
340.745 -21.782
322.4 -53.942
313.897 -83.756
294.224 -90.66
184.753 -158.516
148.973 -167.973
122.377 -183.191
103.185 -174.952
-22.217 -144.286
-54.289 -125.771
-84.024 -117.535
-91.646 -98.312
