66.739 156.065
115.645 161.396
154.324 131.594
161.742 83.308
133.071 42.479
82.28 33.519
39.928 65.791
34.896 117.227
46.009 159.944
103.667 178.737
157.951 152.304
178.831 95.502
153.817 39.446
95.173 17.108
36.954 45.133
17.495 105.414
13.461 131.973
62.46 181.732
130.675 182.641
179.905 136.413
183.484 68.997
139.201 17.19
70.017 10.585
14.873 58.822
-5.036 89.463
-5.713 109.381
18.752 164.224
32.116 179.026
87.197 200.806
107.079 202.212
161.745 179.543
176.938 166.647
200.707 112.17
202.422 92.317
181.147 36.048
168.387 20.741
112.309 -4.488
92.455 -6.39
33.143 17.824
18.096 30.894
-10.249 60.384
-21.804 81.788
-29.501 98.647
-22.963 115.869
-5.104 149.821
-0.191 171.029
6.914 188.39
24.205 195.655
60.614 207.594
77.603 219.498
95.406 227.07
112.898 219.678
147.188 202.674
167.654 199.767
186.152 192.721
193.315 175.052
205.738 138.994
218.603 122.361
227.167 104.364
219.973 86.764
203.265 52.27
200.313 30.806
194.118 12.202
176.94 4.439
140.106 -8.486
121.285 -21.274
104.717 -29.75
87.078 -23.997
51.397 -6.3
27.496 0.162
9.713 6.046
1.623 22.671
