-2.554 253.575
134.064 279.158
249.176 203.948
281.116 70.357
211.021 -50.158
70.371 -87.031
-56.536 -6.687
-83.825 137.266
-21.345 249.437
117.625 289.386
244.493 222.831
290.813 87.315
229.59 -44.286
87.694 -95.415
-51.505 -25.299
-94.437 121.159
-90.758 162.282
9.699 276.515
158.694 287.539
272.881 193.206
291.033 46.303
201.468 -74.319
46.235 -96.166
-79.248 5.516
-96.998 93.407
-111.89 106.653
-44.141 232.953
-42.275 252.787
89.929 294.528
105.923 306.419
228.445 245.988
248.171 243.103
295.186 115.142
307.627 99.509
251.862 -27.024
250.902 -47.992
115.73 -98.318
100.746 -116.043
-33.229 -46.552
-55.483 -50.507
-95.511 25.641
-112.858 57.863
-133.562 77.562
-128.458 98.62
-88.064 187.855
-76.758 222.687
-77.359 251.016
-58.552 261.39
29.007 293.365
61.481 310.104
80.939 330.331
101.419 324.271
184.32 286.891
219.243 276.533
247.032 277.42
257.593 258.923
291.054 175.178
309.284 143.631
330.114 125.378
325.313 104.642
291.157 20.771
282.434 -14.746
285.43 -42.414
267.981 -54.88
183.077 -91.976
151.732 -111.045
133.582 -133.207
112.017 -130.605
20.523 -94.338
-15.003 -85.204
-44.283 -86.56
-56.794 -68.874
