-31.243 329.202
170.007 353.059
328.961 227.698
352.794 26.519
227.505 -132.527
26.374 -156.454
-132.824 -31.042
-156.62 170.226
-49.691 326.681
155.136 364.297
326.445 246.173
364.044 41.394
245.902 -129.999
41.187 -167.627
-130.286 -49.464
-167.842 155.372
-156.04 195.722
-12.82 346.873
195.492 352.512
346.646 209.304
352.276 1.017
209.069 -150.149
0.868 -155.831
-150.441 -12.537
-163.288 130.119
-185.141 112.179
-64.28 305.558
-92.446 308.397
129.888 359.75
111.971 381.628
305.339 260.781
308.15 288.939
359.512 66.643
381.373 84.576
260.465 -108.897
288.611 -111.752
66.442 -163.0
84.355 -184.873
-109.074 -64.037
-111.9 -92.219
-158.955 12.294
-168.51 48.059
-183.585 74.945
-175.325 93.889
-144.555 219.303
-125.997 251.308
-117.686 280.993
-98.41 288.506
12.002 355.412
47.761 364.978
74.653 380.07
93.625 371.843
219.067 341.028
251.077 322.482
280.773 314.175
288.266 294.892
355.172 184.485
364.731 148.72
379.838 121.837
371.579 102.875
340.754 -22.585
322.183 -54.626
313.887 -84.34
294.587 -91.85
184.26 -158.685
148.499 -168.242
121.613 -183.334
102.666 -175.08
-22.708 -144.338
-54.744 -125.795
-84.458 -117.471
-91.987 -98.184
