-31.303 329.203
169.813 353.215
328.845 227.992
352.882 26.868
227.492 -132.413
26.466 -156.391
-132.684 -31.147
-156.571 170.093
-49.723 326.778
155.035 364.446
326.449 246.431
364.405 41.51
245.895 -129.546
41.363 -167.568
-130.096 -49.566
-167.894 155.296
-155.972 195.587
-12.753 346.815
195.309 352.485
346.373 209.407
352.249 1.224
209.238 -150.062
0.954 -155.85
-150.275 -12.672
-163.286 130.068
-185.104 112.031
-64.773 305.749
-92.868 308.298
130.35 359.138
112.521 381.172
305.361 260.162
308.118 288.332
359.449 66.278
381.284 84.374
260.737 -108.331
288.829 -111.45
66.691 -162.933
84.616 -184.817
-108.988 -64.148
-111.751 -92.279
-158.802 12.169
-168.334 47.973
-183.541 74.799
-175.233 93.829
-144.458 219.165
-125.951 251.206
-117.294 280.89
-98.169 288.289
12.03 355.438
47.782 364.989
74.348 380.312
93.55 372.235
218.92 341.014
250.931 322.445
280.488 314.675
288.459 295.376
354.97 184.624
364.493 148.848
379.659 122.002
371.626 103.037
340.888 -22.393
322.299 -54.383
314.236 -83.97
294.935 -91.707
184.38 -158.477
148.639 -168.072
121.931 -183.339
102.849 -175.063
-22.617 -144.255
-54.694 -125.783
-84.364 -117.482
-91.908 -98.259
