-16.211 282.742
143.441 310.327
277.246 220.871
313.121 63.224
226.835 -78.311
58.444 -116.096
-85.92 -17.481
-113.151 149.583
-34.831 279.811
127.843 320.362
272.643 238.813
322.233 79.493
245.024 -73.196
74.541 -126.843
-84.196 -37.089
-125.589 134.699
-115.648 174.997
-0.124 302.799
168.982 313.849
298.307 206.005
318.215 38.032
212.891 -99.664
33.503 -120.587
-106.106 -1.982
-122.856 109.737
-144.197 112.351
-51.965 259.553
-60.876 277.898
100.69 318.295
109.128 336.689
251.65 256.465
270.862 263.358
319.397 106.764
338.898 98.794
262.229 -51.982
273.942 -71.923
101.222 -125.005
100.151 -150.57
-65.04 -53.544
-81.589 -72.448
-120.136 19.961
-137.99 52.108
-158.389 75.419
-153.106 95.295
-109.421 200.285
-98.797 235.522
-98.035 266.013
-79.629 276.73
22.07 316.346
54.386 334.024
75.604 355.912
96.405 350.381
194.348 308.315
229.938 298.817
260.377 300.487
271.622 282.065
312.934 184.561
332.476 153.343
355.958 133.74
351.687 112.634
313.97 12.396
306.845 -23.738
309.676 -54.551
292.49 -66.849
191.824 -114.965
161.417 -135.745
139.877 -158.619
119.958 -154.708
7.857 -116.055
-27.984 -107.83
-59.088 -107.066
-69.889 -89.595
