-31.186 329.19
169.931 353.098
328.969 227.688
352.825 26.485
227.379 -132.521
26.327 -156.47
-132.843 -30.96
-156.594 170.225
-49.639 326.623
155.127 364.304
326.431 246.163
363.988 41.357
245.852 -129.972
41.173 -167.636
-130.303 -49.393
-167.809 155.362
-155.993 195.706
-12.733 346.813
195.409 352.517
346.661 209.274
352.256 1.016
208.995 -150.219
0.809 -155.818
-150.482 -12.49
-163.253 130.1
-185.11 112.179
-64.295 305.526
-92.437 308.266
129.8 359.738
111.881 381.633
305.291 260.67
308.096 288.847
359.531 66.731
381.394 84.625
260.548 -108.86
288.71 -111.68
66.455 -163.025
84.361 -184.89
-109.127 -64.005
-111.944 -92.179
-158.968 12.341
-168.502 48.096
-183.571 74.981
-175.303 93.895
-144.515 219.265
-126.027 251.298
-117.676 280.964
-98.398 288.443
12.089 355.359
47.849 364.964
74.785 380.08
93.696 371.686
218.975 341.054
250.974 322.485
280.645 314.295
288.254 295.0
355.204 184.45
364.778 148.683
379.756 121.682
371.442 102.803
340.74 -22.555
322.194 -54.577
313.965 -84.261
294.65 -91.817
184.176 -158.723
148.432 -168.271
121.548 -183.327
102.646 -175.084
-22.771 -144.312
-54.798 -125.756
-84.5 -117.433
-92.025 -98.153
