-31.201 329.218
169.988 353.043
328.966 227.657
352.904 26.637
227.491 -132.514
26.347 -156.447
-132.794 -31.015
-156.651 170.168
-49.658 326.705
155.152 364.375
326.43 246.135
364.199 41.364
245.927 -130.035
41.165 -167.656
-130.224 -49.433
-167.838 155.321
-156.036 195.707
-12.775 346.861
195.514 352.494
346.659 209.299
352.212 1.088
208.978 -150.172
0.822 -155.815
-150.405 -12.56
-163.164 130.022
-185.132 112.15
-64.275 305.673
-92.411 308.423
129.978 359.719
112.009 381.619
305.343 260.956
308.197 289.064
359.418 66.469
381.307 84.413
260.455 -108.895
288.647 -111.738
66.455 -162.991
84.331 -184.887
-109.09 -64.035
-111.939 -92.198
-158.947 12.24
-168.463 47.994
-183.585 74.867
-175.3 93.806
-144.514 219.283
-125.986 251.323
-117.541 280.986
-98.361 288.525
12.023 355.414
47.805 364.899
74.648 380.053
93.637 371.824
219.079 340.958
251.134 322.444
280.84 313.929
288.243 294.728
355.105 184.458
364.652 148.687
379.884 121.943
371.716 102.857
340.772 -22.509
322.191 -54.518
313.967 -84.229
294.717 -91.823
184.189 -158.738
148.444 -168.294
121.527 -183.332
102.626 -175.076
-22.769 -144.296
-54.805 -125.737
-84.519 -117.46
-92.037 -98.174
