-31.282 329.185
169.927 353.128
329.016 227.787
352.794 26.527
227.44 -132.617
26.255 -156.407
-132.847 -30.987
-156.636 170.179
-49.709 326.625
155.102 364.323
326.419 246.203
364.044 41.372
245.84 -130.069
41.128 -167.607
-130.293 -49.391
-167.837 155.333
-156.026 195.652
-12.842 346.821
195.444 352.507
346.615 209.321
352.254 1.002
208.989 -150.216
0.729 -155.775
-150.443 -12.502
-163.255 130.065
-185.117 112.136
-64.319 305.529
-92.453 308.328
129.822 359.677
111.903 381.583
305.336 260.833
308.113 288.95
359.431 66.64
381.332 84.56
260.449 -108.962
288.598 -111.751
66.414 -163.046
84.364 -184.903
-109.144 -63.973
-111.99 -92.124
-158.966 12.304
-168.5 48.05
-183.572 74.918
-175.333 93.844
-144.538 219.223
-126.02 251.262
-117.69 280.93
-98.45 288.481
11.965 355.392
47.743 364.906
74.623 380.06
93.591 371.755
219.012 340.996
251.055 322.491
280.729 314.161
288.265 294.925
355.171 184.511
364.698 148.732
379.802 121.83
371.505 102.856
340.72 -22.57
322.213 -54.627
313.851 -84.312
294.607 -91.873
184.194 -158.726
148.462 -168.29
121.595 -183.361
102.649 -175.111
-22.88 -144.282
-54.897 -125.695
-84.587 -117.364
-92.098 -98.085
