-31.103 329.323
169.995 352.967
328.998 227.618
352.919 26.571
227.481 -132.586
26.278 -156.429
-132.838 -30.868
-156.601 170.335
-49.532 326.7
155.157 364.275
326.349 246.051
364.134 41.387
245.881 -129.969
41.114 -167.641
-130.321 -49.348
-167.792 155.502
-155.957 195.836
-12.66 346.912
195.527 352.454
346.67 209.257
352.245 1.064
209.082 -150.23
0.756 -155.773
-150.507 -12.414
-163.217 130.225
-185.07 112.284
-64.227 305.585
-92.357 308.371
129.758 359.912
111.803 381.755
305.265 260.922
308.122 289.011
359.572 66.791
381.486 84.648
260.557 -108.782
288.697 -111.635
66.38 -163.063
84.364 -184.901
-109.186 -63.969
-111.982 -92.143
-158.997 12.423
-168.546 48.189
-183.606 75.079
-175.289 94.024
-144.468 219.395
-125.985 251.432
-117.568 281.119
-98.313 288.542
12.146 355.46
47.89 365.022
74.965 379.971
93.727 371.575
219.119 340.98
251.176 322.516
280.855 313.935
288.211 294.744
355.261 184.444
364.764 148.654
379.804 121.737
371.484 102.796
340.745 -22.545
322.194 -54.584
313.944 -84.236
294.634 -91.821
184.231 -158.685
148.474 -168.261
121.64 -183.397
102.645 -175.136
-22.838 -144.279
-54.868 -125.726
-84.548 -117.381
-92.09 -98.12
