-31.228 329.252
169.948 353.142
329.008 227.714
352.877 26.544
227.414 -132.567
26.301 -156.468
-132.737 -31.095
-156.689 170.157
-49.704 326.737
155.177 364.378
326.491 246.167
364.088 41.396
245.863 -130.037
41.116 -167.658
-130.197 -49.543
-167.912 155.347
-156.064 195.686
-12.749 346.896
195.458 352.479
346.663 209.284
352.335 1.061
208.988 -150.225
0.799 -155.84
-150.379 -12.644
-163.263 130.084
-185.124 112.161
-64.285 305.557
-92.469 308.398
129.887 359.726
111.972 381.613
305.347 260.716
308.207 288.895
359.571 66.656
381.415 84.598
260.452 -108.904
288.637 -111.732
66.383 -163.049
84.298 -184.922
-109.066 -64.14
-111.897 -92.292
-158.923 12.189
-168.5 47.977
-183.593 74.889
-175.334 93.856
-144.546 219.265
-126.014 251.305
-117.693 280.986
-98.431 288.514
12.088 355.407
47.85 364.959
74.735 380.05
93.695 371.77
219.028 340.988
251.055 322.444
280.757 314.166
288.301 294.91
355.196 184.461
364.775 148.689
379.869 121.791
371.58 102.858
340.831 -22.518
322.273 -54.547
313.955 -84.267
294.648 -91.809
184.169 -158.739
148.42 -168.316
121.519 -183.377
102.583 -175.12
-22.783 -144.361
-54.795 -125.808
-84.496 -117.515
-92.007 -98.248
