-31.105 329.322
170.022 352.854
329.021 227.568
352.802 26.501
227.613 -132.522
26.195 -156.378
-132.805 -30.93
-156.554 170.156
-49.513 326.653
155.127 364.08
326.386 245.967
363.845 41.507
246.066 -130.167
41.035 -167.632
-130.252 -49.313
-167.727 155.314
-155.974 195.683
-12.676 346.947
195.582 352.447
346.723 209.23
352.367 1.074
208.982 -150.1
0.639 -155.771
-150.386 -12.494
-163.114 129.967
-185.156 112.186
-63.896 305.465
-92.035 308.364
129.417 360.031
111.641 381.904
305.306 260.91
308.251 288.991
359.577 67.219
381.453 85.042
260.505 -109.053
288.686 -111.562
66.305 -162.965
84.236 -184.885
-109.172 -63.917
-112.002 -92.042
-158.955 12.273
-168.448 48.021
-183.504 74.961
-175.25 93.834
-144.465 219.264
-125.926 251.324
-117.878 280.993
-98.523 288.666
12.152 355.456
47.929 364.945
75.184 379.743
93.808 371.336
219.171 340.895
251.231 322.37
280.958 313.62
288.22 294.53
355.299 184.456
364.823 148.711
379.784 121.651
371.202 102.881
340.681 -22.435
322.281 -54.558
313.742 -84.304
294.543 -91.641
184.199 -158.764
148.4 -168.235
121.55 -183.345
102.547 -175.07
-22.937 -144.199
-54.97 -125.651
-84.624 -117.29
-92.158 -98.047
