-31.201 329.091
169.727 353.232
328.873 227.998
352.991 26.958
227.419 -132.469
26.448 -156.413
-132.69 -31.118
-156.638 170.098
-49.671 326.556
154.937 364.527
326.492 246.433
364.431 41.606
245.847 -129.586
41.32 -167.516
-130.104 -49.499
-167.814 155.264
-155.991 195.579
-12.792 346.792
195.224 352.514
346.377 209.418
352.2 1.303
209.177 -150.149
1.003 -155.793
-150.291 -12.663
-163.26 129.967
-185.117 112.022
-64.819 305.539
-92.908 308.376
130.324 359.219
112.404 381.12
305.31 260.267
308.087 288.497
359.357 66.297
381.209 84.333
260.783 -108.298
288.901 -111.357
66.608 -162.895
84.464 -184.832
-108.945 -64.043
-111.792 -92.201
-158.763 12.162
-168.334 47.92
-183.414 74.778
-175.229 93.774
-144.527 219.179
-125.98 251.193
-117.285 280.906
-98.166 288.264
11.99 355.38
47.713 365.001
74.197 380.355
93.437 372.331
218.845 341.068
250.895 322.573
280.471 314.805
288.431 295.418
354.959 184.625
364.538 148.893
379.681 122.185
371.816 103.126
340.863 -22.341
322.272 -54.343
314.255 -84.028
294.832 -91.622
184.292 -158.523
148.562 -168.15
121.831 -183.329
102.753 -175.101
-22.585 -144.278
-54.648 -125.76
-84.372 -117.479
-91.911 -98.208
