-31.249 329.216
169.93 353.103
328.981 227.67
352.842 26.57
227.444 -132.631
26.323 -156.425
-132.841 -30.951
-156.651 170.123
-49.674 326.639
155.105 364.351
326.409 246.154
364.094 41.402
245.863 -130.044
41.12 -167.645
-130.26 -49.376
-167.902 155.294
-156.093 195.652
-12.812 346.84
195.448 352.537
346.655 209.28
352.305 1.043
208.948 -150.225
0.826 -155.854
-150.441 -12.482
-163.239 130.034
-185.155 112.132
-64.309 305.567
-92.442 308.359
129.817 359.687
111.893 381.613
305.351 260.809
308.136 288.949
359.467 66.668
381.379 84.59
260.505 -108.928
288.652 -111.717
66.366 -163.014
84.264 -184.91
-109.139 -64.012
-111.932 -92.181
-158.986 12.319
-168.495 48.079
-183.599 74.943
-175.307 93.865
-144.559 219.214
-126.038 251.263
-117.702 280.947
-98.448 288.494
11.987 355.398
47.747 364.938
74.628 380.067
93.59 371.775
219.01 341.015
251.053 322.493
280.74 314.175
288.275 294.931
355.223 184.464
364.734 148.696
379.857 121.82
371.538 102.872
340.77 -22.536
322.259 -54.603
313.901 -84.288
294.673 -91.859
184.139 -158.77
148.377 -168.293
121.496 -183.39
102.552 -175.092
-22.735 -144.327
-54.802 -125.828
-84.48 -117.473
-92.061 -98.21
