-21.2 297.558
149.841 324.467
291.698 226.596
327.258 56.561
230.743 -93.602
50.038 -129.387
-101.131 -21.835
-127.163 157.052
-40.147 296.068
134.848 335.595
288.132 244.827
337.433 72.23
249.534 -90.386
64.653 -142.503
-101.414 -41.505
-140.56 143.119
-127.483 182.547
-3.705 316.186
175.41 326.038
311.401 210.253
330.164 31.201
214.917 -113.464
24.658 -131.741
-119.987 -4.533
-137.367 119.48
-161.557 114.823
-54.723 276.118
-70.566 291.878
109.479 331.426
111.768 352.99
266.71 259.826
283.974 273.333
332.722 98.003
355.66 96.68
264.938 -69.592
284.603 -85.565
89.597 -140.85
98.396 -166.898
-83.438 -57.771
-93.864 -83.431
-133.297 17.858
-150.419 50.413
-169.795 75.047
-163.928 94.078
-120.351 207.597
-109.176 242.658
-106.494 273.546
-88.714 283.629
19.05 328.874
51.513 346.278
74.233 367.316
94.376 362.029
200.586 319.349
236.136 309.692
267.175 309.921
278.139 292.065
325.085 188.089
344.498 156.787
367.324 135.54
363.031 115.174
324.888 5.686
317.42 -30.388
317.987 -61.857
300.978 -72.892
193.371 -128.084
162.489 -148.107
139.862 -169.846
119.955 -164.265
-0.836 -126.395
-36.356 -116.928
-67.116 -115.675
-76.894 -96.722
