-19.408 292.07
147.354 319.32
286.298 224.712
322.192 59.34
229.665 -87.799
53.346 -124.486
-95.53 -20.079
-121.972 154.309
-38.25 290.033
132.115 329.991
282.27 242.798
331.866 75.274
248.213 -83.749
68.593 -136.743
-95.169 -39.805
-135.075 140.019
-123.092 179.768
-2.418 311.218
172.928 321.583
306.497 208.886
325.899 34.033
214.549 -108.21
28.151 -127.672
-114.894 -3.463
-131.842 116.091
-155.062 114.241
-53.619 269.838
-66.796 286.711
106.025 326.411
110.797 346.838
260.823 258.694
278.992 269.63
327.639 101.66
349.396 97.618
264.148 -62.591
280.86 -80.396
94.132 -134.807
99.168 -161.098
-76.784 -55.772
-89.705 -79.226
-128.461 18.771
-145.914 51.146
-165.636 75.408
-160.045 94.64
-116.261 204.903
-105.363 240.053
-103.409 270.845
-85.421 281.216
20.17 324.182
52.536 341.765
74.685 363.208
95.11 357.865
198.173 315.251
233.762 305.749
264.639 306.639
275.764 288.563
320.485 186.934
340.057 155.735
363.286 135.166
359.06 114.478
320.957 8.463
313.805 -27.671
315.368 -58.981
298.38 -70.553
193.165 -123.08
162.596 -143.604
140.361 -165.875
120.544 -161.061
2.593 -122.673
-33.083 -113.815
-63.967 -112.851
-74.336 -94.535
