-31.315 329.214
169.887 353.062
329.066 227.676
352.91 26.524
227.483 -132.609
26.295 -156.394
-132.832 -30.996
-156.611 170.11
-49.744 326.636
155.01 364.344
326.513 246.122
364.13 41.331
245.88 -130.098
41.121 -167.646
-130.267 -49.397
-167.841 155.322
-156.043 195.603
-12.852 346.822
195.423 352.562
346.672 209.207
352.269 1.013
208.981 -150.187
0.769 -155.825
-150.41 -12.489
-163.185 130.074
-185.103 112.187
-64.374 305.535
-92.506 308.265
129.707 359.742
111.78 381.655
305.431 260.661
308.247 288.821
359.511 66.662
381.386 84.569
260.481 -108.979
288.602 -111.765
66.397 -163.018
84.333 -184.928
-109.119 -63.992
-111.952 -92.146
-158.927 12.325
-168.448 48.087
-183.532 74.968
-175.257 93.902
-144.544 219.163
-126.053 251.213
-117.727 280.899
-98.487 288.42
11.953 355.376
47.7 364.95
74.547 380.118
93.526 371.809
219.016 341.01
251.063 322.451
280.733 314.182
288.375 294.939
355.236 184.405
364.748 148.644
379.824 121.724
371.498 102.813
340.709 -22.55
322.193 -54.605
313.886 -84.304
294.636 -91.92
184.189 -158.744
148.435 -168.254
121.562 -183.369
102.63 -175.058
-22.805 -144.276
-54.864 -125.76
-84.53 -117.396
-92.079 -98.152
