-31.19 329.242
169.879 353.066
328.98 227.628
352.892 26.477
227.499 -132.521
26.275 -156.455
-132.771 -30.963
-156.59 170.153
-49.614 326.694
155.008 364.282
326.461 246.119
364.096 41.306
245.933 -130.013
41.108 -167.627
-130.189 -49.415
-167.845 155.329
-156.028 195.676
-12.775 346.869
195.38 352.511
346.681 209.237
352.265 0.966
209.062 -150.166
0.765 -155.798
-150.393 -12.499
-163.221 130.072
-185.131 112.163
-64.247 305.605
-92.384 308.391
129.754 359.716
111.817 381.59
305.347 260.749
308.154 288.927
359.487 66.582
381.372 84.499
260.51 -108.865
288.697 -111.702
66.384 -163.013
84.295 -184.886
-109.093 -64.077
-111.874 -92.215
-158.954 12.301
-168.469 48.055
-183.594 74.92
-175.3 93.871
-144.485 219.248
-125.977 251.301
-117.627 280.968
-98.396 288.533
12.01 355.402
47.729 364.958
74.577 380.058
93.516 371.793
218.986 341.04
251.018 322.479
280.74 314.177
288.256 294.884
355.196 184.41
364.749 148.646
379.837 121.759
371.571 102.8
340.762 -22.6
322.231 -54.612
313.939 -84.292
294.663 -91.792
184.228 -158.674
148.455 -168.257
121.558 -183.347
102.598 -175.085
-22.814 -144.315
-54.825 -125.751
-84.496 -117.437
-92.024 -98.217
