-31.245 329.218
169.937 353.009
329.039 227.682
352.789 26.454
227.472 -132.595
26.376 -156.409
-132.84 -31.029
-156.63 170.17
-49.704 326.672
155.089 364.313
326.488 246.125
364.087 41.324
245.847 -130.066
41.219 -167.654
-130.253 -49.426
-167.858 155.331
-156.082 195.698
-12.803 346.867
195.435 352.574
346.678 209.249
352.246 0.921
209.038 -150.197
0.837 -155.836
-150.424 -12.534
-163.229 130.047
-185.138 112.129
-64.321 305.571
-92.493 308.357
129.848 359.727
111.96 381.665
305.393 260.727
308.194 288.887
359.491 66.626
381.426 84.583
260.41 -108.952
288.551 -111.788
66.517 -163.004
84.46 -184.945
-109.11 -64.039
-111.919 -92.181
-158.964 12.271
-168.494 48.021
-183.606 74.891
-175.311 93.833
-144.541 219.252
-126.065 251.306
-117.735 280.957
-98.493 288.5
12.035 355.414
47.823 364.974
74.715 380.1
93.671 371.806
219.001 341.043
251.066 322.538
280.75 314.17
288.312 294.918
355.235 184.45
364.757 148.694
379.893 121.82
371.557 102.866
340.702 -22.66
322.154 -54.699
313.811 -84.382
294.551 -91.907
184.255 -158.717
148.529 -168.272
121.683 -183.402
102.746 -175.082
-22.739 -144.303
-54.802 -125.786
-84.486 -117.431
-92.052 -98.195
