-31.219 329.199
169.929 353.139
329.048 227.695
352.881 26.583
227.467 -132.549
26.253 -156.393
-132.769 -31.014
-156.598 170.157
-49.667 326.629
155.087 364.355
326.518 246.084
364.107 41.421
245.904 -129.97
41.107 -167.635
-130.246 -49.428
-167.816 155.286
-156.011 195.67
-12.803 346.844
195.497 352.47
346.678 209.257
352.299 1.056
209.04 -150.191
0.718 -155.807
-150.398 -12.574
-163.257 130.022
-185.138 112.103
-64.31 305.54
-92.474 308.356
129.783 359.662
111.858 381.61
305.379 260.674
308.191 288.811
359.451 66.693
381.382 84.62
260.554 -108.89
288.701 -111.655
66.395 -163.022
84.304 -184.936
-109.11 -64.002
-111.946 -92.133
-158.914 12.235
-168.503 47.989
-183.603 74.875
-175.329 93.826
-144.528 219.27
-125.984 251.296
-117.699 280.983
-98.439 288.462
11.99 355.415
47.743 364.949
74.604 380.085
93.551 371.768
219.088 340.935
251.133 322.413
280.813 314.054
288.33 294.773
355.18 184.444
364.738 148.715
379.848 121.889
371.551 102.944
340.775 -22.515
322.27 -54.562
313.937 -84.228
294.701 -91.794
184.24 -158.77
148.452 -168.284
121.548 -183.405
102.6 -175.082
-22.854 -144.259
-54.891 -125.712
-84.555 -117.355
-92.098 -98.132
