-9.917 267.352
137.792 294.563
262.392 212.966
296.963 67.911
219.914 -63.2
65.774 -101.574
-70.24 -12.794
-98.211 142.446
-28.346 263.374
121.691 304.207
257.387 231.126
305.952 84.606
237.978 -57.218
82.714 -110.391
-66.36 -31.812
-109.444 126.782
-102.982 167.763
4.357 288.963
163.034 300.535
284.915 200.086
304.557 43.139
208.143 -86.143
41.176 -108.369
-91.741 1.015
-108.938 99.853
-126.964 108.745
-48.634 244.398
-51.38 264.138
93.724 305.637
106.867 320.609
238.454 251.814
258.362 253.026
306.571 112.619
322.216 99.863
257.848 -37.445
262.096 -58.715
110.675 -110.397
100.884 -132.408
-46.786 -50.636
-67.46 -61.341
-106.785 22.235
-124.717 54.29
-145.834 75.535
-140.779 96.487
-98.234 193.266
-87.492 228.439
-88.082 258.012
-69.216 268.784
25.385 303.962
57.816 321.346
77.823 342.995
98.727 337.136
188.596 297.122
224.031 287.221
253.306 289.108
264.355 270.449
301.15 180.079
320.176 148.581
342.89 130.013
338.354 108.796
302.175 17.483
294.334 -18.489
298.029 -47.883
280.506 -60.712
188.104 -102.466
157.304 -122.643
137.441 -145.812
116.456 -142.793
15.412 -104.881
-20.444 -96.699
-51.244 -96.9
-62.821 -79.574
