-31.197 329.256
169.943 353.13
329.017 227.737
352.886 26.567
227.492 -132.575
26.379 -156.47
-132.842 -31.065
-156.67 170.192
-49.625 326.698
155.109 364.347
326.484 246.153
364.064 41.378
245.875 -130.023
41.202 -167.663
-130.216 -49.476
-167.886 155.391
-156.034 195.695
-12.763 346.863
195.438 352.542
346.626 209.22
352.323 1.093
209.031 -150.151
0.86 -155.838
-150.417 -12.556
-163.247 130.097
-185.151 112.186
-64.281 305.611
-92.415 308.397
129.812 359.678
111.91 381.624
305.328 260.667
308.135 288.849
359.448 66.631
381.314 84.525
260.504 -108.892
288.652 -111.662
66.465 -163.011
84.379 -184.918
-109.08 -64.1
-111.868 -92.24
-158.996 12.251
-168.51 48.017
-183.606 74.91
-175.334 93.868
-144.501 219.256
-125.99 251.303
-117.641 280.988
-98.399 288.54
12.029 355.409
47.789 364.919
74.601 380.094
93.597 371.818
218.98 341.03
250.974 322.475
280.631 314.185
288.237 294.938
355.166 184.408
364.744 148.655
379.801 121.744
371.526 102.802
340.771 -22.467
322.268 -54.523
313.952 -84.196
294.663 -91.783
184.247 -158.715
148.491 -168.251
121.621 -183.383
102.655 -175.08
-22.711 -144.317
-54.766 -125.81
-84.449 -117.469
-91.996 -98.226
