-30.163 329.115
170.182 352.433
328.557 227.745
352.678 26.927
227.332 -131.948
26.698 -155.848
-132.188 -30.37
-155.709 170.556
-48.579 326.8
155.387 363.631
325.937 246.2
363.531 42.0
245.615 -128.777
41.264 -167.407
-129.696 -48.831
-166.947 155.765
-154.88 195.984
-11.484 346.541
195.679 351.83
346.223 209.382
352.286 1.546
209.164 -149.381
1.144 -155.045
-149.856 -11.915
-162.119 130.696
-184.622 113.477
-63.416 305.817
-91.529 307.847
128.945 360.854
110.524 381.005
305.347 262.966
306.239 290.193
360.039 68.323
381.052 86.433
260.043 -107.306
287.945 -111.959
66.254 -162.811
84.886 -184.113
-108.615 -63.695
-111.776 -91.805
-158.281 12.93
-167.72 48.715
-182.649 75.705
-175.015 94.475
-143.28 219.499
-124.841 251.564
-116.743 281.255
-97.04 288.464
13.398 354.888
49.285 364.054
76.367 378.93
95.179 369.582
219.06 339.994
250.938 321.183
280.659 312.492
287.316 292.683
354.32 184.45
363.74 148.646
379.266 121.896
370.248 102.901
340.096 -21.693
321.489 -53.713
314.161 -83.532
295.377 -92.016
184.229 -157.62
148.541 -167.456
121.963 -182.913
102.774 -174.365
-22.418 -143.579
-54.429 -125.024
-84.125 -116.829
-91.799 -97.709
