-31.267 329.13
169.702 353.165
328.829 227.872
352.828 26.97
227.578 -132.46
26.49 -156.342
-132.718 -30.989
-156.45 170.157
-49.642 326.528
154.92 364.523
326.34 246.335
364.341 41.625
245.96 -129.553
41.402 -167.546
-130.137 -49.396
-167.684 155.281
-155.974 195.665
-12.838 346.742
195.207 352.457
346.344 209.382
352.172 1.336
209.295 -150.089
0.973 -155.814
-150.325 -12.569
-163.173 129.887
-185.195 112.098
-64.748 305.425
-92.787 308.47
130.31 359.186
112.296 381.071
305.272 260.483
308.007 288.652
359.206 66.257
381.158 84.194
260.933 -108.302
288.989 -111.171
66.721 -162.894
84.582 -184.875
-109.047 -63.99
-111.88 -92.112
-158.859 12.224
-168.316 47.987
-183.378 74.879
-175.208 93.807
-144.45 219.233
-125.925 251.263
-117.184 280.943
-98.198 288.365
11.944 355.335
47.685 364.933
74.106 380.398
93.388 372.243
218.836 341.019
250.931 322.6
280.511 314.786
288.405 295.38
354.994 184.601
364.538 148.871
379.734 122.29
371.908 103.105
340.734 -22.264
322.275 -54.337
314.203 -84.037
294.775 -91.518
184.44 -158.546
148.705 -168.145
121.92 -183.317
102.912 -175.087
-22.618 -144.246
-54.715 -125.755
-84.412 -117.389
-92.005 -98.16
