-31.179 329.341
170.022 352.983
329.008 227.651
352.793 26.528
227.368 -132.546
26.356 -156.441
-132.774 -31.007
-156.619 170.235
-49.582 326.764
155.208 364.305
326.407 246.069
364.064 41.364
245.816 -129.972
41.171 -167.607
-130.242 -49.469
-167.854 155.442
-155.967 195.758
-12.702 346.903
195.555 352.422
346.673 209.265
352.224 1.003
208.932 -150.213
0.879 -155.801
-150.434 -12.542
-163.189 130.166
-185.062 112.265
-64.239 305.682
-92.364 308.449
129.907 359.845
111.923 381.68
305.262 260.946
308.166 289.06
359.517 66.61
381.405 84.543
260.49 -108.834
288.655 -111.719
66.386 -163.014
84.289 -184.871
-109.081 -64.06
-111.901 -92.241
-158.935 12.301
-168.507 48.072
-183.557 74.994
-175.269 93.948
-144.478 219.352
-125.937 251.397
-117.485 281.139
-98.215 288.533
12.113 355.442
47.886 364.958
74.905 379.946
93.739 371.631
219.147 340.932
251.218 322.467
280.902 313.84
288.205 294.637
355.185 184.419
364.729 148.652
379.844 121.861
371.638 102.838
340.751 -22.588
322.157 -54.581
314.006 -84.257
294.673 -91.868
184.107 -158.721
148.34 -168.242
121.473 -183.356
102.528 -175.064
-22.706 -144.322
-54.747 -125.791
-84.468 -117.492
-92.004 -98.219
