-30.604 323.804
166.081 348.79
322.96 227.653
349.168 30.673
228.72 -127.262
30.088 -153.515
-128.313 -31.107
-152.801 166.842
-49.172 322.833
152.563 361.473
322.688 246.282
362.471 43.738
247.277 -126.993
44.262 -165.397
-126.884 -49.62
-164.836 152.708
-151.535 192.477
-11.245 340.703
191.718 346.54
339.557 207.931
346.766 4.924
209.014 -144.059
4.561 -152.095
-145.295 -11.944
-163.112 126.532
-184.833 109.428
-66.293 303.298
-93.931 307.884
127.83 358.357
112.29 381.918
303.188 261.182
308.409 288.91
360.0 68.293
381.692 86.311
264.189 -107.832
291.536 -108.301
70.187 -162.932
86.939 -185.344
-106.623 -65.105
-110.901 -93.043
-154.919 12.407
-166.746 47.398
-183.39 73.37
-174.688 92.614
-141.395 216.608
-125.298 249.878
-118.683 280.256
-99.517 288.042
12.802 351.064
47.422 363.919
73.585 380.786
92.515 373.545
216.194 337.277
249.815 322.097
280.176 315.346
288.44 296.902
350.517 184.174
363.149 149.562
379.082 122.807
371.046 104.16
337.603 -19.57
321.529 -52.691
313.654 -82.667
293.92 -89.376
184.932 -154.206
149.934 -165.949
123.279 -182.04
104.637 -174.358
-19.415 -141.609
-52.329 -124.885
-82.329 -118.214
-90.855 -99.463
