-31.225 329.335
169.923 353.079
329.023 227.789
352.851 26.559
227.503 -132.613
26.394 -156.39
-132.809 -31.043
-156.588 170.132
-49.604 326.809
155.088 364.307
326.517 246.211
364.064 41.393
245.913 -130.117
41.236 -167.632
-130.261 -49.426
-167.843 155.293
-156.064 195.652
-12.755 346.927
195.427 352.499
346.62 209.264
352.28 1.055
208.997 -150.192
0.866 -155.842
-150.388 -12.563
-163.233 130.036
-185.141 112.107
-64.187 305.674
-92.324 308.482
129.823 359.713
111.868 381.591
305.332 260.804
308.148 288.967
359.492 66.633
381.364 84.538
260.504 -108.933
288.669 -111.739
66.474 -163.029
84.367 -184.899
-109.141 -64.02
-111.944 -92.13
-158.962 12.236
-168.501 47.995
-183.621 74.863
-175.315 93.817
-144.509 219.224
-125.986 251.293
-117.607 280.994
-98.355 288.579
12.04 355.422
47.766 365.002
74.644 380.065
93.583 371.786
219.006 341.015
251.021 322.471
280.724 314.194
288.233 294.901
355.155 184.426
364.756 148.671
379.82 121.789
371.577 102.847
340.805 -22.535
322.243 -54.555
313.922 -84.259
294.635 -91.796
184.188 -158.731
148.431 -168.29
121.56 -183.36
102.633 -175.11
-22.738 -144.309
-54.808 -125.765
-84.514 -117.397
-92.078 -98.143
