-30.367 329.109
170.156 352.539
328.784 227.821
352.536 26.798
227.523 -131.817
26.877 -155.978
-132.177 -30.593
-155.828 170.35
-48.834 326.744
155.151 363.579
325.863 246.163
363.176 42.108
245.906 -128.835
41.539 -167.396
-129.574 -48.99
-166.917 155.43
-155.217 195.756
-11.838 346.631
195.587 352.205
346.487 209.608
352.464 1.532
209.397 -149.386
1.255 -155.234
-149.827 -12.166
-162.37 130.104
-184.814 112.89
-62.94 305.677
-91.164 308.013
128.872 360.491
110.439 380.906
304.956 262.666
306.262 290.031
359.349 68.296
380.971 85.958
259.834 -107.368
287.742 -112.014
66.725 -162.905
85.258 -184.219
-108.495 -63.641
-111.741 -91.714
-158.297 12.646
-167.718 48.419
-182.8 75.286
-175.053 94.173
-143.534 219.255
-125.128 251.375
-117.135 281.158
-97.547 288.478
13.025 354.938
48.822 364.282
75.787 379.219
94.639 369.915
218.942 340.278
250.811 321.394
280.591 312.919
287.277 293.025
354.392 184.63
363.779 148.822
379.524 122.294
370.779 103.186
340.293 -21.729
321.622 -53.711
314.132 -83.47
295.485 -92.004
184.472 -157.623
148.821 -167.581
121.999 -182.878
103.012 -174.233
-22.335 -143.782
-54.332 -125.171
-84.026 -117.07
-91.81 -97.967
