-24.617 308.304
155.217 334.259
302.702 229.142
336.449 49.169
230.643 -106.265
42.626 -139.219
-111.859 -26.278
-137.473 161.903
-43.628 307.802
140.823 346.359
300.322 247.703
347.961 64.038
249.789 -105.18
55.943 -153.421
-112.357 -45.447
-150.999 148.525
-136.3 187.485
-6.149 325.934
180.769 334.487
321.395 211.74
337.595 23.671
213.122 -124.897
16.873 -139.489
-129.627 -7.628
-148.689 124.277
-174.044 113.798
-57.544 288.44
-78.883 301.341
116.751 341.739
113.401 365.27
279.483 261.48
294.099 280.429
343.177 88.602
367.809 93.727
264.897 -85.676
290.109 -96.253
80.558 -152.895
96.187 -176.313
-94.583 -63.516
-100.489 -90.872
-142.258 15.174
-158.394 48.262
-177.293 73.205
-170.557 92.341
-128.554 212.364
-116.521 247.148
-112.473 278.091
-94.81 287.476
16.88 338.111
49.707 354.797
73.576 374.753
93.138 369.343
205.791 327.205
241.12 316.745
272.268 315.226
282.689 297.663
334.496 189.21
352.933 157.309
374.304 134.407
369.474 114.705
331.563 -1.68
322.307 -37.323
320.021 -68.739
302.42 -78.383
191.036 -138.73
158.833 -156.432
134.85 -176.158
115.089 -168.429
-8.387 -133.046
-43.389 -121.693
-74.301 -118.27
-82.001 -98.331
