-31.061 329.332
169.996 352.927
329.09 227.57
352.777 26.442
227.478 -132.47
26.208 -156.275
-132.703 -30.976
-156.52 170.27
-49.551 326.994
155.127 364.06
326.555 246.006
363.793 41.441
245.892 -129.899
41.144 -167.363
-130.151 -49.362
-167.776 155.484
-155.762 195.754
-12.429 346.859
195.544 352.525
346.841 209.151
352.426 0.989
209.008 -150.031
0.782 -155.724
-150.251 -12.495
-163.214 130.135
-184.908 112.01
-63.822 305.988
-92.034 308.023
129.105 360.437
111.318 382.047
305.578 261.284
308.116 289.321
359.894 67.42
381.371 85.433
260.128 -108.749
288.237 -112.134
66.507 -162.78
84.219 -184.83
-108.982 -63.945
-111.861 -92.051
-158.722 12.333
-168.258 48.102
-183.524 74.847
-175.068 93.939
-144.213 219.324
-125.841 251.451
-117.794 281.128
-98.211 288.545
12.388 355.378
48.181 364.767
75.497 379.473
94.046 370.978
219.057 340.867
251.052 322.171
280.823 313.169
287.995 294.129
355.18 184.281
364.658 148.477
379.701 121.24
370.709 102.638
340.882 -22.594
322.182 -54.537
313.841 -84.081
294.936 -92.083
184.205 -158.515
148.463 -168.062
121.69 -183.184
102.635 -175.1
-22.754 -144.14
-54.765 -125.615
-84.415 -117.279
-91.982 -98.095
