-31.306 329.205
169.977 353.065
329.012 227.581
352.805 26.53
227.45 -132.555
26.285 -156.367
-132.737 -31.036
-156.6 170.059
-49.732 326.619
155.12 364.324
326.485 246.039
364.078 41.376
245.875 -129.989
41.066 -167.612
-130.177 -49.422
-167.847 155.22
-156.048 195.562
-12.848 346.826
195.541 352.483
346.666 209.183
352.277 1.004
208.968 -150.174
0.794 -155.784
-150.354 -12.62
-163.235 129.956
-185.151 112.027
-64.355 305.518
-92.494 308.297
129.823 359.685
111.877 381.608
305.406 260.66
308.228 288.81
359.465 66.648
381.374 84.564
260.494 -108.87
288.642 -111.67
66.328 -162.949
84.229 -184.88
-109.094 -64.022
-111.885 -92.158
-158.888 12.174
-168.46 47.924
-183.601 74.794
-175.298 93.74
-144.547 219.149
-126.049 251.212
-117.733 280.895
-98.495 288.445
11.962 355.392
47.727 364.931
74.601 380.062
93.566 371.754
219.129 340.924
251.176 322.397
280.832 314.041
288.364 294.8
355.216 184.391
364.709 148.627
379.835 121.764
371.527 102.837
340.74 -22.561
322.236 -54.608
313.878 -84.262
294.647 -91.817
184.14 -158.722
148.358 -168.251
121.458 -183.352
102.509 -175.043
-22.768 -144.265
-54.809 -125.732
-84.476 -117.402
-92.034 -98.172
