-31.202 329.23
169.865 353.094
329.004 227.696
352.897 26.566
227.447 -132.588
26.247 -156.385
-132.789 -31.078
-156.6 170.214
-49.636 326.664
155.041 364.367
326.397 246.142
364.149 41.329
245.879 -130.015
41.085 -167.636
-130.236 -49.476
-167.805 155.384
-155.986 195.71
-12.768 346.858
195.399 352.557
346.649 209.272
352.251 1.049
208.993 -150.215
0.72 -155.824
-150.406 -12.604
-163.245 130.138
-185.116 112.202
-64.259 305.545
-92.404 308.368
129.778 359.723
111.833 381.62
305.313 260.823
308.108 288.959
359.504 66.589
381.412 84.506
260.488 -108.898
288.642 -111.688
66.365 -163.025
84.295 -184.942
-109.086 -64.065
-111.911 -92.21
-158.917 12.228
-168.503 48.002
-183.588 74.918
-175.315 93.893
-144.502 219.301
-125.944 251.312
-117.628 280.986
-98.403 288.521
12.03 355.429
47.786 364.976
74.681 380.086
93.585 371.73
218.963 341.018
251.018 322.515
280.725 314.197
288.241 294.906
355.21 184.435
364.723 148.639
379.847 121.745
371.561 102.799
340.764 -22.532
322.249 -54.584
313.873 -84.271
294.657 -91.813
184.184 -158.753
148.422 -168.27
121.556 -183.413
102.594 -175.098
-22.834 -144.276
-54.872 -125.777
-84.511 -117.424
-92.05 -98.202
