-31.148 329.28
169.969 353.014
328.996 227.673
352.909 26.618
227.616 -132.585
26.228 -156.357
-132.804 -31.064
-156.616 170.083
-49.595 326.709
155.096 364.308
326.453 246.117
364.161 41.392
246.017 -130.049
41.064 -167.622
-130.29 -49.459
-167.894 155.25
-156.078 195.606
-12.721 346.904
195.501 352.521
346.636 209.269
352.26 1.106
209.099 -150.153
0.713 -155.818
-150.384 -12.56
-163.262 129.994
-185.178 112.075
-64.25 305.639
-92.41 308.405
129.823 359.73
111.9 381.647
305.391 260.746
308.184 288.872
359.492 66.669
381.397 84.596
260.588 -108.876
288.707 -111.661
66.333 -163.018
84.269 -184.917
-109.119 -64.028
-111.948 -92.138
-158.947 12.233
-168.493 47.984
-183.633 74.845
-175.326 93.791
-144.552 219.197
-126.032 251.267
-117.69 280.967
-98.429 288.53
12.074 355.458
47.827 364.975
74.684 380.095
93.615 371.796
219.081 340.98
251.121 322.453
280.784 314.1
288.332 294.879
355.183 184.476
364.709 148.72
379.845 121.838
371.539 102.879
340.755 -22.488
322.238 -54.55
313.921 -84.243
294.7 -91.802
184.273 -158.743
148.475 -168.267
121.556 -183.378
102.574 -175.086
-22.85 -144.278
-54.889 -125.746
-84.548 -117.359
-92.091 -98.13
