-31.144 329.162
169.888 352.983
328.944 227.625
352.721 26.695
227.688 -132.43
26.495 -156.425
-132.785 -31.027
-156.512 170.144
-49.554 326.347
155.038 364.325
326.115 245.941
363.879 41.607
246.106 -130.019
41.224 -167.723
-130.176 -49.419
-167.658 155.313
-156.022 195.663
-12.81 346.811
195.412 352.353
346.552 209.331
352.169 1.274
209.112 -150.031
0.934 -155.775
-150.377 -12.501
-163.011 130.061
-185.08 112.358
-63.978 305.071
-92.071 308.577
129.78 359.757
111.565 381.416
305.01 261.328
307.76 289.298
359.033 66.794
381.251 84.391
260.734 -109.016
288.889 -111.242
66.416 -163.054
84.43 -184.884
-109.018 -64.09
-111.77 -92.235
-158.979 12.29
-168.503 48.062
-183.532 75.057
-175.28 93.904
-144.583 219.262
-125.997 251.263
-117.743 280.95
-98.692 288.634
12.036 355.317
47.771 364.952
74.415 380.329
93.528 371.749
219.012 340.817
251.144 322.425
280.877 314.103
288.123 294.576
355.182 184.551
364.759 148.82
380.118 122.396
372.06 103.086
340.551 -22.256
322.226 -54.413
313.779 -84.222
294.439 -91.43
184.358 -158.703
148.581 -168.236
121.519 -183.261
102.71 -174.897
-22.664 -144.346
-54.694 -125.817
-84.375 -117.475
-91.923 -98.225
