-31.231 329.204
169.859 353.039
329.012 227.632
352.836 26.542
227.451 -132.557
26.37 -156.416
-132.805 -31.012
-156.565 170.186
-49.676 326.632
155.008 364.298
326.454 246.105
364.113 41.383
245.828 -130.028
41.173 -167.604
-130.222 -49.425
-167.836 155.362
-156.051 195.695
-12.815 346.843
195.379 352.566
346.665 209.218
352.254 1.006
209.025 -150.189
0.872 -155.795
-150.395 -12.538
-163.241 130.114
-185.138 112.191
-64.322 305.567
-92.457 308.344
129.746 359.706
111.825 381.609
305.354 260.751
308.14 288.904
359.467 66.677
381.416 84.589
260.419 -108.937
288.539 -111.735
66.412 -162.986
84.317 -184.866
-109.144 -64.048
-111.93 -92.185
-158.969 12.28
-168.487 48.071
-183.608 74.962
-175.302 93.908
-144.513 219.246
-126.033 251.301
-117.685 280.95
-98.464 288.505
11.984 355.405
47.739 364.938
74.608 380.061
93.544 371.765
218.952 341.025
251.021 322.536
280.702 314.163
288.274 294.929
355.207 184.422
364.742 148.666
379.853 121.788
371.547 102.852
340.706 -22.586
322.161 -54.635
313.803 -84.318
294.561 -91.879
184.211 -158.695
148.46 -168.267
121.563 -183.349
102.61 -175.081
-22.722 -144.286
-54.786 -125.752
-84.493 -117.432
-92.043 -98.169
