-18.166 288.371
145.766 315.787
282.695 223.266
318.653 60.99
228.679 -83.988
55.44 -121.172
-91.713 -19.022
-118.477 152.424
-36.924 285.97
130.381 326.187
278.41 241.274
328.061 77.068
247.066 -79.46
71.058 -132.825
-90.835 -38.733
-131.335 137.89
-120.143 177.864
-1.522 307.875
171.335 318.533
303.23 207.803
322.904 35.722
214.023 -104.766
30.353 -124.884
-111.414 -2.859
-128.219 113.611
-150.714 113.583
-52.95 265.687
-64.392 283.196
103.83 323.138
110.132 342.76
257.069 257.845
275.721 267.122
324.304 103.835
345.194 98.13
263.452 -58.196
278.167 -76.989
97.05 -130.834
99.618 -156.991
-72.133 -54.762
-86.592 -76.486
-125.155 19.269
-142.797 51.539
-162.786 75.467
-157.339 94.922
-113.534 203.059
-102.777 238.253
-101.313 268.948
-83.161 279.483
20.93 321.05
53.26 338.697
75.029 360.363
95.625 354.953
196.628 312.479
232.225 303.012
262.953 304.262
274.148 286.038
317.448 186.029
337.04 154.846
360.434 134.689
356.208 113.811
318.21 10.121
311.13 -26.022
313.262 -57.168
296.217 -69.055
192.752 -119.799
162.293 -140.497
140.317 -163.044
120.514 -158.635
4.759 -120.076
-30.995 -111.526
-61.977 -110.64
-72.571 -92.715
