77.195 139.37
111.582 142.242
138.124 120.551
142.387 86.64
121.599 58.738
86.201 53.398
57.223 75.997
54.125 112.555
57.709 144.668
101.629 159.78
143.43 139.957
159.735 96.688
140.993 53.799
96.616 36.435
52.284 56.7
36.644 102.692
31.394 125.238
70.375 164.492
124.534 164.824
163.193 127.586
165.264 74.211
129.474 33.923
75.038 29.879
32.566 67.649
13.195 89.27
12.727 109.201
31.52 151.501
45.216 166.215
87.798 182.916
107.705 183.902
149.983 166.072
164.819 152.754
182.84 110.521
183.895 90.619
167.175 47.366
153.875 32.526
110.687 13.419
90.791 12.278
45.406 30.567
30.879 44.216
6.991 64.775
-4.414 81.554
-11.496 98.66
-4.444 115.838
10.128 140.123
12.588 158.495
19.957 175.867
37.42 182.89
64.903 189.911
78.767 201.347
96.559 208.75
113.899 201.236
138.336 186.871
156.275 185.508
174.448 178.31
181.419 160.712
188.526 133.5
200.565 119.794
208.654 101.86
201.251 84.489
187.178 60.214
185.898 41.568
179.195 23.166
161.84 15.93
134.353 8.445
119.421 -3.781
102.138 -11.853
84.73 -5.105
59.123 9.672
38.835 13.225
21.631 19.814
14.099 36.642
