-31.282 329.282
169.958 353.086
329.037 227.72
352.864 26.535
227.502 -132.581
26.395 -156.429
-132.813 -31.066
-156.607 170.186
-49.687 326.694
155.107 364.345
326.498 246.155
364.12 41.38
245.925 -129.978
41.207 -167.672
-130.288 -49.474
-167.864 155.324
-156.037 195.711
-12.792 346.891
195.471 352.587
346.647 209.245
352.32 1.017
209.059 -150.187
0.872 -155.866
-150.407 -12.566
-163.246 130.029
-185.18 112.091
-64.307 305.551
-92.445 308.394
129.867 359.679
111.986 381.635
305.411 260.783
308.193 288.939
359.434 66.606
381.365 84.53
260.593 -108.87
288.724 -111.662
66.476 -162.993
84.364 -184.933
-109.102 -64.066
-111.913 -92.231
-158.955 12.228
-168.495 47.969
-183.647 74.828
-175.324 93.777
-144.494 219.264
-125.986 251.307
-117.666 280.96
-98.453 288.535
12.02 355.435
47.799 364.929
74.615 380.067
93.609 371.867
219.033 341.048
251.078 322.541
280.74 314.138
288.291 294.931
355.203 184.445
364.737 148.676
379.895 121.839
371.603 102.868
340.79 -22.558
322.3 -54.62
313.914 -84.276
294.692 -91.811
184.233 -158.71
148.466 -168.257
121.61 -183.388
102.65 -175.107
-22.686 -144.33
-54.746 -125.846
-84.43 -117.516
-92.011 -98.258
