-0.091 249.618
133.247 274.504
245.407 201.045
276.356 70.809
208.011 -46.49
71.233 -82.512
-52.604 -4.522
-79.446 136.021
-19.08 245.58
116.753 285.045
240.939 220.194
286.373 87.803
226.812 -40.784
88.633 -91.021
-47.431 -23.137
-90.05 119.826
-87.03 160.886
11.526 272.907
157.645 283.574
269.398 190.935
286.913 47.015
199.116 -70.936
47.301 -92.355
-75.673 7.14
-93.63 92.054
-107.549 106.316
-42.528 229.987
-39.493 249.682
89.274 291.291
105.871 302.32
225.825 243.983
245.369 240.091
291.859 115.442
303.437 99.175
249.734 -24.379
247.537 -45.103
116.553 -94.87
100.54 -111.346
-29.791 -45.036
-52.151 -47.252
-92.341 26.843
-109.42 59.125
-129.791 78.529
-124.641 99.47
-85.064 186.445
-73.564 221.108
-73.955 249.006
-55.233 259.229
30.224 290.358
62.637 306.855
82.015 326.485
102.322 320.385
183.244 283.829
217.91 273.379
245.202 273.814
255.593 255.402
288.169 173.583
306.117 142.124
326.252 123.883
321.37 103.337
287.868 21.559
278.914 -13.73
281.487 -40.865
264.109 -53.128
181.3 -89.028
149.852 -107.736
132.083 -129.357
110.559 -126.795
21.657 -91.122
-13.71 -81.634
-42.403 -83.122
-55.018 -65.44
