-31.209 329.28
169.919 353.033
329.024 227.682
352.942 26.59
227.521 -132.594
26.328 -156.426
-132.858 -31.024
-156.565 170.227
-49.637 326.724
155.051 364.304
326.46 246.119
364.134 41.392
245.945 -130.013
41.144 -167.662
-130.332 -49.435
-167.851 155.382
-156.035 195.755
-12.806 346.896
195.438 352.535
346.644 209.226
352.305 1.084
209.027 -150.198
0.804 -155.854
-150.44 -12.507
-163.267 130.122
-185.174 112.193
-64.247 305.659
-92.384 308.442
129.757 359.751
111.802 381.642
305.37 260.717
308.177 288.862
359.517 66.676
381.415 84.587
260.566 -108.9
288.695 -111.661
66.404 -163.035
84.323 -184.931
-109.145 -64.029
-111.946 -92.181
-158.985 12.294
-168.508 48.056
-183.628 74.934
-175.317 93.888
-144.502 219.322
-125.98 251.36
-117.638 281.031
-98.388 288.586
11.98 355.452
47.733 364.98
74.598 380.12
93.539 371.793
219.005 340.996
251.059 322.484
280.713 314.148
288.313 294.936
355.216 184.414
364.748 148.642
379.873 121.752
371.545 102.832
340.784 -22.48
322.277 -54.528
313.925 -84.214
294.72 -91.786
184.201 -158.73
148.433 -168.283
121.535 -183.379
102.598 -175.087
-22.755 -144.318
-54.822 -125.828
-84.481 -117.448
-92.048 -98.186
