35.353 201.273
124.942 215.462
198.556 163.862
216.191 75.749
167.087 -1.059
75.606 -21.291
-4.484 32.621
-19.745 127.11
13.94 200.86
109.331 230.2
197.783 185.353
230.596 91.761
188.596 0.65
92.426 -34.844
-2.552 11.197
-34.177 111.335
-35.428 147.739
39.453 226.915
145.704 231.104
224.371 160.876
233.045 55.981
166.498 -26.997
57.577 -39.958
-30.42 34.028
-50.089 88.07
-53.968 107.617
-13.984 196.949
-1.944 212.903
86.729 247.038
106.433 250.015
193.331 213.179
209.697 201.808
246.793 114.818
250.706 95.277
216.252 6.025
205.603 -10.907
116.079 -50.152
96.313 -55.556
3.689 -16.274
-14.098 -6.361
-52.458 45.046
-65.42 74.849
-78.046 92.89
-72.022 111.216
-44.682 171.06
-33.564 199.941
-28.642 220.765
-11.298 228.787
47.994 250.98
74.413 264.018
92.817 274.711
110.852 267.887
168.482 242.966
196.256 234.64
217.043 229.366
225.186 211.756
248.942 153.547
263.354 128.103
274.914 110.05
268.767 91.712
244.674 33.367
236.478 4.357
232.945 -16.388
216.308 -25.884
157.616 -50.214
129.512 -64.761
113.303 -77.595
94.533 -73.879
34.721 -48.114
3.632 -36.911
-18.054 -34.595
-28.274 -18.107
