-31.285 329.165
169.952 353.18
328.964 227.855
352.825 26.633
227.611 -132.354
26.482 -156.419
-132.753 -31.045
-156.61 170.126
-49.769 326.758
155.103 364.394
326.531 246.334
364.177 41.424
246.087 -129.938
41.334 -167.629
-130.191 -49.469
-167.81 155.254
-156.048 195.646
-12.814 346.852
195.421 352.602
346.581 209.334
352.298 1.078
209.116 -150.063
0.983 -155.816
-150.391 -12.575
-163.233 129.972
-185.098 112.08
-64.349 305.724
-92.518 308.407
130.098 359.481
112.173 381.423
305.386 260.58
308.111 288.805
359.402 66.458
381.274 84.456
260.534 -108.83
288.718 -111.737
66.566 -163.028
84.516 -184.881
-109.029 -64.075
-111.876 -92.236
-158.938 12.237
-168.476 47.986
-183.553 74.886
-175.299 93.773
-144.525 219.231
-125.949 251.237
-117.6 280.894
-98.39 288.475
11.996 355.398
47.76 364.969
74.378 380.284
93.558 372.134
218.965 341.053
250.941 322.454
280.579 314.507
288.336 295.172
355.032 184.485
364.639 148.73
379.858 121.908
371.662 102.945
340.867 -22.511
322.269 -54.493
314.015 -84.176
294.824 -91.791
184.335 -158.683
148.584 -168.221
121.803 -183.369
102.787 -175.114
-22.623 -144.337
-54.683 -125.801
-84.411 -117.486
-91.96 -98.205
