-31.216 329.245
169.848 353.172
329.002 227.612
352.928 26.551
227.506 -132.558
26.329 -156.457
-132.799 -31.057
-156.624 170.201
-49.686 326.715
155.026 364.326
326.457 246.083
364.17 41.343
245.928 -130.019
41.115 -167.694
-130.243 -49.472
-167.852 155.359
-156.038 195.702
-12.767 346.916
195.344 352.522
346.716 209.255
352.264 1.026
209.058 -150.206
0.82 -155.808
-150.422 -12.57
-163.292 130.101
-185.15 112.178
-64.279 305.574
-92.444 308.399
129.784 359.719
111.883 381.596
305.374 260.704
308.175 288.857
359.512 66.63
381.388 84.552
260.511 -108.871
288.679 -111.705
66.399 -163.028
84.296 -184.902
-109.098 -64.061
-111.918 -92.225
-158.951 12.262
-168.504 48.036
-183.59 74.934
-175.345 93.882
-144.551 219.291
-126.004 251.309
-117.684 280.993
-98.419 288.525
12.062 355.439
47.816 365.009
74.692 380.074
93.622 371.801
218.969 341.026
251.029 322.452
280.746 314.128
288.288 294.853
355.221 184.446
364.798 148.709
379.854 121.806
371.61 102.852
340.779 -22.56
322.227 -54.575
313.938 -84.275
294.659 -91.801
184.222 -158.717
148.452 -168.293
121.544 -183.363
102.592 -175.095
-22.755 -144.326
-54.785 -125.776
-84.502 -117.476
-92.022 -98.192
