-31.113 329.287
169.834 353.08
329.035 227.573
352.886 26.615
227.431 -132.508
26.287 -156.41
-132.83 -30.869
-156.542 170.272
-49.569 326.746
155.033 364.38
326.371 246.019
364.166 41.344
245.861 -129.928
41.119 -167.635
-130.267 -49.295
-167.783 155.438
-155.982 195.796
-12.678 346.89
195.372 352.478
346.705 209.189
352.252 1.1
208.969 -150.162
0.767 -155.842
-150.43 -12.421
-163.16 130.179
-185.083 112.281
-64.222 305.698
-92.348 308.43
129.805 359.786
111.86 381.653
305.292 261.006
308.099 289.091
359.46 66.518
381.401 84.435
260.527 -108.823
288.669 -111.64
66.402 -163.01
84.325 -184.898
-109.167 -63.932
-111.969 -92.089
-158.979 12.378
-168.476 48.145
-183.58 75.04
-175.26 93.967
-144.454 219.366
-125.944 251.411
-117.436 281.081
-98.233 288.535
12.111 355.433
47.866 364.929
74.806 379.962
93.662 371.667
218.981 340.998
251.068 322.518
280.797 313.902
288.158 294.707
355.221 184.351
364.723 148.578
379.894 121.828
371.677 102.786
340.775 -22.481
322.211 -54.506
314.01 -84.168
294.758 -91.83
184.168 -158.737
148.402 -168.239
121.527 -183.363
102.603 -175.065
-22.79 -144.261
-54.851 -125.738
-84.528 -117.372
-92.087 -98.112
