-21.761 299.376
150.693 326.142
293.505 227.138
328.885 55.526
230.968 -95.592
48.871 -131.014
-102.965 -22.472
-128.876 157.94
-40.734 298.067
135.79 337.428
290.112 245.426
339.247 71.091
249.834 -92.684
63.262 -144.39
-103.406 -42.1
-142.348 144.122
-128.934 183.45
-4.103 317.835
176.255 327.49
313.043 210.626
331.514 30.151
214.892 -115.265
23.427 -133.062
-121.646 -4.94
-139.225 120.505
-163.699 114.895
-55.106 278.217
-71.855 293.558
110.665 333.116
112.088 355.039
268.733 260.167
285.633 274.562
334.441 96.655
357.734 96.305
265.112 -72.061
285.746 -87.314
88.053 -142.888
98.11 -168.715
-85.542 -58.581
-95.106 -84.817
-134.865 17.507
-151.854 50.136
-171.129 74.861
-165.154 93.86
-121.708 208.472
-110.416 243.493
-107.495 274.4
-89.767 284.374
18.699 330.432
51.203 347.75
74.117 368.628
94.161 363.347
201.403 320.701
236.928 310.965
268.002 310.944
278.898 293.157
326.636 188.403
345.955 157.042
368.608 135.555
364.264 115.299
326.134 4.658
318.494 -31.38
318.678 -62.876
301.629 -73.717
193.284 -129.793
162.252 -149.569
139.472 -171.077
119.539 -165.193
-2.04 -127.578
-37.493 -117.86
-68.239 -116.425
-77.736 -97.256
