-30.324 327.046
168.812 350.947
326.861 227.273
351.65 28.23
227.799 -130.723
27.491 -155.349
-131.302 -30.819
-154.8 169.664
-48.833 325.188
154.796 363.26
326.015 245.896
364.222 41.996
246.275 -128.727
42.157 -166.815
-129.308 -49.273
-166.686 155.287
-153.553 195.3
-11.466 344.395
194.487 349.322
343.654 207.687
349.855 2.483
208.977 -148.034
2.111 -154.263
-148.416 -11.845
-162.737 130.12
-184.774 112.352
-66.269 305.282
-93.536 307.597
128.929 361.048
111.055 382.408
306.353 262.117
308.131 290.006
361.991 67.582
381.815 86.716
262.851 -108.425
290.409 -110.232
67.374 -162.492
84.263 -185.196
-108.567 -64.153
-111.359 -92.284
-157.22 12.864
-167.597 48.365
-183.172 75.128
-174.893 94.032
-142.469 219.11
-124.58 251.496
-116.72 281.258
-96.986 288.488
13.109 353.553
48.583 364.074
75.456 379.605
94.282 371.164
218.487 338.764
251.083 321.37
280.961 312.983
288.225 293.827
353.369 183.31
363.975 147.927
378.883 120.683
369.856 102.123
339.065 -21.386
321.422 -53.871
313.712 -83.747
294.058 -90.976
184.273 -156.758
148.687 -166.909
122.348 -182.834
103.225 -175.599
-21.446 -142.731
-53.962 -125.08
-83.893 -117.538
-91.603 -98.237
