22.169 219.91
128.606 237.817
216.746 177.733
239.211 73.48
182.79 -18.703
74.299 -45.177
-22.885 17.159
-43.085 130.145
1.367 218.154
112.543 251.3
214.575 198.577
252.039 90.095
203.493 -15.262
91.771 -56.682
-19.045 -3.144
-55.787 113.915
-55.722 152.85
28.992 245.005
150.961 251.139
242.081 171.841
253.734 51.909
178.895 -44.396
53.427 -60.717
-48.239 23.075
-67.495 88.276
-74.518 106.935
-25.673 210.189
-16.123 227.705
87.884 264.964
107.041 270.458
206.487 225.576
224.136 216.063
264.959 115.143
271.072 96.009
230.078 -5.904
221.335 -24.164
117.565 -68.011
98.091 -76.448
-8.184 -29.147
-28.047 -21.971
-68.316 37.991
-82.719 69.747
-98.619 88.214
-92.918 107.523
-60.507 177.508
-48.377 209.402
-45.526 233.122
-27.708 242.014
41.751 266.995
71.532 281.37
90.454 295.34
109.208 288.811
175.379 258.751
206.439 248.966
229.607 245.569
238.459 227.771
264.927 160.448
280.642 131.8
295.144 113.561
289.483 94.561
261.389 27.776
252.107 -4.244
250.646 -27.251
233.852 -37.664
166.351 -65.837
135.897 -81.791
119.428 -97.895
99.63 -94.795
29.183 -65.055
-4.046 -53.568
-28.194 -53.218
-39.587 -36.316
