-31.389 329.218
169.991 353.0
329.013 227.729
352.839 26.582
227.566 -132.396
26.3 -156.377
-132.736 -30.974
-156.586 170.173
-49.828 326.832
155.037 364.145
326.629 246.221
364.065 41.438
245.999 -129.994
41.058 -167.651
-130.203 -49.385
-167.871 155.364
-155.98 195.692
-12.837 346.833
195.501 352.588
346.698 209.247
352.351 1.059
209.039 -150.026
0.765 -155.704
-150.347 -12.482
-163.171 130.153
-185.008 112.111
-64.231 305.827
-92.394 308.178
129.633 359.662
111.927 381.734
305.507 260.204
308.375 288.412
359.655 66.878
381.427 84.888
260.368 -108.976
288.529 -111.86
66.309 -162.996
84.27 -184.89
-109.102 -63.999
-111.867 -92.156
-158.912 12.329
-168.492 48.077
-183.65 74.913
-175.231 93.865
-144.398 219.223
-125.863 251.241
-117.743 280.881
-98.385 288.48
11.941 355.449
47.695 365.008
74.733 379.993
93.536 371.817
219.059 341.013
251.043 322.354
280.722 314.156
288.444 295.002
355.145 184.443
364.639 148.679
379.639 121.474
371.081 102.856
340.876 -22.541
322.259 -54.524
313.839 -84.122
294.792 -91.872
184.272 -158.675
148.494 -168.196
121.482 -183.257
102.596 -174.943
-22.808 -144.234
-54.812 -125.71
-84.452 -117.348
-92.012 -98.133
