-31.186 329.2
169.94 353.1
328.955 227.592
352.893 26.56
227.571 -132.545
26.344 -156.425
-132.774 -30.985
-156.67 170.104
-49.688 326.673
155.086 364.318
326.466 246.105
364.079 41.393
245.994 -129.984
41.204 -167.608
-130.265 -49.446
-167.88 155.266
-156.09 195.605
-12.79 346.917
195.427 352.552
346.664 209.214
352.274 1.041
209.122 -150.151
0.818 -155.815
-150.449 -12.556
-163.28 130.029
-185.142 112.105
-64.328 305.561
-92.504 308.431
129.883 359.72
112.015 381.625
305.379 260.782
308.184 288.962
359.424 66.58
381.302 84.509
260.581 -108.817
288.735 -111.672
66.479 -163.02
84.396 -184.902
-109.144 -64.04
-111.968 -92.212
-158.946 12.268
-168.535 48.008
-183.614 74.882
-175.346 93.821
-144.603 219.189
-126.043 251.217
-117.769 280.928
-98.508 288.509
12.042 355.442
47.823 364.953
74.656 380.058
93.631 371.89
219.017 341.069
251.047 322.527
280.751 314.127
288.253 294.886
355.163 184.393
364.725 148.646
379.852 121.839
371.601 102.865
340.799 -22.568
322.263 -54.601
313.908 -84.295
294.652 -91.77
184.298 -158.654
148.539 -168.245
121.653 -183.359
102.69 -175.089
-22.793 -144.334
-54.83 -125.769
-84.537 -117.467
-92.077 -98.193
