40.165 194.882
123.8 207.443
192.153 158.91
208.135 76.595
161.834 5.104
76.208 -13.221
1.798 37.832
-11.598 126.058
18.583 195.074
108.544 222.772
192.036 180.557
223.109 92.245
183.487 6.16
92.668 -27.353
3.037 16.212
-26.661 110.614
-28.351 145.826
43.025 220.677
143.782 224.072
218.086 157.134
225.853 57.592
162.373 -20.836
59.159 -32.771
-24.16 37.746
-43.846 88.293
-47.071 107.99
-9.476 192.464
2.958 208.036
86.758 240.626
106.512 243.251
188.879 208.534
205.022 196.851
240.356 114.492
243.846 94.866
211.343 10.208
200.271 -6.41
115.496 -43.823
95.702 -48.479
7.751 -11.531
-9.464 -0.993
-46.787 47.392
-59.399 76.237
-71.036 94.048
-65.002 112.163
-39.067 168.556
-28.574 196.314
-23.162 216.231
-5.94 224.153
50.066 245.266
75.155 258.021
93.345 267.901
111.256 261.039
165.827 237.332
192.503 229.762
212.698 224.08
220.697 206.501
243.103 151.271
257.251 127.097
268.099 109.118
261.826 90.916
238.824 35.645
231.271 7.718
227.201 -12.436
210.554 -21.681
154.805 -44.588
127.78 -58.765
111.626 -70.655
93.117 -66.707
36.817 -42.219
6.593 -31.392
-14.352 -28.436
-24.21 -12.016
