-31.037 329.214
170.053 352.941
329.076 227.721
352.809 26.528
227.303 -132.563
26.364 -156.276
-132.731 -30.909
-156.399 170.394
-49.54 326.92
155.261 364.168
326.806 246.128
364.128 41.345
245.654 -129.636
41.184 -167.442
-130.154 -49.322
-167.5 155.472
-155.848 195.844
-12.462 346.856
195.614 352.475
346.642 209.108
352.42 0.932
209.003 -150.114
0.882 -155.671
-150.286 -12.428
-163.104 129.919
-185.169 112.254
-64.545 305.979
-92.704 307.871
129.608 360.124
111.89 382.027
305.814 260.528
308.466 288.733
360.117 67.011
381.362 85.414
260.309 -108.306
288.355 -111.924
66.514 -162.823
84.185 -184.905
-109.064 -64.006
-111.774 -92.13
-158.764 12.406
-168.177 48.217
-183.271 75.109
-175.086 94.076
-144.193 219.34
-125.691 251.38
-117.516 281.137
-97.858 288.306
12.341 355.418
48.15 364.798
75.455 379.412
94.024 371.309
219.17 340.914
251.099 322.155
280.732 313.262
288.229 294.42
355.135 184.324
364.562 148.523
379.344 121.109
370.456 102.64
340.865 -22.62
322.132 -54.559
314.024 -84.146
294.91 -92.062
184.125 -158.507
148.39 -168.127
121.32 -183.103
102.555 -174.895
-22.681 -144.139
-54.745 -125.649
-84.42 -117.284
-91.948 -98.029
