-31.003 329.106
169.899 352.966
328.71 227.851
352.865 26.778
227.285 -132.513
26.417 -156.203
-132.684 -30.939
-156.276 170.331
-49.467 326.669
155.209 364.275
326.594 246.362
364.446 41.376
245.592 -129.42
41.167 -167.535
-130.194 -49.322
-167.366 155.402
-155.8 195.802
-12.494 346.811
195.428 352.297
346.275 209.186
352.253 1.097
209.089 -150.112
0.839 -155.618
-150.255 -12.44
-162.904 129.95
-185.174 112.506
-65.084 305.802
-93.043 307.982
130.208 359.502
112.609 381.687
305.683 259.935
308.573 288.084
360.033 66.469
381.323 85.074
260.723 -108.086
288.722 -111.305
66.389 -162.962
84.446 -184.749
-109.087 -63.887
-111.738 -92.017
-158.77 12.376
-168.201 48.17
-183.093 75.205
-175.155 94.029
-144.157 219.319
-125.474 251.286
-117.004 281.032
-97.548 288.227
12.295 355.443
48.101 364.795
75.207 379.509
93.919 371.765
219.076 340.935
250.99 322.224
280.521 313.625
288.437 294.897
355.049 184.487
364.496 148.716
379.127 121.332
370.616 102.807
340.754 -22.44
322.1 -54.421
314.092 -84.134
294.656 -91.667
184.195 -158.468
148.468 -168.156
121.324 -183.121
102.615 -174.658
-22.752 -144.165
-54.752 -125.592
-84.398 -117.193
-91.898 -97.952
