-31.073 329.221
169.846 353.146
329.032 227.575
352.853 26.704
227.429 -132.61
26.34 -156.43
-132.799 -30.879
-156.592 170.217
-49.564 326.654
155.083 364.52
326.372 246.012
364.216 41.461
245.809 -129.832
41.159 -167.643
-130.262 -49.315
-167.808 155.391
-155.958 195.702
-12.693 346.891
195.381 352.474
346.642 209.195
352.295 1.146
209.055 -150.198
0.794 -155.84
-150.395 -12.408
-163.24 130.162
-185.029 112.178
-64.389 305.531
-92.544 308.441
129.982 359.793
111.9 381.571
305.332 261.127
308.098 289.196
359.41 66.489
381.355 84.387
260.63 -108.631
288.745 -111.552
66.445 -162.988
84.312 -184.927
-109.163 -63.94
-111.963 -92.114
-158.934 12.399
-168.448 48.168
-183.607 74.977
-175.283 93.954
-144.478 219.286
-125.998 251.349
-117.433 281.076
-98.268 288.445
12.134 355.358
47.867 364.923
74.607 380.077
93.639 371.814
219.006 340.98
251.1 322.488
280.801 313.944
288.199 294.683
355.204 184.392
364.717 148.647
379.973 122.084
371.888 102.905
340.806 -22.455
322.279 -54.506
314.104 -84.146
294.73 -91.786
184.204 -158.64
148.45 -168.232
121.486 -183.338
102.611 -175.03
-22.778 -144.283
-54.849 -125.752
-84.519 -117.391
-92.087 -98.139
