-14.057 277.033
141.191 304.637
271.726 218.19
307.311 65.202
224.596 -72.643
61.335 -110.851
-80.053 -15.903
-107.696 146.804
-32.56 273.636
125.397 314.413
266.889 236.135
316.258 81.642
242.658 -67.082
77.819 -120.751
-77.47 -35.329
-119.675 131.594
-111.029 172.193
1.412 297.665
166.667 309.017
293.328 203.995
313.3 40.121
211.412 -94.59
36.522 -116.156
-100.728 -1.048
-117.586 105.854
-137.708 110.963
-50.879 253.641
-57.373 272.654
97.793 313.521
108.181 330.654
246.483 254.921
266.083 259.561
314.568 109.307
332.626 99.336
260.808 -46.19
269.583 -66.903
105.117 -119.362
100.539 -143.894
-57.965 -52.517
-76.326 -68.413
-115.091 20.675
-133.067 52.744
-153.836 75.324
-148.671 95.662
-105.268 197.57
-94.676 232.813
-94.545 263.025
-75.909 273.838
23.26 311.671
55.6 329.298
76.303 351.257
97.225 345.593
192.11 304.141
227.672 294.535
257.747 296.458
268.975 277.886
308.469 182.989
327.876 151.68
351.249 132.548
346.896 111.306
309.626 14.463
302.31 -21.635
305.652 -52.005
288.306 -64.615
190.632 -110.211
160.153 -130.887
139.154 -153.997
118.926 -150.479
10.825 -111.93
-25.065 -103.876
-56.194 -103.348
-67.195 -86.12
