-31.26 329.222
169.974 353.03
329.0 227.735
352.866 26.461
227.535 -132.41
26.435 -156.378
-132.747 -30.962
-156.584 170.222
-49.739 326.843
155.111 364.133
326.58 246.182
363.943 41.389
245.999 -130.12
41.225 -167.654
-130.244 -49.407
-167.76 155.399
-155.996 195.686
-12.742 346.881
195.471 352.563
346.688 209.264
352.319 0.99
208.967 -150.087
0.893 -155.777
-150.399 -12.507
-163.17 130.158
-185.022 112.223
-64.044 305.744
-92.267 308.248
129.605 359.753
111.965 381.791
305.388 260.342
308.29 288.531
359.665 66.977
381.399 84.951
260.282 -109.079
288.47 -111.873
66.423 -163.039
84.369 -184.926
-109.121 -64.007
-111.926 -92.194
-158.925 12.305
-168.515 48.049
-183.587 74.97
-175.263 93.918
-144.464 219.228
-125.887 251.233
-117.887 280.897
-98.459 288.525
12.08 355.429
47.862 364.984
75.037 379.866
93.762 371.642
218.994 340.985
250.984 322.352
280.689 313.984
288.312 294.86
355.134 184.458
364.684 148.691
379.63 121.448
371.051 102.823
340.807 -22.592
322.188 -54.577
313.69 -84.232
294.617 -91.846
184.216 -158.737
148.479 -168.31
121.499 -183.268
102.672 -175.013
-22.72 -144.339
-54.735 -125.777
-84.445 -117.456
-91.987 -98.168
