-31.331 328.913
169.717 353.069
328.822 227.827
352.591 26.834
227.889 -131.855
27.014 -155.965
-132.091 -31.118
-156.133 169.915
-49.781 326.387
154.701 363.98
325.568 246.164
363.167 42.173
246.366 -129.36
41.843 -167.14
-129.523 -49.541
-167.104 154.906
-155.818 195.314
-12.822 346.407
195.133 352.753
346.729 209.957
352.493 1.633
209.419 -149.426
1.511 -155.596
-149.759 -12.725
-162.893 129.176
-184.946 111.616
-62.913 305.173
-91.005 308.196
128.929 359.624
110.628 380.901
304.338 261.938
306.618 289.734
358.345 67.913
380.979 84.921
259.827 -108.11
287.888 -111.847
67.31 -162.757
85.122 -184.676
-108.345 -63.909
-111.364 -92.06
-158.259 12.089
-167.887 47.831
-183.18 74.484
-175.002 93.592
-144.136 218.777
-125.848 250.95
-117.895 280.786
-98.743 288.496
12.006 354.876
47.707 364.56
74.381 379.922
93.407 370.881
218.485 340.797
250.518 322.2
280.336 314.231
287.393 294.379
354.589 184.945
364.079 149.168
380.085 122.981
371.948 103.63
340.657 -21.781
322.061 -53.763
313.969 -83.403
295.34 -91.702
184.593 -157.916
148.925 -167.745
121.817 -182.831
103.161 -174.423
-22.091 -144.229
-54.129 -125.721
-83.828 -117.638
-91.516 -98.412
