-31.567 328.872
169.268 353.12
328.49 228.058
352.719 27.606
228.218 -131.952
26.842 -156.314
-132.32 -31.306
-156.652 169.582
-49.969 326.076
154.376 364.335
325.654 246.47
364.008 42.383
246.692 -129.888
41.782 -167.401
-129.799 -49.754
-168.0 154.858
-156.035 195.163
-13.232 346.507
194.723 352.578
346.098 209.743
351.993 2.098
209.502 -149.626
1.428 -155.822
-149.962 -12.876
-163.287 129.779
-184.67 111.287
-63.963 304.774
-91.999 308.665
130.068 358.503
112.567 380.71
304.275 260.152
307.847 288.227
358.288 66.757
380.794 83.841
261.076 -109.069
289.295 -110.527
67.06 -162.613
84.69 -184.786
-108.655 -64.469
-111.343 -92.643
-158.547 11.907
-168.334 47.598
-183.678 74.33
-174.969 93.364
-144.703 218.829
-126.233 250.905
-117.751 280.532
-99.09 288.517
11.6 355.057
47.305 364.888
73.717 380.545
92.996 372.588
218.31 341.078
250.527 322.884
280.195 315.345
288.3 296.066
354.716 184.939
364.367 149.224
379.771 122.86
372.443 103.548
340.772 -21.638
322.532 -53.822
313.77 -83.503
294.436 -90.68
184.853 -158.522
149.033 -167.862
122.322 -183.03
103.213 -175.071
-22.144 -144.292
-54.254 -125.925
-83.968 -117.626
-91.443 -98.346
