-31.209 329.279
169.878 353.012
329.075 227.61
352.843 26.322
227.507 -132.462
26.398 -156.428
-132.841 -30.995
-156.437 170.315
-49.612 326.734
154.959 364.092
326.492 246.046
363.846 41.299
245.985 -130.185
41.178 -167.64
-130.242 -49.396
-167.683 155.469
-155.961 195.83
-12.786 346.922
195.403 352.512
346.803 209.155
352.332 0.919
208.953 -150.096
0.888 -155.813
-150.427 -12.486
-163.116 130.134
-185.137 112.326
-63.859 305.519
-92.062 308.329
129.254 360.013
111.516 381.906
305.307 260.765
308.239 288.924
359.656 67.01
381.44 84.846
260.348 -109.187
288.545 -111.801
66.381 -163.009
84.325 -184.865
-109.116 -64.024
-111.887 -92.162
-158.992 12.332
-168.496 48.116
-183.526 75.089
-175.252 93.969
-144.408 219.352
-125.879 251.346
-117.912 280.97
-98.506 288.623
12.029 355.43
47.781 364.992
75.015 379.791
93.625 371.44
218.986 341.003
251.028 322.429
280.801 313.807
288.172 294.691
355.302 184.311
364.853 148.53
379.726 121.343
371.156 102.65
340.712 -22.608
322.189 -54.652
313.64 -84.404
294.464 -91.791
184.216 -158.761
148.47 -168.267
121.579 -183.274
102.662 -175.071
-22.688 -144.31
-54.736 -125.798
-84.427 -117.46
-92.004 -98.212
