-31.254 329.297
169.961 353.02
329.06 227.651
352.907 26.62
227.516 -132.589
26.271 -156.44
-132.808 -31.017
-156.675 170.133
-49.651 326.717
155.097 364.316
326.501 246.102
364.127 41.426
245.917 -129.982
41.077 -167.652
-130.225 -49.437
-167.891 155.318
-156.08 195.654
-12.785 346.902
195.492 352.532
346.705 209.2
352.309 1.104
209.044 -150.184
0.752 -155.812
-150.412 -12.523
-163.234 130.048
-185.143 112.142
-64.271 305.58
-92.427 308.392
129.84 359.682
111.926 381.626
305.356 260.785
308.144 288.963
359.464 66.652
381.345 84.555
260.556 -108.86
288.691 -111.658
66.365 -162.992
84.283 -184.916
-109.111 -64.059
-111.898 -92.202
-158.985 12.299
-168.493 48.067
-183.605 74.937
-175.302 93.866
-144.536 219.222
-126.027 251.286
-117.663 280.958
-98.436 288.52
12.002 355.466
47.761 364.974
74.638 380.086
93.588 371.796
219.063 341.007
251.111 322.514
280.799 314.148
288.252 294.87
355.202 184.38
364.764 148.64
379.832 121.808
371.617 102.868
340.796 -22.473
322.282 -54.531
313.925 -84.225
294.672 -91.783
184.247 -158.746
148.471 -168.257
121.569 -183.392
102.602 -175.075
-22.804 -144.29
-54.833 -125.771
-84.494 -117.43
-92.045 -98.2
