-31.288 329.187
169.896 353.042
328.972 227.821
352.958 26.634
227.424 -132.545
26.348 -156.401
-132.765 -31.111
-156.678 170.103
-49.726 326.613
155.017 364.276
326.472 246.252
364.128 41.473
245.89 -130.012
41.144 -167.579
-130.166 -49.516
-167.868 155.304
-156.066 195.59
-12.888 346.84
195.394 352.547
346.585 209.327
352.292 1.113
209.002 -150.193
0.859 -155.778
-150.366 -12.603
-163.239 130.05
-185.141 112.132
-64.346 305.54
-92.486 308.378
129.817 359.572
111.938 381.537
305.396 260.736
308.146 288.872
359.426 66.693
381.302 84.628
260.46 -108.89
288.632 -111.699
66.365 -162.992
84.285 -184.831
-109.033 -64.132
-111.806 -92.253
-158.926 12.216
-168.456 47.999
-183.619 74.884
-175.29 93.859
-144.55 219.143
-126.026 251.179
-117.789 280.839
-98.571 288.506
11.915 355.409
47.694 364.905
74.42 380.146
93.503 371.911
218.951 340.989
250.969 322.442
280.606 314.231
288.305 295.047
355.139 184.509
364.719 148.75
379.861 121.896
371.582 102.969
340.813 -22.513
322.244 -54.57
313.827 -84.315
294.573 -91.763
184.167 -158.696
148.402 -168.256
121.537 -183.35
102.561 -175.073
-22.718 -144.313
-54.752 -125.786
-84.429 -117.47
-91.964 -98.256
