29.668 209.691
126.603 225.485
206.773 170.257
226.713 74.757
174.14 -9.095
74.939 -31.977
-12.783 25.732
-30.214 128.546
8.491 208.742
110.764 239.66
205.277 191.464
240.312 91.129
195.328 -6.536
92.126 -44.667
-9.966 4.727
-43.875 112.536
-44.452 150.221
35.03 235.102
148.159 240.022
232.383 165.776
242.395 54.032
172.017 -34.962
55.604 -49.329
-38.553 29.19
-58.056 88.174
-63.157 107.492
-19.128 203.121
-8.083 219.809
87.259 255.219
106.91 259.218
199.203 218.998
216.069 208.223
255.069 115.173
259.711 95.752
222.587 0.636
212.609 -16.774
116.797 -58.295
97.102 -64.886
-1.655 -22.205
-20.312 -13.331
-59.729 42.027
-73.286 72.898
-87.377 91.21
-81.415 109.926
-51.67 174.229
-39.962 204.612
-35.953 226.764
-18.426 235.122
45.454 258.341
73.476 272.01
92.143 284.121
110.422 277.392
171.739 250.057
201.021 241.014
222.819 236.482
231.198 218.808
256.268 156.582
271.165 129.591
283.885 111.414
277.903 92.853
252.229 30.644
243.356 0.246
240.642 -21.423
223.966 -31.263
161.441 -57.406
132.109 -72.507
115.8 -86.717
96.619 -83.29
32.097 -55.763
-0.028 -44.267
-22.784 -42.821
-33.505 -26.171
