12.838 231.877
130.447 252.638
228.322 187.062
254.185 72.285
193.081 -29.988
73.497 -60.656
-34.833 7.494
-58.254 131.928
-7.298 228.996
114.058 264.987
225.247 207.379
265.941 89.166
213.075 -25.516
91.08 -70.713
-30.041 -11.899
-69.787 115.569
-68.882 155.695
21.496 256.431
153.635 264.492
253.273 179.617
267.32 49.806
187.205 -55.349
51.07 -73.887
-59.411 16.062
-78.269 88.695
-87.84 106.176
-33.211 217.905
-25.865 236.43
88.133 276.05
106.643 283.517
214.517 233.443
232.962 225.813
276.216 115.414
284.291 97.094
238.481 -13.321
231.856 -32.636
117.963 -79.077
99.182 -90.316
-16.212 -36.453
-37.5 -32.185
-78.105 33.202
-93.623 65.481
-111.597 84.158
-106.143 104.18
-70.784 180.9
-58.624 214.243
-57.262 239.785
-39.083 249.244
36.867 276.681
68.206 291.905
87.347 308.213
106.772 301.927
178.749 269.143
211.58 258.783
236.416 256.882
245.953 238.865
274.643 165.709
291.255 135.506
307.972 117.239
302.696 97.602
272.277 24.977
262.797 -8.654
262.956 -33.292
245.961 -44.465
172.412 -75.482
141.129 -92.489
124.364 -110.911
103.753 -108.151
26.092 -75.821
-8.195 -64.848
-34.114 -65.642
-46.264 -48.377
