-31.121 329.308
169.913 353.045
329.067 227.482
352.869 26.458
227.46 -132.685
26.357 -156.39
-132.779 -30.975
-156.615 170.143
-49.558 326.687
155.06 364.25
326.521 245.973
363.966 41.353
245.817 -130.017
41.21 -167.633
-130.278 -49.402
-167.835 155.299
-155.995 195.657
-12.718 346.969
195.442 352.495
346.78 209.118
352.278 1.022
209.034 -150.225
0.827 -155.775
-150.41 -12.533
-163.29 130.031
-185.124 112.051
-64.201 305.514
-92.347 308.386
129.622 359.906
111.751 381.757
305.385 260.625
308.256 288.8
359.615 66.824
381.457 84.661
260.537 -108.878
288.66 -111.638
66.467 -163.054
84.403 -184.921
-109.119 -63.979
-111.942 -92.144
-158.921 12.263
-168.498 47.995
-183.613 74.85
-175.312 93.807
-144.509 219.258
-125.977 251.315
-117.722 281.05
-98.381 288.54
12.119 355.482
47.859 365.125
74.953 380.011
93.704 371.643
219.058 341.032
251.116 322.501
280.847 314.074
288.331 294.79
355.332 184.315
364.846 148.56
379.749 121.541
371.382 102.72
340.74 -22.552
322.238 -54.608
313.854 -84.281
294.554 -91.789
184.203 -158.728
148.436 -168.263
121.59 -183.395
102.671 -175.108
-22.778 -144.275
-54.812 -125.706
-84.514 -117.372
-92.041 -98.105
