-31.226 329.19
169.907 353.088
329.036 227.734
352.789 26.55
227.455 -132.564
26.277 -156.425
-132.82 -30.91
-156.563 170.126
-49.676 326.674
155.055 364.303
326.478 246.155
364.092 41.386
245.904 -130.038
41.1 -167.607
-130.287 -49.345
-167.847 155.288
-156.029 195.654
-12.825 346.881
195.426 352.496
346.649 209.246
352.255 1.019
208.97 -150.201
0.776 -155.777
-150.467 -12.467
-163.229 130.022
-185.148 112.103
-64.237 305.583
-92.353 308.437
129.817 359.71
111.887 381.581
305.292 260.89
308.088 289.012
359.525 66.571
381.379 84.529
260.452 -108.887
288.64 -111.723
66.348 -163.011
84.244 -184.886
-109.122 -63.95
-111.956 -92.137
-158.946 12.329
-168.485 48.049
-183.604 74.895
-175.296 93.832
-144.491 219.23
-125.952 251.279
-117.591 280.963
-98.372 288.548
11.983 355.396
47.738 364.939
74.664 379.989
93.574 371.73
219.033 341.05
251.071 322.507
280.805 314.083
288.191 294.81
355.17 184.433
364.734 148.692
379.862 121.874
371.681 102.881
340.782 -22.585
322.229 -54.613
313.889 -84.321
294.638 -91.811
184.131 -158.733
148.366 -168.302
121.46 -183.365
102.532 -175.079
-22.816 -144.29
-54.851 -125.728
-84.543 -117.395
-92.058 -98.117
