-4.869 257.513
134.98 283.708
252.945 206.731
285.791 69.817
213.843 -53.851
69.31 -91.394
-60.453 -8.667
-88.084 138.619
-23.496 253.334
118.618 293.682
248.1 225.367
295.212 86.717
232.214 -47.869
86.543 -99.758
-55.653 -27.343
-98.789 122.615
-94.379 163.755
7.995 280.093
159.818 291.398
276.339 195.361
295.047 45.525
203.641 -77.7
45.009 -99.836
-82.814 4.033
-100.389 94.974
-116.217 107.096
-45.609 236.034
-44.978 255.951
90.763 297.73
106.059 310.498
231.157 247.856
251.006 246.051
298.483 114.675
311.811 99.757
253.821 -29.806
254.203 -50.955
114.644 -101.763
100.875 -120.732
-36.85 -47.93
-58.845 -53.699
-98.697 24.526
-116.271 56.687
-137.214 76.745
-132.149 97.863
-91.02 189.325
-79.905 224.291
-80.627 253.018
-61.762 263.53
27.864 296.371
60.355 313.333
79.923 334.082
100.56 328.07
185.449 289.889
220.576 279.654
248.83 280.927
259.553 262.361
293.931 176.701
312.422 145.116
333.891 126.822
329.166 105.91
294.39 19.934
285.91 -15.764
289.244 -43.957
271.739 -56.593
184.709 -94.939
153.504 -114.354
134.904 -136.947
113.389 -134.266
19.256 -97.465
-16.399 -88.662
-46.224 -89.761
-58.537 -72.126
