-31.037 329.157
169.777 353.229
328.792 227.64
352.89 26.811
227.491 -132.476
26.466 -156.344
-132.625 -31.093
-156.471 170.092
-49.452 326.377
155.068 364.539
326.066 246.105
364.12 41.592
245.956 -129.965
41.248 -167.617
-130.102 -49.546
-167.649 155.175
-156.117 195.649
-12.772 346.835
195.242 352.406
346.478 209.376
352.147 1.338
209.058 -150.157
0.922 -155.757
-150.326 -12.673
-163.057 129.795
-185.198 112.151
-64.148 305.153
-92.233 308.684
130.061 359.602
111.863 381.284
304.949 261.228
307.714 289.301
359.092 66.549
381.206 84.197
260.76 -108.868
288.925 -111.206
66.449 -162.994
84.366 -184.88
-108.95 -64.159
-111.779 -92.329
-158.872 12.124
-168.479 47.853
-183.457 74.854
-175.309 93.699
-144.58 219.232
-126.012 251.284
-117.538 280.985
-98.532 288.633
12.053 355.318
47.79 364.937
74.335 380.368
93.536 371.906
218.859 341.002
250.986 322.616
280.695 314.488
288.093 294.942
355.092 184.574
364.723 148.844
379.996 122.406
372.171 103.062
340.589 -22.221
322.206 -54.376
313.874 -84.24
294.411 -91.433
184.26 -158.719
148.525 -168.318
121.449 -183.217
102.685 -174.944
-22.673 -144.335
-54.69 -125.805
-84.376 -117.503
-91.892 -98.249
