-31.267 329.303
169.947 353.149
329.035 227.728
352.803 26.495
227.41 -132.517
26.339 -156.359
-132.794 -31.034
-156.639 170.167
-49.691 326.816
155.146 364.39
326.439 246.143
364.095 41.275
245.847 -130.007
41.203 -167.565
-130.272 -49.429
-167.81 155.313
-156.01 195.654
-12.711 346.886
195.459 352.484
346.657 209.262
352.2 0.945
208.947 -150.171
0.844 -155.782
-150.379 -12.534
-163.2 130.051
-185.099 112.159
-64.276 305.636
-92.43 308.366
129.963 359.791
112.007 381.61
305.246 261.007
308.118 289.145
359.433 66.418
381.321 84.38
260.454 -108.93
288.582 -111.766
66.464 -162.998
84.361 -184.903
-109.085 -63.997
-111.928 -92.144
-158.913 12.271
-168.468 48.017
-183.548 74.908
-175.316 93.829
-144.562 219.259
-126.0 251.273
-117.556 280.967
-98.327 288.43
12.113 355.4
47.883 364.93
74.788 379.977
93.703 371.778
219.056 341.017
251.092 322.503
280.812 313.968
288.15 294.744
355.119 184.412
364.667 148.637
379.874 121.891
371.691 102.808
340.713 -22.648
322.137 -54.65
313.889 -84.291
294.699 -91.931
184.176 -158.76
148.425 -168.254
121.541 -183.372
102.638 -175.052
-22.754 -144.277
-54.8 -125.726
-84.509 -117.413
-92.036 -98.134
