81.54 132.1
109.69 134.021
131.113 115.908
134.045 88.126
116.679 65.723
87.864 61.954
64.611 80.593
62.413 110.482
62.759 138.016
100.668 151.512
137.089 134.622
151.422 97.154
135.342 59.999
97.1 44.858
58.895 62.003
45.007 101.508
39.217 122.299
73.741 156.937
121.757 157.087
155.914 123.82
157.287 76.396
125.211 41.125
77.03 38.281
40.121 71.761
21.342 89.13
20.901 109.055
37.181 145.905
51.011 160.532
88.075 175.031
108.035 175.76
144.764 160.135
159.414 146.616
174.905 109.73
175.677 89.812
160.877 52.332
147.347 37.692
109.79 21.424
89.882 20.573
50.975 36.508
36.529 50.234
14.724 66.669
3.502 81.237
-3.561 98.562
3.733 115.718
16.955 135.734
18.489 152.864
25.857 170.29
43.315 177.257
66.814 182.019
79.444 193.141
97.138 200.506
114.414 193.033
134.377 179.846
151.207 179.034
169.175 171.846
176.121 154.344
180.911 131.054
192.47 118.518
200.338 100.718
192.947 83.438
179.975 63.663
179.255 46.286
172.408 28.073
155.061 20.977
131.75 15.962
118.408 4.14
100.872 -3.811
83.566 3.28
62.782 16.647
44.282 18.84
26.967 25.709
19.705 42.758
