80.107 134.53
110.327 136.755
133.453 117.455
136.83 87.642
118.326 63.403
87.307 59.098
62.158 79.03
59.645 111.179
61.077 140.242
100.992 154.276
139.211 136.403
154.206 97.007
137.239 57.936
96.935 42.037
56.697 60.202
42.218 101.904
36.6 123.29
72.629 159.464
122.687 159.664
158.347 125.076
159.948 75.674
126.642 38.731
76.357 35.481
37.608 70.359
18.615 89.182
18.165 109.11
35.287 147.784
49.071 162.447
87.99 177.673
107.929 178.491
146.518 162.123
161.229 148.678
177.571 109.999
178.443 90.089
162.994 50.671
149.54 35.961
110.087 18.735
90.182 17.784
49.122 34.491
34.648 48.19
12.119 66.022
0.825 81.334
-6.221 98.594
0.998 115.761
14.655 137.217
16.482 154.759
23.868 172.17
41.334 179.153
66.177 184.666
79.209 195.903
96.946 203.28
114.244 195.784
135.699 182.198
152.91 181.216
170.955 174.021
177.901 156.483
183.464 131.876
195.194 118.955
203.145 101.105
195.744 83.798
182.392 62.518
181.5 44.712
174.7 26.421
157.342 19.286
132.632 13.445
118.765 1.467
101.297 -6.53
83.956 0.46
61.514 14.317
42.424 16.971
25.225 23.736
17.84 40.679
