52.994 176.966
120.313 185.87
174.628 145.929
186.441 79.408
148.104 22.203
78.483 8.521
19.02 51.568
10.317 122.716
31.403 179.003
106.33 202.427
176.274 167.523
202.664 93.739
169.722 21.429
93.623 -6.877
18.382 29.952
-6.162 108.621
-8.965 140.085
52.432 202.947
138.042 204.904
200.604 147.348
206.254 62.562
151.466 -3.554
63.911 -12.952
-6.663 47.785
-26.254 89.08
-28.101 108.934
3.385 179.863
16.404 194.954
86.895 222.578
106.729 224.513
176.458 195.485
192.118 183.161
222.356 113.59
224.933 93.826
197.693 21.988
185.729 6.049
113.987 -26.084
94.133 -29.163
19.094 1.992
3.053 13.837
-30.642 53.714
-42.545 79.44
-51.91 96.715
-45.692 114.359
-23.523 160.87
-15.368 185.583
-8.982 203.72
8.122 211.395
55.295 228.542
76.567 240.836
94.409 249.195
112.087 242.126
157.75 221.636
181.484 216.282
200.577 209.778
208.171 192.174
226.372 145.475
239.942 124.854
249.406 106.944
242.712 89.044
222.654 42.776
217.181 17.841
211.94 -1.229
195.107 -9.794
147.614 -28.492
124.028 -41.89
107.917 -51.733
89.927 -47.086
43.086 -25.853
15.51 -16.63
-3.733 -12.114
-12.712 4.327
