-31.096 329.291
169.948 352.906
328.944 227.544
352.67 26.517
227.7 -132.335
26.475 -156.367
-132.7 -30.935
-156.554 170.169
-49.492 326.609
155.059 364.116
326.02 245.939
363.6 41.581
246.163 -130.149
41.244 -167.665
-130.177 -49.352
-167.845 155.428
-155.878 195.712
-12.656 346.839
195.481 352.377
346.695 209.338
352.252 1.168
209.051 -149.942
0.902 -155.769
-150.318 -12.467
-163.007 130.348
-184.831 112.288
-63.412 305.323
-91.557 308.508
129.318 360.09
111.208 381.636
305.005 261.795
307.651 289.626
359.168 67.226
381.273 84.79
260.43 -109.252
288.637 -111.612
66.456 -162.997
84.54 -184.766
-109.078 -63.957
-111.847 -92.095
-158.885 12.323
-168.461 48.077
-183.637 74.955
-175.181 93.926
-144.442 219.314
-125.918 251.351
-117.855 281.002
-98.588 288.755
12.18 355.302
47.921 364.879
74.851 380.022
93.737 371.294
219.023 340.758
251.118 322.304
280.922 313.692
287.928 294.284
355.181 184.505
364.768 148.754
380.101 122.119
371.695 102.984
340.623 -22.365
322.253 -54.481
313.632 -84.173
294.545 -91.612
184.324 -158.648
148.528 -168.114
121.709 -183.337
102.721 -174.942
-22.702 -144.247
-54.763 -125.698
-84.442 -117.341
-92.0 -98.094
