-31.193 329.251
169.973 353.081
329.059 227.713
352.787 26.584
227.553 -132.563
26.338 -156.424
-132.806 -31.036
-156.685 170.14
-49.66 326.689
155.135 364.332
326.481 246.101
364.056 41.434
245.94 -130.006
41.145 -167.63
-130.226 -49.451
-167.894 155.309
-156.078 195.671
-12.768 346.892
195.497 352.497
346.652 209.239
352.256 1.052
209.067 -150.158
0.823 -155.815
-150.428 -12.583
-163.259 130.042
-185.159 112.123
-64.305 305.616
-92.449 308.404
129.854 359.711
111.915 381.623
305.381 260.707
308.203 288.84
359.439 66.703
381.376 84.614
260.525 -108.868
288.665 -111.684
66.417 -162.983
84.327 -184.859
-109.112 -64.078
-111.885 -92.226
-158.995 12.22
-168.495 47.996
-183.634 74.873
-175.312 93.831
-144.556 219.255
-126.051 251.314
-117.688 280.989
-98.456 288.552
12.04 355.442
47.804 364.971
74.677 380.098
93.623 371.776
219.055 340.967
251.081 322.424
280.765 314.078
288.315 294.825
355.223 184.434
364.73 148.68
379.853 121.829
371.545 102.909
340.722 -22.529
322.241 -54.598
313.896 -84.255
294.671 -91.824
184.247 -158.667
148.479 -168.233
121.582 -183.32
102.626 -175.056
-22.737 -144.294
-54.787 -125.791
-84.466 -117.449
-92.014 -98.21
