-31.19 329.189
169.945 353.052
329.056 227.606
352.89 26.574
227.462 -132.516
26.268 -156.451
-132.762 -30.943
-156.634 170.091
-49.653 326.657
155.047 364.301
326.525 246.036
364.09 41.411
245.923 -129.979
41.109 -167.626
-130.248 -49.404
-167.85 155.236
-156.034 195.599
-12.793 346.869
195.467 352.517
346.702 209.191
352.311 1.092
209.03 -150.187
0.75 -155.8
-150.426 -12.514
-163.28 129.997
-185.132 112.075
-64.278 305.543
-92.444 308.352
129.799 359.773
111.883 381.624
305.421 260.664
308.211 288.817
359.51 66.636
381.376 84.542
260.523 -108.835
288.704 -111.667
66.395 -163.037
84.301 -184.902
-109.125 -64.01
-111.942 -92.173
-158.929 12.291
-168.516 48.021
-183.598 74.885
-175.336 93.811
-144.56 219.211
-126.01 251.239
-117.698 280.936
-98.428 288.466
12.016 355.395
47.765 364.969
74.638 380.069
93.578 371.848
219.077 340.998
251.121 322.438
280.819 314.074
288.335 294.783
355.206 184.388
364.755 148.65
379.84 121.79
371.595 102.841
340.807 -22.488
322.264 -54.535
313.964 -84.245
294.675 -91.778
184.208 -158.724
148.441 -168.278
121.539 -183.375
102.604 -175.112
-22.825 -144.283
-54.849 -125.733
-84.527 -117.409
-92.067 -98.149
