15.947 227.906
129.843 247.703
224.501 183.946
249.18 72.639
189.637 -26.26
73.793 -55.552
-30.861 10.6
-53.267 131.289
-4.439 225.395
113.56 260.467
221.768 204.469
261.327 89.435
209.882 -22.119
91.364 -66.081
-26.34 -9.087
-65.165 114.949
-64.573 154.727
23.971 252.667
152.759 260.069
249.595 177.018
262.797 50.459
184.429 -51.754
51.84 -69.561
-55.727 18.329
-74.742 88.441
-83.424 106.378
-30.778 215.354
-22.654 233.551
88.062 272.478
106.818 279.223
211.935 230.887
230.064 222.602
272.555 115.289
279.937 96.654
235.728 -10.885
228.329 -29.859
117.915 -75.452
98.829 -85.684
-13.481 -34.159
-34.319 -28.799
-74.889 34.764
-90.029 66.927
-107.332 85.521
-101.803 105.304
-67.427 179.778
-55.227 212.689
-53.374 237.637
-35.32 246.913
38.497 273.522
69.392 288.451
88.467 303.967
107.679 297.617
177.674 265.715
209.959 255.502
234.234 253.088
243.55 235.15
271.482 163.926
287.786 134.177
303.741 115.909
298.35 96.477
268.664 25.837
259.21 -7.298
258.818 -31.385
241.898 -42.304
170.376 -72.336
139.307 -88.983
122.658 -106.627
102.319 -103.763
27.084 -72.279
-6.881 -61.078
-32.196 -61.527
-44.114 -44.387
