-31.162 329.257
169.918 353.095
328.927 227.672
352.948 26.556
227.43 -132.563
26.355 -156.4
-132.753 -31.037
-156.648 170.173
-49.614 326.733
155.079 364.308
326.422 246.168
364.099 41.411
245.865 -130.033
41.203 -167.619
-130.222 -49.451
-167.838 155.321
-156.022 195.69
-12.712 346.922
195.401 352.535
346.634 209.298
352.278 1.026
209.006 -150.211
0.836 -155.822
-150.388 -12.599
-163.237 130.045
-185.121 112.107
-64.218 305.609
-92.375 308.424
129.841 359.743
111.957 381.617
305.323 260.742
308.149 288.929
359.512 66.712
381.353 84.647
260.459 -108.916
288.619 -111.743
66.45 -163.044
84.348 -184.909
-109.058 -64.015
-111.906 -92.167
-158.908 12.208
-168.499 47.962
-183.59 74.839
-175.32 93.797
-144.533 219.29
-125.947 251.307
-117.623 281.005
-98.342 288.527
12.13 355.416
47.885 364.993
74.754 380.057
93.684 371.832
218.989 341.052
251.015 322.506
280.708 314.202
288.249 294.944
355.154 184.489
364.733 148.739
379.821 121.851
371.552 102.911
340.765 -22.574
322.201 -54.608
313.895 -84.313
294.612 -91.854
184.193 -158.742
148.44 -168.311
121.559 -183.382
102.625 -175.132
-22.757 -144.303
-54.799 -125.758
-84.487 -117.433
-92.024 -98.164
