-31.189 329.229
169.904 353.107
328.993 227.689
352.837 26.513
227.505 -132.553
26.307 -156.37
-132.81 -30.995
-156.638 170.155
-49.64 326.679
155.074 364.359
326.424 246.131
364.098 41.362
245.93 -130.041
41.163 -167.613
-130.246 -49.423
-167.881 155.327
-156.076 195.684
-12.747 346.863
195.419 352.557
346.621 209.249
352.276 0.99
209.052 -150.182
0.767 -155.825
-150.417 -12.534
-163.256 130.069
-185.15 112.139
-64.267 305.573
-92.419 308.392
129.808 359.705
111.895 381.622
305.319 260.759
308.127 288.916
359.467 66.633
381.39 84.537
260.49 -108.868
288.655 -111.699
66.443 -163.001
84.384 -184.914
-109.155 -64.054
-111.941 -92.19
-158.973 12.268
-168.509 48.027
-183.619 74.9
-175.322 93.841
-144.527 219.258
-126.02 251.329
-117.647 280.989
-98.416 288.532
12.054 355.409
47.805 364.933
74.662 380.071
93.605 371.766
218.98 341.03
251.039 322.523
280.719 314.179
288.266 294.918
355.174 184.442
364.705 148.668
379.847 121.784
371.534 102.83
340.747 -22.596
322.206 -54.652
313.853 -84.323
294.625 -91.849
184.237 -158.712
148.489 -168.265
121.627 -183.397
102.679 -175.078
-22.808 -144.298
-54.845 -125.784
-84.507 -117.429
-92.081 -98.215
