45.042 188.253
122.581 199.374
185.654 154.002
200.032 77.561
156.634 11.395
76.93 -5.099
8.167 43.034
-3.401 124.943
23.368 189.146
107.747 215.224
186.195 175.71
215.525 92.778
178.35 11.786
92.961 -19.752
8.704 21.324
-19.043 109.918
-21.165 143.822
46.61 214.17
141.745 216.947
211.648 153.437
218.575 59.349
158.27 -14.507
60.845 -25.446
-17.741 41.507
-37.398 88.589
-40.058 108.384
-4.754 187.881
7.946 203.237
86.814 234.012
106.605 236.338
184.311 203.751
200.262 191.8
233.746 114.17
236.863 94.482
206.319 14.525
194.883 -1.817
114.91 -37.309
95.096 -41.314
11.903 -6.588
-4.814 4.486
-40.914 49.767
-53.226 77.53
-63.945 95.129
-57.865 113.058
-33.338 165.891
-23.629 192.524
-17.811 211.662
-0.674 219.504
52.1 239.216
75.781 251.768
93.802 260.973
111.615 254.053
162.977 231.559
188.549 224.798
208.249 218.767
216.097 201.19
237.023 149.062
250.939 126.202
261.185 108.273
254.765 90.192
232.864 38.146
226.04 11.326
221.488 -8.338
204.793 -17.33
152.059 -38.749
126.233 -52.596
110.116 -63.632
91.828 -59.432
39.044 -36.192
9.757 -25.869
-10.496 -22.298
-20.014 -5.903
