-31.176 329.277
169.97 353.003
329.081 227.676
352.824 26.592
227.457 -132.5
26.259 -156.367
-132.778 -31.0
-156.632 170.255
-49.632 326.762
155.131 364.305
326.447 246.092
364.059 41.442
245.924 -130.007
41.111 -167.595
-130.255 -49.466
-167.82 155.414
-156.004 195.764
-12.714 346.927
195.504 352.491
346.703 209.245
352.254 1.071
209.056 -150.207
0.755 -155.78
-150.444 -12.534
-163.23 130.136
-185.137 112.224
-64.214 305.622
-92.392 308.418
129.83 359.777
111.86 381.64
305.311 260.812
308.12 288.932
359.56 66.718
381.415 84.649
260.495 -108.899
288.662 -111.716
66.379 -163.044
84.337 -184.903
-109.115 -64.056
-111.939 -92.223
-158.956 12.309
-168.52 48.081
-183.586 74.973
-175.338 93.922
-144.525 219.354
-125.968 251.365
-117.607 281.061
-98.332 288.522
12.113 355.437
47.847 365.044
74.81 380.043
93.651 371.693
219.071 340.969
251.13 322.487
280.817 314.087
288.275 294.823
355.241 184.45
364.749 148.705
379.829 121.836
371.581 102.906
340.76 -22.531
322.202 -54.56
313.949 -84.266
294.679 -91.83
184.256 -158.745
148.493 -168.296
121.613 -183.389
102.634 -175.125
-22.828 -144.301
-54.839 -125.742
-84.526 -117.44
-92.049 -98.187
