-18.799 290.22
146.558 317.566
284.502 223.994
320.44 60.175
229.205 -85.892
54.404 -122.839
-93.626 -19.545
-120.229 153.364
-37.601 287.999
131.246 328.1
280.346 242.04
329.976 76.182
247.667 -81.592
69.841 -134.795
-93.013 -39.27
-133.214 138.952
-121.623 178.815
-1.98 309.546
172.129 320.068
304.871 208.348
324.417 34.888
214.317 -106.482
29.265 -126.289
-113.159 -3.156
-130.025 114.862
-152.889 113.93
-53.29 267.749
-65.593 284.951
104.922 324.772
110.472 344.801
258.938 258.268
277.356 268.374
325.967 102.762
347.298 97.868
263.816 -60.37
279.532 -78.694
95.605 -132.816
99.403 -159.067
-74.469 -55.243
-88.176 -77.854
-126.813 19.025
-144.365 51.344
-164.219 75.446
-158.704 94.783
-114.9 203.98
-104.079 239.154
-102.372 269.901
-84.305 280.356
20.545 322.615
52.893 340.236
74.853 361.801
95.37 356.422
197.397 313.868
232.991 304.389
263.798 305.468
274.963 287.314
318.966 186.479
338.556 155.292
361.874 134.929
357.654 114.145
319.595 9.302
312.489 -26.837
314.35 -58.071
297.335 -69.801
192.988 -121.435
162.481 -142.06
140.373 -164.476
120.569 -159.872
3.69 -121.389
-32.026 -112.694
-62.959 -111.774
-73.454 -93.661
