-8.983 265.395
137.177 292.456
260.499 211.808
294.791 68.362
218.816 -61.313
66.576 -99.616
-68.278 -12.064
-96.244 141.627
-27.426 261.342
121.014 302.126
255.501 230.043
303.832 85.104
236.917 -55.298
83.586 -108.288
-64.18 -30.999
-107.345 125.883
-101.309 166.92
5.026 287.203
162.353 298.758
283.202 199.218
302.714 43.672
207.35 -84.45
42.027 -106.731
-89.949 1.532
-107.226 98.763
-124.821 108.346
-48.098 242.655
-50.137 262.473
93.034 304.063
106.665 318.599
236.929 251.099
256.86 251.667
304.963 113.137
320.133 99.902
257.138 -35.827
260.55 -57.123
111.615 -108.656
100.92 -130.074
-44.692 -50.18
-65.709 -59.857
-105.148 22.626
-123.035 54.693
-144.169 75.673
-139.12 96.7
-96.808 192.443
-86.009 227.59
-86.676 257.011
-67.79 267.746
25.85 302.437
58.301 319.753
78.201 341.268
99.068 335.375
187.935 295.695
223.325 285.725
252.414 287.537
263.409 268.883
299.692 179.45
318.626 147.92
341.133 129.431
336.565 108.256
300.645 18.022
292.678 -17.911
296.358 -47.083
278.821 -59.905
187.503 -100.938
156.622 -120.98
137.014 -144.091
115.884 -141.154
16.255 -103.435
-19.576 -95.165
-50.235 -95.548
-61.965 -78.157
