-14.79 278.951
141.927 306.569
273.581 219.111
309.28 64.564
225.387 -74.541
60.391 -112.627
-82.015 -16.449
-109.534 147.715
-33.33 275.702
126.198 316.416
268.811 237.045
318.269 80.946
243.481 -69.112
76.753 -122.796
-79.713 -35.941
-121.669 132.608
-112.588 173.113
0.892 299.389
167.429 310.651
294.999 204.679
314.967 39.443
211.942 -96.285
35.536 -117.654
-102.525 -1.38
-119.339 107.129
-139.873 111.426
-51.253 255.591
-58.544 274.392
98.729 315.114
108.488 332.667
248.183 255.453
267.664 260.835
316.172 108.491
334.716 99.158
261.305 -48.083
271.053 -68.571
103.855 -121.222
100.428 -146.147
-60.307 -52.858
-78.094 -69.775
-116.772 20.421
-134.721 52.51
-155.379 75.342
-150.179 95.528
-106.661 198.462
-96.07 233.708
-95.741 264.022
-77.174 274.813
22.866 313.232
55.193 330.882
76.06 352.836
96.948 347.218
192.847 305.543
228.42 295.974
258.626 297.834
269.866 279.303
309.958 183.514
329.416 152.237
352.85 132.957
348.524 111.75
311.087 13.791
303.849 -22.32
307.042 -52.849
289.751 -65.367
191.057 -111.793
160.614 -132.52
139.422 -155.562
119.317 -151.922
9.854 -113.319
-26.024 -105.228
-57.159 -104.607
-68.086 -87.324
