-31.177 329.194
169.913 353.069
329.008 227.748
352.869 26.582
227.544 -132.501
26.374 -156.392
-132.844 -30.982
-156.643 170.198
-49.652 326.682
155.07 364.273
326.467 246.145
364.069 41.381
245.92 -129.949
41.198 -167.627
-130.245 -49.405
-167.834 155.415
-156.019 195.673
-12.777 346.881
195.421 352.472
346.631 209.282
352.29 1.077
209.093 -150.106
0.845 -155.818
-150.45 -12.487
-163.191 130.159
-185.125 112.27
-64.261 305.555
-92.442 308.379
129.826 359.691
111.916 381.565
305.301 260.73
308.131 288.884
359.47 66.597
381.32 84.524
260.471 -108.809
288.623 -111.641
66.473 -162.959
84.397 -184.892
-109.138 -64.048
-111.91 -92.187
-159.0 12.34
-168.492 48.129
-183.597 75.017
-175.287 93.97
-144.525 219.243
-125.98 251.258
-117.676 280.956
-98.406 288.476
12.045 355.394
47.805 364.96
74.684 380.047
93.626 371.765
219.009 340.982
251.026 322.421
280.717 314.105
288.236 294.84
355.145 184.469
364.716 148.719
379.791 121.83
371.553 102.86
340.764 -22.497
322.239 -54.549
313.915 -84.234
294.628 -91.767
184.29 -158.655
148.526 -168.218
121.644 -183.337
102.694 -175.041
-22.751 -144.294
-54.811 -125.765
-84.495 -117.427
-92.052 -98.193
