-31.309 329.258
169.902 353.138
328.94 227.905
352.893 26.545
227.578 -132.536
26.418 -156.408
-132.739 -31.185
-156.652 170.075
-49.721 326.779
155.025 364.309
326.486 246.34
364.091 41.421
245.998 -130.08
41.267 -167.635
-130.198 -49.577
-167.882 155.243
-156.076 195.603
-12.804 346.887
195.431 352.627
346.571 209.423
352.351 1.019
209.033 -150.138
0.91 -155.854
-150.324 -12.697
-163.231 129.972
-185.187 112.087
-64.211 305.619
-92.354 308.386
129.755 359.531
111.952 381.549
305.386 260.452
308.145 288.626
359.468 66.769
381.36 84.737
260.457 -109.003
288.618 -111.713
66.551 -163.023
84.473 -184.929
-109.032 -64.139
-111.843 -92.274
-158.894 12.121
-168.441 47.901
-183.572 74.798
-175.324 93.743
-144.54 219.171
-125.985 251.203
-117.8 280.847
-98.537 288.582
11.989 355.456
47.746 365.006
74.529 380.214
93.537 371.931
218.971 341.022
250.991 322.453
280.617 314.465
288.409 295.173
355.142 184.642
364.695 148.872
379.791 121.823
371.38 103.0
340.775 -22.531
322.266 -54.601
313.772 -84.331
294.607 -91.777
184.271 -158.767
148.513 -168.271
121.648 -183.41
102.729 -175.057
-22.662 -144.314
-54.724 -125.834
-84.388 -117.5
-91.966 -98.288
