-30.884 329.146
170.061 352.748
328.745 227.776
352.576 26.735
227.92 -131.833
27.062 -155.956
-132.173 -30.943
-156.019 170.163
-49.283 326.678
154.992 363.695
325.641 246.169
363.084 42.084
246.268 -129.071
41.832 -167.285
-129.52 -49.329
-167.006 155.208
-155.547 195.561
-12.271 346.567
195.45 352.518
346.675 209.87
352.496 1.507
209.526 -149.297
1.456 -155.496
-149.79 -12.498
-162.599 129.587
-184.929 112.279
-62.775 305.46
-90.978 308.131
128.92 360.066
110.505 380.881
304.585 262.377
306.373 289.95
358.745 68.085
380.92 85.384
259.824 -107.615
287.755 -111.916
67.197 -162.883
85.435 -184.455
-108.355 -63.801
-111.517 -91.908
-158.283 12.332
-167.756 48.117
-182.976 74.872
-175.021 93.896
-143.808 218.995
-125.497 251.145
-117.534 280.955
-98.165 288.49
12.564 354.961
48.308 364.43
75.126 379.56
94.041 370.367
218.772 340.569
250.673 321.773
280.472 313.571
287.286 293.683
354.456 184.836
363.931 149.042
379.788 122.675
371.39 103.421
340.434 -21.812
321.784 -53.781
314.016 -83.44
295.468 -91.876
184.675 -157.707
149.03 -167.627
122.045 -182.862
103.251 -174.241
-22.132 -144.078
-54.162 -125.538
-83.853 -117.482
-91.648 -98.343
