-31.069 329.299
170.034 352.861
329.037 227.551
352.894 26.511
227.369 -132.438
26.207 -156.294
-132.763 -30.839
-156.353 170.432
-49.533 327.024
155.132 364.026
326.68 246.053
363.98 41.441
245.833 -129.716
41.128 -167.386
-130.176 -49.255
-167.549 155.551
-155.751 195.88
-12.475 346.868
195.562 352.461
346.801 209.124
352.5 1.017
209.023 -150.081
0.741 -155.725
-150.314 -12.38
-163.165 130.094
-185.035 112.181
-64.105 306.034
-92.328 307.96
129.263 360.337
111.498 382.077
305.721 260.937
308.307 289.083
360.124 67.296
381.391 85.502
260.245 -108.431
288.359 -112.022
66.498 -162.802
84.141 -184.901
-109.076 -63.957
-111.868 -92.076
-158.755 12.465
-168.239 48.251
-183.399 75.052
-175.083 94.087
-144.145 219.391
-125.695 251.445
-117.637 281.18
-97.958 288.425
12.313 355.392
48.098 364.788
75.429 379.425
93.978 371.132
219.115 340.914
251.028 322.141
280.763 313.219
288.074 294.261
355.169 184.291
364.665 148.505
379.531 121.15
370.604 102.64
340.991 -22.545
322.253 -54.457
314.047 -84.025
295.029 -92.027
184.143 -158.508
148.397 -168.135
121.465 -183.151
102.563 -175.065
-22.809 -144.147
-54.833 -125.614
-84.481 -117.257
-92.017 -98.053
