-31.215 329.313
169.892 353.067
328.949 227.642
352.832 26.482
227.477 -132.499
26.288 -156.382
-132.681 -31.063
-156.554 170.15
-49.611 326.793
155.1 364.321
326.399 246.132
364.055 41.33
245.917 -129.991
41.138 -167.604
-130.171 -49.482
-167.783 155.277
-155.973 195.682
-12.727 346.867
195.389 352.514
346.645 209.239
352.246 0.973
209.068 -150.174
0.79 -155.789
-150.328 -12.639
-163.234 130.013
-185.1 112.076
-64.192 305.632
-92.36 308.481
129.852 359.658
111.946 381.567
305.288 260.784
308.095 288.952
359.473 66.582
381.364 84.487
260.49 -108.861
288.646 -111.695
66.412 -163.014
84.346 -184.901
-109.069 -64.072
-111.889 -92.209
-158.853 12.18
-168.463 47.933
-183.572 74.815
-175.308 93.776
-144.459 219.283
-125.904 251.325
-117.585 281.034
-98.32 288.565
12.061 355.413
47.827 364.918
74.703 380.028
93.653 371.734
218.948 340.994
250.985 322.483
280.67 314.174
288.202 294.911
355.166 184.402
364.723 148.634
379.814 121.743
371.551 102.796
340.762 -22.612
322.197 -54.62
313.892 -84.297
294.633 -91.822
184.254 -158.679
148.511 -168.277
121.624 -183.349
102.658 -175.094
-22.804 -144.305
-54.825 -125.739
-84.513 -117.454
-92.04 -98.212
