-31.281 329.304
169.958 353.079
328.944 227.659
352.807 26.484
227.422 -132.538
26.319 -156.452
-132.774 -31.033
-156.664 170.127
-49.674 326.695
155.09 364.297
326.421 246.164
364.045 41.332
245.877 -130.005
41.126 -167.646
-130.188 -49.455
-167.868 155.316
-156.073 195.631
-12.763 346.881
195.455 352.513
346.66 209.288
352.274 0.995
208.973 -150.188
0.811 -155.785
-150.385 -12.541
-163.202 130.058
-185.117 112.156
-64.288 305.526
-92.445 308.32
129.813 359.756
111.866 381.608
305.323 260.79
308.144 288.958
359.482 66.59
381.36 84.516
260.495 -108.874
288.667 -111.698
66.386 -163.001
84.284 -184.885
-109.109 -64.09
-111.876 -92.199
-158.954 12.281
-168.493 48.049
-183.608 74.926
-175.297 93.869
-144.559 219.188
-126.064 251.234
-117.712 280.896
-98.467 288.46
12.03 355.427
47.773 364.966
74.631 380.076
93.562 371.827
219.04 341.025
251.065 322.484
280.755 314.18
288.266 294.918
355.169 184.454
364.742 148.687
379.821 121.785
371.554 102.82
340.798 -22.576
322.228 -54.574
313.929 -84.275
294.643 -91.789
184.139 -158.69
148.376 -168.264
121.493 -183.339
102.561 -175.098
-22.771 -144.289
-54.802 -125.751
-84.493 -117.415
-92.035 -98.186
