-31.214 329.248
169.949 353.088
329.13 227.686
352.818 26.488
227.378 -132.5
26.302 -156.408
-132.735 -31.038
-156.653 170.157
-49.672 326.743
155.118 364.299
326.58 246.073
364.024 41.344
245.88 -129.997
41.109 -167.589
-130.213 -49.497
-167.844 155.304
-156.035 195.668
-12.778 346.901
195.448 352.489
346.723 209.211
352.275 0.996
208.977 -150.224
0.815 -155.793
-150.395 -12.58
-163.271 130.052
-185.146 112.147
-64.262 305.611
-92.44 308.381
129.808 359.829
111.846 381.641
305.406 260.643
308.257 288.815
359.554 66.684
381.424 84.585
260.53 -108.888
288.709 -111.7
66.361 -162.969
84.257 -184.874
-109.047 -64.074
-111.902 -92.252
-158.917 12.249
-168.49 48.013
-183.587 74.912
-175.325 93.849
-144.548 219.276
-126.012 251.319
-117.657 281.035
-98.354 288.486
12.056 355.414
47.807 365.047
74.799 380.078
93.67 371.713
219.044 341.018
251.091 322.454
280.825 314.158
288.367 294.83
355.217 184.382
364.77 148.63
379.764 121.682
371.48 102.792
340.783 -22.583
322.216 -54.584
314.012 -84.264
294.711 -91.834
184.156 -158.747
148.378 -168.268
121.497 -183.341
102.543 -175.072
-22.753 -144.308
-54.773 -125.766
-84.468 -117.47
-91.999 -98.213
