-31.81 328.769
169.341 353.228
328.651 228.002
352.694 27.332
228.277 -131.861
26.916 -156.152
-132.297 -31.323
-156.433 169.722
-50.217 326.083
154.341 364.233
325.461 246.345
363.539 42.399
246.789 -129.805
41.953 -167.12
-129.766 -49.716
-167.545 154.773
-156.0 195.22
-13.408 346.326
194.762 352.864
346.448 209.981
352.227 2.024
209.585 -149.499
1.453 -155.789
-149.836 -12.83
-163.3 129.165
-184.821 110.984
-63.329 304.764
-91.292 308.47
129.359 358.925
111.428 380.863
304.033 261.056
307.192 289.125
358.052 67.366
380.88 84.114
260.437 -108.856
288.698 -111.251
67.458 -162.597
84.812 -184.898
-108.606 -64.28
-111.288 -92.428
-158.417 11.937
-168.175 47.615
-183.588 74.194
-174.979 93.333
-144.518 218.822
-126.108 250.924
-118.025 280.699
-99.189 288.579
11.405 354.874
47.069 364.799
73.537 380.465
92.754 371.988
218.223 341.107
250.39 322.788
280.168 315.209
287.758 295.604
354.651 185.017
364.287 149.248
380.16 123.103
372.582 103.661
340.795 -21.613
322.442 -53.724
313.845 -83.329
294.939 -91.067
184.864 -158.246
149.108 -167.825
122.073 -182.839
103.313 -174.899
-22.179 -144.355
-54.284 -125.941
-84.022 -117.643
-91.454 -98.305
