54.548 174.676
119.827 183.162
172.396 144.329
183.709 79.808
146.412 24.406
78.828 11.272
21.243 53.233
13.052 122.191
33.014 176.935
106.036 199.835
174.262 165.868
200.059 93.935
167.98 23.392
93.759 -4.26
20.366 31.674
-3.568 108.315
-6.503 139.263
53.568 200.648
137.263 202.469
198.349 146.138
203.759 63.239
150.105 -1.311
64.545 -10.402
-4.378 49.028
-23.976 89.152
-25.666 109.01
5.047 178.201
18.116 193.251
86.911 220.23
106.751 222.101
174.853 193.787
190.462 181.394
220.024 113.46
222.501 93.683
195.922 23.514
183.863 7.647
113.795 -23.761
93.945 -26.691
20.574 3.736
4.653 15.73
-28.496 54.501
-40.329 79.803
-49.459 97.01
-43.212 114.593
-21.529 159.765
-13.712 184.093
-7.229 202.081
9.885 209.718
55.902 226.318
76.691 238.571
94.514 246.801
112.168 239.696
156.641 219.603
180.011 214.532
199.011 207.95
206.553 190.338
224.166 144.766
237.669 124.594
247.006 106.677
240.255 88.812
220.566 43.762
215.375 19.208
210.011 0.223
193.143 -8.252
146.754 -26.371
123.66 -39.692
107.529 -49.332
89.586 -44.578
43.931 -23.736
16.725 -14.767
-2.327 -10.078
-11.205 6.377
