23.718 217.891
128.263 235.349
214.784 176.2
236.709 73.704
181.089 -16.797
74.419 -42.553
-20.882 18.851
-40.516 129.864
2.823 216.334
112.245 248.976
212.751 197.121
249.7 90.269
201.89 -13.519
91.851 -54.301
-17.234 -1.601
-53.426 113.676
-53.476 152.373
30.251 243.056
150.472 248.903
240.174 170.574
251.455 52.294
177.524 -42.529
53.841 -58.469
-46.337 24.292
-65.64 88.274
-72.27 107.069
-24.357 208.869
-14.491 226.21
87.819 263.041
107.097 268.227
205.084 224.243
222.597 214.448
263.008 115.114
268.821 95.886
228.625 -4.596
219.594 -22.683
117.436 -66.106
97.901 -74.139
-6.881 -27.812
-26.496 -20.251
-66.636 38.805
-80.864 70.42
-96.408 88.858
-90.656 108.048
-58.746 176.916
-46.669 208.528
-43.574 231.934
-25.812 240.729
42.557 265.308
72.017 279.545
90.89 293.138
109.54 286.562
174.741 257.001
205.467 247.346
228.36 243.712
237.103 225.942
263.241 159.612
278.804 131.27
292.95 113.041
287.217 94.142
259.55 28.3
250.343 -3.417
248.63 -26.159
231.864 -36.428
165.362 -64.173
135.098 -79.955
118.666 -95.68
98.999 -92.518
29.737 -63.22
-3.288 -51.7
-27.151 -51.133
-38.41 -34.287
