-31.267 329.251
169.923 353.1
329.002 227.685
352.903 26.576
227.437 -132.542
26.269 -156.391
-132.794 -30.979
-156.629 170.141
-49.688 326.707
155.069 364.325
326.472 246.137
364.106 41.418
245.893 -130.022
41.103 -167.607
-130.261 -49.429
-167.844 155.297
-156.028 195.659
-12.819 346.868
195.43 352.52
346.665 209.257
352.289 1.053
209.036 -150.223
0.75 -155.787
-150.438 -12.525
-163.255 130.05
-185.114 112.129
-64.267 305.561
-92.436 308.401
129.793 359.7
111.871 381.608
305.329 260.749
308.148 288.917
359.519 66.666
381.373 84.573
260.488 -108.891
288.65 -111.709
66.381 -162.99
84.316 -184.888
-109.116 -64.029
-111.943 -92.204
-158.95 12.299
-168.503 48.056
-183.575 74.936
-175.31 93.862
-144.543 219.252
-125.99 251.279
-117.682 280.987
-98.402 288.505
11.986 355.413
47.758 364.943
74.635 380.07
93.58 371.758
219.003 341.055
251.01 322.484
280.715 314.176
288.243 294.907
355.182 184.434
364.757 148.677
379.838 121.796
371.595 102.862
340.782 -22.545
322.226 -54.583
313.897 -84.287
294.626 -91.822
184.215 -158.72
148.472 -168.291
121.588 -183.356
102.631 -175.084
-22.816 -144.29
-54.82 -125.738
-84.512 -117.438
-92.031 -98.161
