-31.217 329.24
169.898 353.184
328.959 227.709
352.795 26.657
227.48 -132.468
26.263 -156.364
-132.785 -30.988
-156.589 170.179
-49.662 326.736
155.106 364.456
326.386 246.144
364.165 41.459
245.931 -129.972
41.113 -167.606
-130.209 -49.424
-167.796 155.317
-156.01 195.694
-12.751 346.895
195.422 352.526
346.603 209.321
352.313 1.086
209.018 -150.124
0.739 -155.834
-150.386 -12.525
-163.219 130.044
-185.129 112.158
-64.237 305.621
-92.398 308.438
129.923 359.638
112.001 381.594
305.334 260.926
308.124 289.026
359.426 66.539
381.34 84.494
260.477 -108.908
288.632 -111.701
66.408 -162.983
84.313 -184.928
-109.096 -64.056
-111.912 -92.194
-158.949 12.258
-168.451 48.0
-183.554 74.859
-175.333 93.805
-144.511 219.284
-125.911 251.28
-117.556 280.967
-98.338 288.503
12.065 355.405
47.835 364.903
74.624 380.048
93.616 371.866
218.985 340.975
251.045 322.456
280.744 313.992
288.221 294.798
355.112 184.51
364.652 148.751
379.934 122.027
371.732 102.955
340.803 -22.501
322.269 -54.552
313.928 -84.238
294.733 -91.817
184.254 -158.757
148.482 -168.264
121.573 -183.362
102.645 -175.064
-22.805 -144.286
-54.841 -125.783
-84.505 -117.437
-92.06 -98.208
