91.07 115.351
105.16 115.351
115.124 105.388
115.124 91.297
105.16 81.332
91.07 81.332
81.106 91.296
81.106 105.388
74.06 122.397
98.115 132.361
122.17 122.397
132.134 98.342
122.17 74.287
98.115 64.323
74.06 74.287
64.097 98.342
57.051 115.351
81.106 139.406
115.125 139.406
139.179 115.352
139.179 81.333
115.124 57.277
81.106 57.277
57.051 81.333
40.042 88.378
40.042 108.306
50.006 132.361
64.097 146.451
88.151 156.415
108.079 156.415
132.134 146.451
146.225 132.361
156.188 108.306
156.188 88.378
146.225 64.323
132.134 50.232
108.079 40.269
88.151 40.269
64.097 50.232
50.006 64.323
32.996 71.368
23.032 81.332
15.987 98.342
23.032 115.351
32.996 125.315
32.996 139.406
40.042 156.415
57.051 163.46
71.142 163.46
81.106 173.424
98.115 180.47
115.124 173.424
125.088 163.46
139.179 163.46
156.188 156.415
163.234 139.406
163.234 125.315
173.197 115.351
180.243 98.342
173.197 81.332
163.234 71.368
163.234 57.277
156.189 40.269
139.179 33.223
125.088 33.223
115.124 23.259
98.115 16.214
81.106 23.259
71.142 33.223
57.051 33.223
40.042 40.269
32.996 57.277
