-31.241 329.198
169.976 353.057
328.989 227.667
352.848 26.59
227.468 -132.603
26.348 -156.412
-132.799 -31.092
-156.613 170.195
-49.705 326.677
155.105 364.311
326.444 246.125
364.089 41.418
245.881 -130.033
41.199 -167.612
-130.234 -49.471
-167.838 155.329
-156.02 195.717
-12.846 346.905
195.49 352.504
346.654 209.248
352.255 1.073
208.994 -150.208
0.838 -155.79
-150.403 -12.616
-163.261 130.055
-185.122 112.079
-64.291 305.556
-92.45 308.45
129.879 359.706
111.961 381.62
305.334 260.847
308.162 288.999
359.461 66.574
381.322 84.491
260.47 -108.872
288.64 -111.681
66.465 -163.041
84.363 -184.895
-109.09 -64.042
-111.919 -92.192
-158.913 12.199
-168.516 47.939
-183.597 74.816
-175.321 93.781
-144.539 219.323
-125.966 251.33
-117.691 281.017
-98.446 288.557
11.979 355.432
47.751 364.972
74.628 380.048
93.588 371.845
219.084 341.025
251.112 322.486
280.834 314.077
288.241 294.817
355.155 184.417
364.71 148.664
379.847 121.857
371.643 102.86
340.805 -22.544
322.249 -54.575
313.87 -84.275
294.629 -91.767
184.182 -158.712
148.449 -168.284
121.554 -183.356
102.65 -175.104
-22.751 -144.291
-54.793 -125.754
-84.5 -117.425
-92.034 -98.165
