-31.271 329.301
169.97 352.994
328.994 227.678
352.888 26.582
227.622 -132.52
26.25 -156.445
-132.836 -30.954
-156.612 170.146
-49.665 326.774
155.118 364.315
326.43 246.148
364.123 41.414
246.005 -130.001
41.094 -167.657
-130.278 -49.366
-167.848 155.33
-156.038 195.653
-12.76 346.854
195.468 352.533
346.665 209.261
352.303 1.06
209.12 -150.083
0.706 -155.807
-150.43 -12.485
-163.233 130.077
-185.138 112.168
-64.252 305.628
-92.385 308.384
129.805 359.748
111.853 381.648
305.336 260.721
308.157 288.859
359.528 66.742
381.448 84.642
260.556 -108.862
288.686 -111.652
66.391 -163.014
84.344 -184.921
-109.2 -63.994
-111.971 -92.11
-158.986 12.317
-168.501 48.082
-183.619 74.949
-175.306 93.892
-144.517 219.227
-126.008 251.293
-117.644 280.982
-98.396 288.533
12.046 355.372
47.8 364.934
74.679 380.083
93.617 371.751
219.016 341.002
251.016 322.456
280.668 314.209
288.294 294.959
355.234 184.45
364.766 148.681
379.871 121.763
371.518 102.861
340.751 -22.512
322.235 -54.567
313.932 -84.239
294.709 -91.822
184.328 -158.68
148.546 -168.214
121.628 -183.351
102.66 -175.047
-22.874 -144.282
-54.896 -125.724
-84.56 -117.344
-92.107 -98.122
