-31.216 329.211
169.933 353.111
329.029 227.775
352.893 26.508
227.522 -132.589
26.231 -156.384
-132.736 -31.092
-156.665 170.093
-49.683 326.683
155.119 364.336
326.437 246.157
364.099 41.294
245.928 -129.986
41.066 -167.616
-130.214 -49.498
-167.851 155.236
-156.062 195.598
-12.797 346.898
195.449 352.532
346.607 209.249
352.253 1.013
209.017 -150.177
0.711 -155.79
-150.378 -12.662
-163.267 129.979
-185.131 112.05
-64.289 305.544
-92.452 308.376
129.853 359.675
111.942 381.591
305.314 260.766
308.114 288.894
359.454 66.546
381.364 84.453
260.552 -108.878
288.678 -111.661
66.345 -162.985
84.269 -184.9
-109.065 -64.05
-111.912 -92.197
-158.898 12.147
-168.489 47.891
-183.6 74.78
-175.336 93.751
-144.58 219.203
-126.034 251.238
-117.715 280.938
-98.442 288.485
12.033 355.406
47.796 364.967
74.674 380.057
93.632 371.768
219.017 340.985
251.076 322.472
280.737 314.124
288.269 294.889
355.174 184.422
364.692 148.623
379.815 121.717
371.524 102.752
340.73 -22.535
322.225 -54.576
313.881 -84.245
294.669 -91.8
184.202 -158.742
148.429 -168.261
121.547 -183.38
102.58 -175.078
-22.853 -144.284
-54.85 -125.722
-84.521 -117.405
-92.025 -98.153
