-31.028 329.101
169.745 352.934
328.659 227.998
352.943 26.952
227.349 -132.323
26.57 -156.285
-132.652 -30.913
-156.302 170.266
-49.45 326.549
155.037 364.348
326.63 246.468
364.603 41.383
245.746 -129.323
41.255 -167.668
-130.114 -49.315
-167.49 155.431
-155.756 195.779
-12.58 346.786
195.309 352.258
346.088 209.17
352.119 1.279
209.187 -150.059
0.95 -155.583
-150.249 -12.415
-162.809 130.116
-185.066 112.624
-65.201 305.677
-93.114 308.11
130.35 359.178
112.829 381.458
305.593 259.645
308.633 287.741
359.843 66.142
381.259 84.675
261.021 -108.036
289.035 -110.883
66.411 -163.029
84.663 -184.599
-109.038 -63.859
-111.731 -91.985
-158.822 12.391
-168.231 48.2
-183.088 75.286
-175.115 94.046
-144.161 219.288
-125.506 251.238
-116.877 280.899
-97.636 288.247
12.179 355.429
47.969 364.774
74.915 379.67
93.738 371.993
218.973 340.922
250.942 322.303
280.441 313.86
288.571 295.115
354.948 184.468
364.454 148.712
379.057 121.416
370.814 102.799
340.706 -22.268
322.12 -54.265
314.114 -84.049
294.518 -91.316
184.287 -158.42
148.567 -168.144
121.535 -183.145
102.729 -174.643
-22.687 -144.179
-54.69 -125.571
-84.354 -117.212
-91.883 -97.992
