-31.274 329.25
169.945 353.056
328.969 227.627
352.822 26.539
227.463 -132.543
26.333 -156.415
-132.792 -31.076
-156.611 170.181
-49.685 326.717
155.069 364.286
326.441 246.101
364.065 41.397
245.907 -130.001
41.176 -167.622
-130.203 -49.485
-167.815 155.317
-155.999 195.693
-12.829 346.879
195.434 352.51
346.671 209.242
352.302 1.046
209.029 -150.205
0.828 -155.819
-150.386 -12.593
-163.256 130.036
-185.116 112.118
-64.26 305.56
-92.417 308.404
129.806 359.749
111.875 381.615
305.333 260.718
308.137 288.882
359.534 66.64
381.387 84.554
260.513 -108.861
288.676 -111.69
66.439 -163.038
84.358 -184.902
-109.08 -64.102
-111.872 -92.258
-158.929 12.233
-168.489 48.008
-183.595 74.896
-175.343 93.83
-144.502 219.283
-125.954 251.309
-117.642 280.998
-98.383 288.521
11.982 355.387
47.723 364.959
74.601 380.061
93.561 371.806
219.019 341.012
251.036 322.456
280.722 314.138
288.25 294.872
355.193 184.415
364.766 148.663
379.843 121.784
371.587 102.836
340.809 -22.545
322.241 -54.57
313.919 -84.269
294.648 -91.788
184.207 -158.724
148.446 -168.297
121.564 -183.368
102.634 -175.122
-22.755 -144.324
-54.785 -125.772
-84.479 -117.495
-92.007 -98.246
