-31.254 329.229
169.88 353.024
328.993 227.702
352.836 26.541
227.448 -132.564
26.301 -156.394
-132.799 -31.063
-156.601 170.228
-49.672 326.716
155.013 364.26
326.451 246.16
364.092 41.379
245.883 -129.997
41.13 -167.641
-130.278 -49.464
-167.813 155.381
-155.983 195.741
-12.826 346.869
195.386 352.5
346.673 209.295
352.282 0.999
208.982 -150.198
0.774 -155.839
-150.394 -12.552
-163.261 130.101
-185.112 112.168
-64.222 305.56
-92.374 308.422
129.766 359.719
111.824 381.577
305.315 260.769
308.146 288.94
359.455 66.66
381.377 84.589
260.514 -108.879
288.658 -111.688
66.399 -163.002
84.299 -184.921
-109.103 -64.052
-111.919 -92.189
-158.928 12.288
-168.492 48.064
-183.586 74.957
-175.327 93.887
-144.477 219.321
-125.925 251.346
-117.584 281.021
-98.336 288.541
11.981 355.381
47.727 364.959
74.604 380.054
93.545 371.776
218.989 341.026
251.024 322.473
280.725 314.177
288.255 294.912
355.175 184.463
364.774 148.707
379.844 121.825
371.568 102.888
340.744 -22.572
322.222 -54.612
313.882 -84.277
294.648 -91.819
184.174 -158.769
148.403 -168.266
121.537 -183.402
102.589 -175.08
-22.786 -144.295
-54.834 -125.786
-84.495 -117.423
-92.042 -98.196
