32.51 205.491
125.667 220.542
202.761 167.146
221.529 75.235
170.616 -5.1
75.258 -26.646
-8.657 29.174
-25.075 127.835
11.206 204.807
109.931 234.986
201.549 188.487
235.522 91.451
191.982 -2.963
92.278 -39.779
-6.274 7.942
-39.057 111.902
-39.994 149.034
37.24 231.014
146.877 235.583
228.47 163.363
237.785 54.975
169.263 -31.012
56.573 -44.674
-34.532 31.604
-54.109 88.062
-58.508 107.514
-16.584 200.078
-4.991 216.43
86.868 251.202
106.58 254.635
196.223 216.165
212.749 205.029
250.986 115.015
255.212 95.537
219.457 3.308
209.127 -13.855
116.453 -54.261
96.714 -60.232
1.004 -19.282
-17.207 -9.86
-56.143 43.545
-69.363 73.925
-82.692 92.142
-76.653 110.631
-48.202 172.726
-36.751 202.398
-32.282 223.893
-14.859 232.061
46.696 254.696
73.912 268.055
92.459 279.434
110.599 272.649
170.082 246.526
198.595 237.787
219.85 232.839
228.095 215.199
252.7 155.074
267.311 128.824
279.401 110.71
273.329 92.266
248.505 31.958
239.936 2.248
236.797 -18.94
220.145 -28.604
159.522 -53.848
130.772 -68.666
114.516 -82.175
95.549 -78.606
33.384 -51.965
1.758 -40.584
-20.457 -38.7
-30.924 -22.139
