90.108 117.549
105.856 117.697
117.17 106.565
117.436 90.812
106.495 79.37
90.727 78.882
78.995 90.04
78.844 106.267
72.897 124.513
98.608 134.751
124.104 123.764
134.462 98.045
123.635 72.422
97.948 61.88
72.048 72.909
61.752 98.997
54.932 116.429
80.354 141.665
116.055 141.599
141.302 116.268
141.411 80.578
116.26 55.209
80.565 54.911
54.883 80.316
37.748 88.662
37.627 108.634
48.639 134.276
62.639 148.474
88.431 158.771
108.388 158.824
133.968 147.999
148.041 133.828
158.523 108.208
158.536 88.245
147.814 62.68
133.816 48.482
108.149 37.828
88.19 37.778
62.273 48.662
48.109 62.775
30.66 70.905
20.504 81.282
13.463 98.523
20.589 115.581
31.095 126.787
31.27 141.257
38.364 158.404
55.473 165.423
70.665 165.803
80.941 175.856
98.152 182.939
115.337 175.857
126.284 165.504
140.659 165.335
157.787 158.25
164.983 140.974
165.422 125.894
175.498 115.643
182.616 98.472
175.565 81.299
165.282 70.304
165.175 55.871
158.067 38.662
140.995 31.542
125.897 31.033
115.607 20.846
98.403 13.637
81.287 20.729
70.152 31.099
55.583 31.212
38.212 38.398
31.188 55.575
