-31.155 329.278
169.992 353.007
329.077 227.664
352.767 26.426
227.382 -132.638
26.362 -156.445
-132.868 -31.049
-156.624 170.214
-49.564 326.622
155.154 364.233
326.489 246.073
363.975 41.344
245.804 -129.985
41.139 -167.674
-130.266 -49.43
-167.833 155.425
-155.98 195.705
-12.701 346.893
195.516 352.428
346.698 209.202
352.271 0.938
208.988 -150.249
0.854 -155.826
-150.417 -12.525
-163.192 130.164
-185.086 112.221
-64.236 305.48
-92.371 308.299
129.725 359.919
111.801 381.734
305.285 260.779
308.19 288.909
359.577 66.809
381.462 84.695
260.561 -108.865
288.671 -111.66
66.364 -163.011
84.28 -184.915
-109.14 -64.052
-111.919 -92.179
-158.965 12.293
-168.498 48.081
-183.623 74.972
-175.261 93.951
-144.496 219.29
-125.996 251.337
-117.666 281.038
-98.372 288.475
12.131 355.459
47.888 365.039
74.978 379.95
93.72 371.588
219.132 340.992
251.173 322.456
280.909 313.986
288.263 294.71
355.295 184.415
364.787 148.656
379.764 121.692
371.409 102.805
340.702 -22.628
322.204 -54.676
313.877 -84.308
294.592 -91.86
184.149 -158.724
148.383 -168.259
121.542 -183.405
102.558 -175.099
-22.737 -144.323
-54.797 -125.8
-84.476 -117.451
-92.055 -98.208
