-31.323 329.231
169.924 353.064
329.071 227.705
352.921 26.599
227.491 -132.535
26.289 -156.441
-132.772 -31.02
-156.661 170.179
-49.743 326.706
155.067 364.278
326.533 246.082
364.095 41.408
245.92 -130.001
41.077 -167.681
-130.251 -49.496
-167.845 155.319
-156.028 195.693
-12.864 346.878
195.457 352.495
346.655 209.227
352.289 1.112
209.064 -150.197
0.767 -155.789
-150.444 -12.591
-163.243 130.025
-185.142 112.096
-64.288 305.559
-92.421 308.398
129.795 359.7
111.883 381.582
305.419 260.63
308.287 288.778
359.46 66.666
381.359 84.582
260.493 -108.867
288.655 -111.685
66.356 -163.038
84.293 -184.908
-109.099 -64.09
-111.935 -92.26
-158.951 12.217
-168.516 47.957
-183.619 74.829
-175.336 93.788
-144.539 219.287
-125.985 251.304
-117.666 280.985
-98.409 288.53
11.981 355.388
47.759 364.969
74.653 380.038
93.6 371.776
219.069 340.97
251.132 322.394
280.861 314.056
288.381 294.767
355.207 184.416
364.728 148.652
379.834 121.78
371.514 102.847
340.795 -22.506
322.228 -54.55
313.914 -84.26
294.637 -91.784
184.237 -158.702
148.485 -168.287
121.585 -183.356
102.616 -175.106
-22.804 -144.281
-54.834 -125.762
-84.526 -117.475
-92.038 -98.208
