-31.217 329.258
169.972 353.085
328.984 227.649
352.862 26.542
227.46 -132.49
26.358 -156.425
-132.733 -31.01
-156.608 170.11
-49.674 326.723
155.124 364.283
326.506 246.126
364.041 41.416
245.898 -129.916
41.191 -167.628
-130.209 -49.442
-167.843 155.256
-156.03 195.629
-12.756 346.893
195.459 352.509
346.67 209.228
352.327 1.073
209.047 -150.125
0.856 -155.81
-150.388 -12.606
-163.268 129.997
-185.137 112.06
-64.289 305.592
-92.45 308.393
129.871 359.758
111.988 381.622
305.388 260.63
308.224 288.795
359.503 66.707
381.36 84.62
260.571 -108.844
288.714 -111.622
66.441 -163.025
84.369 -184.905
-109.092 -64.031
-111.906 -92.192
-158.895 12.192
-168.495 47.927
-183.569 74.812
-175.334 93.759
-144.531 219.239
-125.974 251.288
-117.663 281.006
-98.375 288.509
12.085 355.408
47.866 364.954
74.722 380.086
93.698 371.839
219.037 340.996
251.044 322.411
280.7 314.123
288.328 294.895
355.191 184.429
364.757 148.694
379.838 121.788
371.523 102.862
340.786 -22.487
322.269 -54.527
313.986 -84.202
294.711 -91.781
184.24 -158.706
148.466 -168.225
121.6 -183.366
102.656 -175.057
-22.739 -144.332
-54.762 -125.769
-84.469 -117.451
-92.015 -98.167
