-17.528 286.5
144.968 313.995
280.88 222.511
316.842 61.766
228.105 -82.099
56.449 -119.496
-89.796 -18.498
-116.714 151.473
-36.242 283.919
129.51 324.265
276.481 240.491
326.142 77.912
246.423 -77.357
72.239 -130.845
-88.641 -38.185
-129.436 136.822
-118.655 176.903
-1.066 306.188
170.531 316.997
301.589 207.241
321.373 36.519
213.681 -103.068
31.412 -123.467
-109.656 -2.559
-126.418 112.336
-148.54 113.204
-52.625 263.62
-63.211 281.429
102.748 321.515
109.794 340.736
255.229 257.413
274.085 265.882
322.665 104.861
343.1 98.375
263.073 -56.08
276.783 -75.295
98.466 -128.879
99.805 -154.888
-69.785 -54.318
-84.974 -75.123
-123.49 19.51
-141.211 51.735
-161.337 75.472
-155.951 95.058
-112.166 202.13
-101.464 237.344
-100.24 267.98
-81.999 278.582
21.309 319.48
53.63 337.147
75.212 358.903
95.883 353.455
195.848 311.101
231.447 301.636
262.09 303.048
273.311 284.751
315.935 185.566
335.528 154.38
358.975 134.416
354.742 113.451
316.815 10.906
309.745 -25.237
312.129 -56.285
295.04 -68.319
192.47 -118.185
162.044 -138.937
140.202 -161.603
120.382 -157.374
5.799 -118.749
-29.991 -110.323
-61.021 -109.468
-71.695 -91.713
