88.645 119.955
106.452 120.349
119.472 108.262
120.213 90.565
108.401 77.263
90.361 76.112
76.674 88.485
76.2 106.967
71.167 126.781
98.942 137.552
126.29 125.675
137.35 98.043
125.802 70.461
97.844 59.055
69.856 71.125
59.022 99.456
52.4 117.439
79.253 144.226
116.991 144.133
143.736 117.626
144.096 80.055
117.948 53.004
80.104 52.204
52.503 78.89
35.1 88.925
34.89 108.873
46.725 136.265
60.758 150.59
88.331 161.504
108.283 161.699
135.703 150.096
149.994 136.086
161.266 108.643
161.498 88.696
150.195 61.023
136.234 46.72
108.419 35.123
88.469 34.872
60.361 46.746
46.087 60.764
28.017 70.13
17.602 81.202
10.476 98.612
17.764 115.691
28.79 128.345
29.13 143.334
36.298 160.628
53.491 167.562
70.055 168.564
80.752 178.916
98.056 186.097
115.167 178.823
127.631 167.872
142.454 167.648
159.773 160.53
166.909 143.372
168.038 126.867
178.4 116.244
185.718 98.992
178.582 81.857
167.797 69.343
167.636 54.339
160.674 36.88
143.523 29.813
127.079 28.61
116.263 17.973
98.832 10.557
81.691 17.763
69.094 28.642
53.741 28.927
36.119 36.138
29.195 53.448
