82.973 129.654
109.04 131.287
128.753 114.393
131.281 88.665
115.06 68.059
88.424 64.798
67.053 82.148
65.163 109.786
64.431 135.776
100.334 148.739
134.925 132.853
148.639 97.358
133.468 62.077
97.263 47.68
61.088 63.81
47.802 101.119
41.831 121.334
74.849 154.385
120.806 154.506
153.471 122.596
154.642 77.165
123.778 43.527
77.692 41.08
42.619 73.164
24.088 89.109
23.662 109.035
39.075 144.019
52.951 158.596
88.156 172.36
108.125 172.991
142.978 158.141
157.562 144.535
172.228 109.511
172.897 89.583
158.769 54.037
145.164 39.468
109.495 24.138
89.577 23.388
52.843 38.547
38.421 52.304
17.346 67.309
6.229 81.15
-0.847 98.553
6.503 115.707
19.26 134.253
20.519 150.956
27.873 168.385
45.308 175.347
67.451 179.336
79.68 190.333
97.325 197.679
114.579 190.242
133.026 177.487
149.471 176.832
167.351 169.649
174.303 152.195
178.345 130.251
189.71 118.102
197.502 100.375
190.14 83.129
177.569 64.838
177.004 47.897
170.118 29.776
152.79 22.714
130.871 18.503
118.046 6.847
100.458 -1.048
83.183 6.125
64.081 19.0
46.168 20.739
28.726 27.71
21.583 44.86
