-31.224 329.22
169.939 353.135
328.99 227.85
352.872 26.522
227.433 -132.633
26.278 -156.359
-132.803 -30.994
-156.695 170.002
-49.7 326.698
155.148 364.326
326.47 246.227
364.099 41.355
245.847 -130.053
41.101 -167.606
-130.229 -49.397
-167.926 155.209
-156.06 195.507
-12.753 346.887
195.441 352.47
346.561 209.366
352.258 0.981
208.923 -150.227
0.762 -155.789
-150.399 -12.515
-163.249 129.943
-185.119 112.027
-64.302 305.535
-92.503 308.353
129.897 359.682
111.997 381.59
305.333 260.778
308.148 288.887
359.437 66.66
381.368 84.61
260.464 -108.907
288.606 -111.715
66.353 -162.997
84.259 -184.912
-109.133 -64.009
-111.925 -92.139
-158.969 12.286
-168.471 48.032
-183.601 74.869
-175.288 93.774
-144.59 219.098
-126.07 251.161
-117.76 280.89
-98.473 288.433
12.09 355.402
47.859 364.96
74.758 380.042
93.71 371.759
219.043 340.97
251.073 322.393
280.763 314.078
288.282 294.849
355.132 184.574
364.67 148.801
379.82 121.916
371.518 102.94
340.714 -22.583
322.205 -54.633
313.851 -84.3
294.62 -91.853
184.104 -158.773
148.329 -168.27
121.461 -183.394
102.53 -175.071
-22.811 -144.251
-54.863 -125.732
-84.528 -117.371
-92.073 -98.137
