-31.27 329.239
169.944 353.098
329.041 227.659
352.809 26.495
227.549 -132.592
26.305 -156.447
-132.83 -31.046
-156.606 170.092
-49.711 326.673
155.108 364.349
326.468 246.089
364.102 41.332
245.92 -129.995
41.126 -167.664
-130.303 -49.442
-167.866 155.257
-156.062 195.63
-12.828 346.873
195.473 352.542
346.662 209.218
352.281 0.993
209.036 -150.166
0.754 -155.82
-150.41 -12.551
-163.237 129.999
-185.14 112.077
-64.334 305.568
-92.495 308.344
129.84 359.719
111.92 381.623
305.374 260.727
308.163 288.866
359.479 66.598
381.424 84.506
260.517 -108.881
288.638 -111.688
66.415 -162.993
84.336 -184.903
-109.123 -64.014
-111.932 -92.142
-158.987 12.234
-168.491 47.993
-183.613 74.857
-175.303 93.795
-144.533 219.195
-126.055 251.251
-117.726 280.922
-98.486 288.476
11.986 355.439
47.776 364.962
74.668 380.09
93.627 371.786
219.033 340.996
251.08 322.484
280.745 314.11
288.305 294.87
355.204 184.41
364.746 148.642
379.874 121.761
371.572 102.805
340.754 -22.563
322.218 -54.588
313.89 -84.274
294.632 -91.817
184.227 -158.736
148.452 -168.257
121.561 -183.363
102.623 -175.063
-22.826 -144.278
-54.868 -125.739
-84.535 -117.378
-92.069 -98.139
