-31.229 329.231
169.943 353.08
328.974 227.668
352.88 26.514
227.463 -132.563
26.455 -156.456
-132.818 -30.953
-156.607 170.242
-49.678 326.688
155.101 364.29
326.391 246.138
364.086 41.329
245.843 -129.999
41.269 -167.683
-130.29 -49.399
-167.835 155.399
-156.016 195.732
-12.757 346.892
195.43 352.496
346.61 209.242
352.235 1.004
209.033 -150.141
0.923 -155.794
-150.463 -12.488
-163.29 130.152
-185.137 112.223
-64.271 305.546
-92.423 308.384
129.845 359.709
111.925 381.597
305.313 260.805
308.085 288.958
359.456 66.605
381.349 84.521
260.461 -108.909
288.59 -111.697
66.553 -163.021
84.487 -184.907
-109.136 -64.006
-111.937 -92.198
-158.976 12.339
-168.515 48.094
-183.581 74.978
-175.343 93.92
-144.523 219.305
-125.962 251.302
-117.654 280.982
-98.393 288.499
12.083 355.405
47.831 364.989
74.705 380.064
93.643 371.79
219.007 341.036
250.993 322.494
280.663 314.204
288.199 294.958
355.173 184.427
364.705 148.655
379.812 121.772
371.534 102.821
340.694 -22.561
322.162 -54.599
313.82 -84.278
294.597 -91.836
184.264 -158.672
148.564 -168.242
121.721 -183.326
102.784 -175.084
-22.699 -144.315
-54.764 -125.769
-84.493 -117.455
-92.023 -98.167
