48.253 183.774
121.705 193.982
181.272 150.759
194.61 78.263
153.204 15.664
77.493 0.336
12.47 46.474
2.084 124.117
26.576 185.132
107.19 210.137
182.255 172.452
210.414 93.152
174.912 15.601
93.195 -14.63
12.537 24.767
-13.916 109.429
-16.315 142.393
48.964 209.735
140.304 212.158
207.277 150.994
213.675 60.592
155.548 -10.191
62.031 -20.495
-13.369 44.02
-32.996 88.794
-35.317 108.627
-1.536 184.733
11.308 199.97
86.845 229.497
106.655 231.653
181.201 200.49
197.031 188.387
229.246 113.948
232.138 94.229
202.91 17.473
191.252 1.301
114.53 -32.87
94.698 -36.482
14.738 -3.197
-1.69 8.197
-36.881 51.349
-49.018 78.328
-59.167 95.794
-53.041 113.607
-29.452 163.976
-20.331 189.846
-14.269 208.535
2.841 216.317
53.408 235.033
76.132 247.471
94.065 256.298
111.818 249.324
160.95 227.639
185.786 221.438
205.21 215.201
212.959 197.618
232.839 147.618
246.615 125.649
256.517 107.736
249.99 89.732
228.822 39.929
222.522 13.857
217.679 -5.534
200.938 -14.356
150.262 -34.73
125.296 -48.378
109.189 -58.897
91.029 -54.522
40.609 -32.104
11.985 -22.183
-7.843 -18.219
-17.139 -1.817
