-31.166 329.231
169.904 353.157
328.973 227.688
352.925 26.561
227.56 -132.49
26.385 -156.489
-132.794 -30.99
-156.659 170.187
-49.633 326.713
155.085 364.321
326.459 246.171
364.101 41.362
246.012 -129.923
41.212 -167.655
-130.261 -49.443
-167.858 155.337
-156.024 195.709
-12.762 346.913
195.373 352.566
346.645 209.216
352.312 1.085
209.117 -150.15
0.874 -155.845
-150.463 -12.554
-163.268 130.052
-185.139 112.141
-64.264 305.595
-92.43 308.45
129.869 359.692
111.985 381.611
305.337 260.753
308.151 288.956
359.431 66.577
381.313 84.485
260.623 -108.734
288.795 -111.581
66.475 -163.038
84.389 -184.912
-109.127 -64.054
-111.938 -92.237
-158.97 12.272
-168.535 48.022
-183.593 74.912
-175.357 93.847
-144.507 219.3
-125.946 251.325
-117.66 281.016
-98.396 288.546
12.06 355.426
47.82 364.949
74.628 380.066
93.619 371.886
218.961 341.075
250.982 322.518
280.669 314.204
288.208 294.955
355.179 184.384
364.767 148.627
379.857 121.766
371.59 102.801
340.79 -22.474
322.285 -54.514
313.967 -84.179
294.712 -91.688
184.274 -158.674
148.504 -168.239
121.652 -183.377
102.681 -175.119
-22.726 -144.363
-54.766 -125.805
-84.487 -117.509
-92.032 -98.225
