-3.744 255.543
134.522 281.445
251.073 205.349
283.472 70.104
212.461 -51.995
69.868 -89.234
-58.491 -7.707
-85.972 137.929
-22.447 251.373
118.117 291.538
246.3 224.101
293.025 87.034
230.928 -46.06
87.149 -97.593
-53.562 -26.344
-96.622 121.87
-92.585 163.01
8.82 278.305
159.259 289.479
274.621 194.29
293.061 45.933
202.585 -76.005
45.646 -98.021
-81.029 4.75
-98.697 94.158
-114.057 106.854
-44.908 234.476
-43.644 254.361
90.331 296.135
105.981 308.463
229.802 246.929
249.599 244.575
296.838 114.932
309.722 99.644
252.872 -28.389
252.574 -49.451
115.225 -100.043
100.825 -118.388
-35.01 -47.269
-57.157 -52.115
-97.102 25.064
-114.567 57.255
-135.404 77.125
-130.322 98.223
-89.549 188.585
-78.342 223.488
-79.014 252.02
-60.175 262.465
28.418 294.866
60.908 311.719
80.418 332.219
100.983 326.182
184.889 288.391
219.919 278.088
247.946 279.177
258.59 260.643
292.5 175.943
310.86 144.371
332.019 126.103
327.253 105.28
292.789 20.373
284.19 -15.239
287.37 -43.172
269.888 -55.728
183.917 -93.451
152.639 -112.699
134.272 -135.091
112.718 -132.455
19.908 -95.913
-15.686 -86.951
-45.246 -88.193
-57.67 -70.524
