14.397 229.906
130.146 250.161
226.419 185.503
251.686 72.46
191.364 -28.127
73.653 -58.109
-32.848 9.033
-55.77 131.608
-5.867 227.209
113.809 262.72
223.521 205.923
263.637 89.302
211.485 -23.82
91.233 -68.4
-28.186 -10.506
-67.481 115.256
-66.735 155.214
22.733 254.568
153.196 262.274
251.442 178.318
265.066 50.132
185.823 -53.556
51.457 -71.73
-57.574 17.187
-76.513 88.559
-85.634 106.275
-31.997 216.639
-24.258 234.998
88.098 274.267
106.745 281.38
213.246 232.172
231.514 224.205
274.394 115.355
282.125 96.869
237.118 -12.106
230.098 -31.249
117.954 -77.269
99.008 -87.996
-14.839 -35.324
-35.908 -30.493
-76.502 33.98
-91.831 66.208
-109.472 84.843
-103.98 104.747
-69.11 180.344
-56.921 213.477
-55.315 238.725
-37.2 248.092
37.688 275.12
68.814 290.197
87.922 306.108
107.237 299.787
178.212 267.425
210.773 257.13
235.329 254.971
244.762 236.995
273.073 164.817
289.532 134.837
305.867 116.569
300.537 97.034
270.48 25.404
261.009 -7.984
260.892 -32.346
243.936 -43.393
171.398 -73.914
140.213 -90.739
123.507 -108.773
103.031 -105.963
26.586 -74.054
-7.545 -62.96
-33.161 -63.587
-45.201 -46.386
