-31.219 329.29
169.965 353.038
329.043 227.675
352.82 26.596
227.511 -132.55
26.314 -156.459
-132.805 -31.081
-156.702 170.111
-49.647 326.754
155.106 364.277
326.526 246.065
364.082 41.436
245.943 -129.972
41.129 -167.66
-130.246 -49.49
-167.867 155.272
-156.049 195.623
-12.764 346.929
195.477 352.467
346.64 209.261
352.293 1.082
209.053 -150.169
0.785 -155.831
-150.414 -12.585
-163.276 130.012
-185.126 112.087
-64.236 305.589
-92.409 308.425
129.855 359.733
111.935 381.601
305.389 260.639
308.23 288.784
359.457 66.699
381.377 84.609
260.565 -108.867
288.702 -111.655
66.406 -162.982
84.317 -184.898
-109.088 -64.063
-111.904 -92.202
-158.94 12.232
-168.496 47.988
-183.596 74.87
-175.325 93.806
-144.562 219.229
-125.99 251.267
-117.672 280.987
-98.389 288.52
12.054 355.434
47.807 365.001
74.693 380.073
93.638 371.817
219.067 340.962
251.09 322.383
280.792 314.032
288.337 294.767
355.192 184.485
364.709 148.724
379.847 121.848
371.535 102.898
340.772 -22.495
322.264 -54.557
313.923 -84.243
294.696 -91.797
184.23 -158.732
148.447 -168.25
121.561 -183.377
102.606 -175.065
-22.783 -144.289
-54.831 -125.782
-84.488 -117.428
-92.058 -98.212
