-31.287 329.262
169.899 353.038
329.042 227.816
352.951 26.59
227.455 -132.636
26.286 -156.387
-132.807 -31.052
-156.65 170.202
-49.709 326.686
155.017 364.255
326.482 246.212
364.129 41.406
245.859 -130.049
41.099 -167.634
-130.244 -49.443
-167.855 155.415
-156.005 195.683
-12.818 346.874
195.409 352.508
346.635 209.29
352.331 1.108
208.952 -150.206
0.769 -155.809
-150.407 -12.56
-163.218 130.17
-185.102 112.249
-64.324 305.54
-92.488 308.328
129.703 359.785
111.778 381.628
305.361 260.661
308.141 288.791
359.566 66.79
381.47 84.674
260.533 -108.868
288.678 -111.681
66.368 -162.985
84.267 -184.932
-109.117 -64.037
-111.929 -92.189
-158.898 12.281
-168.479 48.063
-183.551 74.993
-175.286 93.949
-144.543 219.248
-126.009 251.258
-117.747 280.97
-98.425 288.453
12.002 355.411
47.74 365.04
74.637 380.131
93.57 371.808
219.006 341.008
251.029 322.435
280.689 314.266
288.348 295.009
355.227 184.479
364.764 148.706
379.8 121.719
371.43 102.852
340.747 -22.455
322.234 -54.528
313.926 -84.218
294.638 -91.816
184.131 -158.698
148.379 -168.234
121.479 -183.333
102.564 -175.037
-22.795 -144.264
-54.833 -125.743
-84.509 -117.411
-92.047 -98.166
