75.725 141.782
112.193 144.979
140.468 122.109
145.15 86.142
123.222 56.402
85.656 50.543
54.754 74.487
51.369 113.23
56.029 146.869
101.926 162.516
145.536 141.733
162.485 96.52
142.842 51.739
96.45 33.639
50.08 54.968
33.874 103.074
28.797 126.198
69.246 166.994
125.44 167.388
165.615 128.845
167.887 73.462
130.879 31.519
74.375 27.083
30.04 66.316
10.518 89.298
10.046 109.223
29.656 153.342
43.307 168.072
87.705 185.528
107.605 186.578
151.7 168.038
166.59 154.783
185.449 110.777
186.605 90.88
169.223 45.728
155.999 30.819
110.97 10.788
91.08 9.55
43.572 28.64
29.022 42.259
4.47 64.146
-6.971 81.645
-14.093 98.684
-7.125 115.861
7.889 141.552
10.675 160.333
18.035 177.689
35.486 184.739
64.277 192.511
78.569 204.034
96.374 211.451
113.739 203.937
139.638 189.179
157.94 187.619
176.166 180.427
183.157 162.809
191.044 134.304
203.226 120.196
211.383 102.233
203.993 84.831
189.523 59.062
188.033 40.006
181.388 21.561
164.047 14.262
135.195 5.965
119.724 -6.365
102.545 -14.475
85.105 -7.862
57.972 7.37
37.089 11.385
19.851 17.878
12.255 34.655
