40 1
40 2
41 4
41 1
41 2
41 3
41 4
40 2
40 3
17 1
17 2
18 2
18 3
42 1
42 2
42 3
43 2
43 3
43 4
19 1
19 2
44 4
44 1
44 2
44 3
44 4
19 2
19 3
20 1
20 2
21 2
21 3
45 1
45 2
45 3
46 2
46 3
46 4
22 1
22 2
47 4
47 1
47 2
47 3
47 4
22 2
22 3
23 1
23 2
24 2
24 3
48 1
48 2
48 3
49 2
49 3
49 4
25 1
25 2
50 4
50 1
50 2
50 3
50 4
25 2
25 3
26 1
26 2
27 2
27 3
51 1
51 2
51 3
52 2
52 3
52 4
28 1
28 2
53 4
53 1
53 2
53 3
53 4
28 2
28 3
29 1
29 2
30 2
30 3
54 1
54 2
54 3
55 2
55 3
55 4
31 1
31 2
56 4
56 1
56 2
56 3
56 4
31 2
31 3
32 1
32 2
33 2
33 3
57 1
57 2
57 3
58 2
58 3
58 4
34 1
34 2
59 4
59 1
59 2
59 3
59 4
34 2
34 3
35 1
35 2
36 2
36 3
60 1
60 2
60 3
61 2
61 3
61 4
37 1
37 2
62 4
62 1
62 2
62 3
62 4
37 2
37 3
38 1
38 2
39 2
39 3
63 1
63 2
63 3
64 2
64 3
64 4