084.024 112.433 084.024 132.361 098.115 118.270 098.115 098.342
098.115 118.270 112.206 132.361 112.206 112.433 098.115 098.342
112.206 112.433 132.134 112.433 118.043 098.342 098.115 098.342
118.043 098.342 132.134 084.251 112.206 084.251 098.115 098.342
112.206 084.251 112.206 064.323 098.115 078.414 098.115 098.342
098.115 078.414 084.024 064.323 084.024 084.251 098.115 098.342
084.024 084.251 064.097 084.251 078.188 098.342 098.115 098.342
078.188 098.342 064.097 112.433 084.024 112.433 098.115 098.342
064.097 112.433 064.097 132.361 084.024 132.361 084.024 112.433 
084.024 132.361 098.115 146.451 112.206 132.361 098.115 118.270
112.206 132.361 132.134 132.361 132.134 112.433 112.206 112.433
132.134 112.433 146.225 098.342 132.134 084.251 118.043 098.342
132.134 084.251 132.134 064.323 112.206 064.323 112.206 084.251
112.206 064.323 098.115 050.232 084.024 064.323 098.115 078.414
084.024 064.323 064.097 064.323 064.097 084.251 084.024 084.251
064.097 084.251 050.006 098.342 064.097 112.433 078.188 098.342
050.006 098.342 050.006 118.270 064.097 132.361 064.097 112.433
064.097 132.361 078.188 146.451 098.115 146.451 084.024 132.361
098.115 146.451 118.043 146.451 132.134 132.361 112.206 132.361
132.134 132.361 146.225 118.271 146.225 098.342 132.134 112.433
146.225 098.342 146.225 078.414 132.134 064.323 132.134 084.251
132.134 064.323 118.043 050.232 098.115 050.232 112.206 064.323
098.115 050.232 078.188 050.232 064.097 064.323 084.024 064.323
064.097 064.323 050.006 078.414 050.006 098.342 064.097 084.251