1 4 2 1 
2 4 3 1 
3 4 4 1 
4 4 5 1 
5 4 6 1 
6 4 7 1 
1 1 8 4 
7 4 8 1 
1 2 9 4 
8 3 9 1 
2 2 10 4 
1 3 10 1 
3 2 11 4 
2 3 11 1 
4 2 12 4 
3 3 12 1 
5 2 13 4 
4 3 13 1 
6 2 14 4 
5 3 14 1 
7 2 15 4 
6 3 15 1 
8 2 16 4 
7 3 16 1 
9 2 17 4 
16 3 17 1 
10 2 18 4 
9 3 18 1 
11 2 19 4 
10 3 19 1 
12 2 20 4 
11 3 20 1 
13 2 21 4 
12 3 21 1 
14 2 22 4 
13 3 22 1 
15 2 23 4 
14 3 23 1 
16 2 24 4 
15 3 24 1 
24 3 25 1 
25 4 26 2 
17 2 26 1 
17 3 27 1 
27 4 28 2 
18 2 28 1 
18 3 29 1 
29 4 30 2 
19 2 30 1 
19 3 31 1 
31 4 32 2 
20 2 32 1 
20 3 33 1 
33 4 34 2 
21 2 34 1 
21 3 35 1 
35 4 36 2 
22 2 36 1 
22 3 37 1 
37 4 38 2 
23 2 38 1 
23 3 39 1 
39 4 40 2 
24 2 40 1 
