084.024 112.433 084.024 132.361 098.115 118.270 098.115 098.342
098.115 118.270 112.206 132.361 112.206 112.433 098.115 098.342
112.206 112.433 132.134 112.433 118.043 098.342 098.115 098.342
118.043 098.342 132.134 084.251 112.206 084.251 098.115 098.342
112.206 084.251 112.206 064.323 098.115 078.414 098.115 098.342
098.115 078.414 084.024 064.323 084.024 084.251 098.115 098.342
084.024 084.251 064.097 084.251 078.188 098.342 098.115 098.342
078.188 098.342 064.097 112.433 084.024 112.433 098.115 098.342
050.006 098.342 050.006 118.270 064.097 132.361 064.097 112.433
064.097 132.361 078.188 146.451 098.115 146.451 084.024 132.361
098.115 146.451 118.043 146.451 132.134 132.361 112.206 132.361
132.134 132.361 146.225 118.271 146.225 098.342 132.134 112.433
146.225 098.342 146.225 078.414 132.134 064.323 132.134 084.251
132.134 064.323 118.043 050.232 098.115 050.232 112.206 064.323
098.115 050.232 078.188 050.232 064.097 064.323 084.024 064.323
064.097 064.323 050.006 078.414 050.006 098.342 064.097 084.251
035.915 064.323 015.987 064.323 030.078 078.414 050.006 078.414
030.078 078.414 015.987 064.323 015.987 084.251 030.078 098.342
015.987 112.433 015.987 132.360 030.078 118.270 030.078 098.342
030.078 118.270 015.987 132.360 035.915 132.361 050.006 118.270
035.915 132.361 015.987 132.360 030.078 146.451 050.006 146.451
050.006 166.379 064.097 180.470 064.097 160.542 050.006 146.451
064.097 160.542 064.097 180.470 078.188 166.379 078.188 146.451
078.188 166.379 064.097 180.470 084.024 180.470 098.115 166.379
112.206 180.470 132.134 180.470 118.043 166.379 098.115 166.379
118.043 166.379 132.134 180.470 132.134 160.542 118.043 146.451
132.134 160.542 132.134 180.470 146.225 166.379 146.225 146.451
166.152 146.451 180.243 132.361 160.316 132.361 146.225 146.451
160.316 132.361 180.243 132.361 166.152 118.270 146.225 118.270
166.152 118.270 180.243 132.361 180.243 112.433 166.152 098.342
180.243 084.251 180.243 064.323 166.152 078.414 166.152 098.342
166.152 078.414 180.243 064.323 160.316 064.323 146.225 078.414
160.316 064.323 180.243 064.323 166.152 050.232 146.225 050.232
146.225 030.305 132.134 016.214 132.134 036.142 146.225 050.232 
132.134 036.142 132.134 016.214 118.043 030.305 118.043 050.232
118.043 030.305 132.134 016.214 112.206 016.214 098.115 030.305
084.024 016.214 064.097 016.214 078.188 030.305 098.115 030.305
078.188 030.305 064.097 016.214 064.097 036.142 078.188 050.232
064.097 036.142 064.097 016.214 050.006 030.305 050.006 050.232
030.078 050.232 015.987 064.323 035.915 064.323 050.006 050.232