44 2 
45 1 
45 2 
46 1 
46 2 
46 3 
47 1 
47 2 
47 3 
47 4 
48 4 
48 1 
48 2 
49 1 
49 2 
50 1 
50 2 
50 3 
51 1 
51 2 
51 3 
51 4 
52 4 
52 1 
52 2 
53 1 
53 2 
54 1 
54 2 
54 3 
55 1 
55 2 
55 3 
55 4 
56 4 
56 1 
56 2 
57 1 
57 2 
58 1 
58 2 
58 3 
59 1 
59 2 
59 3 
59 4 
60 4 
60 1 
60 2 
61 1 
61 2 
62 1 
62 2 
62 3 
63 1 
63 2 
63 3 
63 4 
64 4 
64 1 
64 2 
65 1 
65 2 
66 1 
66 2 
66 3 
67 1 
67 2 
67 3 
67 4 
68 4 
68 1 
68 2 
69 1 
69 2 
70 1 
70 2 
70 3 
71 1 
71 2 
71 3 
71 4 
72 4 
72 1 
72 2 
41 1 
41 2 
42 1 
42 2 
42 3 
43 1 
43 2 
43 3 
43 4 
44 4 
44 1 
