1 2 18 4
18 2 49 4
49 2 50 2
50 4 51 4
51 3 52 1
52 3 30 3
30 2 29 3
29 4 10 2
10 4 2 1
2 2 19 4
19 2 53 4
53 2 54 2
54 4 55 4
55 3 56 1
56 3 32 3
32 2 31 3
31 4 11 2
11 4 3 1
3 2 20 4
20 2 57 4
57 2 58 2
58 4 59 4
59 3 60 1
60 3 34 3
34 2 33 3
33 4 12 2
12 4 4 1
4 2 21 4
21 2 61 4
61 2 62 2
62 4 63 4
63 3 64 1
64 3 36 3
36 2 35 3
35 4 13 2
13 4 5 1
5 2 22 4
22 2 65 4
65 2 66 2
66 4 67 4
67 3 68 1
68 3 38 3
38 2 37 3
37 4 14 2
14 4 6 1
6 2 23 4
23 2 69 4
69 2 70 2
70 4 71 4
71 3 72 1
72 3 40 3
40 2 39 3
39 4 15 2
15 4 7 1
7 2 24 4
24 2 41 4
41 2 42 2
42 4 43 4
43 3 44 1
44 3 26 3
26 2 25 3
25 4 16 2
16 4 8 1
8 2 17 4
17 2 45 4
45 2 46 2
46 4 47 4
47 3 48 1
48 3 28 3
28 2 27 3
27 4 9 2
9 4 1 1