1 4 3 2 
2 4 4 2 
1 1 4 3 
3 1 4 4 
2 1 5 3 
4 1 5 4 
2 2 6 3 
6 4 7 1 
6 2 8 3 
2 3 9 4 
8 2 9 1 
1 2 10 3 
9 3 10 4 
10 2 11 1 
1 3 12 4 
11 4 12 1 
12 3 13 2 
12 2 14 4 
11 3 14 1 
13 3 15 1 
14 3 16 4 
15 2 17 1 
17 2 18 4 
16 3 18 1 
18 3 19 2 
17 3 19 1 
18 2 20 3 
16 2 20 4 
15 3 21 4 
17 4 21 1 
16 1 22 4 
14 2 22 1 
11 2 23 4 
10 1 23 1 
22 2 24 3 
23 3 24 4 
24 1 25 4 
23 2 25 1 
9 2 26 4 
8 1 26 1 
26 3 27 4 
25 2 28 4 
27 3 28 1 
25 3 29 3 
28 3 29 4 
24 2 30 3 
30 4 31 3 
29 2 31 4 
32 3 33 2 
32 2 34 3 
21 2 34 1 
33 3 35 2 
34 2 35 3 
19 4 35 4 
34 4 36 4 
32 1 36 1 
32 4 37 4 
33 1 37 1 
37 2 38 1 
37 3 39 2 
38 4 39 3 
20 2 40 1 
35 1 41 3 
19 3 41 4 
40 4 41 1 
41 2 42 4 
40 3 42 1 
33 4 43 2 
42 3 43 3 
43 4 44 3 
44 4 45 3 
42 2 45 4 
40 2 46 4 
20 1 46 1 
46 2 47 3 
22 3 47 4 
47 2 48 3 
45 1 49 3 
46 3 49 4 
48 2 49 1 
48 4 50 2 
47 1 50 3 
49 2 51 4 
48 1 51 1 
44 1 52 2 
45 2 52 3 
43 1 53 4 
44 2 53 1 
53 3 54 4 
38 2 55 4 
54 3 55 1 
55 2 56 3 
54 2 56 4 
52 1 57 3 
54 1 58 3 
53 2 58 4 
57 2 58 1 
58 2 59 3 
57 1 60 4 
60 3 61 4 
59 4 62 3 
61 3 62 4 
62 1 63 3 
61 2 63 4 
61 1 65 3 
60 2 65 4 
64 4 65 1 
65 2 66 4 
64 3 66 1 
51 3 68 4 
68 2 69 4 
67 3 69 1 
69 3 70 2 
68 3 70 1 
69 2 71 3 
67 2 71 4 
57 4 72 2 
52 4 72 3 
70 4 72 4 
71 2 73 1 
72 1 74 3 
70 3 74 4 
73 4 74 1 
64 1 75 2 
60 1 75 3 
74 2 75 4 
73 3 75 1 
73 2 76 4 
71 1 76 1 
64 2 77 3 
76 3 77 4 
77 1 78 4 
76 2 78 1 
79 3 80 2 
50 1 80 4 
79 2 81 3 
67 4 82 3 
81 2 82 1 
68 1 83 2 
51 2 83 3 
80 3 83 4 
82 4 83 1 
80 1 84 2 
50 4 84 3 
30 2 84 4 
79 4 85 3 
31 2 86 3 
85 1 86 1 
85 4 87 2 
84 1 87 3 
30 1 87 4 
86 2 87 1 
28 2 88 3 
27 2 88 4 
88 2 89 3 
31 1 90 3 
29 1 90 4 
89 2 90 1 
27 1 91 2 
26 2 91 3 
89 4 92 2 
88 1 92 3 
93 3 94 2 
92 4 94 3 
91 1 94 4 
92 1 95 2 
93 2 95 3 
78 2 97 4 
96 2 97 1 
96 3 98 3 
67 1 98 4 
82 2 98 1 
86 4 99 3 
99 4 100 3 
90 2 100 4 
89 1 100 1 
99 2 101 4 
100 2 103 3 
95 1 103 4 
102 1 103 1 
102 4 104 2 
101 1 104 3 
99 1 104 4 
103 2 104 1 
101 3 106 4 
106 2 107 4 
105 3 107 1 
107 3 108 2 
106 3 108 1 
107 2 109 3 
105 2 109 4 
79 1 110 2 
85 2 110 3 
108 4 110 4 
109 2 111 1 
110 1 112 3 
108 3 112 4 
111 4 112 1 
81 4 113 3 
112 2 113 4 
111 3 113 1 
81 1 114 4 
113 2 114 1 
114 2 115 4 
115 3 116 2 
96 4 116 3 
98 2 116 4 
114 3 116 1 
96 1 117 4 
115 2 117 1 
106 1 118 2 
101 2 118 3 
105 4 119 3 
118 1 119 4 
8 4 120 2 
6 1 120 3 
120 1 121 2 
91 4 121 1 
122 1 123 2 
93 4 125 2 
94 1 125 3 
124 3 125 4 
125 1 126 2 
124 2 126 3 
124 1 127 1 
127 3 128 2 
127 2 129 3 
124 4 129 4 
121 4 129 1 
130 2 132 4 
131 3 132 1 
130 3 133 3 
132 3 133 4 
121 3 134 2 
120 4 134 3 
133 2 134 4 
132 2 135 3 
131 2 135 4 
135 2 136 3 
134 1 137 3 
133 1 137 4 
136 2 137 1 
136 4 138 2 
135 1 138 3 
128 3 139 2 
129 2 139 3 
137 2 139 4 
136 1 139 1 
7 4 140 2 
130 4 140 1 
130 1 141 2 
140 4 141 3 
141 1 142 2 
131 4 142 1 
142 3 143 3 
131 1 144 2 
144 3 145 2 
142 4 145 3 
143 2 145 4 
146 3 147 2 
138 4 147 3 
144 1 147 4 
127 4 149 2 
128 1 149 3 
150 2 152 4 
151 3 152 1 
150 3 153 3 
152 3 153 4 
149 4 154 3 
153 2 154 4 
152 2 155 3 
151 2 155 4 
155 2 156 3 
154 1 157 3 
153 1 157 4 
156 2 157 1 
156 4 158 2 
155 1 158 3 
157 2 159 4 
156 1 159 1 
146 1 160 3 
150 4 160 1 
144 4 162 2 
145 1 162 3 
161 4 162 1 
161 1 163 2 
162 4 163 3 
148 1 164 4 
146 4 165 3 
147 1 165 4 
164 2 165 1 
165 2 166 3 
164 1 166 4 
164 3 167 2 
161 3 167 3 
148 2 167 1 
166 1 168 3 
151 4 169 1 
150 1 170 2 
160 4 170 3 
166 2 170 4 
169 2 170 1 
168 2 171 4 
169 3 172 3 
171 3 172 4 
138 1 173 2 
146 2 173 3 
160 2 173 4 
128 4 173 1 
95 4 174 2 
93 1 174 3 
159 3 175 4 
175 3 176 2 
126 4 176 3 
149 1 176 4 
154 2 176 1 
175 2 177 3 
174 4 178 3 
126 1 178 4 
177 2 178 1 
179 3 180 3 
174 1 180 4 
178 2 180 1 
175 1 182 2 
159 2 182 3 
181 4 182 4 
182 1 184 3 
181 3 184 4 
183 4 184 1 
177 4 185 3 
184 2 185 4 
183 3 185 1 
177 1 186 4 
185 2 186 1 
186 2 187 4 
187 3 188 2 
179 4 188 3 
180 2 188 4 
186 3 188 1 
102 3 189 2 
123 1 189 4 
118 4 189 1 
189 3 190 2 
102 2 190 3 
179 2 190 4 
172 1 191 2 
171 2 191 3 
151 1 192 2 
192 3 193 2 
169 4 193 3 
172 2 193 4 
192 4 194 2 
193 1 194 3 
194 4 195 3 
191 1 195 4 
194 1 196 2 
195 2 196 3 
158 4 197 3 
192 1 197 4 
181 1 198 2 
198 3 199 3 
158 1 199 4 
197 2 199 1 
198 4 200 3 
199 2 200 4 
197 1 201 4 
183 1 202 4 
181 2 202 1 
187 2 203 3 
122 3 203 1 
122 2 204 2 
190 1 204 3 
179 1 204 4 
203 2 204 1 
205 3 206 4 
206 1 207 3 
205 2 207 4 
195 1 207 1 
196 4 208 2 
205 1 208 3 
206 2 209 4 
209 2 210 1 
210 2 211 4 
209 1 211 1 
210 3 212 1 
201 1 213 2 
196 1 213 3 
208 1 213 4 
214 4 216 3 
216 1 217 3 
215 1 217 4 
216 2 218 4 
217 2 218 1 
218 3 219 1 
219 3 220 4 
218 2 221 2 
219 2 221 1 
214 1 222 3 
219 4 222 4 
220 3 222 1 
223 2 224 1 
223 4 225 2 
214 2 225 4 
222 2 225 1 
36 3 227 2 
226 3 227 1 
224 2 228 4 
223 1 228 1 
228 2 229 1 
228 3 230 2 
229 4 230 3 
21 3 230 4 
226 2 230 1 
217 1 231 3 
215 4 231 4 
231 1 232 4 
232 2 233 2 
233 1 235 4 
234 2 235 1 
143 4 236 3 
235 2 236 4 
234 1 236 1 
231 2 237 4 
232 3 237 1 
237 3 238 4 
141 4 239 2 
238 1 239 3 
237 2 239 4 
235 3 239 1 
221 3 240 4 
238 3 240 1 
229 2 241 4 
220 2 241 1 
3 4 242 2 
242 1 243 2 
5 1 243 1 
242 4 244 2 
220 1 244 3 
221 4 244 4 
243 3 244 1 
245 4 246 2 
245 3 247 4 
247 3 248 2 
247 2 249 4 
248 3 250 1 
249 3 251 4 
250 2 252 1 
252 2 253 4 
251 3 253 1 
253 3 254 2 
252 3 254 1 
253 2 255 3 
251 2 255 4 
250 3 256 4 
252 4 256 1 
251 1 257 4 
249 2 257 1 
258 3 259 2 
258 2 260 3 
256 2 260 1 
259 3 261 2 
260 2 261 3 
254 4 261 4 
260 4 262 4 
258 1 262 1 
258 4 263 4 
259 1 263 1 
255 2 264 1 
261 1 265 3 
254 3 265 4 
264 4 265 1 
265 2 266 4 
264 3 266 1 
259 4 267 2 
266 3 267 3 
267 4 268 3 
268 4 269 3 
266 2 269 4 
264 2 270 4 
255 1 270 1 
270 2 271 3 
257 3 271 4 
271 2 272 3 
269 1 273 3 
270 3 273 4 
272 2 273 1 
272 4 274 2 
271 1 274 3 
273 2 275 4 
272 1 275 1 
268 1 276 2 
269 2 276 3 
267 1 277 4 
268 2 277 1 
277 3 278 4 
278 3 279 1 
279 2 280 3 
278 2 280 4 
276 1 281 3 
278 1 282 3 
277 2 282 4 
281 2 282 1 
282 2 283 3 
281 1 284 4 
284 3 285 4 
283 4 286 3 
285 3 286 4 
286 1 287 3 
285 2 287 4 
227 4 288 2 
285 1 288 3 
284 2 288 4 
226 4 288 1 
275 3 289 4 
223 3 290 2 
289 2 290 4 
225 3 290 1 
290 3 291 2 
289 3 291 1 
281 4 292 2 
276 4 292 3 
291 4 292 4 
292 1 293 3 
291 3 293 4 
224 4 293 1 
226 1 294 2 
284 1 294 3 
293 2 294 4 
224 3 294 1 
274 1 295 4 
289 1 296 2 
275 2 296 3 
295 3 296 4 
214 3 296 1 
39 1 297 2 
287 1 297 3 
227 3 297 4 
36 2 297 1 
15 4 298 2 
229 3 298 3 
241 3 298 4 
13 4 298 1 
13 1 299 2 
241 2 299 3 
242 3 299 4 
3 3 299 1 
5 2 300 2 
243 4 300 3 
240 3 300 4 
7 2 300 1 
7 3 301 2 
240 2 301 3 
238 2 301 4 
140 3 301 1 
249 1 302 3 
247 1 302 4 
216 4 303 2 
295 2 303 3 
303 1 304 2 
215 2 304 1 
143 1 305 2 
236 2 305 3 
163 4 305 1 
161 2 306 2 
167 4 306 1 
148 4 307 2 
168 4 307 1 
171 1 308 2 
168 1 308 3 
207 2 309 2 
211 2 309 1 
311 4 313 2 
312 4 314 2 
311 1 314 3 
313 1 314 4 
312 1 315 3 
314 1 315 4 
312 2 316 3 
316 4 317 1 
316 2 318 3 
312 3 319 4 
318 2 319 1 
311 2 320 3 
319 3 320 4 
320 2 321 1 
311 3 322 4 
321 4 322 1 
322 3 323 2 
322 2 324 4 
321 3 324 1 
323 3 325 1 
324 3 326 4 
325 2 327 1 
327 2 328 4 
326 3 328 1 
328 3 329 2 
327 3 329 1 
328 2 330 3 
326 2 330 4 
325 3 331 4 
327 4 331 1 
326 1 332 4 
324 2 332 1 
321 2 333 4 
320 1 333 1 
332 2 334 3 
333 3 334 4 
334 1 335 4 
333 2 335 1 
319 2 336 4 
318 1 336 1 
336 3 337 4 
335 2 338 4 
337 3 338 1 
335 3 339 3 
338 3 339 4 
334 2 340 3 
340 4 341 3 
339 2 341 4 
342 3 343 2 
342 2 344 3 
331 2 344 1 
343 3 345 2 
344 2 345 3 
329 4 345 4 
344 4 346 4 
342 1 346 1 
342 4 347 4 
343 1 347 1 
306 3 348 3 
347 2 348 1 
347 3 349 2 
348 4 349 3 
163 1 349 4 
330 2 350 1 
345 1 351 3 
329 3 351 4 
350 4 351 1 
351 2 352 4 
350 3 352 1 
343 4 353 2 
352 3 353 3 
353 4 354 3 
354 4 355 3 
352 2 355 4 
350 2 356 4 
330 1 356 1 
356 2 357 3 
332 3 357 4 
357 2 358 3 
355 1 359 3 
356 3 359 4 
358 2 359 1 
358 4 360 2 
357 1 360 3 
359 2 361 4 
358 1 361 1 
354 1 362 2 
355 2 362 3 
353 1 363 4 
354 2 363 1 
363 3 364 4 
306 4 365 3 
348 2 365 4 
364 3 365 1 
148 3 366 2 
365 2 366 3 
364 2 366 4 
307 3 366 1 
362 1 367 3 
364 1 368 3 
363 2 368 4 
367 2 368 1 
307 4 369 2 
368 2 369 3 
308 4 369 1 
367 1 370 4 
370 3 371 4 
308 1 372 2 
369 4 372 3 
371 3 372 4 
191 4 373 2 
372 1 373 3 
371 2 373 4 
309 3 373 1 
371 1 375 3 
370 2 375 4 
374 4 375 1 
211 3 376 2 
309 4 376 3 
375 2 376 4 
374 3 376 1 
361 3 378 4 
378 2 379 4 
377 3 379 1 
379 3 380 2 
378 3 380 1 
379 2 381 3 
377 2 381 4 
367 4 382 2 
362 4 382 3 
380 4 382 4 
381 2 383 1 
382 1 384 3 
380 3 384 4 
383 4 384 1 
374 1 385 2 
370 1 385 3 
384 2 385 4 
383 3 385 1 
383 2 386 4 
381 1 386 1 
212 2 387 2 
374 2 387 3 
386 3 387 4 
310 3 388 3 
387 1 388 4 
386 2 388 1 
389 3 390 2 
360 1 390 4 
389 2 391 3 
377 4 392 3 
391 2 392 1 
378 1 393 2 
361 2 393 3 
390 3 393 4 
392 4 393 1 
390 1 394 2 
360 4 394 3 
340 2 394 4 
389 4 395 3 
341 2 396 3 
395 1 396 1 
395 4 397 2 
394 1 397 3 
340 1 397 4 
396 2 397 1 
338 2 398 3 
337 2 398 4 
398 2 399 3 
341 1 400 3 
339 1 400 4 
399 2 400 1 
337 1 401 2 
336 2 401 3 
399 4 402 2 
398 1 402 3 
403 3 404 2 
402 4 404 3 
401 1 404 4 
402 1 405 2 
403 2 405 3 
310 4 407 3 
388 2 407 4 
406 2 407 1 
406 3 408 3 
377 1 408 4 
392 2 408 1 
396 4 409 3 
409 4 410 3 
400 2 410 4 
399 1 410 1 
409 2 411 4 
410 2 413 3 
405 1 413 4 
412 1 413 1 
412 4 414 2 
411 1 414 3 
409 1 414 4 
413 2 414 1 
411 3 416 4 
416 2 417 4 
415 3 417 1 
417 3 418 2 
416 3 418 1 
417 2 419 3 
415 2 419 4 
389 1 420 2 
395 2 420 3 
418 4 420 4 
419 2 421 1 
420 1 422 3 
418 3 422 4 
421 4 422 1 
391 4 423 3 
422 2 423 4 
421 3 423 1 
391 1 424 4 
423 2 424 1 
424 2 425 4 
425 3 426 2 
406 4 426 3 
408 2 426 4 
424 3 426 1 
406 1 427 4 
425 2 427 1 
416 1 428 2 
411 2 428 3 
415 4 429 3 
428 1 429 4 
318 4 430 2 
316 1 430 3 
430 1 431 2 
401 4 431 1 
432 1 433 2 
403 4 435 2 
404 1 435 3 
434 3 435 4 
435 1 436 2 
434 2 436 3 
434 1 437 1 
437 3 438 2 
437 2 439 3 
434 4 439 4 
431 4 439 1 
440 2 442 4 
441 3 442 1 
440 3 443 3 
442 3 443 4 
431 3 444 2 
430 4 444 3 
443 2 444 4 
442 2 445 3 
441 2 445 4 
445 2 446 3 
444 1 447 3 
443 1 447 4 
446 2 447 1 
446 4 448 2 
445 1 448 3 
438 3 449 2 
439 2 449 3 
447 2 449 4 
446 1 449 1 
317 4 450 2 
440 4 450 1 
440 1 451 2 
450 4 451 3 
451 1 452 2 
441 4 452 1 
452 3 453 3 
441 1 454 2 
454 3 455 2 
452 4 455 3 
453 2 455 4 
456 3 457 2 
448 4 457 3 
454 1 457 4 
437 4 459 2 
438 1 459 3 
460 2 462 4 
461 3 462 1 
460 3 463 3 
462 3 463 4 
459 4 464 3 
463 2 464 4 
462 2 465 3 
461 2 465 4 
465 2 466 3 
464 1 467 3 
463 1 467 4 
466 2 467 1 
466 4 468 2 
465 1 468 3 
467 2 469 4 
466 1 469 1 
456 1 470 3 
460 4 470 1 
454 4 472 2 
455 1 472 3 
471 4 472 1 
471 1 473 2 
472 4 473 3 
458 1 474 4 
456 4 475 3 
457 1 475 4 
474 2 475 1 
475 2 476 3 
474 1 476 4 
474 3 477 2 
471 3 477 3 
458 2 477 1 
476 1 478 3 
461 4 479 1 
460 1 480 2 
470 4 480 3 
476 2 480 4 
479 2 480 1 
478 2 481 4 
479 3 482 3 
481 3 482 4 
448 1 483 2 
456 2 483 3 
470 2 483 4 
438 4 483 1 
405 4 484 2 
403 1 484 3 
469 3 485 4 
485 3 486 2 
436 4 486 3 
459 1 486 4 
464 2 486 1 
485 2 487 3 
484 4 488 3 
436 1 488 4 
487 2 488 1 
489 3 490 3 
484 1 490 4 
488 2 490 1 
485 1 492 2 
469 2 492 3 
491 4 492 4 
492 1 494 3 
491 3 494 4 
493 4 494 1 
487 4 495 3 
494 2 495 4 
493 3 495 1 
487 1 496 4 
495 2 496 1 
496 2 497 4 
497 3 498 2 
489 4 498 3 
490 2 498 4 
496 3 498 1 
412 3 499 2 
433 1 499 4 
428 4 499 1 
499 3 500 2 
412 2 500 3 
489 2 500 4 
482 1 501 2 
481 2 501 3 
461 1 502 2 
502 3 503 2 
479 4 503 3 
482 2 503 4 
502 4 504 2 
503 1 504 3 
504 4 505 3 
501 1 505 4 
504 1 506 2 
505 2 506 3 
468 4 507 3 
502 1 507 4 
491 1 508 2 
508 3 509 3 
468 1 509 4 
507 2 509 1 
508 4 510 3 
509 2 510 4 
507 1 511 4 
493 1 512 4 
491 2 512 1 
497 2 513 3 
432 3 513 1 
432 2 514 2 
500 1 514 3 
489 1 514 4 
513 2 514 1 
515 3 516 4 
516 1 517 3 
515 2 517 4 
505 1 517 1 
506 4 518 2 
515 1 518 3 
516 2 519 4 
519 2 520 1 
520 2 521 4 
519 1 521 1 
520 3 522 1 
511 1 523 2 
506 1 523 3 
518 1 523 4 
524 4 526 3 
526 1 527 3 
525 1 527 4 
526 2 528 4 
527 2 528 1 
528 3 529 1 
529 3 530 4 
528 2 531 2 
529 2 531 1 
524 1 532 3 
529 4 532 4 
530 3 532 1 
533 2 534 1 
533 4 535 2 
524 2 535 4 
532 2 535 1 
346 3 537 2 
536 3 537 1 
534 2 538 4 
533 1 538 1 
538 2 539 1 
538 3 540 2 
539 4 540 3 
331 3 540 4 
536 2 540 1 
527 1 541 3 
525 4 541 4 
541 1 542 4 
542 2 543 2 
543 1 545 4 
544 2 545 1 
453 4 546 3 
545 2 546 4 
544 1 546 1 
541 2 547 4 
542 3 547 1 
547 3 548 4 
451 4 549 2 
548 1 549 3 
547 2 549 4 
545 3 549 1 
531 3 550 4 
548 3 550 1 
539 2 551 4 
530 2 551 1 
313 4 552 2 
552 1 553 2 
315 1 553 1 
552 4 554 2 
530 1 554 3 
531 4 554 4 
553 3 554 1 
555 4 556 2 
245 1 556 3 
246 1 556 4 
555 3 557 4 
557 3 558 2 
302 1 558 4 
245 2 558 1 
557 2 559 4 
302 2 560 4 
558 3 560 1 
559 3 561 4 
560 2 562 1 
562 2 563 4 
561 3 563 1 
563 3 564 2 
562 3 564 1 
563 2 565 3 
561 2 565 4 
257 2 566 3 
560 3 566 4 
562 4 566 1 
561 1 567 4 
559 2 567 1 
568 3 569 2 
568 2 570 3 
566 2 570 1 
569 3 571 2 
570 2 571 3 
564 4 571 4 
295 1 572 2 
274 4 572 3 
570 4 572 4 
568 1 572 1 
304 3 573 2 
303 4 573 3 
568 4 573 4 
569 1 573 1 
565 2 574 1 
571 1 575 3 
564 3 575 4 
574 4 575 1 
575 2 576 4 
574 3 576 1 
569 4 577 2 
576 3 577 3 
577 4 578 3 
578 4 579 3 
576 2 579 4 
574 2 580 4 
565 1 580 1 
580 2 581 3 
567 3 581 4 
581 2 582 3 
579 1 583 3 
580 3 583 4 
582 2 583 1 
582 4 584 2 
581 1 584 3 
583 2 585 4 
582 1 585 1 
578 1 586 2 
579 2 586 3 
577 1 587 4 
578 2 587 1 
587 3 588 4 
215 3 589 3 
304 4 589 4 
588 3 589 1 
232 1 590 2 
589 2 590 3 
588 2 590 4 
233 3 590 1 
586 1 591 3 
588 1 592 3 
587 2 592 4 
591 2 592 1 
233 4 593 2 
592 2 593 3 
234 3 593 1 
591 1 594 4 
594 3 595 4 
234 4 596 2 
593 4 596 3 
595 3 596 4 
305 4 597 2 
596 1 597 3 
595 2 597 4 
537 4 598 2 
595 1 598 3 
594 2 598 4 
536 4 598 1 
585 3 599 4 
533 3 600 2 
599 2 600 4 
535 3 600 1 
600 3 601 2 
599 3 601 1 
591 4 602 2 
586 4 602 3 
601 4 602 4 
602 1 603 3 
601 3 603 4 
534 4 603 1 
536 1 604 2 
594 1 604 3 
603 2 604 4 
534 3 604 1 
584 1 605 4 
599 1 606 2 
585 2 606 3 
605 3 606 4 
524 3 606 1 
349 1 607 2 
597 1 607 3 
537 3 607 4 
346 2 607 1 
325 4 608 2 
539 3 608 3 
551 3 608 4 
323 4 608 1 
323 1 609 2 
551 2 609 3 
552 3 609 4 
313 3 609 1 
315 2 610 2 
553 4 610 3 
550 3 610 4 
317 2 610 1 
317 3 611 2 
550 2 611 3 
548 2 611 4 
450 3 611 1 
559 1 612 3 
557 1 612 4 
526 4 613 2 
605 2 613 3 
613 1 614 2 
525 2 614 1 
453 1 615 2 
546 2 615 3 
473 4 615 1 
471 2 616 2 
477 4 616 1 
458 4 617 2 
478 4 617 1 
481 1 618 2 
478 1 618 3 
517 2 619 2 
521 2 619 1 
621 4 623 2 
622 4 624 2 
621 1 624 3 
623 1 624 4 
622 1 625 3 
624 1 625 4 
622 2 626 3 
626 4 627 1 
626 2 628 3 
622 3 629 4 
628 2 629 1 
621 2 630 3 
629 3 630 4 
630 2 631 1 
621 3 632 4 
631 4 632 1 
632 3 633 2 
632 2 634 4 
631 3 634 1 
633 3 635 1 
634 3 636 4 
635 2 637 1 
637 2 638 4 
636 3 638 1 
638 3 639 2 
637 3 639 1 
638 2 640 3 
636 2 640 4 
635 3 641 4 
637 4 641 1 
636 1 642 4 
634 2 642 1 
631 2 643 4 
630 1 643 1 
642 2 644 3 
643 3 644 4 
644 1 645 4 
643 2 645 1 
629 2 646 4 
628 1 646 1 
646 3 647 4 
645 2 648 4 
647 3 648 1 
645 3 649 3 
648 3 649 4 
644 2 650 3 
650 4 651 3 
649 2 651 4 
652 3 653 2 
652 2 654 3 
641 2 654 1 
653 3 655 2 
654 2 655 3 
639 4 655 4 
654 4 656 4 
652 1 656 1 
652 4 657 4 
653 1 657 1 
616 3 658 3 
657 2 658 1 
657 3 659 2 
658 4 659 3 
473 1 659 4 
640 2 660 1 
655 1 661 3 
639 3 661 4 
660 4 661 1 
661 2 662 4 
660 3 662 1 
653 4 663 2 
662 3 663 3 
663 4 664 3 
664 4 665 3 
662 2 665 4 
660 2 666 4 
640 1 666 1 
666 2 667 3 
642 3 667 4 
667 2 668 3 
665 1 669 3 
666 3 669 4 
668 2 669 1 
668 4 670 2 
667 1 670 3 
669 2 671 4 
668 1 671 1 
664 1 672 2 
665 2 672 3 
663 1 673 4 
664 2 673 1 
673 3 674 4 
616 4 675 3 
658 2 675 4 
674 3 675 1 
458 3 676 2 
675 2 676 3 
674 2 676 4 
617 3 676 1 
672 1 677 3 
674 1 678 3 
673 2 678 4 
677 2 678 1 
617 4 679 2 
678 2 679 3 
618 4 679 1 
677 1 680 4 
680 3 681 4 
618 1 682 2 
679 4 682 3 
681 3 682 4 
501 4 683 2 
682 1 683 3 
681 2 683 4 
619 3 683 1 
681 1 685 3 
680 2 685 4 
684 4 685 1 
521 3 686 2 
619 4 686 3 
685 2 686 4 
684 3 686 1 
671 3 688 4 
688 2 689 4 
687 3 689 1 
689 3 690 2 
688 3 690 1 
689 2 691 3 
687 2 691 4 
677 4 692 2 
672 4 692 3 
690 4 692 4 
691 2 693 1 
692 1 694 3 
690 3 694 4 
693 4 694 1 
684 1 695 2 
680 1 695 3 
694 2 695 4 
693 3 695 1 
693 2 696 4 
691 1 696 1 
522 2 697 2 
684 2 697 3 
696 3 697 4 
620 3 698 3 
697 1 698 4 
696 2 698 1 
699 3 700 2 
670 1 700 4 
699 2 701 3 
687 4 702 3 
701 2 702 1 
688 1 703 2 
671 2 703 3 
700 3 703 4 
702 4 703 1 
700 1 704 2 
670 4 704 3 
650 2 704 4 
699 4 705 3 
651 2 706 3 
705 1 706 1 
705 4 707 2 
704 1 707 3 
650 1 707 4 
706 2 707 1 
648 2 708 3 
647 2 708 4 
708 2 709 3 
651 1 710 3 
649 1 710 4 
709 2 710 1 
647 1 711 2 
646 2 711 3 
709 4 712 2 
708 1 712 3 
713 3 714 2 
712 4 714 3 
711 1 714 4 
712 1 715 2 
713 2 715 3 
620 4 717 3 
698 2 717 4 
716 2 717 1 
716 3 718 3 
687 1 718 4 
702 2 718 1 
706 4 719 3 
719 4 720 3 
710 2 720 4 
709 1 720 1 
719 2 721 4 
720 2 723 3 
715 1 723 4 
722 1 723 1 
722 4 724 2 
721 1 724 3 
719 1 724 4 
723 2 724 1 
721 3 726 4 
726 2 727 4 
725 3 727 1 
727 3 728 2 
726 3 728 1 
727 2 729 3 
725 2 729 4 
699 1 730 2 
705 2 730 3 
728 4 730 4 
729 2 731 1 
730 1 732 3 
728 3 732 4 
731 4 732 1 
701 4 733 3 
732 2 733 4 
731 3 733 1 
701 1 734 4 
733 2 734 1 
734 2 735 4 
735 3 736 2 
716 4 736 3 
718 2 736 4 
734 3 736 1 
716 1 737 4 
735 2 737 1 
726 1 738 2 
721 2 738 3 
725 4 739 3 
738 1 739 4 
628 4 740 2 
626 1 740 3 
740 1 741 2 
711 4 741 1 
742 1 743 2 
713 4 745 2 
714 1 745 3 
744 3 745 4 
745 1 746 2 
744 2 746 3 
744 1 747 1 
747 3 748 2 
747 2 749 3 
744 4 749 4 
741 4 749 1 
750 2 752 4 
751 3 752 1 
750 3 753 3 
752 3 753 4 
741 3 754 2 
740 4 754 3 
753 2 754 4 
752 2 755 3 
751 2 755 4 
755 2 756 3 
754 1 757 3 
753 1 757 4 
756 2 757 1 
756 4 758 2 
755 1 758 3 
748 3 759 2 
749 2 759 3 
757 2 759 4 
756 1 759 1 
627 4 760 2 
750 4 760 1 
750 1 761 2 
760 4 761 3 
761 1 762 2 
751 4 762 1 
762 3 763 3 
751 1 764 2 
764 3 765 2 
762 4 765 3 
763 2 765 4 
766 3 767 2 
758 4 767 3 
764 1 767 4 
747 4 769 2 
748 1 769 3 
770 2 772 4 
771 3 772 1 
770 3 773 3 
772 3 773 4 
769 4 774 3 
773 2 774 4 
772 2 775 3 
771 2 775 4 
775 2 776 3 
774 1 777 3 
773 1 777 4 
776 2 777 1 
776 4 778 2 
775 1 778 3 
777 2 779 4 
776 1 779 1 
766 1 780 3 
770 4 780 1 
764 4 782 2 
765 1 782 3 
781 4 782 1 
781 1 783 2 
782 4 783 3 
768 1 784 4 
766 4 785 3 
767 1 785 4 
784 2 785 1 
785 2 786 3 
784 1 786 4 
784 3 787 2 
781 3 787 3 
768 2 787 1 
786 1 788 3 
771 4 789 1 
770 1 790 2 
780 4 790 3 
786 2 790 4 
789 2 790 1 
788 2 791 4 
789 3 792 3 
791 3 792 4 
758 1 793 2 
766 2 793 3 
780 2 793 4 
748 4 793 1 
715 4 794 2 
713 1 794 3 
779 3 795 4 
795 3 796 2 
746 4 796 3 
769 1 796 4 
774 2 796 1 
795 2 797 3 
794 4 798 3 
746 1 798 4 
797 2 798 1 
799 3 800 3 
794 1 800 4 
798 2 800 1 
795 1 802 2 
779 2 802 3 
801 4 802 4 
802 1 804 3 
801 3 804 4 
803 4 804 1 
797 4 805 3 
804 2 805 4 
803 3 805 1 
797 1 806 4 
805 2 806 1 
806 2 807 4 
807 3 808 2 
799 4 808 3 
800 2 808 4 
806 3 808 1 
722 3 809 2 
743 1 809 4 
738 4 809 1 
809 3 810 2 
722 2 810 3 
799 2 810 4 
792 1 811 2 
791 2 811 3 
771 1 812 2 
812 3 813 2 
789 4 813 3 
792 2 813 4 
812 4 814 2 
813 1 814 3 
814 4 815 3 
811 1 815 4 
814 1 816 2 
815 2 816 3 
778 4 817 3 
812 1 817 4 
801 1 818 2 
818 3 819 3 
778 1 819 4 
817 2 819 1 
818 4 820 3 
819 2 820 4 
817 1 821 4 
803 1 822 4 
801 2 822 1 
807 2 823 3 
742 3 823 1 
742 2 824 2 
810 1 824 3 
799 1 824 4 
823 2 824 1 
825 3 826 4 
826 1 827 3 
825 2 827 4 
815 1 827 1 
816 4 828 2 
825 1 828 3 
826 2 829 4 
829 2 830 1 
830 2 831 4 
829 1 831 1 
830 3 832 1 
821 1 833 2 
816 1 833 3 
828 1 833 4 
834 4 836 3 
836 1 837 3 
835 1 837 4 
836 2 838 4 
837 2 838 1 
838 3 839 1 
839 3 840 4 
838 2 841 2 
839 2 841 1 
834 1 842 3 
839 4 842 4 
840 3 842 1 
843 2 844 1 
843 4 845 2 
834 2 845 4 
842 2 845 1 
656 3 847 2 
846 3 847 1 
844 2 848 4 
843 1 848 1 
848 2 849 1 
848 3 850 2 
849 4 850 3 
641 3 850 4 
846 2 850 1 
837 1 851 3 
835 4 851 4 
851 1 852 4 
852 2 853 2 
853 1 855 4 
854 2 855 1 
763 4 856 3 
855 2 856 4 
854 1 856 1 
851 2 857 4 
852 3 857 1 
857 3 858 4 
761 4 859 2 
858 1 859 3 
857 2 859 4 
855 3 859 1 
841 3 860 4 
858 3 860 1 
849 2 861 4 
840 2 861 1 
623 4 862 2 
862 1 863 2 
625 1 863 1 
862 4 864 2 
840 1 864 3 
841 4 864 4 
863 3 864 1 
865 4 866 2 
555 1 866 3 
556 1 866 4 
865 3 867 4 
867 3 868 2 
612 1 868 4 
555 2 868 1 
867 2 869 4 
612 2 870 4 
868 3 870 1 
869 3 871 4 
870 2 872 1 
872 2 873 4 
871 3 873 1 
873 3 874 2 
872 3 874 1 
873 2 875 3 
871 2 875 4 
567 2 876 3 
870 3 876 4 
872 4 876 1 
871 1 877 4 
869 2 877 1 
878 3 879 2 
878 2 880 3 
876 2 880 1 
879 3 881 2 
880 2 881 3 
874 4 881 4 
605 1 882 2 
584 4 882 3 
880 4 882 4 
878 1 882 1 
614 3 883 2 
613 4 883 3 
878 4 883 4 
879 1 883 1 
875 2 884 1 
881 1 885 3 
874 3 885 4 
884 4 885 1 
885 2 886 4 
884 3 886 1 
879 4 887 2 
886 3 887 3 
887 4 888 3 
888 4 889 3 
886 2 889 4 
884 2 890 4 
875 1 890 1 
890 2 891 3 
877 3 891 4 
891 2 892 3 
889 1 893 3 
890 3 893 4 
892 2 893 1 
892 4 894 2 
891 1 894 3 
893 2 895 4 
892 1 895 1 
888 1 896 2 
889 2 896 3 
887 1 897 4 
888 2 897 1 
897 3 898 4 
525 3 899 3 
614 4 899 4 
898 3 899 1 
542 1 900 2 
899 2 900 3 
898 2 900 4 
543 3 900 1 
896 1 901 3 
898 1 902 3 
897 2 902 4 
901 2 902 1 
543 4 903 2 
902 2 903 3 
544 3 903 1 
901 1 904 4 
904 3 905 4 
544 4 906 2 
903 4 906 3 
905 3 906 4 
615 4 907 2 
906 1 907 3 
905 2 907 4 
847 4 908 2 
905 1 908 3 
904 2 908 4 
846 4 908 1 
895 3 909 4 
843 3 910 2 
909 2 910 4 
845 3 910 1 
910 3 911 2 
909 3 911 1 
901 4 912 2 
896 4 912 3 
911 4 912 4 
912 1 913 3 
911 3 913 4 
844 4 913 1 
846 1 914 2 
904 1 914 3 
913 2 914 4 
844 3 914 1 
894 1 915 4 
909 1 916 2 
895 2 916 3 
915 3 916 4 
834 3 916 1 
659 1 917 2 
907 1 917 3 
847 3 917 4 
656 2 917 1 
635 4 918 2 
849 3 918 3 
861 3 918 4 
633 4 918 1 
633 1 919 2 
861 2 919 3 
862 3 919 4 
623 3 919 1 
625 2 920 2 
863 4 920 3 
860 3 920 4 
627 2 920 1 
627 3 921 2 
860 2 921 3 
858 2 921 4 
760 3 921 1 
869 1 922 3 
867 1 922 4 
836 4 923 2 
915 2 923 3 
923 1 924 2 
835 2 924 1 
763 1 925 2 
856 2 925 3 
783 4 925 1 
781 2 926 2 
787 4 926 1 
768 4 927 2 
788 4 927 1 
791 1 928 2 
788 1 928 3 
827 2 929 2 
831 2 929 1 
931 4 933 2 
932 4 934 2 
931 1 934 3 
933 1 934 4 
932 1 935 3 
934 1 935 4 
932 2 936 3 
936 4 937 1 
936 2 938 3 
932 3 939 4 
938 2 939 1 
931 2 940 3 
939 3 940 4 
940 2 941 1 
931 3 942 4 
941 4 942 1 
942 3 943 2 
942 2 944 4 
941 3 944 1 
943 3 945 1 
944 3 946 4 
945 2 947 1 
947 2 948 4 
946 3 948 1 
948 3 949 2 
947 3 949 1 
948 2 950 3 
946 2 950 4 
945 3 951 4 
947 4 951 1 
946 1 952 4 
944 2 952 1 
941 2 953 4 
940 1 953 1 
952 2 954 3 
953 3 954 4 
954 1 955 4 
953 2 955 1 
939 2 956 4 
938 1 956 1 
956 3 957 4 
955 2 958 4 
957 3 958 1 
955 3 959 3 
958 3 959 4 
954 2 960 3 
960 4 961 3 
959 2 961 4 
962 3 963 2 
962 2 964 3 
951 2 964 1 
963 3 965 2 
964 2 965 3 
949 4 965 4 
964 4 966 4 
962 1 966 1 
962 4 967 4 
963 1 967 1 
926 3 968 3 
967 2 968 1 
967 3 969 2 
968 4 969 3 
783 1 969 4 
950 2 970 1 
965 1 971 3 
949 3 971 4 
970 4 971 1 
971 2 972 4 
970 3 972 1 
963 4 973 2 
972 3 973 3 
973 4 974 3 
974 4 975 3 
972 2 975 4 
970 2 976 4 
950 1 976 1 
976 2 977 3 
952 3 977 4 
977 2 978 3 
975 1 979 3 
976 3 979 4 
978 2 979 1 
978 4 980 2 
977 1 980 3 
979 2 981 4 
978 1 981 1 
974 1 982 2 
975 2 982 3 
973 1 983 4 
974 2 983 1 
983 3 984 4 
926 4 985 3 
968 2 985 4 
984 3 985 1 
768 3 986 2 
985 2 986 3 
984 2 986 4 
927 3 986 1 
982 1 987 3 
984 1 988 3 
983 2 988 4 
987 2 988 1 
927 4 989 2 
988 2 989 3 
928 4 989 1 
987 1 990 4 
990 3 991 4 
928 1 992 2 
989 4 992 3 
991 3 992 4 
811 4 993 2 
992 1 993 3 
991 2 993 4 
929 3 993 1 
991 1 995 3 
990 2 995 4 
994 4 995 1 
831 3 996 2 
929 4 996 3 
995 2 996 4 
994 3 996 1 
981 3 998 4 
998 2 999 4 
997 3 999 1 
999 3 1000 2 
998 3 1000 1 
999 2 1001 3 
997 2 1001 4 
987 4 1002 2 
982 4 1002 3 
1000 4 1002 4 
1001 2 1003 1 
1002 1 1004 3 
1000 3 1004 4 
1003 4 1004 1 
994 1 1005 2 
990 1 1005 3 
1004 2 1005 4 
1003 3 1005 1 
1003 2 1006 4 
1001 1 1006 1 
832 2 1007 2 
994 2 1007 3 
1006 3 1007 4 
930 3 1008 3 
1007 1 1008 4 
1006 2 1008 1 
1009 3 1010 2 
980 1 1010 4 
1009 2 1011 3 
997 4 1012 3 
1011 2 1012 1 
998 1 1013 2 
981 2 1013 3 
1010 3 1013 4 
1012 4 1013 1 
1010 1 1014 2 
980 4 1014 3 
960 2 1014 4 
1009 4 1015 3 
961 2 1016 3 
1015 1 1016 1 
1015 4 1017 2 
1014 1 1017 3 
960 1 1017 4 
1016 2 1017 1 
958 2 1018 3 
957 2 1018 4 
1018 2 1019 3 
961 1 1020 3 
959 1 1020 4 
1019 2 1020 1 
957 1 1021 2 
956 2 1021 3 
1019 4 1022 2 
1018 1 1022 3 
1023 3 1024 2 
1022 4 1024 3 
1021 1 1024 4 
1022 1 1025 2 
1023 2 1025 3 
930 4 1027 3 
1008 2 1027 4 
1026 2 1027 1 
1026 3 1028 3 
997 1 1028 4 
1012 2 1028 1 
1016 4 1029 3 
1029 4 1030 3 
1020 2 1030 4 
1019 1 1030 1 
1029 2 1031 4 
1030 2 1033 3 
1025 1 1033 4 
1032 1 1033 1 
1032 4 1034 2 
1031 1 1034 3 
1029 1 1034 4 
1033 2 1034 1 
1031 3 1036 4 
1036 2 1037 4 
1035 3 1037 1 
1037 3 1038 2 
1036 3 1038 1 
1037 2 1039 3 
1035 2 1039 4 
1009 1 1040 2 
1015 2 1040 3 
1038 4 1040 4 
1039 2 1041 1 
1040 1 1042 3 
1038 3 1042 4 
1041 4 1042 1 
1011 4 1043 3 
1042 2 1043 4 
1041 3 1043 1 
1011 1 1044 4 
1043 2 1044 1 
1044 2 1045 4 
1045 3 1046 2 
1026 4 1046 3 
1028 2 1046 4 
1044 3 1046 1 
1026 1 1047 4 
1045 2 1047 1 
1036 1 1048 2 
1031 2 1048 3 
1035 4 1049 3 
1048 1 1049 4 
938 4 1050 2 
936 1 1050 3 
1050 1 1051 2 
1021 4 1051 1 
1052 1 1053 2 
1023 4 1055 2 
1024 1 1055 3 
1054 3 1055 4 
1055 1 1056 2 
1054 2 1056 3 
1054 1 1057 1 
1057 3 1058 2 
1057 2 1059 3 
1054 4 1059 4 
1051 4 1059 1 
1060 2 1062 4 
1061 3 1062 1 
1060 3 1063 3 
1062 3 1063 4 
1051 3 1064 2 
1050 4 1064 3 
1063 2 1064 4 
1062 2 1065 3 
1061 2 1065 4 
1065 2 1066 3 
1064 1 1067 3 
1063 1 1067 4 
1066 2 1067 1 
1066 4 1068 2 
1065 1 1068 3 
1058 3 1069 2 
1059 2 1069 3 
1067 2 1069 4 
1066 1 1069 1 
937 4 1070 2 
1060 4 1070 1 
1060 1 1071 2 
1070 4 1071 3 
1071 1 1072 2 
1061 4 1072 1 
1072 3 1073 3 
1061 1 1074 2 
1074 3 1075 2 
1072 4 1075 3 
1073 2 1075 4 
1076 3 1077 2 
1068 4 1077 3 
1074 1 1077 4 
1057 4 1079 2 
1058 1 1079 3 
1080 2 1082 4 
1081 3 1082 1 
1080 3 1083 3 
1082 3 1083 4 
1079 4 1084 3 
1083 2 1084 4 
1082 2 1085 3 
1081 2 1085 4 
1085 2 1086 3 
1084 1 1087 3 
1083 1 1087 4 
1086 2 1087 1 
1086 4 1088 2 
1085 1 1088 3 
1087 2 1089 4 
1086 1 1089 1 
1076 1 1090 3 
1080 4 1090 1 
1074 4 1092 2 
1075 1 1092 3 
1091 4 1092 1 
1091 1 1093 2 
1092 4 1093 3 
1078 1 1094 4 
1076 4 1095 3 
1077 1 1095 4 
1094 2 1095 1 
1095 2 1096 3 
1094 1 1096 4 
1094 3 1097 2 
1091 3 1097 3 
1078 2 1097 1 
1096 1 1098 3 
1081 4 1099 1 
1080 1 1100 2 
1090 4 1100 3 
1096 2 1100 4 
1099 2 1100 1 
1098 2 1101 4 
1099 3 1102 3 
1101 3 1102 4 
1068 1 1103 2 
1076 2 1103 3 
1090 2 1103 4 
1058 4 1103 1 
1025 4 1104 2 
1023 1 1104 3 
1089 3 1105 4 
1105 3 1106 2 
1056 4 1106 3 
1079 1 1106 4 
1084 2 1106 1 
1105 2 1107 3 
1104 4 1108 3 
1056 1 1108 4 
1107 2 1108 1 
1109 3 1110 3 
1104 1 1110 4 
1108 2 1110 1 
1105 1 1112 2 
1089 2 1112 3 
1111 4 1112 4 
1112 1 1114 3 
1111 3 1114 4 
1113 4 1114 1 
1107 4 1115 3 
1114 2 1115 4 
1113 3 1115 1 
1107 1 1116 4 
1115 2 1116 1 
1116 2 1117 4 
1117 3 1118 2 
1109 4 1118 3 
1110 2 1118 4 
1116 3 1118 1 
1032 3 1119 2 
1053 1 1119 4 
1048 4 1119 1 
1119 3 1120 2 
1032 2 1120 3 
1109 2 1120 4 
1102 1 1121 2 
1101 2 1121 3 
1081 1 1122 2 
1122 3 1123 2 
1099 4 1123 3 
1102 2 1123 4 
1122 4 1124 2 
1123 1 1124 3 
1124 4 1125 3 
1121 1 1125 4 
1124 1 1126 2 
1125 2 1126 3 
1088 4 1127 3 
1122 1 1127 4 
1111 1 1128 2 
1128 3 1129 3 
1088 1 1129 4 
1127 2 1129 1 
1128 4 1130 3 
1129 2 1130 4 
1127 1 1131 4 
1113 1 1132 4 
1111 2 1132 1 
1117 2 1133 3 
1052 3 1133 1 
1052 2 1134 2 
1120 1 1134 3 
1109 1 1134 4 
1133 2 1134 1 
1135 3 1136 4 
1136 1 1137 3 
1135 2 1137 4 
1125 1 1137 1 
1126 4 1138 2 
1135 1 1138 3 
1136 2 1139 4 
1139 2 1140 1 
1140 2 1141 4 
1139 1 1141 1 
1140 3 1142 1 
1131 1 1143 2 
1126 1 1143 3 
1138 1 1143 4 
1144 4 1146 3 
1146 1 1147 3 
1145 1 1147 4 
1146 2 1148 4 
1147 2 1148 1 
1148 3 1149 1 
1149 3 1150 4 
1148 2 1151 2 
1149 2 1151 1 
1144 1 1152 3 
1149 4 1152 4 
1150 3 1152 1 
1153 2 1154 1 
1153 4 1155 2 
1144 2 1155 4 
1152 2 1155 1 
966 3 1157 2 
1156 3 1157 1 
1154 2 1158 4 
1153 1 1158 1 
1158 2 1159 1 
1158 3 1160 2 
1159 4 1160 3 
951 3 1160 4 
1156 2 1160 1 
1147 1 1161 3 
1145 4 1161 4 
1161 1 1162 4 
1162 2 1163 2 
1163 1 1165 4 
1164 2 1165 1 
1073 4 1166 3 
1165 2 1166 4 
1164 1 1166 1 
1161 2 1167 4 
1162 3 1167 1 
1167 3 1168 4 
1071 4 1169 2 
1168 1 1169 3 
1167 2 1169 4 
1165 3 1169 1 
1151 3 1170 4 
1168 3 1170 1 
1159 2 1171 4 
1150 2 1171 1 
933 4 1172 2 
1172 1 1173 2 
935 1 1173 1 
1172 4 1174 2 
1150 1 1174 3 
1151 4 1174 4 
1173 3 1174 1 
1175 4 1176 2 
865 1 1176 3 
866 1 1176 4 
1175 3 1177 4 
1177 3 1178 2 
922 1 1178 4 
865 2 1178 1 
1177 2 1179 4 
922 2 1180 4 
1178 3 1180 1 
1179 3 1181 4 
1180 2 1182 1 
1182 2 1183 4 
1181 3 1183 1 
1183 3 1184 2 
1182 3 1184 1 
1183 2 1185 3 
1181 2 1185 4 
877 2 1186 3 
1180 3 1186 4 
1182 4 1186 1 
1181 1 1187 4 
1179 2 1187 1 
1188 3 1189 2 
1188 2 1190 3 
1186 2 1190 1 
1189 3 1191 2 
1190 2 1191 3 
1184 4 1191 4 
915 1 1192 2 
894 4 1192 3 
1190 4 1192 4 
1188 1 1192 1 
924 3 1193 2 
923 4 1193 3 
1188 4 1193 4 
1189 1 1193 1 
1185 2 1194 1 
1191 1 1195 3 
1184 3 1195 4 
1194 4 1195 1 
1195 2 1196 4 
1194 3 1196 1 
1189 4 1197 2 
1196 3 1197 3 
1197 4 1198 3 
1198 4 1199 3 
1196 2 1199 4 
1194 2 1200 4 
1185 1 1200 1 
1200 2 1201 3 
1187 3 1201 4 
1201 2 1202 3 
1199 1 1203 3 
1200 3 1203 4 
1202 2 1203 1 
1202 4 1204 2 
1201 1 1204 3 
1203 2 1205 4 
1202 1 1205 1 
1198 1 1206 2 
1199 2 1206 3 
1197 1 1207 4 
1198 2 1207 1 
1207 3 1208 4 
835 3 1209 3 
924 4 1209 4 
1208 3 1209 1 
852 1 1210 2 
1209 2 1210 3 
1208 2 1210 4 
853 3 1210 1 
1206 1 1211 3 
1208 1 1212 3 
1207 2 1212 4 
1211 2 1212 1 
853 4 1213 2 
1212 2 1213 3 
854 3 1213 1 
1211 1 1214 4 
1214 3 1215 4 
854 4 1216 2 
1213 4 1216 3 
1215 3 1216 4 
925 4 1217 2 
1216 1 1217 3 
1215 2 1217 4 
1157 4 1218 2 
1215 1 1218 3 
1214 2 1218 4 
1156 4 1218 1 
1205 3 1219 4 
1153 3 1220 2 
1219 2 1220 4 
1155 3 1220 1 
1220 3 1221 2 
1219 3 1221 1 
1211 4 1222 2 
1206 4 1222 3 
1221 4 1222 4 
1222 1 1223 3 
1221 3 1223 4 
1154 4 1223 1 
1156 1 1224 2 
1214 1 1224 3 
1223 2 1224 4 
1154 3 1224 1 
1204 1 1225 4 
1219 1 1226 2 
1205 2 1226 3 
1225 3 1226 4 
1144 3 1226 1 
969 1 1227 2 
1217 1 1227 3 
1157 3 1227 4 
966 2 1227 1 
945 4 1228 2 
1159 3 1228 3 
1171 3 1228 4 
943 4 1228 1 
943 1 1229 2 
1171 2 1229 3 
1172 3 1229 4 
933 3 1229 1 
935 2 1230 2 
1173 4 1230 3 
1170 3 1230 4 
937 2 1230 1 
937 3 1231 2 
1170 2 1231 3 
1168 2 1231 4 
1070 3 1231 1 
1179 1 1232 3 
1177 1 1232 4 
1146 4 1233 2 
1225 2 1233 3 
1233 1 1234 2 
1145 2 1234 1 
1073 1 1235 2 
1166 2 1235 3 
1093 4 1235 1 
1091 2 1236 2 
1097 4 1236 1 
1078 4 1237 2 
1098 4 1237 1 
1101 1 1238 2 
1098 1 1238 3 
1137 2 1239 2 
1141 2 1239 1 
1241 4 1243 2 
1242 4 1244 2 
1241 1 1244 3 
1243 1 1244 4 
1242 1 1245 3 
1244 1 1245 4 
1242 2 1246 3 
1246 4 1247 1 
1246 2 1248 3 
1242 3 1249 4 
1248 2 1249 1 
1241 2 1250 3 
1249 3 1250 4 
1250 2 1251 1 
1241 3 1252 4 
1251 4 1252 1 
1252 3 1253 2 
1252 2 1254 4 
1251 3 1254 1 
1253 3 1255 1 
1254 3 1256 4 
1255 2 1257 1 
1257 2 1258 4 
1256 3 1258 1 
1258 3 1259 2 
1257 3 1259 1 
1258 2 1260 3 
1256 2 1260 4 
1255 3 1261 4 
1257 4 1261 1 
1256 1 1262 4 
1254 2 1262 1 
1251 2 1263 4 
1250 1 1263 1 
1262 2 1264 3 
1263 3 1264 4 
1264 1 1265 4 
1263 2 1265 1 
1249 2 1266 4 
1248 1 1266 1 
1266 3 1267 4 
1265 2 1268 4 
1267 3 1268 1 
1265 3 1269 3 
1268 3 1269 4 
1264 2 1270 3 
1270 4 1271 3 
1269 2 1271 4 
1272 3 1273 2 
1272 2 1274 3 
1261 2 1274 1 
1273 3 1275 2 
1274 2 1275 3 
1259 4 1275 4 
1274 4 1276 4 
1272 1 1276 1 
1272 4 1277 4 
1273 1 1277 1 
1236 3 1278 3 
1277 2 1278 1 
1277 3 1279 2 
1278 4 1279 3 
1093 1 1279 4 
1260 2 1280 1 
1275 1 1281 3 
1259 3 1281 4 
1280 4 1281 1 
1281 2 1282 4 
1280 3 1282 1 
1273 4 1283 2 
1282 3 1283 3 
1283 4 1284 3 
1284 4 1285 3 
1282 2 1285 4 
1280 2 1286 4 
1260 1 1286 1 
1286 2 1287 3 
1262 3 1287 4 
1287 2 1288 3 
1285 1 1289 3 
1286 3 1289 4 
1288 2 1289 1 
1288 4 1290 2 
1287 1 1290 3 
1289 2 1291 4 
1288 1 1291 1 
1284 1 1292 2 
1285 2 1292 3 
1283 1 1293 4 
1284 2 1293 1 
1293 3 1294 4 
1236 4 1295 3 
1278 2 1295 4 
1294 3 1295 1 
1078 3 1296 2 
1295 2 1296 3 
1294 2 1296 4 
1237 3 1296 1 
1292 1 1297 3 
1294 1 1298 3 
1293 2 1298 4 
1297 2 1298 1 
1237 4 1299 2 
1298 2 1299 3 
1238 4 1299 1 
1297 1 1300 4 
1300 3 1301 4 
1238 1 1302 2 
1299 4 1302 3 
1301 3 1302 4 
1121 4 1303 2 
1302 1 1303 3 
1301 2 1303 4 
1239 3 1303 1 
1301 1 1305 3 
1300 2 1305 4 
1304 4 1305 1 
1141 3 1306 2 
1239 4 1306 3 
1305 2 1306 4 
1304 3 1306 1 
1291 3 1308 4 
1308 2 1309 4 
1307 3 1309 1 
1309 3 1310 2 
1308 3 1310 1 
1309 2 1311 3 
1307 2 1311 4 
1297 4 1312 2 
1292 4 1312 3 
1310 4 1312 4 
1311 2 1313 1 
1312 1 1314 3 
1310 3 1314 4 
1313 4 1314 1 
1304 1 1315 2 
1300 1 1315 3 
1314 2 1315 4 
1313 3 1315 1 
1313 2 1316 4 
1311 1 1316 1 
1142 2 1317 2 
1304 2 1317 3 
1316 3 1317 4 
1240 3 1318 3 
1317 1 1318 4 
1316 2 1318 1 
1319 3 1320 2 
1290 1 1320 4 
1319 2 1321 3 
1307 4 1322 3 
1321 2 1322 1 
1308 1 1323 2 
1291 2 1323 3 
1320 3 1323 4 
1322 4 1323 1 
1320 1 1324 2 
1290 4 1324 3 
1270 2 1324 4 
1319 4 1325 3 
1271 2 1326 3 
1325 1 1326 1 
1325 4 1327 2 
1324 1 1327 3 
1270 1 1327 4 
1326 2 1327 1 
1268 2 1328 3 
1267 2 1328 4 
1328 2 1329 3 
1271 1 1330 3 
1269 1 1330 4 
1329 2 1330 1 
1267 1 1331 2 
1266 2 1331 3 
1329 4 1332 2 
1328 1 1332 3 
1333 3 1334 2 
1332 4 1334 3 
1331 1 1334 4 
1332 1 1335 2 
1333 2 1335 3 
1240 4 1337 3 
1318 2 1337 4 
1336 2 1337 1 
1336 3 1338 3 
1307 1 1338 4 
1322 2 1338 1 
1326 4 1339 3 
1339 4 1340 3 
1330 2 1340 4 
1329 1 1340 1 
1339 2 1341 4 
1340 2 1343 3 
1335 1 1343 4 
1342 1 1343 1 
1342 4 1344 2 
1341 1 1344 3 
1339 1 1344 4 
1343 2 1344 1 
1341 3 1346 4 
1346 2 1347 4 
1345 3 1347 1 
1347 3 1348 2 
1346 3 1348 1 
1347 2 1349 3 
1345 2 1349 4 
1319 1 1350 2 
1325 2 1350 3 
1348 4 1350 4 
1349 2 1351 1 
1350 1 1352 3 
1348 3 1352 4 
1351 4 1352 1 
1321 4 1353 3 
1352 2 1353 4 
1351 3 1353 1 
1321 1 1354 4 
1353 2 1354 1 
1354 2 1355 4 
1355 3 1356 2 
1336 4 1356 3 
1338 2 1356 4 
1354 3 1356 1 
1336 1 1357 4 
1355 2 1357 1 
1346 1 1358 2 
1341 2 1358 3 
1345 4 1359 3 
1358 1 1359 4 
1248 4 1360 2 
1246 1 1360 3 
1360 1 1361 2 
1331 4 1361 1 
1362 1 1363 2 
1333 4 1365 2 
1334 1 1365 3 
1364 3 1365 4 
1365 1 1366 2 
1364 2 1366 3 
1364 1 1367 1 
1367 3 1368 2 
1367 2 1369 3 
1364 4 1369 4 
1361 4 1369 1 
1370 2 1372 4 
1371 3 1372 1 
1370 3 1373 3 
1372 3 1373 4 
1361 3 1374 2 
1360 4 1374 3 
1373 2 1374 4 
1372 2 1375 3 
1371 2 1375 4 
1375 2 1376 3 
1374 1 1377 3 
1373 1 1377 4 
1376 2 1377 1 
1376 4 1378 2 
1375 1 1378 3 
1368 3 1379 2 
1369 2 1379 3 
1377 2 1379 4 
1376 1 1379 1 
1247 4 1380 2 
1370 4 1380 1 
1370 1 1381 2 
1380 4 1381 3 
1381 1 1382 2 
1371 4 1382 1 
1382 3 1383 3 
1371 1 1384 2 
1384 3 1385 2 
1382 4 1385 3 
1383 2 1385 4 
1386 3 1387 2 
1378 4 1387 3 
1384 1 1387 4 
56 2 1388 3 
1367 4 1389 2 
1368 1 1389 3 
1390 2 1392 4 
1391 3 1392 1 
1390 3 1393 3 
1392 3 1393 4 
1389 4 1394 3 
1393 2 1394 4 
1392 2 1395 3 
1391 2 1395 4 
1395 2 1396 3 
1394 1 1397 3 
1393 1 1397 4 
1396 2 1397 1 
1396 4 1398 2 
1395 1 1398 3 
1397 2 1399 4 
1396 1 1399 1 
1386 1 1400 3 
1390 4 1400 1 
1384 4 1402 2 
1385 1 1402 3 
1401 4 1402 1 
1401 1 1403 2 
1402 4 1403 3 
39 4 1403 1 
1388 1 1404 4 
1386 4 1405 3 
1387 1 1405 4 
1404 2 1405 1 
1405 2 1406 3 
1404 1 1406 4 
1404 3 1407 2 
1401 3 1407 3 
1388 2 1407 1 
1406 1 1408 3 
1391 4 1409 1 
1390 1 1410 2 
1400 4 1410 3 
1406 2 1410 4 
1409 2 1410 1 
1408 2 1411 4 
1409 3 1412 3 
1411 3 1412 4 
1378 1 1413 2 
1386 2 1413 3 
1400 2 1413 4 
1368 4 1413 1 
1335 4 1414 2 
1333 1 1414 3 
1399 3 1415 4 
1415 3 1416 2 
1366 4 1416 3 
1389 1 1416 4 
1394 2 1416 1 
1415 2 1417 3 
1414 4 1418 3 
1366 1 1418 4 
1417 2 1418 1 
1419 3 1420 3 
1414 1 1420 4 
1418 2 1420 1 
1415 1 1422 2 
1399 2 1422 3 
1421 4 1422 4 
1422 1 1424 3 
1421 3 1424 4 
1423 4 1424 1 
1417 4 1425 3 
1424 2 1425 4 
1423 3 1425 1 
1417 1 1426 4 
1425 2 1426 1 
1426 2 1427 4 
1427 3 1428 2 
1419 4 1428 3 
1420 2 1428 4 
1426 3 1428 1 
1342 3 1429 2 
1363 1 1429 4 
1358 4 1429 1 
1429 3 1430 2 
1342 2 1430 3 
1419 2 1430 4 
1412 1 1431 2 
1411 2 1431 3 
63 2 1431 4 
1391 1 1432 2 
1432 3 1433 2 
1409 4 1433 3 
1412 2 1433 4 
1432 4 1434 2 
1433 1 1434 3 
1434 4 1435 3 
1431 1 1435 4 
1434 1 1436 2 
1435 2 1436 3 
1398 4 1437 3 
1432 1 1437 4 
1421 1 1438 2 
1438 3 1439 3 
1398 1 1439 4 
1437 2 1439 1 
1438 4 1440 3 
1439 2 1440 4 
1437 1 1441 4 
1423 1 1442 4 
1421 2 1442 1 
1427 2 1443 3 
1362 3 1443 1 
1362 2 1444 2 
1430 1 1444 3 
1419 1 1444 4 
1443 2 1444 1 
1445 3 1446 4 
1446 1 1447 3 
1445 2 1447 4 
1435 1 1447 1 
1436 4 1448 2 
1445 1 1448 3 
1446 2 1449 4 
1449 2 1450 1 
66 2 1451 3 
1450 2 1451 4 
1449 1 1451 1 
77 2 1452 2 
1450 3 1452 1 
1441 1 1453 2 
1436 1 1453 3 
1448 1 1453 4 
279 3 1455 3 
1454 4 1456 3 
1456 1 1457 3 
1455 1 1457 4 
1456 2 1458 4 
1457 2 1458 1 
1458 3 1459 1 
1459 3 1460 4 
1458 2 1461 2 
1459 2 1461 1 
1454 1 1462 3 
1459 4 1462 4 
1460 3 1462 1 
1463 2 1464 1 
1463 4 1465 2 
1454 2 1465 4 
1462 2 1465 1 
1276 3 1467 2 
1466 3 1467 1 
1464 2 1468 4 
1463 1 1468 1 
1468 2 1469 1 
1468 3 1470 2 
1469 4 1470 3 
1261 3 1470 4 
1466 2 1470 1 
1457 1 1471 3 
1455 4 1471 4 
1471 1 1472 4 
280 2 1472 1 
1472 2 1473 2 
280 1 1473 3 
283 2 1473 4 
283 1 1474 3 
286 2 1474 4 
1473 1 1475 4 
1474 2 1475 1 
1383 4 1476 3 
1475 2 1476 4 
1474 1 1476 1 
1471 2 1477 4 
1472 3 1477 1 
1477 3 1478 4 
1381 4 1479 2 
1478 1 1479 3 
1477 2 1479 4 
1475 3 1479 1 
1461 3 1480 4 
1478 3 1480 1 
1469 2 1481 4 
1460 2 1481 1 
1243 4 1482 2 
1482 1 1483 2 
1245 1 1483 1 
1482 4 1484 2 
1460 1 1484 3 
1461 4 1484 4 
1483 3 1484 1 
248 1 1485 2 
246 3 1485 1 
1485 4 1486 2 
1175 1 1486 3 
1176 1 1486 4 
246 4 1486 1 
1485 3 1487 4 
1487 3 1488 2 
1232 1 1488 4 
1175 2 1488 1 
1487 2 1489 4 
1232 2 1490 4 
1488 3 1490 1 
1489 3 1491 4 
1490 2 1492 1 
1492 2 1493 4 
1491 3 1493 1 
1493 3 1494 2 
1492 3 1494 1 
1493 2 1495 3 
1491 2 1495 4 
1187 2 1496 3 
1490 3 1496 4 
1492 4 1496 1 
256 3 1497 2 
1491 1 1497 4 
1489 2 1497 1 
1498 3 1499 2 
1498 2 1500 3 
1496 2 1500 1 
1499 3 1501 2 
1500 2 1501 3 
1494 4 1501 4 
1225 1 1502 2 
1204 4 1502 3 
1500 4 1502 4 
1498 1 1502 1 
1234 3 1503 2 
1233 4 1503 3 
1498 4 1503 4 
1499 1 1503 1 
1495 2 1504 1 
1501 1 1505 3 
1494 3 1505 4 
1504 4 1505 1 
1505 2 1506 4 
1504 3 1506 1 
1499 4 1507 2 
1506 3 1507 3 
1507 4 1508 3 
1508 4 1509 3 
1506 2 1509 4 
1504 2 1510 4 
1495 1 1510 1 
1510 2 1511 3 
1497 3 1511 4 
1511 2 1512 3 
1509 1 1513 3 
1510 3 1513 4 
1512 2 1513 1 
1512 4 1514 2 
1511 1 1514 3 
262 3 1514 4 
1513 2 1515 4 
1512 1 1515 1 
1508 1 1516 2 
1509 2 1516 3 
1507 1 1517 4 
1508 2 1517 1 
1517 3 1518 4 
1145 3 1519 3 
1234 4 1519 4 
1518 3 1519 1 
1162 1 1520 2 
1519 2 1520 3 
1518 2 1520 4 
1163 3 1520 1 
1516 1 1521 3 
1518 1 1522 3 
1517 2 1522 4 
1521 2 1522 1 
1163 4 1523 2 
1522 2 1523 3 
1164 3 1523 1 
1521 1 1524 4 
1524 3 1525 4 
1164 4 1526 2 
1523 4 1526 3 
1525 3 1526 4 
1235 4 1527 2 
1526 1 1527 3 
1525 2 1527 4 
1467 4 1528 2 
1525 1 1528 3 
1524 2 1528 4 
1466 4 1528 1 
1515 3 1529 4 
1463 3 1530 2 
1529 2 1530 4 
1465 3 1530 1 
1530 3 1531 2 
1529 3 1531 1 
1521 4 1532 2 
1516 4 1532 3 
1531 4 1532 4 
1532 1 1533 3 
1531 3 1533 4 
1464 4 1533 1 
1466 1 1534 2 
1524 1 1534 3 
1533 2 1534 4 
1464 3 1534 1 
1514 1 1535 4 
262 2 1535 1 
1529 1 1536 2 
1515 2 1536 3 
1535 3 1536 4 
1454 3 1536 1 
1279 1 1537 2 
1527 1 1537 3 
1467 3 1537 4 
1276 2 1537 1 
1255 4 1538 2 
1469 3 1538 3 
1481 3 1538 4 
1253 4 1538 1 
1253 1 1539 2 
1481 2 1539 3 
1482 3 1539 4 
1243 3 1539 1 
1245 2 1540 2 
1483 4 1540 3 
1480 3 1540 4 
1247 2 1540 1 
1247 3 1541 2 
1480 2 1541 3 
1478 2 1541 4 
1380 3 1541 1 
250 4 1542 2 
1489 1 1542 3 
1487 1 1542 4 
248 4 1542 1 
1456 4 1543 2 
1535 2 1543 3 
263 3 1543 4 
1543 1 1544 2 
263 2 1544 3 
279 4 1544 4 
1455 2 1544 1 
1383 1 1545 2 
1476 2 1545 3 
287 2 1545 4 
1403 4 1545 1 
1401 2 1546 2 
38 3 1546 3 
55 3 1546 4 
1407 4 1546 1 
1388 4 1547 2 
56 1 1547 3 
59 2 1547 4 
1408 4 1547 1 
1411 1 1548 2 
1408 1 1548 3 
59 1 1548 4 
62 2 1548 1 
1447 2 1549 2 
63 1 1549 3 
66 3 1549 4 
1451 2 1549 1 
78 3 1550 3 
97 3 1550 4 
