41 2
41 3
42 4
42 1
42 2
42 3
43 4
43 1
43 2
43 3
44 2
44 3
44 4
45 1
45 2
45 3
65 4
65 1
65 2
65 3
66 1
66 2
66 3
46 2
46 3
47 4
47 1
47 2
47 3
48 4
48 1
48 2
48 3
49 2
49 3
49 4
50 1
50 2
50 3
67 4
67 1
67 2
67 3
68 1
68 2
68 3
51 2
51 3
52 4
52 1
52 2
52 3
53 4
53 1
53 2
53 3
54 2
54 3
54 4
55 1
55 2
55 3
69 4
69 1
69 2
69 3
70 1
70 2
70 3
56 2
56 3
57 4
57 1
57 2
57 3
58 4
58 1
58 2
58 3
59 2
59 3
59 4
60 1
60 2
60 3
61 4
61 1
61 2
61 3
62 1
62 2
62 3
36 2
36 3
37 4
37 1
37 2
37 3
38 4
38 1
38 2
38 3
39 2
39 3
39 4
40 1
40 2
40 3
63 4
63 1
63 2
63 3
64 1
64 2
64 3
41 2