1 4 2 1 
2 4 3 1 
3 4 4 1 
1 1 5 4 
4 4 5 1 
1 2 6 4 
5 3 6 1 
2 2 7 4 
1 3 7 1 
3 2 8 4 
2 3 8 1 
4 2 9 4 
3 3 9 1 
5 2 10 4 
4 3 10 1 
10 3 11 1 
6 2 12 4 
11 4 12 1 
12 3 13 1 
13 4 14 2 
6 3 14 1 
7 2 15 4 
14 4 15 1 
15 3 16 1 
16 4 17 2 
7 3 17 1 
8 2 18 4 
17 4 18 1 
18 3 19 1 
19 4 20 2 
8 3 20 1 
9 2 21 4 
20 4 21 1 
21 3 22 1 
22 4 23 2 
9 3 23 1 
10 2 24 4 
23 4 24 1 
11 2 25 4 
24 3 25 1 
11 3 26 4 
25 3 26 1 
13 2 27 4 
12 2 27 1 
14 3 28 4 
13 3 28 1 
16 2 29 4 
15 2 29 1 
17 3 30 4 
16 3 30 1 
19 2 31 4 
18 2 31 1 
20 3 32 4 
19 3 32 1 
22 2 33 4 
21 2 33 1 
23 3 34 4 
22 3 34 1 
25 2 35 4 
24 2 35 1 
35 3 36 1 
26 2 37 4 
36 4 37 1 
26 3 38 4 
37 3 38 1 
38 3 39 1 
39 4 40 2 
27 2 40 1 
40 4 41 2 
27 3 41 1 
28 2 42 4 
41 4 42 1 
28 3 43 4 
42 3 43 1 
43 3 44 1 
44 4 45 2 
29 2 45 1 
45 4 46 2 
29 3 46 1 
30 2 47 4 
46 4 47 1 
30 3 48 4 
47 3 48 1 
48 3 49 1 
49 4 50 2 
31 2 50 1 
50 4 51 2 
31 3 51 1 
32 2 52 4 
51 4 52 1 
32 3 53 4 
52 3 53 1 
53 3 54 1 
54 4 55 2 
33 2 55 1 
55 4 56 2 
33 3 56 1 
34 2 57 4 
56 4 57 1 
34 3 58 4 
57 3 58 1 
58 3 59 1 
59 4 60 2 
36 2 60 4 
35 2 60 1 
60 3 61 4 
59 3 61 1 
36 3 62 4 
62 3 63 1 
63 4 64 2 
37 2 64 1 
39 2 65 4 
38 2 65 1 
40 3 66 4 
39 3 66 1 
41 3 67 4 
67 3 68 1 
68 4 69 2 
42 2 69 1 
44 2 70 4 
43 2 70 1 
45 3 71 4 
44 3 71 1 
46 3 72 4 
72 3 73 1 
73 4 74 2 
47 2 74 1 
49 2 75 4 
48 2 75 1 
50 3 76 4 
49 3 76 1 
51 3 77 4 
77 3 78 1 
78 4 79 2 
52 2 79 1 
54 2 80 4 
53 2 80 1 
55 3 81 4 
54 3 81 1 
56 3 82 4 
82 3 83 1 
83 4 84 2 
57 2 84 1 
59 2 85 4 
58 2 85 1 
85 3 86 1 
61 2 87 4 
86 4 87 1 
65 3 88 1 
66 2 89 4 
88 4 89 1 
70 3 90 1 
71 2 91 4 
90 4 91 1 
75 3 92 1 
76 2 93 4 
92 4 93 1 
80 3 94 1 
81 2 95 4 
94 4 95 1 
84 4 96 2 
86 2 96 4 
85 2 96 1 
87 2 97 4 
86 3 97 1 
62 1 98 3 
61 3 98 4 
87 3 98 1 
64 4 99 2 
88 2 99 4 
65 2 99 1 
89 2 100 4 
88 3 100 1 
67 1 101 3 
66 3 101 4 
89 3 101 1 
69 4 102 2 
90 2 102 4 
70 2 102 1 
91 2 103 4 
90 3 103 1 
72 1 104 3 
71 3 104 4 
91 3 104 1 
74 4 105 2 
92 2 105 4 
75 2 105 1 
93 2 106 4 
92 3 106 1 
77 1 107 3 
76 3 107 4 
93 3 107 1 
79 4 108 2 
94 2 108 4 
80 2 108 1 
95 2 109 4 
94 3 109 1 
82 1 110 3 
81 3 110 4 
95 3 110 1 
