62 1
62 2
62 3
63 1
63 2
63 3
63 4
64 2
64 3
64 4
99 2
99 3
99 4
88 2
88 3
100 1
100 2
100 3
100 4
89 2
89 3
101 1
101 2
101 3
67 1
67 2
67 3
68 1
68 2
68 3
68 4
69 2
69 3
69 4
102 2
102 3
102 4
90 2
90 3
103 1
103 2
103 3
103 4
91 2
91 3
104 1
104 2
104 3
72 1
72 2
72 3
73 1
73 2
73 3
73 4
74 2
74 3
74 4
105 2
105 3
105 4
92 2
92 3
106 1
106 2
106 3
106 4
93 2
93 3
107 1
107 2
107 3
77 1
77 2
77 3
78 1
78 2
78 3
78 4
79 2
79 3
79 4
108 2
108 3
108 4
94 2
94 3
109 1
109 2
109 3
109 4
95 2
95 3
110 1
110 2
110 3
82 1
82 2
82 3
83 1
83 2
83 3
83 4
84 2
84 3
84 4
96 2
96 3
96 4
86 2
86 3
97 1
97 2
97 3
97 4
87 2
87 3
98 1
98 2
98 3