44 2 
44 3 
45 2 
45 3 
45 4 
46 1 
46 2 
46 3 
47 1 
47 2 
47 3 
48 4 
48 1 
48 2 
48 3 
49 4 
49 1 
49 2 
49 3 
50 2 
50 3 
50 4 
51 1 
51 2 
51 3 
52 1 
52 2 
52 3 
53 4 
53 1 
53 2 
53 3 
54 4 
54 1 
54 2 
54 3 
55 2 
55 3 
55 4 
56 1 
56 2 
56 3 
57 1 
57 2 
57 3 
58 4 
58 1 
58 2 
58 3 
59 4 
59 1 
59 2 
59 3 
60 2 
60 3 
60 4 
36 1 
36 2 
36 3 
37 1 
37 2 
37 3 
38 4 
38 1 
38 2 
38 3 
39 4 
39 1 
39 2 
39 3 
40 2 
40 3 
40 4 
41 1 
41 2 
41 3 
42 1 
42 2 
42 3 
43 4 
43 1 
43 2 
43 3 
44 4 
44 1 
