6 2 14 1
7 2 17 1
8 2 20 1
9 2 23 1
10 2 11 1
1 1 6 4
2 1 7 4
3 1 8 4
4 1 9 4
5 1 10 4
1 2 15 4
2 2 18 4
3 2 21 4
4 2 24 4
5 2 12 4
12 1 39 4
15 1 44 4
18 1 49 4
21 1 54 4
24 1 59 4
39 1 38 2
44 1 43 2
49 1 48 2
54 1 53 2
59 1 58 2
38 1 65 1
43 1 70 1
48 1 75 1
53 1 80 1
58 1 85 1
65 2 99 4
70 2 102 4
75 2 105 4
80 2 108 4
85 2 96 4
99 3 88 2
88 3 100 4
100 3 89 2
89 3 101 4
101 3 66 3
102 3 90 2
90 3 103 4
103 3 91 2
91 3 104 4
104 3 71 3
105 3 92 2
92 3 106 4
106 3 93 2
93 3 107 4
107 3 76 3
108 3 94 2
94 3 109 4
109 3 95 2
95 3 110 4
110 3 81 3
96 3 86 2
86 3 97 4
97 3 87 2
87 3 98 4
98 3 61 3
66 4 40 2
40 1 27 1
27 4 13 1
13 2 41 4
41 2 67 4
67 2 68 1
68 3 69 2
69 4 42 2
71 4 45 2
45 1 29 1
29 4 16 1
16 2 46 4
46 2 72 4
72 2 73 1
73 3 74 2
74 4 47 2
76 4 50 2
50 1 31 1
31 4 19 1
19 2 51 4
51 2 77 4
77 2 78 1
78 3 79 2
79 4 52 2
81 4 55 2
55 1 33 1
33 4 22 1
22 2 56 4
56 2 82 4
82 2 83 1
83 3 84 2
84 4 57 2
61 4 60 2
60 1 35 1
35 4 25 1
25 2 36 4
36 2 62 4
62 2 63 1
63 3 64 2
64 4 37 2
42 4 28 1
28 3 14 3
47 4 30 1
30 3 17 3
52 4 32 1
32 3 20 3
57 4 34 1
34 3 23 3
37 4 26 1
26 3 11 3