162.001 216.805 162.001 260.715 203.762 247.146 203.762 203.236
203.762 247.146 245.523 260.715 245.523 216.805 203.762 203.236
245.523 216.805 271.332 181.281 229.571 167.712 203.762 203.236
229.571 167.712 203.762 132.188 177.952 167.712 203.762 203.236
177.952 167.712 136.191 181.281 162.001 216.805 203.762 203.236
136.191 181.281 136.191 225.191 162.001 260.715 162.001 216.805
162.001 260.715 203.762 274.284 245.523 260.715 203.762 247.146
245.523 260.715 271.332 225.191 271.332 181.281 245.523 216.805 
271.332 181.281 245.523 145.757 203.762 132.188 229.571 167.712
203.762 132.188 162.001 145.757 136.191 181.281 177.952 167.712
162.001 145.757 120.240 132.188 094.430 167.712 136.191 181.281
094.430 167.712 094.430 211.622 136.191 225.191 136.191 181.281
094.430 211.622 068.621 247.146 110.381 260.715 136.191 225.191
136.191 225.191 110.381 260.715 136.191 296.239 162.001 260.715
136.191 296.239 177.952 309.808 203.762 274.284 162.001 260.715
177.952 309.808 203.762 345.332 229.571 309.808 203.762 274.284
203.762 274.284 229.571 309.808 271.332 296.239 245.523 260.715
271.332 296.239 297.142 260.715 271.332 225.191 245.523 260.715
297.142 260.715 338.903 247.146 313.093 211.622 271.332 225.191
271.332 225.191 313.093 211.622 313.093 167.712 271.332 181.281
313.093 167.712 287.284 132.188 245.523 145.757 271.332 181.281
287.284 132.188 287.284 088.278 245.523 101.847 245.523 145.757
245.523 145.757 245.523 101.847 203.762 088.278 203.762 132.188
203.762 088.278 162.001 101.847 162.001 145.757 203.762 132.188
162.001 101.847 120.240 088.278 120.240 132.188 162.001 145.757
120.240 088.278 094.430 123.802 094.430 167.712 120.240 132.188
094.430 167.712 068.621 203.236 068.621 247.146 094.430 211.622
068.621 247.146 094.430 282.670 136.191 296.239 110.381 260.715
136.191 296.239 162.001 331.763 203.762 345.332 177.952 309.808
203.762 345.332 245.523 331.763 271.332 296.239 229.571 309.808
271.332 296.239 313.093 282.670 338.903 247.146 297.142 260.715
338.903 247.146 338.903 203.236 313.093 167.712 313.093 211.622
313.093 167.712 313.093 123.802 287.284 088.278 287.284 132.188
287.284 088.278 245.523 074.709 203.762 088.278 245.523 101.847
203.762 088.278 162.001 074.709 120.240 088.278 162.001 101.847
162.001 074.709 136.191 039.185 094.430 052.754 120.240 088.278
094.430 052.754 068.621 088.278 094.430 123.802 120.240 088.278
068.621 088.278 068.621 132.188 094.430 167.712 094.430 123.802 
068.621 132.188 026.860 145.757 052.669 181.281 094.430 167.712 
094.430 167.712 052.669 181.281 026.860 216.805 068.621 203.236
068.621 203.236 026.860 216.805 026.860 260.715 068.621 247.146
026.860 260.715 052.669 296.239 094.430 282.670 068.621 247.146
052.669 296.239 094.430 309.808 136.191 296.239 094.430 282.670
094.430 309.808 094.430 353.718 136.191 340.149 136.191 296.239
136.191 296.239 136.191 340.149 162.001 375.673 162.001 331.763
162.001 331.763 162.001 375.673 203.762 389.242 203.762 345.332
203.762 389.242 245.523 375.673 245.523 331.763 203.762 345.332
245.523 375.673 271.332 340.149 271.332 296.239 245.523 331.763
271.332 340.149 313.093 353.718 313.093 309.808 271.332 296.239
271.332 296.239 313.093 309.808 354.854 296.239 313.093 282.670
313.093 282.670 354.854 296.239 380.664 260.715 338.903 247.146
380.664 260.715 380.664 216.805 338.903 203.236 338.903 247.146
380.664 216.805 354.854 181.281 313.093 167.712 338.903 203.236
354.854 181.281 380.664 145.757 338.903 132.188 313.093 167.712
313.093 167.712 338.903 132.188 338.903 088.278 313.093 123.802
313.093 123.802 338.903 088.278 313.093 052.669 287.284 088.278
313.093 052.669 271.332 039.185 245.523 074.709 287.284 088.278
271.332 039.185 229.571 052.754 203.762 088.278 245.523 074.709
229.571 052.754 203.762 017.230 177.952 052.669 203.762 088.278
203.762 088.278 177.952 052.669 136.191 039.185 162.001 074.709