1 2 2 1 
1 2 3 4 
1 3 2 4 
2 1 3 4 
2 2 3 3 
2 2 4 4 
2 2 5 1 
2 3 5 4 
3 1 6 1 
3 1 8 4 
3 1 9 1 
3 2 4 1 
3 2 6 4 
3 3 4 4 
3 3 5 1 
4 1 6 4 
4 2 6 3 
4 2 7 1 
4 2 10 4 
4 2 11 4 
4 3 5 2 
4 3 7 4 
4 4 5 1 
5 2 7 4 
5 3 7 3 
5 3 12 3 
6 1 8 4 
6 1 9 1 
6 2 9 4 
6 2 10 1 
6 3 7 1 
6 3 10 4 
6 3 11 4 
7 1 10 4 
7 1 11 4 
7 2 11 3 
7 2 12 4 
7 3 12 3 
8 1 13 4 
8 2 13 3 
8 2 14 1 
8 2 18 4 
8 2 19 4 
8 3 9 2 
8 3 14 4 
8 4 9 1 
9 2 14 4 
9 3 10 2 
9 3 14 3 
9 3 15 4 
9 3 22 3 
9 4 10 1 
10 2 14 3 
10 2 15 4 
10 2 22 3 
10 3 11 1 
10 3 15 3 
10 3 16 4 
10 3 17 1 
10 4 11 4 
11 1 15 3 
11 1 16 4 
11 1 17 1 
11 2 12 1 
11 2 17 4 
11 3 12 4 
12 1 17 4 
13 1 20 1 
13 2 18 1 
13 2 20 4 
13 3 14 1 
13 3 18 4 
13 3 19 4 
14 1 18 4 
14 1 19 4 
14 2 19 3 
14 2 22 4 
14 3 15 4 
14 3 22 3 
15 1 22 2 
15 2 16 1 
15 3 16 4 
15 3 17 1 
15 4 22 3 
16 3 17 2 
16 4 17 1 
18 1 20 4 
18 2 20 3 
18 2 21 1 
18 3 19 1 
18 3 21 4 
18 4 19 4 
19 1 21 4 
19 2 21 3 
19 2 22 1 
19 3 22 4 
20 3 21 1 
21 3 22 1 
1 4 1 4
1 1 1 3
1 2 2 3
1 2 5 4
2 1 2 3
2 1 5 4
3 4 5 4
3 4 2 3
3 1 5 3
3 1 7 3
3 1 12 3
6 1 5 3
6 1 7 3
6 1 12 3
9 1 5 3
9 1 7 3
9 1 12 3
8 4 5 3
8 4 7 3
8 4 12 3
8 1 12 2
13 4 12 2
13 1 12 1
13 1 11 2
13 1 17 4
20 1 12 1
20 1 11 2
20 1 17 4