203.762 247.146 245.523 260.715 245.523 216.805 203.762 203.236
245.523 260.715 271.332 225.191 271.332 181.281 245.523 216.805 
271.332 296.239 297.142 260.715 271.332 225.191 245.523 260.715
297.142 260.715 338.903 247.146 313.093 211.622 271.332 225.191
271.332 225.191 313.093 211.622 313.093 167.712 271.332 181.281
271.332 296.239 313.093 282.670 338.903 247.146 297.142 260.715
338.903 247.146 338.903 203.236 313.093 167.712 313.093 211.622
271.332 340.149 313.093 353.718 313.093 309.808 271.332 296.239
271.332 296.239 313.093 309.808 354.854 296.239 313.093 282.670
313.093 282.670 354.854 296.239 380.664 260.715 338.903 247.146
380.664 260.715 380.664 216.805 338.903 203.236 338.903 247.146
380.664 216.805 354.854 181.281 313.093 167.712 338.903 203.236
245.523 375.673 287.284 389.242 313.093 353.718 271.332 340.149
313.093 353.718 354.854 340.149 354.854 296.239 313.093 309.808
380.664 331.763 406.474 296.239 380.664 260.715 354.854 296.239
406.474 296.239 448.235 282.670 422.425 247.146 380.664 260.715
380.664 260.715 422.425 247.146 422.425 203.236 380.664 216.805
287.284 389.242 313.093 424.766 338.903 389.242 313.093 353.718
338.903 389.242 380.664 375.673 354.854 340.149 313.093 353.718
245.523 375.673 271.332 411.197 313.093 424.766 287.284 389.242
313.093 424.766 354.854 411.197 380.664 375.673 338.903 389.242
380.664 375.673 380.664 331.763 354.854 296.239 354.854 340.149