162.001 216.805 162.001 260.715 203.762 247.146 203.762 203.236
203.762 247.146 245.523 260.715 245.523 216.805 203.762 203.236
245.523 216.805 271.332 181.281 229.571 167.712 203.762 203.236
229.571 167.712 203.762 132.188 177.952 167.712 203.762 203.236
177.952 167.712 136.191 181.281 162.001 216.805 203.762 203.236
136.191 181.281 136.191 225.191 162.001 260.715 162.001 216.805
162.001 260.715 203.762 274.284 245.523 260.715 203.762 247.146
245.523 260.715 271.332 225.191 271.332 181.281 245.523 216.805 
271.332 181.281 245.523 145.757 203.762 132.188 229.571 167.712
203.762 132.188 162.001 145.757 136.191 181.281 177.952 167.712
162.001 145.757 120.240 132.188 094.430 167.712 136.191 181.281
094.430 167.712 094.430 211.622 136.191 225.191 136.191 181.281
094.430 211.622 068.621 247.146 110.381 260.715 136.191 225.191
136.191 225.191 110.381 260.715 136.191 296.239 162.001 260.715
136.191 296.239 177.952 309.808 203.762 274.284 162.001 260.715
177.952 309.808 203.762 345.332 229.571 309.808 203.762 274.284
203.762 274.284 229.571 309.808 271.332 296.239 245.523 260.715
271.332 296.239 297.142 260.715 271.332 225.191 245.523 260.715
297.142 260.715 338.903 247.146 313.093 211.622 271.332 225.191
271.332 225.191 313.093 211.622 313.093 167.712 271.332 181.281
313.093 167.712 287.284 132.188 245.523 145.757 271.332 181.281
287.284 132.188 287.284 088.278 245.523 101.847 245.523 145.757
245.523 145.757 245.523 101.847 203.762 088.278 203.762 132.188
203.762 088.278 162.001 101.847 162.001 145.757 203.762 132.188
162.001 101.847 120.240 088.278 120.240 132.188 162.001 145.757