1 1 6 4
2 1 7 4
3 1 8 4
4 1 9 4
5 1 10 4
6 2 12 3
7 2 15 3
8 2 18 3
9 2 21 3
10 2 24 3
12 2 13 1
13 3 14 2
15 2 16 1
16 3 17 2
18 2 19 1
19 3 20 2
21 2 22 1
22 3 23 2
24 2 25 1
25 3 11 2
12 1 27 1
14 3 28 3
15 1 29 1
17 3 30 3
18 1 31 1
20 3 32 3
21 1 33 1
23 3 34 3
24 1 35 1
11 3 26 3
27 3 28 1
29 3 30 1
31 3 32 1
33 3 34 1
35 3 26 1
27 3 41 4
29 3 46 4
31 3 51 4
33 3 56 4
35 3 36 4
36 3 37 1
37 3 38 4
38 3 39 4
39 3 40 2
40 4 41 1
41 3 42 1
42 3 43 4
43 3 44 4
44 3 45 2
45 4 46 1
46 3 47 1
47 3 48 4
48 3 49 4
49 3 50 2
50 4 51 1
51 3 52 1
52 3 53 4
53 3 54 4
54 3 55 2
55 4 56 1
56 3 57 1
57 3 58 4
58 3 59 4
59 3 60 2
60 4 36 1
