1 2 9 4
1 2 10 4
2 2 12 4
2 2 13 4
3 2 15 4
3 2 16 4
4 2 18 4
4 2 19 4
5 2 6 4
5 2 7 4
7 2 8 1
8 3 9 2
10 2 11 1
11 3 12 2
13 2 14 1
14 3 15 2
16 2 17 1
17 3 18 2
19 2 20 1
20 3 6 2
8 2 24 4
11 2 27 4
14 2 30 4
17 2 33 4
20 2 21 4
25 1 24 3
24 2 42 4
42 4 41 3
42 3 43 4
43 3 44 2
44 4 25 2
44 4 45 1
45 3 65 4
65 3 66 1
66 3 46 2
46 1 26 2
26 1 45 4
28 1 27 3
27 2 47 4
47 4 46 3
47 3 48 4
48 3 49 2
49 4 28 2
49 4 50 1
50 3 67 4
67 3 68 1
68 3 51 2
51 1 29 2
29 1 50 4
31 1 30 3
30 2 52 4
52 4 51 3
52 3 53 4
53 3 54 2
54 4 31 2
54 4 55 1
55 3 69 4
69 3 70 1
70 3 56 2
56 1 32 2
32 1 55 4
34 1 33 3
33 2 57 4
57 4 56 3
57 3 58 4
58 3 59 2
59 4 34 2
59 4 60 1
60 3 61 4
61 3 62 1
62 3 36 2
36 1 35 2
35 1 60 4
22 1 21 3
21 2 37 4
37 4 36 3
37 3 38 4
38 3 39 2
39 4 22 2
39 4 40 1
40 3 63 4
63 3 64 1
64 3 41 2
41 1 23 2
23 1 40 4