162.001 216.805 162.001 260.715 203.762 247.146 203.762 203.236
203.762 247.146 245.523 260.715 245.523 216.805 203.762 203.236
245.523 216.805 271.332 181.281 229.571 167.712 203.762 203.236
229.571 167.712 203.762 132.188 177.952 167.712 203.762 203.236
177.952 167.712 136.191 181.281 162.001 216.805 203.762 203.236
162.001 145.757 120.240 132.188 094.430 167.712 136.191 181.281
094.430 167.712 094.430 211.622 136.191 225.191 136.191 181.281
094.430 211.622 068.621 247.146 110.381 260.715 136.191 225.191
136.191 225.191 110.381 260.715 136.191 296.239 162.001 260.715
136.191 296.239 177.952 309.808 203.762 274.284 162.001 260.715
177.952 309.808 203.762 345.332 229.571 309.808 203.762 274.284
203.762 274.284 229.571 309.808 271.332 296.239 245.523 260.715
271.332 296.239 297.142 260.715 271.332 225.191 245.523 260.715
297.142 260.715 338.903 247.146 313.093 211.622 271.332 225.191
271.332 225.191 313.093 211.622 313.093 167.712 271.332 181.281
313.093 167.712 287.284 132.188 245.523 145.757 271.332 181.281
287.284 132.188 287.284 088.278 245.523 101.847 245.523 145.757
245.523 145.757 245.523 101.847 203.762 088.278 203.762 132.188
203.762 088.278 162.001 101.847 162.001 145.757 203.762 132.188
162.001 101.847 120.240 088.278 120.240 132.188 162.001 145.757
162.001 074.709 136.191 039.185 094.430 052.754 120.240 088.278
094.430 052.754 068.621 088.278 094.430 123.802 120.240 088.278
068.621 132.188 026.860 145.757 052.669 181.281 094.430 167.712 
068.621 203.236 026.860 216.805 026.860 260.715 068.621 247.146
026.860 260.715 052.669 296.239 094.430 282.670 068.621 247.146
094.430 309.808 094.430 353.718 136.191 340.149 136.191 296.239
162.001 331.763 162.001 375.673 203.762 389.242 203.762 345.332
203.762 389.242 245.523 375.673 245.523 331.763 203.762 345.332
271.332 340.149 313.093 353.718 313.093 309.808 271.332 296.239
313.093 282.670 354.854 296.239 380.664 260.715 338.903 247.146
380.664 260.715 380.664 216.805 338.903 203.236 338.903 247.146
354.854 181.281 380.664 145.757 338.903 132.188 313.093 167.712
313.093 123.802 338.903 088.278 313.093 052.754 287.284 088.278
313.093 052.754 271.332 039.185 245.523 074.709 287.284 088.278
229.571 052.754 203.762 017.230 177.952 052.754 203.762 088.278
203.762 017.230 162.001 003.661 136.191 039.185 177.952 052.754
136.191 -04.725 094.430 008.844 094.430 052.754 136.191 039.185
094.430 008.844 052.669 -04.725 052.669 039.185 094.430 052.754
094.430 052.754 052.669 039.185 026.860 074.709 068.621 088.278
068.621 088.278 026.860 101.847 026.860 145.757 068.621 132.188
026.860 145.757 001.050 181.281 026.860 216.805 052.669 181.281
-14.901 203.236 -14.901 247.146 026.860 260.715 026.860 216.805
-14.901 247.146 -40.711 282.670 001.050 296.239 026.860 260.715
026.860 260.715 001.050 296.239 026.860 331.763 052.669 296.239
052.669 296.239 052.669 340.149 094.430 353.718 094.430 309.808
094.430 353.718 120.240 389.242 162.001 375.673 136.191 340.149
136.191 411.197 177.952 424.766 203.762 389.242 162.001 375.673
177.952 424.766 203.762 460.290 229.571 424.766 203.762 389.242
203.762 389.242 229.571 424.766 271.332 411.197 245.523 375.673
245.523 375.673 287.284 389.242 313.093 353.718 271.332 340.149
313.093 353.718 354.854 340.149 354.854 296.239 313.093 309.808
380.664 331.763 406.474 296.239 380.664 260.715 354.854 296.239
406.474 296.239 448.235 282.670 422.425 247.146 380.664 260.715
380.664 260.715 422.425 247.146 422.425 203.236 380.664 216.805
380.664 216.805 406.474 181.281 380.664 145.757 354.854 181.281
380.664 145.757 380.664 101.847 338.903 088.278 338.903 132.188
380.664 074.709 354.854 039.185 313.093 052.754 338.903 088.278
354.854 039.185 354.854 -04.725 313.093 008.844 313.093 052.754
313.093 052.754 313.093 008.844 271.332 -04.725 271.332 039.185
271.332 039.185 245.523 003.661 203.762 017.230 229.571 052.754
245.523 003.661 245.523 -40.249 203.762 -26.762 203.762 017.230
203.762 -26.762 162.001 -40.249 162.001 003.661 203.762 017.230
026.860 101.847 -14.901 088.278 -14.901 132.188 026.860 145.757
-14.901 132.188 -40.711 167.712 001.050 181.281 026.860 145.757
052.669 340.149 026.860 375.673 068.620 389.242 094.430 353.718
068.620 389.242 094.430 424.766 120.240 389.242 094.430 353.718
287.284 389.242 313.093 424.766 338.903 389.242 313.093 353.718
338.903 389.242 380.664 375.673 354.854 340.149 313.093 353.718
406.474 181.281 448.235 167.712 422.425 132.188 380.664 145.757
422.425 132.188 422.425 088.278 380.664 101.847 380.664 145.757