1 2 
15 4 
15 1 
44 4 
44 1 
43 2 
43 3 
43 4 
43 1 
70 1 
70 2 
102 4 
102 1 
102 2 
102 3 
90 2 
90 3 
103 4 
103 1 
103 2 
103 3 
91 2 
91 3 
104 4 
104 1 
104 2 
104 3 
71 3 
71 4 
45 2 
45 3 
45 4 
45 1 
29 1 
29 2 
29 3 
29 4 
16 1 
16 2 
46 4 
46 1 
46 2 
72 4 
72 1 
72 2 
73 1 
73 2 
73 3 
74 2 
74 3 
74 4 
47 2 
47 3 
47 4 
30 1 
30 2 
30 3 
17 3 
17 4 
17 1 
7 2 
7 3 
7 4 
2 1 
2 2 
18 4 
18 1 
49 4 
49 1 
48 2 
48 3 
48 4 
48 1 
75 1 
75 2 
105 4 
105 1 
105 2 
105 3 
92 2 
92 3 
106 4 
106 1 
106 2 
106 3 
93 2 
93 3 
107 4 
107 1 
107 2 
107 3 
76 3 
76 4 
50 2 
50 3 
50 4 
50 1 
31 1 
31 2 
31 3 
31 4 
19 1 
19 2 
51 4 
51 1 
51 2 
77 4 
77 1 
77 2 
78 1 
78 2 
78 3 
79 2 
79 3 
79 4 
52 2 
52 3 
52 4 
32 1 
32 2 
32 3 
20 3 
20 4 
20 1 
8 2 
8 3 
8 4 
3 1 
3 2 
21 4 
21 1 
54 4 
54 1 
53 2 
53 3 
53 4 
53 1 
80 1 
80 2 
108 4 
108 1 
108 2 
108 3 
94 2 
94 3 
109 4 
109 1 
109 2 
109 3 
95 2 
95 3 
110 4 
110 1 
110 2 
110 3 
81 3 
81 4 
55 2 
55 3 
55 4 
55 1 
33 1 
33 2 
33 3 
33 4 
22 1 
22 2 
56 4 
56 1 
56 2 
82 4 
82 1 
82 2 
83 1 
83 2 
83 3 
84 2 
84 3 
84 4 
57 2 
57 3 
57 4 
34 1 
34 2 
34 3 
23 3 
23 4 
23 1 
9 2 
9 3 
9 4 
4 1 
4 2 
24 4 
24 1 
59 4 
59 1 
58 2 
58 3 
58 4 
58 1 
85 1 
85 2 
96 4 
96 1 
96 2 
96 3 
86 2 
86 3 
97 4 
97 1 
97 2 
97 3 
87 2 
87 3 
98 4 
98 1 
98 2 
98 3 
61 3 
61 4 
60 2 
60 3 
60 4 
60 1 
35 1 
35 2 
35 3 
35 4 
25 1 
25 2 
36 4 
36 1 
36 2 
62 4 
62 1 
62 2 
63 1 
63 2 
63 3 
64 2 
64 3 
64 4 
37 2 
37 3 
37 4 
26 1 
26 2 
26 3 
11 3 
11 4 
11 1 
10 2 
10 3 
10 4 
5 1 
5 2 
12 4 
12 1 
39 4 
39 1 
38 2 
38 3 
38 4 
38 1 
65 1 
65 2 
99 4 
99 1 
99 2 
99 3 
88 2 
88 3 
100 4 
100 1 
100 2 
100 3 
89 2 
89 3 
101 4 
101 1 
101 2 
101 3 
66 3 
66 4 
40 2 
40 3 
40 4 
40 1 
27 1 
27 2 
27 3 
27 4 
13 1 
13 2 
41 4 
41 1 
41 2 
67 4 
67 1 
67 2 
68 1 
68 2 
68 3 
69 2 
69 3 
69 4 
42 2 
42 3 
42 4 
28 1 
28 2 
28 3 
14 3 
14 4 
14 1 
6 2 
6 3 
6 4 
1 1 
