1 2 
15 4 
15 1 
15 2 
15 3 
16 4 
16 1 
16 2 
29 3 
29 4 
29 1 
45 1 
45 2 
45 3 
46 2 
46 3 
72 3 
72 4 
72 1 
72 2 
73 1 
73 2 
73 3 
74 2 
74 3 
74 4 
105 1 
105 2 
105 3 
106 1 
106 2 
106 3 
106 4 
93 1 
93 2 
93 3 
107 4 
107 1 
107 2 
107 3 
76 3 
76 4 
76 1 
92 4 
92 1 
75 2 
75 3 
75 4 
49 1 
49 2 
49 3 
49 4 
48 3 
48 4 
48 1 
47 2 
47 3 
47 4 
30 1 
30 2 
30 3 
17 3 
17 4 
7 3 
7 4 
2 1 
2 2 
18 4 
18 1 
18 2 
18 3 
19 4 
19 1 
19 2 
31 3 
31 4 
31 1 
50 1 
50 2 
50 3 
51 2 
51 3 
77 3 
77 4 
77 1 
77 2 
78 1 
78 2 
78 3 
79 2 
79 3 
79 4 
108 1 
108 2 
108 3 
109 1 
109 2 
109 3 
109 4 
95 1 
95 2 
95 3 
110 4 
110 1 
110 2 
110 3 
81 3 
81 4 
81 1 
94 4 
94 1 
80 2 
80 3 
80 4 
54 1 
54 2 
54 3 
54 4 
53 3 
53 4 
53 1 
52 2 
52 3 
52 4 
32 1 
32 2 
32 3 
20 3 
20 4 
8 3 
8 4 
3 1 
3 2 
21 4 
21 1 
21 2 
21 3 
22 4 
22 1 
22 2 
33 3 
33 4 
33 1 
55 1 
55 2 
55 3 
56 2 
56 3 
82 3 
82 4 
82 1 
82 2 
83 1 
83 2 
83 3 
84 2 
84 3 
84 4 
96 1 
96 2 
96 3 
97 1 
97 2 
97 3 
97 4 
87 1 
87 2 
87 3 
98 4 
98 1 
98 2 
98 3 
61 3 
61 4 
61 1 
86 4 
86 1 
85 2 
85 3 
85 4 
59 1 
59 2 
59 3 
59 4 
58 3 
58 4 
58 1 
57 2 
57 3 
57 4 
34 1 
34 2 
34 3 
23 3 
23 4 
9 3 
9 4 
4 1 
4 2 
24 4 
24 1 
24 2 
24 3 
25 4 
25 1 
25 2 
35 3 
35 4 
35 1 
60 1 
60 2 
60 3 
36 2 
36 3 
62 3 
62 4 
62 1 
62 2 
63 1 
63 2 
63 3 
64 2 
64 3 
64 4 
99 1 
99 2 
99 3 
100 1 
100 2 
100 3 
100 4 
89 1 
89 2 
89 3 
101 4 
101 1 
101 2 
101 3 
66 3 
66 4 
66 1 
88 4 
88 1 
65 2 
65 3 
65 4 
39 1 
39 2 
39 3 
39 4 
38 3 
38 4 
38 1 
37 2 
37 3 
37 4 
26 1 
26 2 
26 3 
11 3 
11 4 
10 3 
10 4 
5 1 
5 2 
12 4 
12 1 
12 2 
12 3 
13 4 
13 1 
13 2 
27 3 
27 4 
27 1 
40 1 
40 2 
40 3 
41 2 
41 3 
67 3 
67 4 
67 1 
67 2 
68 1 
68 2 
68 3 
69 2 
69 3 
69 4 
102 1 
102 2 
102 3 
103 1 
103 2 
103 3 
103 4 
91 1 
91 2 
91 3 
104 4 
104 1 
104 2 
104 3 
71 3 
71 4 
71 1 
90 4 
90 1 
70 2 
70 3 
70 4 
44 1 
44 2 
44 3 
44 4 
43 3 
43 4 
43 1 
42 2 
42 3 
42 4 
28 1 
28 2 
28 3 
14 3 
14 4 
6 3 
6 4 
1 1 
