21 1
21 2
21 3
22 1
22 2
22 3
22 4
22 1
21 3
21 4
20 2
20 3
6 2
6 3
23 4
23 1
23 2
23 3
23 4
6 3
6 4
7 4
7 1
7 2
8 1
8 2
24 4
24 1
24 2
24 3
25 1
25 2
25 3
25 4
25 1
24 3
24 4
8 2
8 3
9 2
9 3
26 4
26 1
26 2
26 3
26 4
9 3
9 4
10 4
10 1
10 2
11 1
11 2
27 4
27 1
27 2
27 3
28 1
28 2
28 3
28 4
28 1
27 3
27 4
11 2
11 3
12 2
12 3
29 4
29 1
29 2
29 3
29 4
12 3
12 4
13 4
13 1
13 2
14 1
14 2
30 4
30 1
30 2
30 3
31 1
31 2
31 3
31 4
31 1
30 3
30 4
14 2
14 3
15 2
15 3
32 4
32 1
32 2
32 3
32 4
15 3
15 4
16 4
16 1
16 2
17 1
17 2
33 4
33 1
33 2
33 3
34 1
34 2
34 3
34 4
34 1
33 3
33 4
17 2
17 3
18 2
18 3
35 4
35 1
35 2
35 3
35 4
18 3
18 4
19 4
19 1
19 2
20 1
20 2
21 4