14 3 
14 4 
1 2 
1 3 
7 4 
7 1 
7 2 
15 3 
15 4 
15 1 
15 2 
29 4 
29 1 
45 1 
45 2 
45 3 
46 2 
46 3 
46 4 
47 4 
47 1 
47 2 
48 1 
48 2 
49 1 
49 2 
49 3 
49 4 
30 3 
30 4 
30 1 
16 2 
16 3 
16 4 
17 1 
17 2 
17 3 
17 4 
2 2 
2 3 
8 4 
8 1 
8 2 
18 3 
18 4 
18 1 
18 2 
31 4 
31 1 
50 1 
50 2 
50 3 
51 2 
51 3 
51 4 
52 4 
52 1 
52 2 
53 1 
53 2 
54 1 
54 2 
54 3 
54 4 
32 3 
32 4 
32 1 
19 2 
19 3 
19 4 
20 1 
20 2 
20 3 
20 4 
3 2 
3 3 
9 4 
9 1 
9 2 
21 3 
21 4 
21 1 
21 2 
33 4 
33 1 
55 1 
55 2 
55 3 
56 2 
56 3 
56 4 
57 4 
57 1 
57 2 
58 1 
58 2 
59 1 
59 2 
59 3 
59 4 
34 3 
34 4 
34 1 
22 2 
22 3 
22 4 
23 1 
23 2 
23 3 
23 4 
4 2 
4 3 
10 4 
10 1 
10 2 
24 3 
24 4 
24 1 
24 2 
35 4 
35 1 
60 1 
60 2 
60 3 
36 2 
36 3 
36 4 
37 4 
37 1 
37 2 
38 1 
38 2 
39 1 
39 2 
39 3 
39 4 
26 3 
26 4 
26 1 
25 2 
25 3 
25 4 
11 1 
11 2 
11 3 
11 4 
5 2 
5 3 
6 4 
6 1 
6 2 
12 3 
12 4 
12 1 
12 2 
27 4 
27 1 
40 1 
40 2 
40 3 
41 2 
41 3 
41 4 
42 4 
42 1 
42 2 
43 1 
43 2 
44 1 
44 2 
44 3 
44 4 
28 3 
28 4 
28 1 
13 2 
13 3 
13 4 
14 1 
14 2 
