1 2 
28 4 
28 1 
28 2 
28 3 
55 1 
55 2 
55 3 
93 3 
93 1 
93 2 
94 1 
94 2 
94 3 
95 1 
95 2 
96 1 
96 2 
96 3 
96 4 
57 2 
57 3 
57 4 
57 1 
56 2 
56 3 
56 1 
29 2 
29 3 
29 1 
14 1 
14 2 
14 3 
2 1 
2 2 
30 4 
30 1 
30 2 
30 3 
58 1 
58 2 
58 3 
97 3 
97 1 
97 2 
98 1 
98 2 
98 3 
99 1 
99 2 
100 1 
100 2 
100 3 
100 4 
60 2 
60 3 
60 4 
60 1 
59 2 
59 3 
59 1 
31 2 
31 3 
31 1 
15 1 
15 2 
15 3 
3 1 
3 2 
32 4 
32 1 
32 2 
32 3 
61 1 
61 2 
61 3 
101 3 
101 1 
101 2 
102 1 
102 2 
102 3 
103 1 
103 2 
104 1 
104 2 
104 3 
104 4 
63 2 
63 3 
63 4 
63 1 
62 2 
62 3 
62 1 
33 2 
33 3 
33 1 
16 1 
16 2 
16 3 
4 1 
4 2 
34 4 
34 1 
34 2 
34 3 
64 1 
64 2 
64 3 
105 3 
105 1 
105 2 
106 1 
106 2 
106 3 
107 1 
107 2 
108 1 
108 2 
108 3 
108 4 
66 2 
66 3 
66 4 
66 1 
65 2 
65 3 
65 1 
35 2 
35 3 
35 1 
17 1 
17 2 
17 3 
5 1 
5 2 
36 4 
36 1 
36 2 
36 3 
67 1 
67 2 
67 3 
109 3 
109 1 
109 2 
110 1 
110 2 
110 3 
111 1 
111 2 
112 1 
112 2 
112 3 
112 4 
69 2 
69 3 
69 4 
69 1 
68 2 
68 3 
68 1 
37 2 
37 3 
37 1 
18 1 
18 2 
18 3 
6 1 
6 2 
38 4 
38 1 
38 2 
38 3 
70 1 
70 2 
70 3 
113 3 
113 1 
113 2 
114 1 
114 2 
114 3 
115 1 
115 2 
116 1 
116 2 
116 3 
116 4 
72 2 
72 3 
72 4 
72 1 
71 2 
71 3 
71 1 
39 2 
39 3 
39 1 
19 1 
19 2 
19 3 
7 1 
7 2 
40 4 
40 1 
40 2 
40 3 
73 1 
73 2 
73 3 
117 3 
117 1 
117 2 
118 1 
118 2 
118 3 
119 1 
119 2 
120 1 
120 2 
120 3 
120 4 
75 2 
75 3 
75 4 
75 1 
74 2 
74 3 
74 1 
41 2 
41 3 
41 1 
20 1 
20 2 
20 3 
8 1 
8 2 
42 4 
42 1 
42 2 
42 3 
76 1 
76 2 
76 3 
121 3 
121 1 
121 2 
122 1 
122 2 
122 3 
123 1 
123 2 
124 1 
124 2 
124 3 
124 4 
78 2 
78 3 
78 4 
78 1 
77 2 
77 3 
77 1 
43 2 
43 3 
43 1 
21 1 
21 2 
21 3 
9 1 
9 2 
44 4 
44 1 
44 2 
44 3 
79 1 
79 2 
79 3 
125 3 
125 1 
125 2 
126 1 
126 2 
126 3 
127 1 
127 2 
128 1 
128 2 
128 3 
128 4 
81 2 
81 3 
81 4 
81 1 
80 2 
80 3 
80 1 
45 2 
45 3 
45 1 
22 1 
22 2 
22 3 
10 1 
10 2 
46 4 
46 1 
46 2 
46 3 
82 1 
82 2 
82 3 
129 3 
129 1 
129 2 
130 1 
130 2 
130 3 
131 1 
131 2 
132 1 
132 2 
132 3 
132 4 
84 2 
84 3 
84 4 
84 1 
83 2 
83 3 
83 1 
47 2 
47 3 
47 1 
23 1 
23 2 
23 3 
11 1 
11 2 
48 4 
48 1 
48 2 
48 3 
49 1 
49 2 
49 3 
85 3 
85 1 
85 2 
86 1 
86 2 
86 3 
87 1 
87 2 
88 1 
88 2 
88 3 
88 4 
51 2 
51 3 
51 4 
51 1 
50 2 
50 3 
50 1 
25 2 
25 3 
25 1 
24 1 
24 2 
24 3 
12 1 
12 2 
26 4 
26 1 
26 2 
26 3 
52 1 
52 2 
52 3 
89 3 
89 1 
89 2 
90 1 
90 2 
90 3 
91 1 
91 2 
92 1 
92 2 
92 3 
92 4 
54 2 
54 3 
54 4 
54 1 
53 2 
53 3 
53 1 
27 2 
27 3 
27 1 
13 1 
13 2 
13 3 
1 1 
