173.829 232.490 194.667 232.490 184.248 214.444
194.667 232.490 212.713 222.071 194.667 211.652
212.713 222.071 223.132 204.025 202.294 204.025
223.132 204.025 223.132 183.187 205.086 193.606
223.132 183.187 212.713 165.141 202.294 183.187
212.713 165.141 194.667 154.722 194.667 175.560
194.667 154.722 173.829 154.722 184.248 172.768
173.829 154.722 155.783 165.141 173.829 175.560
155.783 165.141 145.364 183.187 166.202 183.187
145.364 183.187 145.364 204.025 163.410 193.606
145.364 204.025 155.783 222.071 166.202 204.025
155.783 222.071 173.829 232.490 173.829 211.652
155.783 222.071 155.783 242.909 173.829 232.490
155.783 242.909 166.202 260.955 184.248 250.536 173.829 232.490
173.829 232.490 184.248 250.536 194.667 232.490
184.248 250.536 202.294 260.955 212.713 242.909 194.667 232.490
194.667 232.490 212.713 242.909 212.713 222.071
212.713 242.909 233.551 242.909 233.551 222.071 212.713 222.071
212.713 222.071 233.551 222.071 223.132 204.025
233.551 222.071 251.597 211.652 241.178 193.606 223.132 204.025
223.132 204.025 241.178 193.606 223.132 183.187
241.178 193.606 251.597 175.560 233.551 165.141 223.132 183.187
223.132 183.187 233.551 165.141 212.713 165.141
233.551 165.141 233.551 144.303 212.713 144.303 212.713 165.141
212.713 165.141 212.713 144.303 194.667 154.722
212.713 144.303 202.294 126.257 184.248 136.676 194.667 154.722
194.667 154.722 184.248 136.676 173.829 154.722
184.248 136.676 166.202 126.257 155.783 144.303 173.829 154.722
173.829 154.722 155.783 144.303 155.783 165.141
155.783 144.303 134.945 144.303 134.945 165.141 155.783 165.141
155.783 165.141 134.945 165.141 145.364 183.187
134.945 165.141 116.899 175.560 127.318 193.606 145.364 183.187
145.364 183.187 127.318 193.606 145.364 204.025
127.318 193.606 116.899 211.652 134.945 222.071 145.364 204.025
145.364 204.025 134.945 222.071 155.783 222.071
134.945 222.071 134.945 242.909 155.783 242.909 155.783 222.071
155.783 242.909 134.945 242.909 145.364 260.955
155.783 242.909 145.364 260.955 166.202 260.955
184.248 250.536 166.202 260.955 184.248 271.374
184.248 250.536 184.248 271.374 202.294 260.955
212.713 242.909 202.294 260.955 223.132 260.955
212.713 242.909 223.132 260.955 233.551 242.909
233.551 222.071 233.551 242.909 251.597 232.490
233.551 222.071 251.597 232.490 251.597 211.652
241.178 193.606 251.597 211.652 262.016 193.606
241.178 193.606 262.016 193.606 251.597 175.560
233.551 165.141 251.597 175.560 251.597 154.722
233.551 165.141 251.597 154.722 233.551 144.303
212.713 144.303 233.551 144.303 223.132 126.257
212.713 144.303 223.132 126.257 202.294 126.257
184.248 136.676 202.294 126.257 184.248 115.838
184.248 136.676 184.248 115.838 166.202 126.257
155.783 144.303 166.202 126.257 145.364 126.257
155.783 144.303 145.364 126.257 134.945 144.303
134.945 165.141 134.945 144.303 116.899 154.722
134.945 165.141 116.899 154.722 116.899 175.560
127.318 193.606 116.899 175.560 106.480 193.606
127.318 193.606 106.480 193.606 116.899 211.652
134.945 222.071 116.899 211.652 116.899 232.490
134.945 222.071 116.899 232.490 134.945 242.909