184.248 214.444 194.667 232.490 194.667 211.652 184.248 193.606
194.667 211.652 212.713 222.071 202.294 204.025 184.248 193.606
202.294 204.025 223.132 204.025 205.086 193.606 184.248 193.606
205.086 193.606 223.132 183.187 202.294 183.187 184.248 193.606
202.294 183.187 212.713 165.141 194.667 175.560 184.248 193.606
194.667 175.560 194.667 154.722 184.248 172.768 184.248 193.606
184.248 172.768 173.829 154.722 173.829 175.560 184.248 193.606
173.829 175.560 155.783 165.141 166.202 183.187 184.248 193.606
166.202 183.187 145.364 183.187 163.410 193.606 184.248 193.606
163.410 193.606 145.364 204.025 166.202 204.025 184.248 193.606
166.202 204.025 155.783 222.071 173.829 211.652 184.248 193.606
173.829 211.652 173.829 232.490 184.248 214.444 184.248 193.606
173.829 232.490 194.667 232.490 184.248 214.444
194.667 232.490 212.713 222.071 194.667 211.652
212.713 222.071 223.132 204.025 202.294 204.025
223.132 204.025 223.132 183.187 205.086 193.606
223.132 183.187 212.713 165.141 202.294 183.187
212.713 165.141 194.667 154.722 194.667 175.560
194.667 154.722 173.829 154.722 184.248 172.768
173.829 154.722 155.783 165.141 173.829 175.560
155.783 165.141 145.364 183.187 166.202 183.187
145.364 183.187 145.364 204.025 163.410 193.606
145.364 204.025 155.783 222.071 166.202 204.025
155.783 222.071 173.829 232.490 173.829 211.652