1 2 28 4
28 2 53 3
53 2 54 1
54 3 55 3
55 1 29 2 
29 3 14 2
14 3 2 1
2 2 30 4
30 2 56 3
56 2 57 1
57 3 58 3
58 1 31 2
31 3 15 2
15 3 3 1
3 2 32 4
32 2 59 3
59 2 60 1
60 3 61 3
61 1 33 2
33 3 16 2
16 3 4 1
4 2 34 4
34 2 62 3
62 2 63 1
63 3 64 3
64 1 35 2
35 3 17 2
17 3 5 1
5 2 36 4
36 2 65 3
65 2 66 1
66 3 67 3
67 1 37 2
37 3 18 2
18 3 6 1
6 2 38 4
38 2 68 3
68 2 69 1
69 3 70 3
70 1 39  2
39 3 19 2
19 3 7 1
7 2 40 4
40 2 71 3
71 2 72 1
72 3 73 3
73 1 41 2
41 3 20 2
20 3 8 1
8 2 42 4
42 2 74 3
74 2 75 1
75 3 76 3
76 1 43 2
43 3 21 2
21 3 9 1
9 2 44 4
44 2 77 3
77 2 78 1
78 3 79 3
79 1 45 2
45 3 22 2
22 3 10 1
10 2 46 4
46 2 80 3
80 2 81 1
81 3 82 3
82 1 47 2
47 3 23 2
23 3 11 1
11 2 48 4
48 2 83 3
83 2 84 1
84 3 49 3
49 1 25 2
25 3 24 2
24 3 12 1
12 2 26 4
26 2 50 3
50 2 51 1
51 3 52 3
52 1 27 2
27 3 13 2
13 3 1 1