1 2 15 3
2 2 17 3
3 2 19 3
4 2 21 3
5 2 23 3
6 2 25 3
7 2 27 3
8 2 29 3
9 2 31 3
10 2 33 3
11 2 35 3
12 2 13 3
14 2 39 2
39 1 40 1
40 3 16 2
16 1 15 2
15 1 14 4
16 2 41 2
41 1 42 1
42 3 18 2
18 1 17 2
17 1 16 4
18 2 43 2
43 1 44 1
44 3 20 2
20 1 19 2
19 1 18 4
20 2 45 2
45 1 46 1
46 3 22 2
22 1 21 2
21 1 20 4
22 2 47 2
47 1 48 1
48 3 24 2
24 1 23 2
23 1 22 4
24 2 49 2
49 1 50 1
50 3 26 2
26 1 25 2
25 1 24 4
26 2 51 2
51 1 52 1
52 3 28 2
28 1 27 2
27 1 26 4
28 2 53 2
53 1 54 1
54 3 30 2
30 1 29 2
29 1 28 4
30 2 55 2
55 1 56 1
56 3 32 2
32 1 31 2
31 1 30 4
32 2 57 2
57 1 58 1
58 3 34 2
34 1 33 2
33 1 32 4
34 2 59 2
59 1 60 1
60 3 36 2
36 1 35 2
35 1 34 4
36 2 37 2
37 1 38 1
38 3 14 2
14 1 13 2
13 1 36 4
38 2 63 1
40 2 67 1
42 2 71 1
44 2 75 1
46 2 79 1
48 2 83 1
50 2 87 1
52 2 91 1
54 2 95 1
56 2 99 1
58 2 103 1
60 2 107 1
61 3 62 3
62 2 63 2
63 3 64 4
64 3 65 2
65 3 66 3
66 2 67 2
67 3 68 4
68 3 69 2
69 3 70 3
70 2 71 2
71 3 72 4
72 3 73 2
73 3 74 3
74 2 75 2
75 3 76 4
76 3 77 2
77 3 78 3
78 2 79 2
79 3 80 4
80 3 81 2
81 3 82 3
82 2 83 2
83 3 84 4
84 3 85 2
85 3 86 3
86 2 87 2
87 3 88 4
88 3 89 2
89 3 90 3
90 2 91 2
91 3 92 4
92 3 93 2
93 3 94 3
94 2 95 2
95 3 96 4
96 3 97 2
97 3 98 3
98 2 99 2
99 3 100 4
100 3 101 2
101 3 102 3
102 2 103 2
103 3 104 4
104 3 105 2
105 3 106 3
106 2 107 2
107 3 108 4
108 3 61 2