49 1 
50 2 
50 3 
51 1 
51 2 
51 3 
51 4 
52 3 
52 1 
53 2 
53 3 
54 1 
54 2 
54 3 
54 4 
55 3 
55 1 
56 2 
56 3 
57 1 
57 2 
57 3 
57 4 
58 3 
58 1 
59 2 
59 3 
60 1 
60 2 
60 3 
60 4 
61 3 
61 1 
62 2 
62 3 
63 1 
63 2 
63 3 
63 4 
64 3 
64 1 
65 2 
65 3 
66 1 
66 2 
66 3 
66 4 
67 3 
67 1 
68 2 
68 3 
69 1 
69 2 
69 3 
69 4 
70 3 
70 1 
71 2 
71 3 
72 1 
72 2 
72 3 
72 4 
73 3 
73 1 
74 2 
74 3 
75 1 
75 2 
75 3 
75 4 
76 3 
76 1 
77 2 
77 3 
78 1 
78 2 
78 3 
78 4 
79 3 
79 1 
80 2 
80 3 
81 1 
81 2 
81 3 
81 4 
82 3 
82 1 
83 2 
83 3 
84 1 
84 2 
84 3 
84 4 
49 3 
