85 2
85 3
86 1 
86 2
86 3
87 2
87 3
88 1 
88 2
88 3
88 4
89 2
89 3 
90 1 
90 2
90 3
91 2
91 3
92 1 
92 2
92 3
92 4
93 2
93 3
94 1
94 2
94 3
95 2
95 3 
96 1 
96 2 
96 3
96 4
97 2
97 3
98 1
98 2
98 3
99 2
99 3 
100 1 
100 2
100 3
100 4 
101 2
101 3
102 1
102 2
102 3
103 2
103 3 
104 1 
104 2
104 3
104 4
105 2
105 3 
106 1
106 2
106 3
107 2
107 3 
108 1 
108 2
108 3
108 4 
109 2
109 3
110 1
110 2
110 3
111 2
111 3 
112 1 
112 2 
112 3
112 4
113 2
113 3
114 1
114 2
114 3
115 2
115 3 
116 1 
116 2
116 3
116 4
117 2
117 3 
118 1
118 2
118 3
119 2
119 3 
120 1 
120 2
120 3
120 4
121 2
121 3
122 1
122 2
122 3
123 2
123 3 
124 1 
124 2
124 3
124 4
125 2
125 3 
126 1
126 2
126 3
127 2
127 3 
128 1 
128 2
128 3
128 4
129 2
129 3 
130 1
130 2
130 3
131 2
131 3 
132 1 
132 2
132 3
132 4 