1 4 2 1 
2 4 3 1 
3 4 4 1 
4 4 5 1 
5 4 6 1 
6 4 7 1 
7 4 8 1 
8 4 9 1 
9 4 10 1 
10 4 11 1 
1 1 12 4 
11 4 12 1 
1 2 13 3 
12 3 13 1 
2 2 14 3 
1 3 14 1 
3 2 15 3 
2 3 15 1 
4 2 16 3 
3 3 16 1 
5 2 17 3 
4 3 17 1 
6 2 18 3 
5 3 18 1 
7 2 19 3 
6 3 19 1 
8 2 20 3 
7 3 20 1 
9 2 21 3 
8 3 21 1 
10 2 22 3 
9 3 22 1 
11 2 23 3 
10 3 23 1 
12 2 24 3 
11 3 24 1 
24 2 25 1 
25 3 26 1 
26 4 27 2 
13 2 27 1 
27 3 28 1 
28 4 29 2 
14 2 29 1 
29 3 30 1 
30 4 31 2 
15 2 31 1 
31 3 32 1 
32 4 33 2 
16 2 33 1 
33 3 34 1 
34 4 35 2 
17 2 35 1 
35 3 36 1 
36 4 37 2 
18 2 37 1 
37 3 38 1 
38 4 39 2 
19 2 39 1 
39 3 40 1 
40 4 41 2 
20 2 41 1 
41 3 42 1 
42 4 43 2 
21 2 43 1 
43 3 44 1 
44 4 45 2 
22 2 45 1 
45 3 46 1 
46 4 47 2 
23 2 47 1 
25 2 48 4 
47 3 48 1 
48 3 49 2 
49 1 50 2 
26 2 50 1 
50 3 51 1 
26 3 52 2 
51 4 52 3 
52 1 53 2 
28 2 53 1 
53 3 54 1 
28 3 55 2 
54 4 55 3 
55 1 56 2 
30 2 56 1 
56 3 57 1 
30 3 58 2 
57 4 58 3 
58 1 59 2 
32 2 59 1 
59 3 60 1 
32 3 61 2 
60 4 61 3 
61 1 62 2 
34 2 62 1 
62 3 63 1 
34 3 64 2 
63 4 64 3 
64 1 65 2 
36 2 65 1 
65 3 66 1 
36 3 67 2 
66 4 67 3 
67 1 68 2 
38 2 68 1 
68 3 69 1 
38 3 70 2 
69 4 70 3 
70 1 71 2 
40 2 71 1 
71 3 72 1 
40 3 73 2 
72 4 73 3 
73 1 74 2 
42 2 74 1 
74 3 75 1 
42 3 76 2 
75 4 76 3 
76 1 77 2 
44 2 77 1 
77 3 78 1 
44 3 79 2 
78 4 79 3 
79 1 80 2 
46 2 80 1 
80 3 81 1 
46 3 82 2 
81 4 82 3 
82 1 83 2 
48 2 83 1 
49 3 84 4 
83 3 84 1 
84 3 85 1 
85 3 86 1 
86 3 87 2 
51 2 87 1 
87 3 88 1 
88 4 89 2 
51 3 89 1 
89 3 90 1 
90 3 91 2 
54 2 91 1 
91 3 92 1 
92 4 93 2 
54 3 93 1 
93 3 94 1 
94 3 95 2 
57 2 95 1 
95 3 96 1 
96 4 97 2 
57 3 97 1 
97 3 98 1 
98 3 99 2 
60 2 99 1 
99 3 100 1 
100 4 101 2 
60 3 101 1 
101 3 102 1 
102 3 103 2 
63 2 103 1 
103 3 104 1 
104 4 105 2 
63 3 105 1 
105 3 106 1 
106 3 107 2 
66 2 107 1 
107 3 108 1 
108 4 109 2 
66 3 109 1 
109 3 110 1 
110 3 111 2 
69 2 111 1 
111 3 112 1 
112 4 113 2 
69 3 113 1 
113 3 114 1 
114 3 115 2 
72 2 115 1 
115 3 116 1 
116 4 117 2 
72 3 117 1 
117 3 118 1 
118 3 119 2 
75 2 119 1 
119 3 120 1 
120 4 121 2 
75 3 121 1 
121 3 122 1 
122 3 123 2 
78 2 123 1 
123 3 124 1 
124 4 125 2 
78 3 125 1 
125 3 126 1 
126 3 127 2 
81 2 127 1 
127 3 128 1 
128 4 129 2 
81 3 129 1 
129 3 130 1 
130 3 131 2 
84 2 131 1 
85 2 132 4 
131 3 132 1 
