64 3 
65 2 
65 3 
66 3 
66 1 
66 2 
67 2 
67 3 
68 4 
68 1 
68 2 
68 3 
69 2 
69 3 
70 3 
70 1 
70 2 
71 2 
71 3 
72 4 
72 1 
72 2 
72 3 
73 2 
73 3 
74 3 
74 1 
74 2 
75 2 
75 3 
76 4 
76 1 
76 2 
76 3 
77 2 
77 3 
78 3 
78 1 
78 2 
79 2 
79 3 
80 4 
80 1 
80 2 
80 3 
81 2 
81 3 
82 3 
82 1 
82 2 
83 2 
83 3 
84 4 
84 1 
84 2 
84 3 
85 2 
85 3 
86 3 
86 1 
86 2 
87 2 
87 3 
88 4 
88 1 
88 2 
88 3 
89 2 
89 3 
90 3 
90 1 
90 2 
91 2 
91 3 
92 4 
92 1 
92 2 
92 3 
93 2 
93 3 
94 3 
94 1 
94 2 
95 2 
95 3 
96 4 
96 1 
96 2 
96 3 
97 2 
97 3 
98 3 
98 1 
98 2 
99 2 
99 3 
100 4 
100 1 
100 2 
100 3 
101 2 
101 3 
102 3 
102 1 
102 2 
103 2 
103 3 
104 4 
104 1 
104 2 
104 3 
105 2 
105 3 
106 3 
106 1 
106 2 
107 2 
107 3 
108 4 
108 1 
108 2 
108 3 
61 2 
61 3 
62 3 
62 1 
62 2 
63 2 
63 3 
64 4 
64 1 
64 2 
