1 2 28 4
28 3 55 1
55 3 93 3
93 2 94 1
94 3 95 1 
95 2 96 1
96 4 57 2
57 1 56 2
56 1 29 2
29 1 14 1
14 3 2 1
2 2 30 4
30 3 58 1
58 3 97 3
97 2 98 1
98 3 99 1
99 2 100 1
100 4 60 2
60 1 59 2
59 1 31 2
31 1 15 1
15 3 3 1
3 2 32 4
32 3 61 1
61 3 101 3
101 2 102 1
102 3 103 1
103 2 104 1
104 4 63 2
63 1 62 2
62 1 33 2
33 1 16 1
16 3 4 1
4 2 34 4
34 3 64 1
64 3 105 3
105 2 106 1
106 3 107 1
107 2 108 1
108 4 66 2
66 1 65 2
65 1 35 2
35 1 17 1
17 3 5 1
5 2 36 4
36 3 67 1
67 3 109 3
109 2 110 1
110 3 111 1
111 2 112 1
112 4 69 2
69 1 68 2
68 1 37 2
37 1 18 1
18 3 6 1
6 2 38 4
38 3 70 1
70 3 113 3
113 2 114 1
114 3 115 1
115 2 116 1
116 4 72 2
72 1 71 2
71 1 39 2
39 1 19 1
19 3 7 1
7 2 40 4
40 3 73 1
73 3 117 3
117 2 118 1
118 3 119 1
119 2 120 1
120 4 75 2
75 1 74 2
74 1 41 2
41 1 20 1
20 3 8 1
8 2 42 4
42 3 76 1
76 3 121 3
121 2 122 1
122 3 123 1
123 2 124 1
124 4 78 2
78 1 77 2
77 1 43 2
43 1 21 1
21 3 9 1
9 2 44 4
44 3 79 1
79 3 125 3
125 2 126 1
126 3 127 1
127 2 128 1
128 4 81 2
81 1 80 2
80 1 45 2
45 1 22 1
22 3 10 1
10 2 46 4
46 3 82 1
82 3 129 3
129 2 130 1
130 3 131 1
131 2 132 1
132 4 84 2
84 1 83 2
83 1 47 2
47 1 23 1
23 3 11 1
11 2 48 4
48 3 49 1
49 3 85 3
85 2 86 1
86 3 87 1
87 2 88 1
88 4 51 2
51 1 50 2
50 1 25 2
25 1 24 1
24 3 12 1
12 2 26 4
26 3 52 1
52 3 89 3
89 2 90 1
90 3 91 1
91 2 92 1
92 4 54 2
54 1 53 2
53 1 27 2
27 1 13 1
13 3 1 1